0.000000000000000e+00 0.000000000000000e+00 1.000000000000000e+00
5.000000000000000e-03 3.369477419287315e-03 1.000013357767180e+00
1.000000000000000e-02 6.741060871647481e-03 1.000066744621658e+00
1.500000000000000e-02 1.011685770649257e-02 1.000155724895596e+00
2.000000000000000e-02 1.349897790673588e-02 1.000280693854150e+00
2.500000000000000e-02 1.688953540759990e-02 1.000441979813359e+00
3.000000000000000e-02 2.029064941789469e-02 1.000639940004471e+00
3.500000000000000e-02 2.370444574459234e-02 1.000875100875196e+00
4.000000000000000e-02 2.713305812152553e-02 1.001148067736801e+00
4.500000000000000e-02 3.057862954304063e-02 1.001459542813235e+00
5.000000000000000e-02 3.404331360343898e-02 1.001810378654425e+00
5.500000000000000e-02 3.752927584304335e-02 1.002201481098189e+00
6.000000000000000e-02 4.103869510173117e-02 1.002633829083481e+00
6.500000000000000e-02 4.457376488078044e-02 1.003108585131892e+00
7.000000000000001e-02 4.813669471387935e-02 1.003627018601604e+00
7.500000000000000e-02 5.172971154815675e-02 1.004190438593784e+00
8.000000000000000e-02 5.535506113609672e-02 1.004800330918366e+00
8.500000000000001e-02 5.901500943920686e-02 1.005458359298488e+00
9.000000000000000e-02 6.271184404431801e-02 1.006166219551035e+00
9.500000000000000e-02 6.644787559340060e-02 1.006925726627981e+00
1.000000000000000e-01 7.022543922779090e-02 1.007738957863951e+00
1.050000000000000e-01 7.404689604773053e-02 1.008608107998142e+00
1.100000000000000e-01 7.791463458813094e-02 1.009535406700976e+00
1.150000000000000e-01 8.183107231148547e-02 1.010523313480655e+00
1.200000000000000e-01 8.579865711886202e-02 1.011574550908310e+00
1.250000000000000e-01 8.981986887992111e-02 1.012691921273620e+00
1.300000000000000e-01 9.389722098291493e-02 1.013878361741335e+00
1.350000000000000e-01 9.803326190563690e-02 1.015137115360129e+00
1.400000000000000e-01 1.022305768083033e-01 1.016471635987505e+00
1.450000000000000e-01 1.064917891493625e-01 1.017885487558028e+00
1.500000000000000e-01 1.108195623252418e-01 1.019382508615813e+00
1.550000000000000e-01 1.152166013350572e-01 1.020966877958424e+00
1.600000000000000e-01 1.196856544713255e-01 1.022642950527508e+00
1.650000000000000e-01 1.242295150377370e-01 1.024415275081532e+00
1.700000000000000e-01 1.288510230950609e-01 1.026288804101407e+00
1.750000000000000e-01 1.335530672362758e-01 1.028268863321409e+00
1.800000000000000e-01 1.383385863920344e-01 1.030360974673848e+00
1.850000000000000e-01 1.432105716675912e-01 1.032570956320881e+00
1.900000000000000e-01 1.481720682123397e-01 1.034905144818718e+00
1.950000000000000e-01 1.532261771231311e-01 1.037370324749070e+00
2.000000000000000e-01 1.583760573825595e-01 1.039973556604747e+00
2.050000000000000e-01 1.636249278334301e-01 1.042722299787033e+00
2.100000000000000e-01 1.689760691906397e-01 1.045624645749857e+00
2.150000000000000e-01 1.744328260917313e-01 1.048689279007240e+00
2.200000000000000e-01 1.799986091874004e-01 1.051925321618451e+00
2.250000000000000e-01 1.856768972732633e-01 1.055342406778891e+00
2.300000000000000e-01 1.914712394642179e-01 1.058950895315662e+00
2.350000000000000e-01 1.973852574127551e-01 1.062761960336752e+00
2.400000000000000e-01 2.034226475726105e-01 1.066787533711528e+00
2.450000000000000e-01 2.095871835091678e-01 1.071040251762181e+00
2.500000000000000e-01 2.158827182580599e-01 1.075533531423228e+00
2.550000000000000e-01 2.223131867334419e-01 1.080281835454730e+00
2.600000000000000e-01 2.288826081874405e-01 1.085300871272086e+00
2.650000000000000e-01 2.355950887223172e-01 1.090607480319129e+00
2.700000000000000e-01 2.424548238569160e-01 1.096219572649443e+00
2.750000000000000e-01 2.494661011489995e-01 1.102156363369370e+00
2.800000000000000e-01 2.566333028751116e-01 1.108438581565357e+00
2.850000000000000e-01 2.639609087696434e-01 1.115088679225926e+00
2.900000000000000e-01 2.714534988248126e-01 1.122131117391357e+00
2.950000000000000e-01 2.791157561533084e-01 1.129592381578712e+00
3.000000000000000e-01 2.869524699153886e-01 1.137501101398851e+00
3.050000000000000e-01 2.949685383122613e-01 1.145888381094852e+00
3.100000000000000e-01 3.031689716476197e-01 1.154787969371107e+00
3.150000000000000e-01 3.115588954592450e-01 1.164236766024682e+00
3.200000000000000e-01 3.201435537226349e-01 1.174275212374098e+00
3.250000000000000e-01 3.289283121286580e-01 1.184947752506061e+00
3.300000000000000e-01 3.379186614372866e-01 1.196303442952262e+00
3.350000000000000e-01 3.471202209094989e-01 1.208396503399813e+00
3.400000000000000e-01 3.565387418195016e-01 1.221287141819532e+00
3.450000000000000e-01 3.661801110494620e-01 1.235042399909324e+00
3.500000000000000e-01 3.760503547690021e-01 1.249737284152606e+00
3.550000000000000e-01 3.861556422017504e-01 1.265456069871958e+00
3.600000000000000e-01 3.965022894813072e-01 1.282293938642693e+00
3.650000000000000e-01 4.070967635990345e-01 1.300358972002926e+00
3.700000000000000e-01 4.179456864461349e-01 1.319774640276907e+00
3.750000000000000e-01 4.290558389525505e-01 1.340682917854163e+00
3.800000000000000e-01 4.404341653252637e-01 1.363248232785248e+00
3.850000000000000e-01 4.520877773886537e-01 1.387662526069657e+00
3.900000000000000e-01 4.640239590296172e-01 1.414151814099821e+00
3.950000000000000e-01 4.762501707502353e-01 1.442984815182143e+00
4.000000000000000e-01 4.887740543308307e-01 1.474484459068527e+00
4.050000000000000e-01 5.016034376063282e-01 1.509043498082952e+00
4.100000000000000e-01 5.147463393589066e-01 1.547146075785189e+00
4.150000000000000e-01 5.282109743299990e-01 1.589398153359668e+00
4.200000000000000e-01 5.420057583547735e-01 1.636571460285019e+00
4.250000000000000e-01 5.561393136223041e-01 1.689668733742875e+00
4.300000000000000e-01 5.706204740647189e-01 1.750023676474763e+00
4.350000000000000e-01 5.854582908786964e-01 1.819459942070658e+00
4.400000000000000e-01 6.006620381827575e-01 1.900555596393515e+00
4.450000000000000e-01 6.162412188138907e-01 1.997107830803008e+00
4.500000000000000e-01 6.322055702671360e-01 2.115007746660448e+00
4.550000000000000e-01 6.485650707818353e-01 2.264040895499436e+00
4.600000000000000e-01 6.653299455783577e-01 2.462070800550590e+00
4.650000000000000e-01 6.825106732491932e-01 2.746619525606624e+00
4.700000000000000e-01 7.001179923084168e-01 3.217024520850833e+00
4.750000000000000e-01 7.181629079036070e-01 4.265830341349755e+00
4.800000000000000e-01 7.366566986944229e-01 7.148373078476601e+00
4.850000000000000e-01 7.556109239021327e-01 7.715093985980269e+00
4.900000000000000e-01 7.750374305345038e-01 5.187523213913058e+00
4.950000000000000e-01 7.949483607905672e-01 4.034022572536323e+00
5.000000000000000e-01 8.153561596498893e-01 3.432158183173030e+00
5.050000000000000e-01 8.362735826510871e-01 3.045388213713991e+00
5.100000000000000e-01 8.577137038644561e-01 2.772204203673637e+00
5.150000000000000e-01 8.796899240636907e-01 2.566105262579946e+00
5.200000000000000e-01 9.022159791018011e-01 2.404002848558730e+00
5.250000000000000e-01 9.253059484964714e-01 2.272347757229220e+00
5.300000000000000e-01 9.489742642302165e-01 2.162879482367931e+00
5.350000000000000e-01 9.732357197708378e-01 2.070117971859056e+00
5.400000000000000e-01 9.981054793178262e-01 1.990325270308884e+00
5.450000000000000e-01 1.023599087280478e+00 1.920818286626418e+00
5.500000000000000e-01 1.049732477993657e+00 1.859645425759358e+00
5.550000000000000e-01 1.076521985677273e+00 1.805315739795505e+00
5.600000000000001e-01 1.103984354645701e+00 1.756706909906389e+00
5.650000000000001e-01 1.132136749773522e+00 1.712913180087446e+00
5.700000000000001e-01 1.160996767224129e+00 1.673241325856326e+00
5.750000000000001e-01 1.190582445447902e+00 1.637104754357835e+00
5.800000000000000e-01 1.220912276456826e+00 1.604049872394853e+00
5.850000000000000e-01 1.252005217382601e+00 1.573679070700234e+00
5.900000000000000e-01 1.283880702325469e+00 1.545680409235824e+00
5.950000000000000e-01 1.316558654501151e+00 1.519775514420109e+00
6.000000000000000e-01 1.350059498693518e+00 1.495740262795374e+00
6.050000000000000e-01 1.384404174020732e+00 1.473374989525125e+00
6.100000000000000e-01 1.419614147022888e+00 1.452512649375765e+00
6.150000000000000e-01 1.455711425079295e+00 1.433006959312391e+00
6.200000000000000e-01 1.492718570163803e+00 1.414729973138198e+00
6.250000000000000e-01 1.530658712946775e+00 1.397572049777397e+00
6.300000000000000e-01 1.569555567252506e+00 1.381433529562808e+00
6.350000000000000e-01 1.609433444881138e+00 1.366230057635675e+00
6.400000000000000e-01 1.650317270804325e+00 1.351883348463369e+00
6.450000000000000e-01 1.692232598744148e+00 1.338326719306883e+00
6.500000000000000e-01 1.735205627145031e+00 1.325498332958764e+00
6.550000000000000e-01 1.779263215548615e+00 1.313344284047685e+00
6.600000000000000e-01 1.824432901381847e+00 1.301815291296341e+00
6.650000000000000e-01 1.870742917168772e+00 1.290867196327158e+00
6.700000000000000e-01 1.918222208176775e+00 1.280460139263247e+00
6.750000000000000e-01 1.966900450508319e+00 1.270557748045807e+00
6.800000000000000e-01 2.016808069649473e+00 1.261127232159384e+00
6.850000000000001e-01 2.067976259486829e+00 1.252138515488054e+00
6.900000000000001e-01 2.120437001804702e+00 1.243564267726848e+00
6.950000000000001e-01 2.174223086274785e+00 1.235379436994575e+00
7.000000000000001e-01 2.229368130950753e+00 1.227561067523542e+00
7.050000000000000e-01 2.285906603280654e+00 1.220088089417424e+00
7.100000000000000e-01 2.343873841650178e+00 1.212941107940385e+00
7.150000000000000e-01 2.403306077470301e+00 1.206102247840942e+00
7.200000000000000e-01 2.464240457823092e+00 1.199555007515415e+00
7.250000000000000e-01 2.526715068679855e+00 1.193284111574597e+00
7.300000000000000e-01 2.590768958706095e+00 1.187275404612500e+00
7.350000000000000e-01 2.656442163668210e+00 1.181515730237332e+00
7.400000000000000e-01 2.723775731457148e+00 1.175992834924640e+00
7.450000000000000e-01 2.792811747744667e+00 1.170695272867483e+00
7.500000000000000e-01 2.863593362288260e+00 1.165612316257296e+00
7.550000000000000e-01 2.936164815901156e+00 1.160733872474327e+00
7.600000000000000e-01 3.010571468104263e+00 1.156050401325537e+00
7.650000000000000e-01 3.086859825477351e+00 1.151552835859262e+00
7.700000000000000e-01 3.165077570727174e+00 1.147232502894702e+00
7.750000000000000e-01 3.245273592490716e+00 1.143081043654430e+00
7.800000000000000e-01 3.327498015892184e+00 1.139090333563945e+00
7.850000000000000e-01 3.411802233872832e+00 1.135252400974198e+00
7.900000000000000e-01 3.498238939313234e+00 1.131559345194623e+00
7.950000000000000e-01 3.586862157968046e+00 1.128003254786457e+00
8.000000000000000e-01 3.677727282233856e+00 1.124576128366324e+00
8.050000000000000e-01 3.770891105771243e+00 1.121269801586022e+00
8.100000000000001e-01 3.866411859002656e+00 1.118075885961475e+00
8.150000000000001e-01 3.964349245508326e+00 1.114985728221764e+00
8.200000000000001e-01 4.064764479342956e+00 1.111990402652403e+00
8.250000000000001e-01 4.167720323296481e+00 1.109080753044865e+00
8.300000000000001e-01 4.273281128122877e+00 1.106247505983930e+00
8.350000000000000e-01 4.381512872761445e+00 1.103481483162326e+00
8.400000000000000e-01 4.492483205575838e+00 1.100773944018716e+00
8.450000000000000e-01 4.606261486636447e+00 1.098117088330321e+00
8.500000000000000e-01 4.722918831072739e+00 1.095504740336135e+00
8.550000000000000e-01 4.842528153522501e+00 1.092933214514505e+00
8.600000000000000e-01 4.965164213705875e+00 1.090402314682871e+00
8.650000000000000e-01 5.090903663152626e+00 1.087916340956270e+00
8.700000000000000e-01 5.219825093111814e+00 1.085484893495677e+00
8.750000000000000e-01 5.352009083673925e+00 1.083123190606559e+00
8.800000000000000e-01 5.487538254136007e+00 1.080851579561275e+00
8.850000000000000e-01 5.626497314641444e+00 1.078693954877382e+00
8.900000000000000e-01 5.768973119126561e+00 1.076674967675378e+00
8.950000000000000e-01 5.915054719607133e+00 1.074816178975293e+00
9.000000000000000e-01 6.064833421838831e+00 1.073131526722356e+00
9.050000000000000e-01 6.218402842386253e+00 1.071622579019643e+00
9.100000000000000e-01 6.375858967136348e+00 1.070274283821206e+00
9.150000000000000e-01 6.537300211292723e+00 1.069052603048471e+00
9.200000000000000e-01 6.702827480888332e+00 1.067906204175040e+00
9.250000000000000e-01 6.872544235855034e+00 1.066774066101674e+00
9.300000000000000e-01 7.046556554689444e+00 1.065598416251190e+00
9.350000000000001e-01 7.224973200755413e+00 1.064338734295134e+00
9.400000000000001e-01 7.407905690264673e+00 1.062980574604687e+00
9.450000000000001e-01 7.595468361978146e+00 1.061535071207962e+00
9.500000000000001e-01 7.787778448671316e+00 1.060030134929350e+00
9.550000000000001e-01 7.984956150408610e+00 1.058498587729671e+00
9.600000000000000e-01 8.187124709672272e+00 1.056968811567389e+00
9.650000000000000e-01 8.394410488393007e+00 1.055460530986293e+00
9.700000000000000e-01 8.606943046930221e+00 1.053985009912476e+00
9.750000000000000e-01 8.824855225051540e+00 1.052547399299468e+00
9.800000000000000e-01 9.048283224961922e+00 1.051149279595934e+00
9.850000000000000e-01 9.277366696434507e+00 1.049790491177849e+00
9.900000000000000e-01 9.512248824096272e+00 1.048470161896049e+00
9.950000000000000e-01 9.753076416923058e+00 1.047187186704132e+00
1.000000000000000e+00 1.000000000000000e+01 1.045940414608520e+00
