0.000000000000000e+00 0.000000000000000e+00 1.000000000000000e+00
5.000000000000000e-03 3.369477419287315e-03 1.000002414629760e+00
1.000000000000000e-02 6.741060871647481e-03 1.000012091341981e+00
1.500000000000000e-02 1.011685770649257e-02 1.000028272076088e+00
2.000000000000000e-02 1.349897790673588e-02 1.000050992310255e+00
2.500000000000000e-02 1.688953540759990e-02 1.000080302289182e+00
3.000000000000000e-02 2.029064941789469e-02 1.000116280736757e+00
3.500000000000000e-02 2.370444574459234e-02 1.000159039560140e+00
4.000000000000000e-02 2.713305812152553e-02 1.000208715330698e+00
4.500000000000000e-02 3.057862954304063e-02 1.000265442697014e+00
5.000000000000000e-02 3.404331360343898e-02 1.000329359979393e+00
5.500000000000000e-02 3.752927584304335e-02 1.000400648642764e+00
6.000000000000000e-02 4.103869510173117e-02 1.000479540046314e+00
6.500000000000000e-02 4.457376488078044e-02 1.000566267068248e+00
7.000000000000001e-02 4.813669471387935e-02 1.000661048253229e+00
7.500000000000000e-02 5.172971154815675e-02 1.000764140362849e+00
8.000000000000000e-02 5.535506113609672e-02 1.000875867781739e+00
8.500000000000001e-02 5.901500943920686e-02 1.000996576565988e+00
9.000000000000000e-02 6.271184404431801e-02 1.001126604887055e+00
9.500000000000000e-02 6.644787559340060e-02 1.001266311367996e+00
1.000000000000000e-01 7.022543922779090e-02 1.001416096453973e+00
1.050000000000000e-01 7.404689604773053e-02 1.001576410060699e+00
1.100000000000000e-01 7.791463458813094e-02 1.001747761894955e+00
1.150000000000000e-01 8.183107231148547e-02 1.001930679169162e+00
1.200000000000000e-01 8.579865711886202e-02 1.002125675230693e+00
1.250000000000000e-01 8.981986887992111e-02 1.002333310345002e+00
1.300000000000000e-01 9.389722098291493e-02 1.002554216736606e+00
1.350000000000000e-01 9.803326190563690e-02 1.002789076221323e+00
1.400000000000000e-01 1.022305768083033e-01 1.003038651325260e+00
1.450000000000000e-01 1.064917891493625e-01 1.003303747613151e+00
1.500000000000000e-01 1.108195623252418e-01 1.003585183361219e+00
1.550000000000000e-01 1.152166013350572e-01 1.003883843246093e+00
1.600000000000000e-01 1.196856544713255e-01 1.004200641243628e+00
1.650000000000000e-01 1.242295150377370e-01 1.004536566847525e+00
1.700000000000000e-01 1.288510230950609e-01 1.004892691486123e+00
1.750000000000000e-01 1.335530672362758e-01 1.005270157269873e+00
1.800000000000000e-01 1.383385863920344e-01 1.005670208723066e+00
1.850000000000000e-01 1.432105716675912e-01 1.006094166424912e+00
1.900000000000000e-01 1.481720682123397e-01 1.006543454910422e+00
1.950000000000000e-01 1.532261771231311e-01 1.007019590813389e+00
2.000000000000000e-01 1.583760573825595e-01 1.007524200144936e+00
2.050000000000000e-01 1.636249278334301e-01 1.008059019812971e+00
2.100000000000000e-01 1.689760691906397e-01 1.008625909232927e+00
2.150000000000000e-01 1.744328260917313e-01 1.009226857964046e+00
2.200000000000000e-01 1.799986091874004e-01 1.009863996221345e+00
2.250000000000000e-01 1.856768972732633e-01 1.010539605140920e+00
2.300000000000000e-01 1.914712394642179e-01 1.011256128196295e+00
2.350000000000000e-01 1.973852574127551e-01 1.012016183287980e+00
2.400000000000000e-01 2.034226475726105e-01 1.012822575769555e+00
2.450000000000000e-01 2.095871835091678e-01 1.013678312398419e+00
2.500000000000000e-01 2.158827182580599e-01 1.014586616292935e+00
2.550000000000000e-01 2.223131867334419e-01 1.015550942944259e+00
2.600000000000000e-01 2.288826081874405e-01 1.016574997338491e+00
2.650000000000000e-01 2.355950887223172e-01 1.017662752238524e+00
2.700000000000000e-01 2.424548238569160e-01 1.018818467671184e+00
2.750000000000000e-01 2.494661011489995e-01 1.020046711658605e+00
2.800000000000000e-01 2.566333028751116e-01 1.021352382224292e+00
2.850000000000000e-01 2.639609087696434e-01 1.022740730693066e+00
2.900000000000000e-01 2.714534988248126e-01 1.024217386289564e+00
2.950000000000000e-01 2.791157561533084e-01 1.025788382021636e+00
3.000000000000000e-01 2.869524699153886e-01 1.027460181811969e+00
3.050000000000000e-01 2.949685383122613e-01 1.029239708812840e+00
3.100000000000000e-01 3.031689716476197e-01 1.031134374804014e+00
3.150000000000000e-01 3.115588954592450e-01 1.033152110531388e+00
3.200000000000000e-01 3.201435537226349e-01 1.035301396792736e+00
3.250000000000000e-01 3.289283121286580e-01 1.037591296015361e+00
3.300000000000000e-01 3.379186614372866e-01 1.040031483997033e+00
3.350000000000000e-01 3.471202209094989e-01 1.042632281394350e+00
3.400000000000000e-01 3.565387418195016e-01 1.045404684439549e+00
3.450000000000000e-01 3.661801110494620e-01 1.048360394245466e+00
3.500000000000000e-01 3.760503547690021e-01 1.051511843916247e+00
3.550000000000000e-01 3.861556422017504e-01 1.054872222515664e+00
3.600000000000000e-01 3.965022894813072e-01 1.058455494752396e+00
3.650000000000000e-01 4.070967635990345e-01 1.062276415019178e+00
3.700000000000000e-01 4.179456864461349e-01 1.066350534166666e+00
3.750000000000000e-01 4.290558389525505e-01 1.070694197099826e+00
3.800000000000000e-01 4.404341653252637e-01 1.075324528950978e+00
3.850000000000000e-01 4.520877773886537e-01 1.080259407206146e+00
3.900000000000000e-01 4.640239590296172e-01 1.085517416737292e+00
3.950000000000000e-01 4.762501707502353e-01 1.091117784220675e+00
4.000000000000000e-01 4.887740543308307e-01 1.097080287900650e+00
4.050000000000000e-01 5.016034376063282e-01 1.103425138090936e+00
4.100000000000000e-01 5.147463393589066e-01 1.110172823197154e+00
4.150000000000000e-01 5.282109743299990e-01 1.117343915405723e+00
4.200000000000000e-01 5.420057583547735e-01 1.124958829531970e+00
4.250000000000000e-01 5.561393136223041e-01 1.133037527880903e+00
4.300000000000000e-01 5.706204740647189e-01 1.141599163385826e+00
4.350000000000000e-01 5.854582908786964e-01 1.150661652807564e+00
4.400000000000000e-01 6.006620381827575e-01 1.160241171475791e+00
4.450000000000000e-01 6.162412188138907e-01 1.170351561035886e+00
4.500000000000000e-01 6.322055702671360e-01 1.181003642064527e+00
4.550000000000000e-01 6.485650707818353e-01 1.192204424409887e+00
4.600000000000000e-01 6.653299455783577e-01 1.203956209919180e+00
4.650000000000000e-01 6.825106732491932e-01 1.216255585111510e+00
4.700000000000000e-01 7.001179923084168e-01 1.229092305666232e+00
4.750000000000000e-01 7.181629079036070e-01 1.242448080705433e+00
4.800000000000000e-01 7.366566986944229e-01 1.256295273167879e+00
4.850000000000000e-01 7.556109239021327e-01 1.270595543515842e+00
4.900000000000000e-01 7.750374305345038e-01 1.285298477939929e+00
4.950000000000000e-01 7.949483607905672e-01 1.300340259323667e+00
5.000000000000000e-01 8.153561596498893e-01 1.315642459380382e+00
5.050000000000000e-01 8.362735826510871e-01 1.331111052939734e+00
5.100000000000000e-01 8.577137038644561e-01 1.346635778913239e+00
5.150000000000000e-01 8.796899240636907e-01 1.362089994495904e+00
5.200000000000000e-01 9.022159791018011e-01 1.377331185801224e+00
5.250000000000000e-01 9.253059484964714e-01 1.392202304038374e+00
5.300000000000000e-01 9.489742642302165e-01 1.406534084896068e+00
5.350000000000000e-01 9.732357197708378e-01 1.420148472805628e+00
5.400000000000000e-01 9.981054793178262e-01 1.432863204909493e+00
5.450000000000000e-01 1.023599087280478e+00 1.444497508674604e+00
5.500000000000000e-01 1.049732477993657e+00 1.454878734872570e+00
5.550000000000000e-01 1.076521985677273e+00 1.463849595320715e+00
5.600000000000001e-01 1.103984354645701e+00 1.471275523354723e+00
5.650000000000001e-01 1.132136749773522e+00 1.477051553873558e+00
5.700000000000001e-01 1.160996767224129e+00 1.481108061645748e+00
5.750000000000001e-01 1.190582445447902e+00 1.483414728905797e+00
5.800000000000000e-01 1.220912276456826e+00 1.483982248639146e+00
5.850000000000000e-01 1.252005217382601e+00 1.482861498374918e+00
5.900000000000000e-01 1.283880702325469e+00 1.480140206787908e+00
5.950000000000000e-01 1.316558654501151e+00 1.475937430505933e+00
6.000000000000000e-01 1.350059498693518e+00 1.470396405576067e+00
6.050000000000000e-01 1.384404174020732e+00 1.463676492608421e+00
6.100000000000000e-01 1.419614147022888e+00 1.455944975137696e+00
6.150000000000000e-01 1.455711425079295e+00 1.447369402369999e+00
6.200000000000000e-01 1.492718570163803e+00 1.438111017288467e+00
6.250000000000000e-01 1.530658712946775e+00 1.428319617608034e+00
6.300000000000000e-01 1.569555567252506e+00 1.418129998725746e+00
6.350000000000000e-01 1.609433444881138e+00 1.407659954263746e+00
6.400000000000000e-01 1.650317270804325e+00 1.397009678037952e+00
6.450000000000000e-01 1.692232598744148e+00 1.386262326189332e+00
6.500000000000000e-01 1.735205627145031e+00 1.375485455880510e+00
6.550000000000000e-01 1.779263215548615e+00 1.364733048836593e+00
6.600000000000000e-01 1.824432901381847e+00 1.354047844437728e+00
6.650000000000000e-01 1.870742917168772e+00 1.343463739550288e+00
6.700000000000000e-01 1.918222208176775e+00 1.333008054413699e+00
6.750000000000000e-01 1.966900450508319e+00 1.322703511327553e+00
6.800000000000000e-01 2.016808069649473e+00 1.312569822684160e+00
6.850000000000001e-01 2.067976259486829e+00 1.302624834785298e+00
6.900000000000001e-01 2.120437001804702e+00 1.292885221585314e+00
6.950000000000001e-01 2.174223086274785e+00 1.283366765395747e+00
7.000000000000001e-01 2.229368130950753e+00 1.274084296760636e+00
7.050000000000000e-01 2.285906603280654e+00 1.265051390355915e+00
7.100000000000000e-01 2.343873841650178e+00 1.256279925759334e+00
7.150000000000000e-01 2.403306077470301e+00 1.247779620451345e+00
7.200000000000000e-01 2.464240457823092e+00 1.239557628320670e+00
7.250000000000000e-01 2.526715068679855e+00 1.231618272911904e+00
7.300000000000000e-01 2.590768958706095e+00 1.223962954747239e+00
7.350000000000000e-01 2.656442163668210e+00 1.216590241096131e+00
7.400000000000000e-01 2.723775731457148e+00 1.209496119218651e+00
7.450000000000000e-01 2.792811747744667e+00 1.202674374020673e+00
7.500000000000000e-01 2.863593362288260e+00 1.196117040247739e+00
7.550000000000000e-01 2.936164815901156e+00 1.189814877955479e+00
7.600000000000000e-01 3.010571468104263e+00 1.183757826493507e+00
7.650000000000000e-01 3.086859825477351e+00 1.177935403949346e+00
7.700000000000000e-01 3.165077570727174e+00 1.172337032821039e+00
7.750000000000000e-01 3.245273592490716e+00 1.166952285810617e+00
7.800000000000000e-01 3.327498015892184e+00 1.161771056049961e+00
7.850000000000000e-01 3.411802233872832e+00 1.156783662816329e+00
7.900000000000000e-01 3.498238939313234e+00 1.151980906870801e+00
7.950000000000000e-01 3.586862157968046e+00 1.147354089660465e+00
8.000000000000000e-01 3.677727282233856e+00 1.142895008797653e+00
8.050000000000000e-01 3.770891105771243e+00 1.138595939498291e+00
8.100000000000001e-01 3.866411859002656e+00 1.134449608832854e+00
8.150000000000001e-01 3.964349245508326e+00 1.130449167210854e+00
8.200000000000001e-01 4.064764479342956e+00 1.126588159685938e+00
8.250000000000001e-01 4.167720323296481e+00 1.122860498429793e+00
8.300000000000001e-01 4.273281128122877e+00 1.119260436966579e+00
8.350000000000000e-01 4.381512872761445e+00 1.115782546342090e+00
8.400000000000000e-01 4.492483205575838e+00 1.112421693196091e+00
8.450000000000000e-01 4.606261486636447e+00 1.109173019619114e+00
8.500000000000000e-01 4.722918831072739e+00 1.106031924647654e+00
8.550000000000000e-01 4.842528153522501e+00 1.102994047251048e+00
8.600000000000000e-01 4.965164213705875e+00 1.100055250672944e+00
8.650000000000000e-01 5.090903663152626e+00 1.097211608002723e+00
8.700000000000000e-01 5.219825093111814e+00 1.094459388864705e+00
8.750000000000000e-01 5.352009083673925e+00 1.091795047124390e+00
8.800000000000000e-01 5.487538254136007e+00 1.089215209521294e+00
8.850000000000000e-01 5.626497314641444e+00 1.086716665147048e+00
8.900000000000000e-01 5.768973119126561e+00 1.084296355695531e+00
8.950000000000000e-01 5.915054719607133e+00 1.081951366419060e+00
9.000000000000000e-01 6.064833421838831e+00 1.079678917731029e+00
9.050000000000000e-01 6.218402842386253e+00 1.077476357401127e+00
9.100000000000000e-01 6.375858967136348e+00 1.075341153294390e+00
9.150000000000000e-01 6.537300211292723e+00 1.073270886609867e+00
9.200000000000000e-01 6.702827480888332e+00 1.071263245578812e+00
9.250000000000000e-01 6.872544235855034e+00 1.069316019585932e+00
9.300000000000000e-01 7.046556554689444e+00 1.067427093680558e+00
9.350000000000001e-01 7.224973200755413e+00 1.065594443447526e+00
9.400000000000001e-01 7.407905690264673e+00 1.063816130210236e+00
9.450000000000001e-01 7.595468361978146e+00 1.062090296540760e+00
9.500000000000001e-01 7.787778448671316e+00 1.060415162054020e+00
9.550000000000001e-01 7.984956150408610e+00 1.058789019465040e+00
9.600000000000000e-01 8.187124709672272e+00 1.057210230890009e+00
9.650000000000000e-01 8.394410488393007e+00 1.055677224373538e+00
9.700000000000000e-01 8.606943046930221e+00 1.054188490625919e+00
9.750000000000000e-01 8.824855225051540e+00 1.052742579955516e+00
9.800000000000000e-01 9.048283224961922e+00 1.051338099382641e+00
9.850000000000000e-01 9.277366696434507e+00 1.049973709922323e+00
9.900000000000000e-01 9.512248824096272e+00 1.048648124024403e+00
9.950000000000000e-01 9.753076416923058e+00 1.047360103160274e+00
1.000000000000000e+00 1.000000000000000e+01 1.046108455546426e+00
