0.000000000000000e+00 0.000000000000000e+00 1.000000000000000e+00
5.000000000000000e-03 3.369477419287315e-03 1.000012666254966e+00
1.000000000000000e-02 6.741060871647481e-03 1.000063520556781e+00
1.500000000000000e-02 1.011685770649257e-02 1.000148672328903e+00
2.000000000000000e-02 1.349897790673588e-02 1.000268042612722e+00
2.500000000000000e-02 1.688953540759990e-02 1.000421939253916e+00
3.000000000000000e-02 2.029064941789469e-02 1.000610912922474e+00
3.500000000000000e-02 2.370444574459234e-02 1.000835412729690e+00
4.000000000000000e-02 2.713305812152553e-02 1.001095975102788e+00
4.500000000000000e-02 3.057862954304063e-02 1.001393327207878e+00
5.000000000000000e-02 3.404331360343898e-02 1.001728225677467e+00
5.500000000000000e-02 3.752927584304335e-02 1.002101493548500e+00
6.000000000000000e-02 4.103869510173117e-02 1.002514152746957e+00
6.500000000000000e-02 4.457376488078044e-02 1.002967306824584e+00
7.000000000000001e-02 4.813669471387935e-02 1.003462070122799e+00
7.500000000000000e-02 5.172971154815675e-02 1.003999727331697e+00
8.000000000000000e-02 5.535506113609672e-02 1.004581748972015e+00
8.500000000000001e-02 5.901500943920686e-02 1.005209637648362e+00
9.000000000000000e-02 6.271184404431801e-02 1.005884990113095e+00
9.500000000000000e-02 6.644787559340060e-02 1.006609622533322e+00
1.000000000000000e-01 7.022543922779090e-02 1.007385462777760e+00
1.050000000000000e-01 7.404689604773053e-02 1.008214495489285e+00
1.100000000000000e-01 7.791463458813094e-02 1.009098920672740e+00
1.150000000000000e-01 8.183107231148547e-02 1.010041145737361e+00
1.200000000000000e-01 8.579865711886202e-02 1.011043629356271e+00
1.250000000000000e-01 8.981986887992111e-02 1.012108974015300e+00
1.300000000000000e-01 9.389722098291493e-02 1.013240088292757e+00
1.350000000000000e-01 9.803326190563690e-02 1.014440051840520e+00
1.400000000000000e-01 1.022305768083033e-01 1.015712000902866e+00
1.450000000000000e-01 1.064917891493625e-01 1.017059320413587e+00
1.500000000000000e-01 1.108195623252418e-01 1.018485744014158e+00
1.550000000000000e-01 1.152166013350572e-01 1.019995163501975e+00
1.600000000000000e-01 1.196856544713255e-01 1.021591591144281e+00
1.650000000000000e-01 1.242295150377370e-01 1.023279381043257e+00
1.700000000000000e-01 1.288510230950609e-01 1.025063266039222e+00
1.750000000000000e-01 1.335530672362758e-01 1.026948167794126e+00
1.800000000000000e-01 1.383385863920344e-01 1.028939212954817e+00
1.850000000000000e-01 1.432105716675912e-01 1.031041954324857e+00
1.900000000000000e-01 1.481720682123397e-01 1.033262388713989e+00
1.950000000000000e-01 1.532261771231311e-01 1.035606776204324e+00
2.000000000000000e-01 1.583760573825595e-01 1.038081657309134e+00
2.050000000000000e-01 1.636249278334301e-01 1.040694086604060e+00
2.100000000000000e-01 1.689760691906397e-01 1.043451697477265e+00
2.150000000000000e-01 1.744328260917313e-01 1.046362517570796e+00
2.200000000000000e-01 1.799986091874004e-01 1.049434921955131e+00
2.250000000000000e-01 1.856768972732633e-01 1.052677885954453e+00
2.300000000000000e-01 1.914712394642179e-01 1.056101160531642e+00
2.350000000000000e-01 1.973852574127551e-01 1.059715120624691e+00
2.400000000000000e-01 2.034226475726105e-01 1.063530638871140e+00
2.450000000000000e-01 2.095871835091678e-01 1.067559272269954e+00
2.500000000000000e-01 2.158827182580599e-01 1.071813483268353e+00
2.550000000000000e-01 2.223131867334419e-01 1.076306681367843e+00
2.600000000000000e-01 2.288826081874405e-01 1.081053231228167e+00
2.650000000000000e-01 2.355950887223172e-01 1.086068421007753e+00
2.700000000000000e-01 2.424548238569160e-01 1.091368460854093e+00
2.750000000000000e-01 2.494661011489995e-01 1.096970767138676e+00
2.800000000000000e-01 2.566333028751116e-01 1.102894221374114e+00
2.850000000000000e-01 2.639609087696434e-01 1.109159181159749e+00
2.900000000000000e-01 2.714534988248126e-01 1.115787624584223e+00
2.950000000000000e-01 2.791157561533084e-01 1.122803220450107e+00
3.000000000000000e-01 2.869524699153886e-01 1.130231365049592e+00
3.050000000000000e-01 2.949685383122613e-01 1.138099543220919e+00
3.100000000000000e-01 3.031689716476197e-01 1.146437487376341e+00
3.150000000000000e-01 3.115588954592450e-01 1.155277527511711e+00
3.200000000000000e-01 3.201435537226349e-01 1.164654927278175e+00
3.250000000000000e-01 3.289283121286580e-01 1.174608166445591e+00
3.300000000000000e-01 3.379186614372866e-01 1.185179406343861e+00
3.350000000000000e-01 3.471202209094989e-01 1.196414869707995e+00
3.400000000000000e-01 3.565387418195016e-01 1.208365427832768e+00
3.450000000000000e-01 3.661801110494620e-01 1.221087193245183e+00
3.500000000000000e-01 3.760503547690021e-01 1.234642290462988e+00
3.550000000000000e-01 3.861556422017504e-01 1.249099733205848e+00
3.600000000000000e-01 3.965022894813072e-01 1.264536494741211e+00
3.650000000000000e-01 4.070967635990345e-01 1.281038782978201e+00
3.700000000000000e-01 4.179456864461349e-01 1.298703587735849e+00
3.750000000000000e-01 4.290558389525505e-01 1.317640562263459e+00
3.800000000000000e-01 4.404341653252637e-01 1.337974331738492e+00
3.850000000000000e-01 4.520877773886537e-01 1.359847345659715e+00
3.900000000000000e-01 4.640239590296172e-01 1.383423431298353e+00
3.950000000000000e-01 4.762501707502353e-01 1.408892257722068e+00
4.000000000000000e-01 4.887740543308307e-01 1.436474993616690e+00
4.050000000000000e-01 5.016034376063282e-01 1.466431544705259e+00
4.100000000000000e-01 5.147463393589066e-01 1.499069901026196e+00
4.150000000000000e-01 5.282109743299990e-01 1.534758328523225e+00
4.200000000000000e-01 5.420057583547735e-01 1.573941428435802e+00
4.250000000000000e-01 5.561393136223041e-01 1.617161494738995e+00
4.300000000000000e-01 5.706204740647189e-01 1.665087161385862e+00
4.350000000000000e-01 5.854582908786964e-01 1.718552069487832e+00
4.400000000000000e-01 6.006620381827575e-01 1.778607140875366e+00
4.450000000000000e-01 6.162412188138907e-01 1.846590672194904e+00
4.500000000000000e-01 6.322055702671360e-01 1.924219611366007e+00
4.550000000000000e-01 6.485650707818353e-01 2.013699079144114e+00
4.600000000000000e-01 6.653299455783577e-01 2.117823576004727e+00
4.650000000000000e-01 6.825106732491932e-01 2.239968456919580e+00
4.700000000000000e-01 7.001179923084168e-01 2.383655460752822e+00
4.750000000000000e-01 7.181629079036070e-01 2.550838899899112e+00
4.800000000000000e-01 7.366566986944229e-01 2.737105280005467e+00
4.850000000000000e-01 7.556109239021327e-01 2.922051130706704e+00
4.900000000000000e-01 7.750374305345038e-01 3.060518971120628e+00
4.950000000000000e-01 7.949483607905672e-01 3.097693311290024e+00
5.000000000000000e-01 8.153561596498893e-01 3.017330115126534e+00
5.050000000000000e-01 8.362735826510871e-01 2.862345801308544e+00
5.100000000000000e-01 8.577137038644561e-01 2.689609198864051e+00
5.150000000000000e-01 8.796899240636907e-01 2.530022800313934e+00
5.200000000000000e-01 9.022159791018011e-01 2.391367986752671e+00
5.250000000000000e-01 9.253059484964714e-01 2.272486502828645e+00
5.300000000000000e-01 9.489742642302165e-01 2.170362118479671e+00
5.350000000000000e-01 9.732357197708378e-01 2.082033135723420e+00
5.400000000000000e-01 9.981054793178262e-01 2.004991770951344e+00
5.450000000000000e-01 1.023599087280478e+00 1.937229365498389e+00
5.500000000000000e-01 1.049732477993657e+00 1.877159385664324e+00
5.550000000000000e-01 1.076521985677273e+00 1.823525909189750e+00
5.600000000000001e-01 1.103984354645701e+00 1.775328870744162e+00
5.650000000000001e-01 1.132136749773522e+00 1.731764833881828e+00
5.700000000000001e-01 1.160996767224129e+00 1.692181988624583e+00
5.750000000000001e-01 1.190582445447902e+00 1.656046488423809e+00
5.800000000000000e-01 1.220912276456826e+00 1.622917023350043e+00
5.850000000000000e-01 1.252005217382601e+00 1.592425566158606e+00
5.900000000000000e-01 1.283880702325469e+00 1.564262679543651e+00
5.950000000000000e-01 1.316558654501151e+00 1.538166190385505e+00
6.000000000000000e-01 1.350059498693518e+00 1.513912386769767e+00
6.050000000000000e-01 1.384404174020732e+00 1.491309113333294e+00
6.100000000000000e-01 1.419614147022888e+00 1.470190308482271e+00
6.150000000000000e-01 1.455711425079295e+00 1.450411647885756e+00
6.200000000000000e-01 1.492718570163803e+00 1.431847043878812e+00
6.250000000000000e-01 1.530658712946775e+00 1.414385813265636e+00
6.300000000000000e-01 1.569555567252506e+00 1.397930371769463e+00
6.350000000000000e-01 1.609433444881138e+00 1.382394347048413e+00
6.400000000000000e-01 1.650317270804325e+00 1.367701027266404e+00
6.450000000000000e-01 1.692232598744148e+00 1.353782080936984e+00
6.500000000000000e-01 1.735205627145031e+00 1.340576497851545e+00
6.550000000000000e-01 1.779263215548615e+00 1.328029711548431e+00
6.600000000000000e-01 1.824432901381847e+00 1.316092871820850e+00
6.650000000000000e-01 1.870742917168772e+00 1.304722241808981e+00
6.700000000000000e-01 1.918222208176775e+00 1.293878698712343e+00
6.750000000000000e-01 1.966900450508319e+00 1.283527320410078e+00
6.800000000000000e-01 2.016808069649473e+00 1.273637042525693e+00
6.850000000000001e-01 2.067976259486829e+00 1.264180371902990e+00
6.900000000000001e-01 2.120437001804702e+00 1.255133143228188e+00
6.950000000000001e-01 2.174223086274785e+00 1.246474305789044e+00
7.000000000000001e-01 2.229368130950753e+00 1.238185727264842e+00
7.050000000000000e-01 2.285906603280654e+00 1.230252001173617e+00
7.100000000000000e-01 2.343873841650178e+00 1.222660244375640e+00
7.150000000000000e-01 2.403306077470301e+00 1.215399871081809e+00
7.200000000000000e-01 2.464240457823092e+00 1.208462330391223e+00
7.250000000000000e-01 2.526715068679855e+00 1.201840795721676e+00
7.300000000000000e-01 2.590768958706095e+00 1.195529796794999e+00
7.350000000000000e-01 2.656442163668210e+00 1.189524788216784e+00
7.400000000000000e-01 2.723775731457148e+00 1.183821653172741e+00
7.450000000000000e-01 2.792811747744667e+00 1.178416146282892e+00
7.500000000000000e-01 2.863593362288260e+00 1.173303286076539e+00
7.550000000000000e-01 2.936164815901156e+00 1.168476714731903e+00
7.600000000000000e-01 3.010571468104263e+00 1.163928050575149e+00
7.650000000000000e-01 3.086859825477351e+00 1.159646267358130e+00
7.700000000000000e-01 3.165077570727174e+00 1.155617143600546e+00
7.750000000000000e-01 3.245273592490716e+00 1.151822835269806e+00
7.800000000000000e-01 3.327498015892184e+00 1.148241635354235e+00
7.850000000000000e-01 3.411802233872832e+00 1.144847993124504e+00
7.900000000000000e-01 3.498238939313234e+00 1.141612871132765e+00
7.950000000000000e-01 3.586862157968046e+00 1.138504513943179e+00
8.000000000000000e-01 3.677727282233856e+00 1.135489681082427e+00
8.050000000000000e-01 3.770891105771243e+00 1.132535347847982e+00
8.100000000000001e-01 3.866411859002656e+00 1.129610793956569e+00
8.150000000000001e-01 3.964349245508326e+00 1.126689884607959e+00
8.200000000000001e-01 4.064764479342956e+00 1.123753224226749e+00
8.250000000000001e-01 4.167720323296481e+00 1.120789775737339e+00
8.300000000000001e-01 4.273281128122877e+00 1.117797544792915e+00
8.350000000000000e-01 4.381512872761445e+00 1.114783068634232e+00
8.400000000000000e-01 4.492483205575838e+00 1.111759712208535e+00
8.450000000000000e-01 4.606261486636447e+00 1.108745083784211e+00
8.500000000000000e-01 4.722918831072739e+00 1.105758121186178e+00
8.550000000000000e-01 4.842528153522501e+00 1.102816466111932e+00
8.600000000000000e-01 4.965164213705875e+00 1.099934608817041e+00
8.650000000000000e-01 5.090903663152626e+00 1.097123011472930e+00
8.700000000000000e-01 5.219825093111814e+00 1.094388125406113e+00
8.750000000000000e-01 5.352009083673925e+00 1.091733016711972e+00
8.800000000000000e-01 5.487538254136007e+00 1.089158256691228e+00
8.850000000000000e-01 5.626497314641444e+00 1.086662796720263e+00
8.900000000000000e-01 5.768973119126561e+00 1.084244667818964e+00
8.950000000000000e-01 5.915054719607133e+00 1.081901459843984e+00
9.000000000000000e-01 6.064833421838831e+00 1.079630608556046e+00
9.050000000000000e-01 6.218402842386253e+00 1.077429546940308e+00
9.100000000000000e-01 6.375858967136348e+00 1.075295774753625e+00
9.150000000000000e-01 6.537300211292723e+00 1.073226885139978e+00
9.200000000000000e-01 6.702827480888332e+00 1.071220571425325e+00
9.250000000000000e-01 6.872544235855034e+00 1.069274625890545e+00
9.300000000000000e-01 7.046556554689444e+00 1.067386935782565e+00
9.350000000000001e-01 7.224973200755413e+00 1.065555478627299e+00
9.400000000000001e-01 7.407905690264673e+00 1.063778317554446e+00
9.450000000000001e-01 7.595468361978146e+00 1.062053596841501e+00
9.500000000000001e-01 7.787778448671316e+00 1.060379537719812e+00
9.550000000000001e-01 7.984956150408610e+00 1.058754434438452e+00
9.600000000000000e-01 8.187124709672272e+00 1.057176650570542e+00
9.650000000000000e-01 8.394410488393007e+00 1.055644615545227e+00
9.700000000000000e-01 8.606943046930221e+00 1.054156821389276e+00
9.750000000000000e-01 8.824855225051540e+00 1.052711819663529e+00
9.800000000000000e-01 9.048283224961922e+00 1.051308218580520e+00
9.850000000000000e-01 9.277366696434507e+00 1.049944680290760e+00
9.900000000000000e-01 9.512248824096272e+00 1.048619918326084e+00
9.950000000000000e-01 9.753076416923058e+00 1.047332695189445e+00
1.000000000000000e+00 1.000000000000000e+01 1.046081820081288e+00
