0.000000000000000e+00 0.000000000000000e+00 1.000000000000000e+00
5.000000000000000e-03 3.369477419287315e-03 1.000013341153691e+00
1.000000000000000e-02 6.741060871647481e-03 1.000066668425783e+00
1.500000000000000e-02 1.011685770649257e-02 1.000155560774901e+00
2.000000000000000e-02 1.349897790673588e-02 1.000280399156623e+00
2.500000000000000e-02 1.688953540759990e-02 1.000441511612443e+00
3.000000000000000e-02 2.029064941789469e-02 1.000639262358066e+00
3.500000000000000e-02 2.370444574459234e-02 1.000874175279857e+00
4.000000000000000e-02 2.713305812152553e-02 1.001146852155332e+00
4.500000000000000e-02 3.057862954304063e-02 1.001457997064006e+00
5.000000000000000e-02 3.404331360343898e-02 1.001808461594378e+00
5.500000000000000e-02 3.752927584304335e-02 1.002199147853995e+00
6.000000000000000e-02 4.103869510173117e-02 1.002631035423973e+00
6.500000000000000e-02 4.457376488078044e-02 1.003105287559651e+00
7.000000000000001e-02 4.813669471387935e-02 1.003623169209120e+00
7.500000000000000e-02 5.172971154815675e-02 1.004185986785585e+00
8.000000000000000e-02 5.535506113609672e-02 1.004795227576141e+00
8.500000000000001e-02 5.901500943920686e-02 1.005452553202633e+00
9.000000000000000e-02 6.271184404431801e-02 1.006159654574485e+00
9.500000000000000e-02 6.644787559340060e-02 1.006918345744985e+00
1.000000000000000e-01 7.022543922779090e-02 1.007730703317537e+00
1.050000000000000e-01 7.404689604773053e-02 1.008598917057878e+00
1.100000000000000e-01 7.791463458813094e-02 1.009525213457109e+00
1.150000000000000e-01 8.183107231148547e-02 1.010512051729886e+00
1.200000000000000e-01 8.579865711886202e-02 1.011562149963581e+00
1.250000000000000e-01 8.981986887992111e-02 1.012678304054677e+00
1.300000000000000e-01 9.389722098291493e-02 1.013863449676402e+00
1.350000000000000e-01 9.803326190563690e-02 1.015120828136141e+00
1.400000000000000e-01 1.022305768083033e-01 1.016453885634170e+00
1.450000000000000e-01 1.064917891493625e-01 1.017866179544546e+00
1.500000000000000e-01 1.108195623252418e-01 1.019361546863554e+00
1.550000000000000e-01 1.152166013350572e-01 1.020944161871622e+00
1.600000000000000e-01 1.196856544713255e-01 1.022618369821737e+00
1.650000000000000e-01 1.242295150377370e-01 1.024388712669111e+00
1.700000000000000e-01 1.288510230950609e-01 1.026260139592028e+00
1.750000000000000e-01 1.335530672362758e-01 1.028237968716011e+00
1.800000000000000e-01 1.383385863920344e-01 1.030327710412719e+00
1.850000000000000e-01 1.432105716675912e-01 1.032535174575451e+00
1.900000000000000e-01 1.481720682123397e-01 1.034866691802673e+00
1.950000000000000e-01 1.532261771231311e-01 1.037329036036543e+00
2.000000000000000e-01 1.583760573825595e-01 1.039929253234706e+00
2.050000000000000e-01 1.636249278334301e-01 1.042674791071668e+00
2.100000000000000e-01 1.689760691906397e-01 1.045573731770495e+00
2.150000000000000e-01 1.744328260917313e-01 1.048634746147774e+00
2.200000000000000e-01 1.799986091874004e-01 1.051866936983404e+00
2.250000000000000e-01 1.856768972732633e-01 1.055279919434234e+00
2.300000000000000e-01 1.914712394642179e-01 1.058884040004155e+00
2.350000000000000e-01 1.973852574127551e-01 1.062690454315666e+00
2.400000000000000e-01 2.034226475726105e-01 1.066711069152569e+00
2.450000000000000e-01 2.095871835091678e-01 1.070958493489385e+00
2.500000000000000e-01 2.158827182580599e-01 1.075446119326786e+00
2.550000000000000e-01 2.223131867334419e-01 1.080188383502210e+00
2.600000000000000e-01 2.288826081874405e-01 1.085200962510972e+00
2.650000000000000e-01 2.355950887223172e-01 1.090500661001520e+00
2.700000000000000e-01 2.424548238569160e-01 1.096105346168226e+00
2.750000000000000e-01 2.494661011489995e-01 1.102034187371391e+00
2.800000000000000e-01 2.566333028751116e-01 1.108307867311497e+00
2.850000000000000e-01 2.639609087696434e-01 1.114948785992221e+00
2.900000000000000e-01 2.714534988248126e-01 1.121981343857157e+00
2.950000000000000e-01 2.791157561533084e-01 1.129431957040049e+00
3.000000000000000e-01 2.869524699153886e-01 1.137329174201456e+00
3.050000000000000e-01 2.949685383122613e-01 1.145704008495077e+00
3.100000000000000e-01 3.031689716476197e-01 1.154590106692016e+00
3.150000000000000e-01 3.115588954592450e-01 1.164024252392750e+00
3.200000000000000e-01 3.201435537226349e-01 1.174046755056927e+00
3.250000000000000e-01 3.289283121286580e-01 1.184701906244805e+00
3.300000000000000e-01 3.379186614372866e-01 1.196038585542546e+00
3.350000000000000e-01 3.471202209094989e-01 1.208110806284728e+00
3.400000000000000e-01 3.565387418195016e-01 1.220978534193518e+00
3.450000000000000e-01 3.661801110494620e-01 1.234708525680944e+00
3.500000000000000e-01 3.760503547690021e-01 1.249375448785928e+00
3.550000000000000e-01 3.861556422017504e-01 1.265063175103208e+00
3.600000000000000e-01 3.965022894813072e-01 1.281866400910395e+00
3.650000000000000e-01 4.070967635990345e-01 1.299892620019772e+00
3.700000000000000e-01 4.179456864461349e-01 1.319264584912575e+00
3.750000000000000e-01 4.290558389525505e-01 1.340123385248221e+00
3.800000000000000e-01 4.404341653252637e-01 1.362632347803674e+00
3.850000000000000e-01 4.520877773886537e-01 1.386982027869138e+00
3.900000000000000e-01 4.640239590296172e-01 1.413396677395609e+00
3.950000000000000e-01 4.762501707502353e-01 1.442142738346810e+00
4.000000000000000e-01 4.887740543308307e-01 1.473540160616634e+00
4.050000000000000e-01 5.016034376063282e-01 1.507977731652984e+00
4.100000000000000e-01 5.147463393589066e-01 1.545934221777133e+00
4.150000000000000e-01 5.282109743299990e-01 1.588008156832805e+00
4.200000000000000e-01 5.420057583547735e-01 1.634960728320241e+00
4.250000000000000e-01 5.561393136223041e-01 1.687779317740439e+00
4.300000000000000e-01 5.706204740647189e-01 1.747774509785288e+00
4.350000000000000e-01 5.854582908786964e-01 1.816733770931462e+00
4.400000000000000e-01 6.006620381827575e-01 1.897175771415109e+00
4.450000000000000e-01 6.162412188138907e-01 1.992794273025327e+00
4.500000000000000e-01 6.322055702671360e-01 2.109286017904566e+00
4.550000000000000e-01 6.485650707818353e-01 2.256031969876066e+00
4.600000000000000e-01 6.653299455783577e-01 2.449920721236540e+00
4.650000000000000e-01 6.825106732491932e-01 2.725519647823816e+00
4.700000000000000e-01 7.001179923084168e-01 3.168787011236744e+00
4.750000000000000e-01 7.181629079036070e-01 4.057000128186547e+00
4.800000000000000e-01 7.366566986944229e-01 6.031937819688324e+00
4.850000000000000e-01 7.556109239021327e-01 6.937297817924478e+00
4.900000000000000e-01 7.750374305345038e-01 5.151852462782007e+00
4.950000000000000e-01 7.949483607905672e-01 4.032403418958579e+00
5.000000000000000e-01 8.153561596498893e-01 3.438361765311196e+00
5.050000000000000e-01 8.362735826510871e-01 3.051955423103509e+00
5.100000000000000e-01 8.577137038644561e-01 2.778108455951853e+00
5.150000000000000e-01 8.796899240636907e-01 2.571539405931778e+00
5.200000000000000e-01 9.022159791018011e-01 2.408736419948190e+00
5.250000000000000e-01 9.253059484964714e-01 2.276677810403724e+00
5.300000000000000e-01 9.489742642302165e-01 2.166743280020480e+00
5.350000000000000e-01 9.732357197708378e-01 2.073679718937297e+00
5.400000000000000e-01 9.981054793178262e-01 1.993578397554734e+00
5.450000000000000e-01 1.023599087280478e+00 1.923849993512942e+00
5.500000000000000e-01 1.049732477993657e+00 1.862466241638070e+00
5.550000000000000e-01 1.076521985677273e+00 1.807975533867741e+00
5.600000000000001e-01 1.103984354645701e+00 1.759218726813122e+00
5.650000000000001e-01 1.132136749773522e+00 1.715308629189682e+00
5.700000000000001e-01 1.160996767224129e+00 1.675531534233404e+00
5.750000000000001e-01 1.190582445447902e+00 1.639311477877766e+00
5.800000000000000e-01 1.220912276456826e+00 1.606181936459771e+00
5.850000000000000e-01 1.252005217382601e+00 1.575752047844003e+00
5.900000000000000e-01 1.283880702325469e+00 1.547701640607843e+00
5.950000000000000e-01 1.316558654501151e+00 1.521756164559356e+00
6.000000000000000e-01 1.350059498693518e+00 1.497686963877847e+00
6.050000000000000e-01 1.384404174020732e+00 1.475295629539287e+00
6.100000000000000e-01 1.419614147022888e+00 1.454413518749275e+00
6.150000000000000e-01 1.455711425079295e+00 1.434893641019497e+00
6.200000000000000e-01 1.492718570163803e+00 1.416608431993498e+00
6.250000000000000e-01 1.530658712946775e+00 1.399446468507359e+00
6.300000000000000e-01 1.569555567252506e+00 1.383309384363317e+00
6.350000000000000e-01 1.609433444881138e+00 1.368110874337007e+00
6.400000000000000e-01 1.650317270804325e+00 1.353773932522542e+00
6.450000000000000e-01 1.692232598744148e+00 1.340230405123866e+00
6.500000000000000e-01 1.735205627145031e+00 1.327419185800823e+00
6.550000000000000e-01 1.779263215548615e+00 1.315285605021457e+00
6.600000000000000e-01 1.824432901381847e+00 1.303780505244193e+00
6.650000000000000e-01 1.870742917168772e+00 1.292859499156511e+00
6.700000000000000e-01 1.918222208176775e+00 1.282482503201185e+00
6.750000000000000e-01 1.966900450508319e+00 1.272613102094019e+00
6.800000000000000e-01 2.016808069649473e+00 1.263218212843049e+00
6.850000000000001e-01 2.067976259486829e+00 1.254267649585637e+00
6.900000000000001e-01 2.120437001804702e+00 1.245733818660454e+00
6.950000000000001e-01 2.174223086274785e+00 1.237591430346910e+00
7.000000000000001e-01 2.229368130950753e+00 1.229817238409718e+00
7.050000000000000e-01 2.285906603280654e+00 1.222389825943641e+00
7.100000000000000e-01 2.343873841650178e+00 1.215289400008533e+00
7.150000000000000e-01 2.403306077470301e+00 1.208497616938919e+00
7.200000000000000e-01 2.464240457823092e+00 1.201997420325190e+00
7.250000000000000e-01 2.526715068679855e+00 1.195772894871049e+00
7.300000000000000e-01 2.590768958706095e+00 1.189809132671026e+00
7.350000000000000e-01 2.656442163668210e+00 1.184092109186539e+00
7.400000000000000e-01 2.723775731457148e+00 1.178608568346440e+00
7.450000000000000e-01 2.792811747744667e+00 1.173345914885725e+00
7.500000000000000e-01 2.863593362288260e+00 1.168292113467359e+00
7.550000000000000e-01 2.936164815901156e+00 1.163435594167844e+00
7.600000000000000e-01 3.010571468104263e+00 1.158765164617155e+00
7.650000000000000e-01 3.086859825477351e+00 1.154269929804514e+00
7.700000000000000e-01 3.165077570727174e+00 1.149939221449067e+00
7.750000000000000e-01 3.245273592490716e+00 1.145762540013823e+00
7.800000000000000e-01 3.327498015892184e+00 1.141729513883449e+00
7.850000000000000e-01 3.411802233872832e+00 1.137829881977904e+00
7.900000000000000e-01 3.498238939313234e+00 1.134053508127526e+00
7.950000000000000e-01 3.586862157968046e+00 1.130390437818772e+00
8.000000000000000e-01 3.677727282233856e+00 1.126831010108196e+00
8.050000000000000e-01 3.770891105771243e+00 1.123366039071635e+00
8.100000000000001e-01 3.866411859002656e+00 1.119987079373162e+00
8.150000000000001e-01 3.964349245508326e+00 1.116686788015472e+00
8.200000000000001e-01 4.064764479342956e+00 1.113459386903297e+00
8.250000000000001e-01 4.167720323296481e+00 1.110301216336832e+00
8.300000000000001e-01 4.273281128122877e+00 1.107211346274255e+00
8.350000000000000e-01 4.381512872761445e+00 1.104192179289662e+00
8.400000000000000e-01 4.492483205575838e+00 1.101249939191000e+00
8.450000000000000e-01 4.606261486636447e+00 1.098394901818671e+00
8.500000000000000e-01 4.722918831072739e+00 1.095641203899578e+00
8.550000000000000e-01 4.842528153522501e+00 1.093006073900500e+00
8.600000000000000e-01 4.965164213705875e+00 1.090508374081893e+00
8.650000000000000e-01 5.090903663152626e+00 1.088166433284299e+00
8.700000000000000e-01 5.219825093111814e+00 1.085995281061968e+00
8.750000000000000e-01 5.352009083673925e+00 1.084003531326428e+00
8.800000000000000e-01 5.487538254136007e+00 1.082190268053988e+00
8.850000000000000e-01 5.626497314641444e+00 1.080542383123728e+00
8.900000000000000e-01 5.768973119126561e+00 1.079033007588022e+00
8.950000000000000e-01 5.915054719607133e+00 1.077621976778866e+00
9.000000000000000e-01 6.064833421838831e+00 1.076259388330651e+00
9.050000000000000e-01 6.218402842386253e+00 1.074892721484636e+00
9.100000000000000e-01 6.375858967136348e+00 1.073476442699372e+00
9.150000000000000e-01 6.537300211292723e+00 1.071981178307506e+00
9.200000000000000e-01 6.702827480888332e+00 1.070398811147557e+00
9.250000000000000e-01 6.872544235855034e+00 1.068741278212108e+00
9.300000000000000e-01 7.046556554689444e+00 1.067033821550153e+00
9.350000000000001e-01 7.224973200755413e+00 1.065305991558290e+00
9.400000000000001e-01 7.407905690264673e+00 1.063584137318127e+00
9.450000000000001e-01 7.595468361978146e+00 1.061887490596438e+00
9.500000000000001e-01 7.787778448671316e+00 1.060227743461861e+00
9.550000000000001e-01 7.984956150408610e+00 1.058610679181897e+00
9.600000000000000e-01 8.187124709672272e+00 1.057038319987477e+00
9.650000000000000e-01 8.394410488393007e+00 1.055510677203097e+00
9.700000000000000e-01 8.606943046930221e+00 1.054026852360546e+00
9.750000000000000e-01 8.824855225051540e+00 1.052585608553010e+00
9.800000000000000e-01 9.048283224961922e+00 1.051185621928800e+00
9.850000000000000e-01 9.277366696434507e+00 1.049825576559097e+00
9.900000000000000e-01 9.512248824096272e+00 1.048504194656053e+00
9.950000000000000e-01 9.753076416923058e+00 1.047220243892949e+00
1.000000000000000e+00 1.000000000000000e+01 1.045972537689292e+00
