0.000000000000000e+00 0.000000000000000e+00 1.000000000000000e+00
5.000000000000000e-03 3.369477419287315e-03 1.000013310092290e+00
1.000000000000000e-02 6.741060871647481e-03 1.000066526422940e+00
1.500000000000000e-02 1.011685770649257e-02 1.000155255957353e+00
2.000000000000000e-02 1.349897790673588e-02 1.000279852057428e+00
2.500000000000000e-02 1.688953540759990e-02 1.000440642177480e+00
3.000000000000000e-02 2.029064941789469e-02 1.000638003907673e+00
3.500000000000000e-02 2.370444574459234e-02 1.000872456354796e+00
4.000000000000000e-02 2.713305812152553e-02 1.001144594749237e+00
4.500000000000000e-02 3.057862954304063e-02 1.001455126624421e+00
5.000000000000000e-02 3.404331360343898e-02 1.001804901589237e+00
5.500000000000000e-02 3.752927584304335e-02 1.002194814907923e+00
6.000000000000000e-02 4.103869510173117e-02 1.002625847561836e+00
6.500000000000000e-02 4.457376488078044e-02 1.003099163979177e+00
7.000000000000001e-02 4.813669471387935e-02 1.003616020815654e+00
7.500000000000000e-02 5.172971154815675e-02 1.004177719766220e+00
8.000000000000000e-02 5.535506113609672e-02 1.004785750807976e+00
8.500000000000001e-02 5.901500943920686e-02 1.005441771367832e+00
9.000000000000000e-02 6.271184404431801e-02 1.006147463460255e+00
9.500000000000000e-02 6.644787559340060e-02 1.006904639726079e+00
1.000000000000000e-01 7.022543922779090e-02 1.007715375081824e+00
1.050000000000000e-01 7.404689604773053e-02 1.008581849902239e+00
1.100000000000000e-01 7.791463458813094e-02 1.009506285157880e+00
1.150000000000000e-01 8.183107231148547e-02 1.010491139559092e+00
1.200000000000000e-01 8.579865711886202e-02 1.011539122517199e+00
1.250000000000000e-01 8.981986887992111e-02 1.012653018149352e+00
1.300000000000000e-01 9.389722098291493e-02 1.013835759641614e+00
1.350000000000000e-01 9.803326190563690e-02 1.015090584886761e+00
1.400000000000000e-01 1.022305768083033e-01 1.016420925706116e+00
1.450000000000000e-01 1.064917891493625e-01 1.017830327558709e+00
1.500000000000000e-01 1.108195623252418e-01 1.019322624634173e+00
1.550000000000000e-01 1.152166013350572e-01 1.020901982541249e+00
1.600000000000000e-01 1.196856544713255e-01 1.022572728594337e+00
1.650000000000000e-01 1.242295150377370e-01 1.024339392439496e+00
1.700000000000000e-01 1.288510230950609e-01 1.026206917029252e+00
1.750000000000000e-01 1.335530672362758e-01 1.028180606072330e+00
1.800000000000000e-01 1.383385863920344e-01 1.030265948649357e+00
1.850000000000000e-01 1.432105716675912e-01 1.032468739626099e+00
1.900000000000000e-01 1.481720682123397e-01 1.034795298396326e+00
1.950000000000000e-01 1.532261771231311e-01 1.037252378880905e+00
2.000000000000000e-01 1.583760573825595e-01 1.039847000244157e+00
2.050000000000000e-01 1.636249278334301e-01 1.042586588721588e+00
2.100000000000000e-01 1.689760691906397e-01 1.045479209322349e+00
2.150000000000000e-01 1.744328260917313e-01 1.048533507196913e+00
2.200000000000000e-01 1.799986091874004e-01 1.051758549438969e+00
2.250000000000000e-01 1.856768972732633e-01 1.055163918040671e+00
2.300000000000000e-01 1.914712394642179e-01 1.058759933042626e+00
2.350000000000000e-01 1.973852574127551e-01 1.062557717501601e+00
2.400000000000000e-01 2.034226475726105e-01 1.066569131562106e+00
2.450000000000000e-01 2.095871835091678e-01 1.070806733614444e+00
2.500000000000000e-01 2.158827182580599e-01 1.075283869759218e+00
2.550000000000000e-01 2.223131867334419e-01 1.080014928950009e+00
2.600000000000000e-01 2.288826081874405e-01 1.085015530221002e+00
2.650000000000000e-01 2.355950887223172e-01 1.090302409927536e+00
2.700000000000000e-01 2.424548238569160e-01 1.095893356033183e+00
2.750000000000000e-01 2.494661011489995e-01 1.101807453420678e+00
2.800000000000000e-01 2.566333028751116e-01 1.108065299132285e+00
2.850000000000000e-01 2.639609087696434e-01 1.114689197089854e+00
2.900000000000000e-01 2.714534988248126e-01 1.121703435567105e+00
2.950000000000000e-01 2.791157561533084e-01 1.129134302332085e+00
3.000000000000000e-01 2.869524699153886e-01 1.137010196425464e+00
3.050000000000000e-01 2.949685383122613e-01 1.145361962714462e+00
3.100000000000000e-01 3.031689716476197e-01 1.154223059780464e+00
3.150000000000000e-01 3.115588954592450e-01 1.163630056732978e+00
3.200000000000000e-01 3.201435537226349e-01 1.173623019666229e+00
3.250000000000000e-01 3.289283121286580e-01 1.184245958709942e+00
3.300000000000000e-01 3.379186614372866e-01 1.195547427042210e+00
3.350000000000000e-01 3.471202209094989e-01 1.207581057493041e+00
3.400000000000000e-01 3.565387418195016e-01 1.220406369264254e+00
3.450000000000000e-01 3.661801110494620e-01 1.234089593151688e+00
3.500000000000000e-01 3.760503547690021e-01 1.248704773932151e+00
3.550000000000000e-01 3.861556422017504e-01 1.264335040091121e+00
3.600000000000000e-01 3.965022894813072e-01 1.281074195151048e+00
3.650000000000000e-01 4.070967635990345e-01 1.299028652390921e+00
3.700000000000000e-01 4.179456864461349e-01 1.318319845410693e+00
3.750000000000000e-01 4.290558389525505e-01 1.339087239554926e+00
3.800000000000000e-01 4.404341653252637e-01 1.361492141361851e+00
3.850000000000000e-01 4.520877773886537e-01 1.385722566397319e+00
3.900000000000000e-01 4.640239590296172e-01 1.411999536036296e+00
3.950000000000000e-01 4.762501707502353e-01 1.440585329204014e+00
4.000000000000000e-01 4.887740543308307e-01 1.471794453297770e+00
4.050000000000000e-01 5.016034376063282e-01 1.506008465133495e+00
4.100000000000000e-01 5.147463393589066e-01 1.543696353188386e+00
4.150000000000000e-01 5.282109743299990e-01 1.585443135328256e+00
4.200000000000000e-01 5.420057583547735e-01 1.631990905329880e+00
4.250000000000000e-01 5.561393136223041e-01 1.684299298299891e+00
4.300000000000000e-01 5.706204740647189e-01 1.743637278583717e+00
4.350000000000000e-01 5.854582908786964e-01 1.811727461541505e+00
4.400000000000000e-01 6.006620381827575e-01 1.890982703465109e+00
4.450000000000000e-01 6.162412188138907e-01 1.984913965108106e+00
4.500000000000000e-01 6.322055702671360e-01 2.098878311638503e+00
4.550000000000000e-01 6.485650707818353e-01 2.241561564353651e+00
4.600000000000000e-01 6.653299455783577e-01 2.428225248270308e+00
4.650000000000000e-01 6.825106732491932e-01 2.688793297342294e+00
4.700000000000000e-01 7.001179923084168e-01 3.091302194720715e+00
4.750000000000000e-01 7.181629079036070e-01 3.813827837004935e+00
4.800000000000000e-01 7.366566986944229e-01 5.159740604554203e+00
4.850000000000000e-01 7.556109239021327e-01 6.089607559647548e+00
4.900000000000000e-01 7.750374305345038e-01 5.044086322787531e+00
4.950000000000000e-01 7.949483607905672e-01 4.012891845150508e+00
5.000000000000000e-01 8.153561596498893e-01 3.430823542066862e+00
5.050000000000000e-01 8.362735826510871e-01 3.053049050688323e+00
5.100000000000000e-01 8.577137038644561e-01 2.780290668213403e+00
5.150000000000000e-01 8.796899240636907e-01 2.574925649577295e+00
5.200000000000000e-01 9.022159791018011e-01 2.412283805749518e+00
5.250000000000000e-01 9.253059484964714e-01 2.280254033202820e+00
5.300000000000000e-01 9.489742642302165e-01 2.170299487605750e+00
5.350000000000000e-01 9.732357197708378e-01 2.077090636915476e+00
5.400000000000000e-01 9.981054793178262e-01 1.996916851059991e+00
5.450000000000000e-01 1.023599087280478e+00 1.927050019706964e+00
5.500000000000000e-01 1.049732477993657e+00 1.865581147525609e+00
5.550000000000000e-01 1.076521985677273e+00 1.810983837111599e+00
5.600000000000001e-01 1.103984354645701e+00 1.762146801586106e+00
5.650000000000001e-01 1.132136749773522e+00 1.718157915393687e+00
5.700000000000001e-01 1.160996767224129e+00 1.678313275035709e+00
5.750000000000001e-01 1.190582445447902e+00 1.642035285229650e+00
5.800000000000000e-01 1.220912276456826e+00 1.608853210295921e+00
5.850000000000000e-01 1.252005217382601e+00 1.578381057899147e+00
5.900000000000000e-01 1.283880702325469e+00 1.550292525427844e+00
5.950000000000000e-01 1.316558654501151e+00 1.524317159374362e+00
6.000000000000000e-01 1.350059498693518e+00 1.500222368243110e+00
6.050000000000000e-01 1.384404174020732e+00 1.477811429627888e+00
6.100000000000000e-01 1.419614147022888e+00 1.456914138593971e+00
6.150000000000000e-01 1.455711425079295e+00 1.437383468320261e+00
6.200000000000000e-01 1.492718570163803e+00 1.419091603527243e+00
6.250000000000000e-01 1.530658712946775e+00 1.401926422901585e+00
6.300000000000000e-01 1.569555567252506e+00 1.385789660162839e+00
6.350000000000000e-01 1.609433444881138e+00 1.370594319290115e+00
6.400000000000000e-01 1.650317270804325e+00 1.356263372420574e+00
6.450000000000000e-01 1.692232598744148e+00 1.342728189442732e+00
6.500000000000000e-01 1.735205627145031e+00 1.329927434126606e+00
6.550000000000000e-01 1.779263215548615e+00 1.317806109169203e+00
6.600000000000000e-01 1.824432901381847e+00 1.306314695985043e+00
6.650000000000000e-01 1.870742917168772e+00 1.295408492766023e+00
6.700000000000000e-01 1.918222208176775e+00 1.285046996319202e+00
6.750000000000000e-01 1.966900450508319e+00 1.275193400511857e+00
6.800000000000000e-01 2.016808069649473e+00 1.265814151949714e+00
6.850000000000001e-01 2.067976259486829e+00 1.256878565437750e+00
6.900000000000001e-01 2.120437001804702e+00 1.248358490831258e+00
6.950000000000001e-01 2.174223086274785e+00 1.240228018051074e+00
7.000000000000001e-01 2.229368130950753e+00 1.232463218617049e+00
7.050000000000000e-01 2.285906603280654e+00 1.225041915749882e+00
7.100000000000000e-01 2.343873841650178e+00 1.217943479855109e+00
7.150000000000000e-01 2.403306077470301e+00 1.211148645726345e+00
7.200000000000000e-01 2.464240457823092e+00 1.204639348702043e+00
7.250000000000000e-01 2.526715068679855e+00 1.198398577915483e+00
7.300000000000000e-01 2.590768958706095e+00 1.192410245277717e+00
7.350000000000000e-01 2.656442163668210e+00 1.186659069657763e+00
7.400000000000000e-01 2.723775731457148e+00 1.181130476452153e+00
7.450000000000000e-01 2.792811747744667e+00 1.175810513597071e+00
7.500000000000000e-01 2.863593362288260e+00 1.170685786030395e+00
7.550000000000000e-01 2.936164815901156e+00 1.165743411672573e+00
7.600000000000000e-01 3.010571468104263e+00 1.160971003155251e+00
7.650000000000000e-01 3.086859825477351e+00 1.156356680718347e+00
7.700000000000000e-01 3.165077570727174e+00 1.151889122798136e+00
7.750000000000000e-01 3.245273592490716e+00 1.147557661620275e+00
7.800000000000000e-01 3.327498015892184e+00 1.143352431224247e+00
7.850000000000000e-01 3.411802233872832e+00 1.139264574230801e+00
7.900000000000000e-01 3.498238939313234e+00 1.135286510599622e+00
7.950000000000000e-01 3.586862157968046e+00 1.131412265726756e+00
8.000000000000000e-01 3.677727282233856e+00 1.127637845566754e+00
8.050000000000000e-01 3.770891105771243e+00 1.123961632447422e+00
8.100000000000001e-01 3.866411859002656e+00 1.120384757221811e+00
8.150000000000001e-01 3.964349245508326e+00 1.116911383166901e+00
8.200000000000001e-01 4.064764479342956e+00 1.113548818322053e+00
8.250000000000001e-01 4.167720323296481e+00 1.110307361613726e+00
8.300000000000001e-01 4.273281128122877e+00 1.107199790821775e+00
8.350000000000000e-01 4.381512872761445e+00 1.104240421981251e+00
8.400000000000000e-01 4.492483205575838e+00 1.101443711540066e+00
8.450000000000000e-01 4.606261486636447e+00 1.098822433342518e+00
8.500000000000000e-01 4.722918831072739e+00 1.096385537929122e+00
8.550000000000000e-01 4.842528153522501e+00 1.094135880990291e+00
8.600000000000000e-01 4.965164213705875e+00 1.092068078623568e+00
8.650000000000000e-01 5.090903663152626e+00 1.090166813592079e+00
8.700000000000000e-01 5.219825093111814e+00 1.088406006710972e+00
8.750000000000000e-01 5.352009083673925e+00 1.086749385950180e+00
8.800000000000000e-01 5.487538254136007e+00 1.085153031158149e+00
8.850000000000000e-01 5.626497314641444e+00 1.083570219787660e+00
8.900000000000000e-01 5.768973119126561e+00 1.081958165355451e+00
8.950000000000000e-01 5.915054719607133e+00 1.080285173701804e+00
9.000000000000000e-01 6.064833421838831e+00 1.078535948312757e+00
9.050000000000000e-01 6.218402842386253e+00 1.076712990045519e+00
9.100000000000000e-01 6.375858967136348e+00 1.074833461829844e+00
9.150000000000000e-01 6.537300211292723e+00 1.072922821149435e+00
9.200000000000000e-01 6.702827480888332e+00 1.071007775811204e+00
9.250000000000000e-01 6.872544235855034e+00 1.069110963504413e+00
9.300000000000000e-01 7.046556554689444e+00 1.067248479835166e+00
9.350000000000001e-01 7.224973200755413e+00 1.065429940185197e+00
9.400000000000001e-01 7.407905690264673e+00 1.063659963774520e+00
9.450000000000001e-01 7.595468361978146e+00 1.061939972374352e+00
9.500000000000001e-01 7.787778448671316e+00 1.060269648712470e+00
9.550000000000001e-01 7.984956150408610e+00 1.058647871369231e+00
9.600000000000000e-01 8.187124709672272e+00 1.057073215146828e+00
9.650000000000000e-01 8.394410488393007e+00 1.055544179979312e+00
9.700000000000000e-01 8.606943046930221e+00 1.054059281046118e+00
9.750000000000000e-01 8.824855225051540e+00 1.052617078726972e+00
9.800000000000000e-01 9.048283224961922e+00 1.051216186068029e+00
9.850000000000000e-01 9.277366696434507e+00 1.049855268961087e+00
9.900000000000000e-01 9.512248824096272e+00 1.048533044315128e+00
9.950000000000000e-01 9.753076416923058e+00 1.047248277815954e+00
1.000000000000000e+00 1.000000000000000e+01 1.045999781693477e+00
