0.000000000000000e+00 0.000000000000000e+00 1.000000000000000e+00
5.000000000000000e-03 3.369477419287315e-03 1.000001951640806e+00
1.000000000000000e-02 6.741060871647481e-03 1.000009807419603e+00
1.500000000000000e-02 1.011685770649257e-02 1.000022997437714e+00
2.000000000000000e-02 1.349897790673588e-02 1.000041473836654e+00
2.500000000000000e-02 1.688953540759990e-02 1.000065288491747e+00
3.000000000000000e-02 2.029064941789469e-02 1.000094563193453e+00
3.500000000000000e-02 2.370444574459234e-02 1.000129376965628e+00
4.000000000000000e-02 2.713305812152553e-02 1.000169802361512e+00
4.500000000000000e-02 3.057862954304063e-02 1.000215968570771e+00
5.000000000000000e-02 3.404331360343898e-02 1.000268037920896e+00
5.500000000000000e-02 3.752927584304335e-02 1.000326158468804e+00
6.000000000000000e-02 4.103869510173117e-02 1.000390477333662e+00
6.500000000000000e-02 4.457376488078044e-02 1.000461187804350e+00
7.000000000000001e-02 4.813669471387935e-02 1.000538534384129e+00
7.500000000000000e-02 5.172971154815675e-02 1.000622761055866e+00
8.000000000000000e-02 5.535506113609672e-02 1.000714093168195e+00
8.500000000000001e-02 5.901500943920686e-02 1.000812790213904e+00
9.000000000000000e-02 6.271184404431801e-02 1.000919174379663e+00
9.500000000000000e-02 6.644787559340060e-02 1.001033594961629e+00
1.000000000000000e-01 7.022543922779090e-02 1.001156415795716e+00
1.050000000000000e-01 7.404689604773053e-02 1.001288017002288e+00
1.100000000000000e-01 7.791463458813094e-02 1.001428780292620e+00
1.150000000000000e-01 8.183107231148547e-02 1.001579131807022e+00
1.200000000000000e-01 8.579865711886202e-02 1.001739577482077e+00
1.250000000000000e-01 8.981986887992111e-02 1.001910654789090e+00
1.300000000000000e-01 9.389722098291493e-02 1.002092939880601e+00
1.350000000000000e-01 9.803326190563690e-02 1.002287048074796e+00
1.400000000000000e-01 1.022305768083033e-01 1.002493594895939e+00
1.450000000000000e-01 1.064917891493625e-01 1.002713254961686e+00
1.500000000000000e-01 1.108195623252418e-01 1.002946742108253e+00
1.550000000000000e-01 1.152166013350572e-01 1.003194827461174e+00
1.600000000000000e-01 1.196856544713255e-01 1.003458358201636e+00
1.650000000000000e-01 1.242295150377370e-01 1.003738235201412e+00
1.700000000000000e-01 1.288510230950609e-01 1.004035442233254e+00
1.750000000000000e-01 1.335530672362758e-01 1.004351025623713e+00
1.800000000000000e-01 1.383385863920344e-01 1.004686114827556e+00
1.850000000000000e-01 1.432105716675912e-01 1.005041916946634e+00
1.900000000000000e-01 1.481720682123397e-01 1.005419728873790e+00
1.950000000000000e-01 1.532261771231311e-01 1.005820940889721e+00
2.000000000000000e-01 1.583760573825595e-01 1.006247045594532e+00
2.050000000000000e-01 1.636249278334301e-01 1.006699645188085e+00
2.100000000000000e-01 1.689760691906397e-01 1.007180460324204e+00
2.150000000000000e-01 1.744328260917313e-01 1.007691339210814e+00
2.200000000000000e-01 1.799986091874004e-01 1.008234267563490e+00
2.250000000000000e-01 1.856768972732633e-01 1.008811379261788e+00
2.300000000000000e-01 1.914712394642179e-01 1.009424967839426e+00
2.350000000000000e-01 1.973852574127551e-01 1.010077498840616e+00
2.400000000000000e-01 2.034226475726105e-01 1.010771623107269e+00
2.450000000000000e-01 2.095871835091678e-01 1.011510191051500e+00
2.500000000000000e-01 2.158827182580599e-01 1.012296267970447e+00
2.550000000000000e-01 2.223131867334419e-01 1.013133150458504e+00
2.600000000000000e-01 2.288826081874405e-01 1.014024383970268e+00
2.650000000000000e-01 2.355950887223172e-01 1.014973781584277e+00
2.700000000000000e-01 2.424548238569160e-01 1.015985444012841e+00
2.750000000000000e-01 2.494661011489995e-01 1.017063780896659e+00
2.800000000000000e-01 2.566333028751116e-01 1.018213533414034e+00
2.850000000000000e-01 2.639609087696434e-01 1.019439798222818e+00
2.900000000000000e-01 2.714534988248126e-01 1.020748052738344e+00
2.950000000000000e-01 2.791157561533084e-01 1.022144181731797e+00
3.000000000000000e-01 2.869524699153886e-01 1.023634505210102e+00
3.050000000000000e-01 2.949685383122613e-01 1.025225807509644e+00
3.100000000000000e-01 3.031689716476197e-01 1.026925367501058e+00
3.150000000000000e-01 3.115588954592450e-01 1.028740989759864e+00
3.200000000000000e-01 3.201435537226349e-01 1.030681036506709e+00
3.250000000000000e-01 3.289283121286580e-01 1.032754460060014e+00
3.300000000000000e-01 3.379186614372866e-01 1.034970835471435e+00
3.350000000000000e-01 3.471202209094989e-01 1.037340392928933e+00
3.400000000000000e-01 3.565387418195016e-01 1.039874049411594e+00
3.450000000000000e-01 3.661801110494620e-01 1.042583438962394e+00
3.500000000000000e-01 3.760503547690021e-01 1.045480940807682e+00
3.550000000000000e-01 3.861556422017504e-01 1.048579704392507e+00
3.600000000000000e-01 3.965022894813072e-01 1.051893670216544e+00
3.650000000000000e-01 4.070967635990345e-01 1.055437585143098e+00
3.700000000000000e-01 4.179456864461349e-01 1.059227010610755e+00
3.750000000000000e-01 4.290558389525505e-01 1.063278321900446e+00
3.800000000000000e-01 4.404341653252637e-01 1.067608696297281e+00
3.850000000000000e-01 4.520877773886537e-01 1.072236087633814e+00
3.900000000000000e-01 4.640239590296172e-01 1.077179184307549e+00
3.950000000000000e-01 4.762501707502353e-01 1.082457347429569e+00
4.000000000000000e-01 4.887740543308307e-01 1.088090525283743e+00
4.050000000000000e-01 5.016034376063282e-01 1.094099139760200e+00
4.100000000000000e-01 5.147463393589066e-01 1.100503939878718e+00
4.150000000000000e-01 5.282109743299990e-01 1.107325816948468e+00
4.200000000000000e-01 5.420057583547735e-01 1.114585575337182e+00
4.250000000000000e-01 5.561393136223041e-01 1.122303652270819e+00
4.300000000000000e-01 5.706204740647189e-01 1.130499779590806e+00
4.350000000000000e-01 5.854582908786964e-01 1.139192580010328e+00
4.400000000000000e-01 6.006620381827575e-01 1.148399090202853e+00
4.450000000000000e-01 6.162412188138907e-01 1.158134203115665e+00
4.500000000000000e-01 6.322055702671360e-01 1.168410022346780e+00
4.550000000000000e-01 6.485650707818353e-01 1.179235122404778e+00
4.600000000000000e-01 6.653299455783577e-01 1.190613710373812e+00
4.650000000000000e-01 6.825106732491932e-01 1.202544687155239e+00
4.700000000000000e-01 7.001179923084168e-01 1.215020610316559e+00
4.750000000000000e-01 7.181629079036070e-01 1.228026565944389e+00
4.800000000000000e-01 7.366566986944229e-01 1.241538964086102e+00
4.850000000000000e-01 7.556109239021327e-01 1.255524281679809e+00
4.900000000000000e-01 7.750374305345038e-01 1.269937788562442e+00
4.950000000000000e-01 7.949483607905672e-01 1.284722306326743e+00
5.000000000000000e-01 8.153561596498893e-01 1.299807066346570e+00
5.050000000000000e-01 8.362735826510871e-01 1.315106751697288e+00
5.100000000000000e-01 8.577137038644561e-01 1.330520826888435e+00
5.150000000000000e-01 8.796899240636907e-01 1.345933277453932e+00
5.200000000000000e-01 9.022159791018011e-01 1.361212895709934e+00
5.250000000000000e-01 9.253059484964714e-01 1.376214255534449e+00
5.300000000000000e-01 9.489742642302165e-01 1.390779513022799e+00
5.350000000000000e-01 9.732357197708378e-01 1.404741145957629e+00
5.400000000000000e-01 9.981054793178262e-01 1.417925698166152e+00
5.450000000000000e-01 1.023599087280478e+00 1.430158521742482e+00
5.500000000000000e-01 1.049732477993657e+00 1.441269411141675e+00
5.550000000000000e-01 1.076521985677273e+00 1.451098904258945e+00
5.600000000000001e-01 1.103984354645701e+00 1.459504899746285e+00
5.650000000000001e-01 1.132136749773522e+00 1.466369126863449e+00
5.700000000000001e-01 1.160996767224129e+00 1.471602928513604e+00
5.750000000000001e-01 1.190582445447902e+00 1.475151803721389e+00
5.800000000000000e-01 1.220912276456826e+00 1.476998219339305e+00
5.850000000000000e-01 1.252005217382601e+00 1.477162344896663e+00
5.900000000000000e-01 1.283880702325469e+00 1.475700573996119e+00
5.950000000000000e-01 1.316558654501151e+00 1.472701938475365e+00
6.000000000000000e-01 1.350059498693518e+00 1.468282755582375e+00
6.050000000000000e-01 1.384404174020732e+00 1.462580032091604e+00
6.100000000000000e-01 1.419614147022888e+00 1.455744252408827e+00
6.150000000000000e-01 1.455711425079295e+00 1.447932188614580e+00
6.200000000000000e-01 1.492718570163803e+00 1.439300297169125e+00
6.250000000000000e-01 1.530658712946775e+00 1.429999132895775e+00
6.300000000000000e-01 1.569555567252506e+00 1.420169046283803e+00
6.350000000000000e-01 1.609433444881138e+00 1.409937264462161e+00
6.400000000000000e-01 1.650317270804325e+00 1.399416311816650e+00
6.450000000000000e-01 1.692232598744148e+00 1.388703616189424e+00
6.500000000000000e-01 1.735205627145031e+00 1.377882075118644e+00
6.550000000000000e-01 1.779263215548615e+00 1.367021321411371e+00
6.600000000000000e-01 1.824432901381847e+00 1.356179422677797e+00
6.650000000000000e-01 1.870742917168772e+00 1.345404768277827e+00
6.700000000000000e-01 1.918222208176775e+00 1.334737932710619e+00
6.750000000000000e-01 1.966900450508319e+00 1.324213350944959e+00
6.800000000000000e-01 2.016808069649473e+00 1.313860693499963e+00
6.850000000000001e-01 2.067976259486829e+00 1.303705882724705e+00
6.900000000000001e-01 2.120437001804702e+00 1.293771742445177e+00
6.950000000000001e-01 2.174223086274785e+00 1.284078316945286e+00
7.000000000000001e-01 2.229368130950753e+00 1.274642928617978e+00
7.050000000000000e-01 2.285906603280654e+00 1.265480063998658e+00
7.100000000000000e-01 2.343873841650178e+00 1.256601184137471e+00
7.150000000000000e-01 2.403306077470301e+00 1.248014547998631e+00
7.200000000000000e-01 2.464240457823092e+00 1.239725119200607e+00
7.250000000000000e-01 2.526715068679855e+00 1.231734600792595e+00
7.300000000000000e-01 2.590768958706095e+00 1.224041614565227e+00
7.350000000000000e-01 2.656442163668210e+00 1.216642015251953e+00
7.400000000000000e-01 2.723775731457148e+00 1.209529309676871e+00
7.450000000000000e-01 2.792811747744667e+00 1.202695138763312e+00
7.500000000000000e-01 2.863593362288260e+00 1.196129776911020e+00
7.550000000000000e-01 2.936164815901156e+00 1.189822607522282e+00
7.600000000000000e-01 3.010571468104263e+00 1.183762543163379e+00
7.650000000000000e-01 3.086859825477351e+00 1.177938371191775e+00
7.700000000000000e-01 3.165077570727174e+00 1.172339017978020e+00
7.750000000000000e-01 3.245273592490716e+00 1.166953735055259e+00
7.800000000000000e-01 3.327498015892184e+00 1.161772217501227e+00
7.850000000000000e-01 3.411802233872832e+00 1.156784668381506e+00
7.900000000000000e-01 3.498238939313234e+00 1.151981823657679e+00
7.950000000000000e-01 3.586862157968046e+00 1.147354950486044e+00
8.000000000000000e-01 3.677727282233856e+00 1.142895829276919e+00
8.050000000000000e-01 3.770891105771243e+00 1.138596727069302e+00
8.100000000000001e-01 3.866411859002656e+00 1.134450367245116e+00
8.150000000000001e-01 3.964349245508326e+00 1.130449898624598e+00
8.200000000000001e-01 4.064764479342956e+00 1.126588865594709e+00
8.250000000000001e-01 4.167720323296481e+00 1.122861180041611e+00
8.300000000000001e-01 4.273281128122877e+00 1.119261095352655e+00
8.350000000000000e-01 4.381512872761445e+00 1.115783182492510e+00
8.400000000000000e-01 4.492483205575838e+00 1.112422308040783e+00
8.450000000000000e-01 4.606261486636447e+00 1.109173614036679e+00
8.500000000000000e-01 4.722918831072739e+00 1.106032499470146e+00
8.550000000000000e-01 4.842528153522501e+00 1.102994603267388e+00
8.600000000000000e-01 4.965164213705875e+00 1.100055788631798e+00
8.650000000000000e-01 5.090903663152626e+00 1.097212128615088e+00
8.700000000000000e-01 5.219825093111814e+00 1.094459892806281e+00
8.750000000000000e-01 5.352009083673925e+00 1.091795535037773e+00
8.800000000000000e-01 5.487538254136007e+00 1.089215682017998e+00
8.850000000000000e-01 5.626497314641444e+00 1.086717122809382e+00
8.900000000000000e-01 5.768973119126561e+00 1.084296799078341e+00
8.950000000000000e-01 5.915054719607133e+00 1.081951796051340e+00
9.000000000000000e-01 6.064833421838831e+00 1.079679334117422e+00
9.050000000000000e-01 6.218402842386253e+00 1.077476761023321e+00
9.100000000000000e-01 6.375858967136348e+00 1.075341544612416e+00
9.150000000000000e-01 6.537300211292723e+00 1.073271266063310e+00
9.200000000000000e-01 6.702827480888332e+00 1.071263613587936e+00
9.250000000000000e-01 6.872544235855034e+00 1.069316376552737e+00
9.300000000000000e-01 7.046556554689444e+00 1.067427439989762e+00
9.350000000000001e-01 7.224973200755413e+00 1.065594779467484e+00
9.400000000000001e-01 7.407905690264673e+00 1.063816456293801e+00
9.450000000000001e-01 7.595468361978146e+00 1.062090613026090e+00
9.500000000000001e-01 7.787778448671316e+00 1.060415469265334e+00
9.550000000000001e-01 7.984956150408610e+00 1.058789317713323e+00
9.600000000000000e-01 8.187124709672272e+00 1.057210520473680e+00
9.650000000000000e-01 8.394410488393007e+00 1.055677505579074e+00
9.700000000000000e-01 8.606943046930221e+00 1.054188763728440e+00
9.750000000000000e-01 8.824855225051540e+00 1.052742845219341e+00
9.800000000000000e-01 9.048283224961922e+00 1.051338357061804e+00
9.850000000000000e-01 9.277366696434507e+00 1.049973960261065e+00
9.900000000000000e-01 9.512248824096272e+00 1.048648367257631e+00
9.950000000000000e-01 9.753076416923058e+00 1.047360339514000e+00
1.000000000000000e+00 1.000000000000000e+01 1.046108685238172e+00
