0.000000000000000e+00 0.000000000000000e+00 1.000000000000000e+00
5.000000000000000e-03 3.369477419287315e-03 1.000011176242581e+00
1.000000000000000e-02 6.741060871647481e-03 1.000056049771743e+00
1.500000000000000e-02 1.011685770649257e-02 1.000131194212742e+00
2.000000000000000e-02 1.349897790673588e-02 1.000236533926655e+00
2.500000000000000e-02 1.688953540759990e-02 1.000372322656027e+00
3.000000000000000e-02 2.029064941789469e-02 1.000539060646595e+00
3.500000000000000e-02 2.370444574459234e-02 1.000737157030997e+00
4.000000000000000e-02 2.713305812152553e-02 1.000967046629950e+00
4.500000000000000e-02 3.057862954304063e-02 1.001229355501744e+00
5.000000000000000e-02 3.404331360343898e-02 1.001524788330538e+00
5.500000000000000e-02 3.752927584304335e-02 1.001854058670615e+00
6.000000000000000e-02 4.103869510173117e-02 1.002218014550782e+00
6.500000000000000e-02 4.457376488078044e-02 1.002617642263732e+00
7.000000000000001e-02 4.813669471387935e-02 1.003053945410232e+00
7.500000000000000e-02 5.172971154815675e-02 1.003528001510177e+00
8.000000000000000e-02 5.535506113609672e-02 1.004041082729490e+00
8.500000000000001e-02 5.901500943920686e-02 1.004594554642922e+00
9.000000000000000e-02 6.271184404431801e-02 1.005189785711110e+00
9.500000000000000e-02 6.644787559340060e-02 1.005828291000078e+00
1.000000000000000e-01 7.022543922779090e-02 1.006511799016008e+00
1.050000000000000e-01 7.404689604773053e-02 1.007242095482375e+00
1.100000000000000e-01 7.791463458813094e-02 1.008021008144427e+00
1.150000000000000e-01 8.183107231148547e-02 1.008850574053876e+00
1.200000000000000e-01 8.579865711886202e-02 1.009733025114371e+00
1.250000000000000e-01 8.981986887992111e-02 1.010670644681785e+00
1.300000000000000e-01 9.389722098291493e-02 1.011665834118887e+00
1.350000000000000e-01 9.803326190563690e-02 1.012721245555410e+00
1.400000000000000e-01 1.022305768083033e-01 1.013839700281782e+00
1.450000000000000e-01 1.064917891493625e-01 1.015024097832627e+00
1.500000000000000e-01 1.108195623252418e-01 1.016277537891852e+00
1.550000000000000e-01 1.152166013350572e-01 1.017603403305776e+00
1.600000000000000e-01 1.196856544713255e-01 1.019005244440921e+00
1.650000000000000e-01 1.242295150377370e-01 1.020486734361087e+00
1.700000000000000e-01 1.288510230950609e-01 1.022051814250473e+00
1.750000000000000e-01 1.335530672362758e-01 1.023704753295337e+00
1.800000000000000e-01 1.383385863920344e-01 1.025450030724886e+00
1.850000000000000e-01 1.432105716675912e-01 1.027292297888982e+00
1.900000000000000e-01 1.481720682123397e-01 1.029236515954843e+00
1.950000000000000e-01 1.532261771231311e-01 1.031288043707969e+00
2.000000000000000e-01 1.583760573825595e-01 1.033452559112275e+00
2.050000000000000e-01 1.636249278334301e-01 1.035735975028385e+00
2.100000000000000e-01 1.689760691906397e-01 1.038144513406101e+00
2.150000000000000e-01 1.744328260917313e-01 1.040684872059998e+00
2.200000000000000e-01 1.799986091874004e-01 1.043364263545085e+00
2.250000000000000e-01 1.856768972732633e-01 1.046190262295919e+00
2.300000000000000e-01 1.914712394642179e-01 1.049170740899993e+00
2.350000000000000e-01 1.973852574127551e-01 1.052314084411245e+00
2.400000000000000e-01 2.034226475726105e-01 1.055629371423728e+00
2.450000000000000e-01 2.095871835091678e-01 1.059126282539007e+00
2.500000000000000e-01 2.158827182580599e-01 1.062815019770323e+00
2.550000000000000e-01 2.223131867334419e-01 1.066706355774034e+00
2.600000000000000e-01 2.288826081874405e-01 1.070811672382883e+00
2.650000000000000e-01 2.355950887223172e-01 1.075143138822280e+00
2.700000000000000e-01 2.424548238569160e-01 1.079713897095387e+00
2.750000000000000e-01 2.494661011489995e-01 1.084537973226191e+00
2.800000000000000e-01 2.566333028751116e-01 1.089630298372312e+00
2.850000000000000e-01 2.639609087696434e-01 1.095006780185274e+00
2.900000000000000e-01 2.714534988248126e-01 1.100684262181550e+00
2.950000000000000e-01 2.791157561533084e-01 1.106680770228633e+00
3.000000000000000e-01 2.869524699153886e-01 1.113015580603624e+00
3.050000000000000e-01 2.949685383122613e-01 1.119709366083794e+00
3.100000000000000e-01 3.031689716476197e-01 1.126784366397968e+00
3.150000000000000e-01 3.115588954592450e-01 1.134264451468861e+00
3.200000000000000e-01 3.201435537226349e-01 1.142175329430373e+00
3.250000000000000e-01 3.289283121286580e-01 1.150544649454026e+00
3.300000000000000e-01 3.379186614372866e-01 1.159402223234830e+00
3.350000000000000e-01 3.471202209094989e-01 1.168780207174996e+00
3.400000000000000e-01 3.565387418195016e-01 1.178713351542281e+00
3.450000000000000e-01 3.661801110494620e-01 1.189239257604354e+00
3.500000000000000e-01 3.760503547690021e-01 1.200398679391068e+00
3.550000000000000e-01 3.861556422017504e-01 1.212235857606117e+00
3.600000000000000e-01 3.965022894813072e-01 1.224798898488159e+00
3.650000000000000e-01 4.070967635990345e-01 1.238140199812836e+00
3.700000000000000e-01 4.179456864461349e-01 1.252316931578714e+00
3.750000000000000e-01 4.290558389525505e-01 1.267391577260058e+00
3.800000000000000e-01 4.404341653252637e-01 1.283432542238003e+00
3.850000000000000e-01 4.520877773886537e-01 1.300514835110134e+00
3.900000000000000e-01 4.640239590296172e-01 1.318720825993425e+00
3.950000000000000e-01 4.762501707502353e-01 1.338141082457894e+00
4.000000000000000e-01 4.887740543308307e-01 1.358875277373170e+00
4.050000000000000e-01 5.016034376063282e-01 1.381033151808834e+00
4.100000000000000e-01 5.147463393589066e-01 1.404735497248691e+00
4.150000000000000e-01 5.282109743299990e-01 1.430115090000729e+00
4.200000000000000e-01 5.420057583547735e-01 1.457317459217348e+00
4.250000000000000e-01 5.561393136223041e-01 1.486501286302909e+00
4.300000000000000e-01 5.706204740647189e-01 1.517838098589763e+00
4.350000000000000e-01 5.854582908786964e-01 1.551510704235895e+00
4.400000000000000e-01 6.006620381827575e-01 1.587709472940091e+00
4.450000000000000e-01 6.162412188138907e-01 1.626625031823401e+00
4.500000000000000e-01 6.322055702671360e-01 1.668435127590290e+00
4.550000000000000e-01 6.485650707818353e-01 1.713282201624107e+00
4.600000000000000e-01 6.653299455783577e-01 1.761236567365707e+00
4.650000000000000e-01 6.825106732491932e-01 1.812238086894329e+00
4.700000000000000e-01 7.001179923084168e-01 1.866007575318132e+00
4.750000000000000e-01 7.181629079036070e-01 1.921919736558020e+00
4.800000000000000e-01 7.366566986944229e-01 1.978836524594484e+00
4.850000000000000e-01 7.556109239021327e-01 2.034920741448359e+00
4.900000000000000e-01 7.750374305345038e-01 2.087492084825487e+00
4.950000000000000e-01 7.949483607905672e-01 2.133047799617542e+00
5.000000000000000e-01 8.153561596498893e-01 2.167608601871558e+00
5.050000000000000e-01 8.362735826510871e-01 2.187482534219403e+00
5.100000000000000e-01 8.577137038644561e-01 2.190298040295624e+00
5.150000000000000e-01 8.796899240636907e-01 2.175848695886321e+00
5.200000000000000e-01 9.022159791018011e-01 2.146233018399960e+00
5.250000000000000e-01 9.253059484964714e-01 2.105161076433696e+00
5.300000000000000e-01 9.489742642302165e-01 2.056839262341899e+00
5.350000000000000e-01 9.732357197708378e-01 2.005021153058459e+00
5.400000000000000e-01 9.981054793178262e-01 1.952537529273110e+00
5.450000000000000e-01 1.023599087280478e+00 1.901256172537340e+00
5.500000000000000e-01 1.049732477993657e+00 1.852264446219883e+00
5.550000000000000e-01 1.076521985677273e+00 1.806101650878306e+00
5.600000000000001e-01 1.103984354645701e+00 1.762957085809736e+00
5.650000000000001e-01 1.132136749773522e+00 1.722812825601142e+00
5.700000000000001e-01 1.160996767224129e+00 1.685537649078934e+00
5.750000000000001e-01 1.190582445447902e+00 1.650945303930253e+00
5.800000000000000e-01 1.220912276456826e+00 1.618829030736771e+00
5.850000000000000e-01 1.252005217382601e+00 1.588981107190524e+00
5.900000000000000e-01 1.283880702325469e+00 1.561203270648868e+00
5.950000000000000e-01 1.316558654501151e+00 1.535311740226295e+00
6.000000000000000e-01 1.350059498693518e+00 1.511139129743520e+00
6.050000000000000e-01 1.384404174020732e+00 1.488534632345875e+00
6.100000000000000e-01 1.419614147022888e+00 1.467363294004165e+00
6.150000000000000e-01 1.455711425079295e+00 1.447504850417164e+00
6.200000000000000e-01 1.492718570163803e+00 1.428852396100727e+00
6.250000000000000e-01 1.530658712946775e+00 1.411311032296461e+00
6.300000000000000e-01 1.569555567252506e+00 1.394796568685583e+00
6.350000000000000e-01 1.609433444881138e+00 1.379234312552494e+00
6.400000000000000e-01 1.650317270804325e+00 1.364557955783508e+00
6.450000000000000e-01 1.692232598744148e+00 1.350708557555744e+00
6.500000000000000e-01 1.735205627145031e+00 1.337633614368265e+00
6.550000000000000e-01 1.779263215548615e+00 1.325286206570249e+00
6.600000000000000e-01 1.824432901381847e+00 1.313624210195884e+00
6.650000000000000e-01 1.870742917168772e+00 1.302609563807889e+00
6.700000000000000e-01 1.918222208176775e+00 1.292207581646696e+00
6.750000000000000e-01 1.966900450508319e+00 1.282386306373345e+00
6.800000000000000e-01 2.016808069649473e+00 1.273115896911566e+00
6.850000000000001e-01 2.067976259486829e+00 1.264368049256648e+00
6.900000000000001e-01 2.120437001804702e+00 1.256115450602731e+00
6.950000000000001e-01 2.174223086274785e+00 1.248331269766718e+00
7.000000000000001e-01 2.229368130950753e+00 1.240988689705137e+00
7.050000000000000e-01 2.285906603280654e+00 1.234060490989383e+00
7.100000000000000e-01 2.343873841650178e+00 1.227518698463901e+00
7.150000000000000e-01 2.403306077470301e+00 1.221334306933078e+00
7.200000000000000e-01 2.464240457823092e+00 1.215477105442575e+00
7.250000000000000e-01 2.526715068679855e+00 1.209915623153105e+00
7.300000000000000e-01 2.590768958706095e+00 1.204617222238221e+00
7.350000000000000e-01 2.656442163668210e+00 1.199548363546687e+00
7.400000000000000e-01 2.723775731457148e+00 1.194675067377829e+00
7.450000000000000e-01 2.792811747744667e+00 1.189963582695848e+00
7.500000000000000e-01 2.863593362288260e+00 1.185381261511872e+00
7.550000000000000e-01 2.936164815901156e+00 1.180897609715705e+00
7.600000000000000e-01 3.010571468104263e+00 1.176485451802610e+00
7.650000000000000e-01 3.086859825477351e+00 1.172122108180464e+00
7.700000000000000e-01 3.165077570727174e+00 1.167790447499994e+00
7.750000000000000e-01 3.245273592490716e+00 1.163479653955779e+00
7.800000000000000e-01 3.327498015892184e+00 1.159185553557194e+00
7.850000000000000e-01 3.411802233872832e+00 1.154910383818972e+00
7.900000000000000e-01 3.498238939313234e+00 1.150661969362235e+00
7.950000000000000e-01 3.586862157968046e+00 1.146452369775458e+00
8.000000000000000e-01 3.677727282233856e+00 1.142296171282316e+00
8.050000000000000e-01 3.770891105771243e+00 1.138208669656291e+00
8.100000000000001e-01 3.866411859002656e+00 1.134204212888242e+00
8.150000000000001e-01 3.964349245508326e+00 1.130294929132323e+00
8.200000000000001e-01 4.064764479342956e+00 1.126489970723757e+00
8.250000000000001e-01 4.167720323296481e+00 1.122795288308922e+00
8.300000000000001e-01 4.273281128122877e+00 1.119213845674200e+00
8.350000000000000e-01 4.381512872761445e+00 1.115746122781110e+00
8.400000000000000e-01 4.492483205575838e+00 1.112390741501772e+00
8.450000000000000e-01 4.606261486636447e+00 1.109145077240567e+00
8.500000000000000e-01 4.722918831072739e+00 1.106005770484057e+00
8.550000000000000e-01 4.842528153522501e+00 1.102969104491810e+00
8.600000000000000e-01 4.965164213705875e+00 1.100031254449064e+00
8.650000000000000e-01 5.090903663152626e+00 1.097188434392294e+00
8.700000000000000e-01 5.219825093111814e+00 1.094436973584357e+00
8.750000000000000e-01 5.352009083673925e+00 1.091773349807042e+00
8.800000000000000e-01 5.487538254136007e+00 1.089194199210454e+00
8.850000000000000e-01 5.626497314641444e+00 1.086696314838538e+00
8.900000000000000e-01 5.768973119126561e+00 1.084276640415646e+00
8.950000000000000e-01 5.915054719607133e+00 1.081932262570830e+00
9.000000000000000e-01 6.064833421838831e+00 1.079660402858900e+00
9.050000000000000e-01 6.218402842386253e+00 1.077458410084124e+00
9.100000000000000e-01 6.375858967136348e+00 1.075323753077464e+00
9.150000000000000e-01 6.537300211292723e+00 1.073254013947672e+00
9.200000000000000e-01 6.702827480888332e+00 1.071246881785044e+00
9.250000000000000e-01 6.872544235855034e+00 1.069300146786420e+00
9.300000000000000e-01 7.046556554689444e+00 1.067411694769512e+00
9.350000000000001e-01 7.224973200755413e+00 1.065579502046639e+00
9.400000000000001e-01 7.407905690264673e+00 1.063801630630422e+00
9.450000000000001e-01 7.595468361978146e+00 1.062076223746321e+00
9.500000000000001e-01 7.787778448671316e+00 1.060401501629067e+00
9.550000000000001e-01 7.984956150408610e+00 1.058775757581995e+00
9.600000000000000e-01 8.187124709672272e+00 1.057197354280044e+00
9.650000000000000e-01 8.394410488393007e+00 1.055664720298808e+00
9.700000000000000e-01 8.606943046930221e+00 1.054176346853461e+00
9.750000000000000e-01 8.824855225051540e+00 1.052730784732701e+00
9.800000000000000e-01 9.048283224961922e+00 1.051326641414067e+00
9.850000000000000e-01 9.277366696434507e+00 1.049962578348051e+00
9.900000000000000e-01 9.512248824096272e+00 1.048637308399444e+00
9.950000000000000e-01 9.753076416923058e+00 1.047349593435244e+00
1.000000000000000e+00 1.000000000000000e+01 1.046098242049290e+00
