0.000000000000000e+00 0.000000000000000e+00 1.000000000000000e+00
5.000000000000000e-03 3.369477419287315e-03 1.000013353716527e+00
1.000000000000000e-02 6.741060871647481e-03 1.000066726026615e+00
1.500000000000000e-02 1.011685770649257e-02 1.000155684803890e+00
2.000000000000000e-02 1.349897790673588e-02 1.000280621856358e+00
2.500000000000000e-02 1.688953540759990e-02 1.000441865435742e+00
3.000000000000000e-02 2.029064941789469e-02 1.000639774463862e+00
3.500000000000000e-02 2.370444574459234e-02 1.000874874763836e+00
4.000000000000000e-02 2.713305812152553e-02 1.001147770783756e+00
4.500000000000000e-02 3.057862954304063e-02 1.001459165200129e+00
5.000000000000000e-02 3.404331360343898e-02 1.001809910334724e+00
5.500000000000000e-02 3.752927584304335e-02 1.002200911111620e+00
6.000000000000000e-02 4.103869510173117e-02 1.002633146619129e+00
6.500000000000000e-02 4.457376488078044e-02 1.003107779564349e+00
7.000000000000001e-02 4.813669471387935e-02 1.003626078232161e+00
7.500000000000000e-02 5.172971154815675e-02 1.004189351057751e+00
8.000000000000000e-02 5.535506113609672e-02 1.004799084213250e+00
8.500000000000001e-02 5.901500943920686e-02 1.005456940918678e+00
9.000000000000000e-02 6.271184404431801e-02 1.006164615784909e+00
9.500000000000000e-02 6.644787559340060e-02 1.006923923535254e+00
1.000000000000000e-01 7.022543922779090e-02 1.007736941336894e+00
1.050000000000000e-01 7.404689604773053e-02 1.008605862719785e+00
1.100000000000000e-01 7.791463458813094e-02 1.009532916564378e+00
1.150000000000000e-01 8.183107231148547e-02 1.010520562305365e+00
1.200000000000000e-01 8.579865711886202e-02 1.011571521430845e+00
1.250000000000000e-01 8.981986887992111e-02 1.012688594665838e+00
1.300000000000000e-01 9.389722098291493e-02 1.013874718800599e+00
1.350000000000000e-01 9.803326190563690e-02 1.015133136464411e+00
1.400000000000000e-01 1.022305768083033e-01 1.016467299650126e+00
1.450000000000000e-01 1.064917891493625e-01 1.017880770680533e+00
1.500000000000000e-01 1.108195623252418e-01 1.019377387718846e+00
1.550000000000000e-01 1.152166013350572e-01 1.020961328468867e+00
1.600000000000000e-01 1.196856544713255e-01 1.022636945503957e+00
1.650000000000000e-01 1.242295150377370e-01 1.024408785909365e+00
1.700000000000000e-01 1.288510230950609e-01 1.026281801362036e+00
1.750000000000000e-01 1.335530672362758e-01 1.028261315747502e+00
1.800000000000000e-01 1.383385863920344e-01 1.030352848168105e+00
1.850000000000000e-01 1.432105716675912e-01 1.032562214754554e+00
1.900000000000000e-01 1.481720682123397e-01 1.034895750612215e+00
1.950000000000000e-01 1.532261771231311e-01 1.037360237732860e+00
2.000000000000000e-01 1.583760573825595e-01 1.039962733051899e+00
2.050000000000000e-01 1.636249278334301e-01 1.042710693094107e+00
2.100000000000000e-01 1.689760691906397e-01 1.045612207060596e+00
2.150000000000000e-01 1.744328260917313e-01 1.048675956127189e+00
2.200000000000000e-01 1.799986091874004e-01 1.051911057639657e+00
2.250000000000000e-01 1.856768972732633e-01 1.055327140375261e+00
2.300000000000000e-01 1.914712394642179e-01 1.058934561657092e+00
2.350000000000000e-01 1.973852574127551e-01 1.062744490324733e+00
2.400000000000000e-01 2.034226475726105e-01 1.066768852121498e+00
2.450000000000000e-01 2.095871835091678e-01 1.071020276682007e+00
2.500000000000000e-01 2.158827182580599e-01 1.075512174835578e+00
2.550000000000000e-01 2.223131867334419e-01 1.080259003000572e+00
2.600000000000000e-01 2.288826081874405e-01 1.085276461040293e+00
2.650000000000000e-01 2.355950887223172e-01 1.090581381408584e+00
2.700000000000000e-01 2.424548238569160e-01 1.096191663676549e+00
2.750000000000000e-01 2.494661011489995e-01 1.102126511758770e+00
2.800000000000000e-01 2.566333028751116e-01 1.108406643393157e+00
2.850000000000000e-01 2.639609087696434e-01 1.115054497852863e+00
2.900000000000000e-01 2.714534988248126e-01 1.122094521362404e+00
2.950000000000000e-01 2.791157561533084e-01 1.129553182472396e+00
3.000000000000000e-01 2.869524699153886e-01 1.137459090993724e+00
3.050000000000000e-01 2.949685383122613e-01 1.145843328886933e+00
3.100000000000000e-01 3.031689716476197e-01 1.154739619916602e+00
3.150000000000000e-01 3.115588954592450e-01 1.164184835449084e+00
3.200000000000000e-01 3.201435537226349e-01 1.174219384538651e+00
3.250000000000000e-01 3.289283121286580e-01 1.184887673947854e+00
3.300000000000000e-01 3.379186614372866e-01 1.196238716905972e+00
3.350000000000000e-01 3.471202209094989e-01 1.208326682595904e+00
3.400000000000000e-01 3.565387418195016e-01 1.221211719692628e+00
3.450000000000000e-01 3.661801110494620e-01 1.234960800055725e+00
3.500000000000000e-01 3.760503547690021e-01 1.249648847306624e+00
3.550000000000000e-01 3.861556422017504e-01 1.265360037909247e+00
3.600000000000000e-01 3.965022894813072e-01 1.282189434589291e+00
3.650000000000000e-01 4.070967635990345e-01 1.300244974927653e+00
3.700000000000000e-01 4.179456864461349e-01 1.319649953389726e+00
3.750000000000000e-01 4.290558389525505e-01 1.340546127579867e+00
3.800000000000000e-01 4.404341653252637e-01 1.363097655645884e+00
3.850000000000000e-01 4.520877773886537e-01 1.387496138892834e+00
3.900000000000000e-01 4.640239590296172e-01 1.413967161059134e+00
3.950000000000000e-01 4.762501707502353e-01 1.442778882104707e+00
4.000000000000000e-01 4.887740543308307e-01 1.474253500620399e+00
4.050000000000000e-01 5.016034376063282e-01 1.508782795687224e+00
4.100000000000000e-01 5.147463393589066e-01 1.546849591301772e+00
4.150000000000000e-01 5.282109743299990e-01 1.589058021672436e+00
4.200000000000000e-01 5.420057583547735e-01 1.636177225247186e+00
4.250000000000000e-01 5.561393136223041e-01 1.689206160643441e+00
4.300000000000000e-01 5.706204740647189e-01 1.749472836429446e+00
4.350000000000000e-01 5.854582908786964e-01 1.818791982091114e+00
4.400000000000000e-01 6.006620381827575e-01 1.899726992699022e+00
4.450000000000000e-01 6.162412188138907e-01 1.996049457831554e+00
4.500000000000000e-01 6.322055702671360e-01 2.113602223637606e+00
4.550000000000000e-01 6.485650707818353e-01 2.262069923859763e+00
4.600000000000000e-01 6.653299455783577e-01 2.459070914942997e+00
4.650000000000000e-01 6.825106732491932e-01 2.741370609678474e+00
4.700000000000000e-01 7.001179923084168e-01 3.204674425074230e+00
4.750000000000000e-01 7.181629079036070e-01 4.203638794530346e+00
4.800000000000000e-01 7.366566986944229e-01 6.755959817969876e+00
4.850000000000000e-01 7.556109239021327e-01 7.476839695170626e+00
4.900000000000000e-01 7.750374305345038e-01 5.184082335481841e+00
4.950000000000000e-01 7.949483607905672e-01 4.036229845460756e+00
5.000000000000000e-01 8.153561596498893e-01 3.435641570210597e+00
5.050000000000000e-01 8.362735826510871e-01 3.048165489348158e+00
5.100000000000000e-01 8.577137038644561e-01 2.774590415986691e+00
5.150000000000000e-01 8.796899240636907e-01 2.568087349663436e+00
5.200000000000000e-01 9.022159791018011e-01 2.405698874112578e+00
5.250000000000000e-01 9.253059484964714e-01 2.273818745449839e+00
5.300000000000000e-01 9.489742642302165e-01 2.164172458255909e+00
5.350000000000000e-01 9.732357197708378e-01 2.071275450486394e+00
5.400000000000000e-01 9.981054793178262e-01 1.991368763047082e+00
5.450000000000000e-01 1.023599087280478e+00 1.921774664349669e+00
5.500000000000000e-01 1.049732477993657e+00 1.860524794098348e+00
5.550000000000000e-01 1.076521985677273e+00 1.806136404715278e+00
5.600000000000001e-01 1.103984354645701e+00 1.757472950207952e+00
5.650000000000001e-01 1.132136749773522e+00 1.713638528820687e+00
5.700000000000001e-01 1.160996767224129e+00 1.673926821785872e+00
5.750000000000001e-01 1.190582445447902e+00 1.637761758961477e+00
5.800000000000000e-01 1.220912276456826e+00 1.604677820838865e+00
5.850000000000000e-01 1.252005217382601e+00 1.574287178315477e+00
5.900000000000000e-01 1.283880702325469e+00 1.546267990944965e+00
5.950000000000000e-01 1.316558654501151e+00 1.520349517193720e+00
6.000000000000000e-01 1.350059498693518e+00 1.496300677791877e+00
6.050000000000000e-01 1.384404174020732e+00 1.473926422820997e+00
6.100000000000000e-01 1.419614147022888e+00 1.453056087262478e+00
6.150000000000000e-01 1.455711425079295e+00 1.433544966723859e+00
6.200000000000000e-01 1.492718570163803e+00 1.415264412728767e+00
6.250000000000000e-01 1.530658712946775e+00 1.398104123146379e+00
6.300000000000000e-01 1.569555567252506e+00 1.381965537398777e+00
6.350000000000000e-01 1.609433444881138e+00 1.366762642400577e+00
6.400000000000000e-01 1.650317270804325e+00 1.352418716979804e+00
6.450000000000000e-01 1.692232598744148e+00 1.338865565364433e+00
6.500000000000000e-01 1.735205627145031e+00 1.326042421060704e+00
6.550000000000000e-01 1.779263215548615e+00 1.313894597890628e+00
6.600000000000000e-01 1.824432901381847e+00 1.302373139879756e+00
6.650000000000000e-01 1.870742917168772e+00 1.291433771138519e+00
6.700000000000000e-01 1.918222208176775e+00 1.281036508365005e+00
6.750000000000000e-01 1.966900450508319e+00 1.271145115006614e+00
6.800000000000000e-01 2.016808069649473e+00 1.261726617589040e+00
6.850000000000001e-01 2.067976259486829e+00 1.252751016617346e+00
6.900000000000001e-01 2.120437001804702e+00 1.244190897787545e+00
6.950000000000001e-01 2.174223086274785e+00 1.236021176964563e+00
7.000000000000001e-01 2.229368130950753e+00 1.228218863158188e+00
7.050000000000000e-01 2.285906603280654e+00 1.220762811209003e+00
7.100000000000000e-01 2.343873841650178e+00 1.213633563437851e+00
7.150000000000000e-01 2.403306077470301e+00 1.206813152778015e+00
7.200000000000000e-01 2.464240457823092e+00 1.200284964222734e+00
7.250000000000000e-01 2.526715068679855e+00 1.194033591926974e+00
7.300000000000000e-01 2.590768958706095e+00 1.188044712819013e+00
7.350000000000000e-01 2.656442163668210e+00 1.182304974255324e+00
7.400000000000000e-01 2.723775731457148e+00 1.176801884531284e+00
7.450000000000000e-01 2.792811747744667e+00 1.171523714535915e+00
7.500000000000000e-01 2.863593362288260e+00 1.166459402098445e+00
7.550000000000000e-01 2.936164815901156e+00 1.161598461305507e+00
7.600000000000000e-01 3.010571468104263e+00 1.156930894434190e+00
7.650000000000000e-01 3.086859825477351e+00 1.152447105787243e+00
7.700000000000000e-01 3.165077570727174e+00 1.148137817113638e+00
7.750000000000000e-01 3.245273592490716e+00 1.143993984264930e+00
7.800000000000000e-01 3.327498015892184e+00 1.140006715656211e+00
7.850000000000000e-01 3.411802233872832e+00 1.136167193647979e+00
7.900000000000000e-01 3.498238939313234e+00 1.132466601119344e+00
7.950000000000000e-01 3.586862157968046e+00 1.128896056924301e+00
8.000000000000000e-01 3.677727282233856e+00 1.125446565753687e+00
8.050000000000000e-01 3.770891105771243e+00 1.122108990389032e+00
8.100000000000001e-01 3.866411859002656e+00 1.118874057533505e+00
8.150000000000001e-01 3.964349245508326e+00 1.115732411982387e+00
8.200000000000001e-01 4.064764479342956e+00 1.112674737635194e+00
8.250000000000001e-01 4.167720323296481e+00 1.109691967668764e+00
8.300000000000001e-01 4.273281128122877e+00 1.106775608476932e+00
8.350000000000000e-01 4.381512872761445e+00 1.103918199643871e+00
8.400000000000000e-01 4.492483205575838e+00 1.101113922739445e+00
8.450000000000000e-01 4.606261486636447e+00 1.098359351740836e+00
8.500000000000000e-01 4.722918831072739e+00 1.095654300500749e+00
8.550000000000000e-01 4.842528153522501e+00 1.093002664424662e+00
8.600000000000000e-01 4.965164213705875e+00 1.090413085645324e+00
8.650000000000000e-01 5.090903663152626e+00 1.087899214969651e+00
8.700000000000000e-01 5.219825093111814e+00 1.085479317550500e+00
8.750000000000000e-01 5.352009083673925e+00 1.083174992996562e+00
8.800000000000000e-01 5.487538254136007e+00 1.081008887511822e+00
8.850000000000000e-01 5.626497314641444e+00 1.079001471492355e+00
8.900000000000000e-01 5.768973119126561e+00 1.077167165345462e+00
8.950000000000000e-01 5.915054719607133e+00 1.075510227659044e+00
9.000000000000000e-01 6.064833421838831e+00 1.074020941708748e+00
9.050000000000000e-01 6.218402842386253e+00 1.072672982025107e+00
9.100000000000000e-01 6.375858967136348e+00 1.071423437607767e+00
9.150000000000000e-01 6.537300211292723e+00 1.070217212339216e+00
9.200000000000000e-01 6.702827480888332e+00 1.068996445387287e+00
9.250000000000000e-01 6.872544235855034e+00 1.067712982014361e+00
9.300000000000000e-01 7.046556554689444e+00 1.066339272624078e+00
9.350000000000001e-01 7.224973200755413e+00 1.064872798698890e+00
9.400000000000001e-01 7.407905690264673e+00 1.063332161418312e+00
9.450000000000001e-01 7.595468361978146e+00 1.061747368657078e+00
9.500000000000001e-01 7.787778448671316e+00 1.060149364964148e+00
9.550000000000001e-01 7.984956150408610e+00 1.058562972459550e+00
9.600000000000000e-01 8.187124709672272e+00 1.057004499478899e+00
9.650000000000000e-01 8.394410488393007e+00 1.055482766415045e+00
9.700000000000000e-01 8.606943046930221e+00 1.054001491105166e+00
9.750000000000000e-01 8.824855225051540e+00 1.052561530139408e+00
9.800000000000000e-01 9.048283224961922e+00 1.051162390578550e+00
9.850000000000000e-01 9.277366696434507e+00 1.049803047702119e+00
9.900000000000000e-01 9.512248824096272e+00 1.048482314498168e+00
9.950000000000000e-01 9.753076416923058e+00 1.047198984347802e+00
1.000000000000000e+00 1.000000000000000e+01 1.045951877503363e+00
