0.000000000000000e+00 0.000000000000000e+00 1.000000000000000e+00
5.000000000000000e-03 3.369477419287315e-03 1.000012793066203e+00
1.000000000000000e-02 6.741060871647481e-03 1.000064147443023e+00
1.500000000000000e-02 1.011685770649257e-02 1.000150120885523e+00
2.000000000000000e-02 1.349897790673588e-02 1.000270648429690e+00
2.500000000000000e-02 1.688953540759990e-02 1.000426040949711e+00
3.000000000000000e-02 2.029064941789469e-02 1.000616855976457e+00
3.500000000000000e-02 2.370444574459234e-02 1.000843548717868e+00
4.000000000000000e-02 2.713305812152553e-02 1.001106648366669e+00
4.500000000000000e-02 3.057862954304063e-02 1.001406892016945e+00
5.000000000000000e-02 3.404331360343898e-02 1.001745061719816e+00
5.500000000000000e-02 3.752927584304335e-02 1.002121980499532e+00
6.000000000000000e-02 4.103869510173117e-02 1.002538666885994e+00
6.500000000000000e-02 4.457376488078044e-02 1.002996252313851e+00
7.000000000000001e-02 4.813669471387935e-02 1.003495868830369e+00
7.500000000000000e-02 5.172971154815675e-02 1.004038793970151e+00
8.000000000000000e-02 5.535506113609672e-02 1.004626520454746e+00
8.500000000000001e-02 5.901500943920686e-02 1.005260589800054e+00
9.000000000000000e-02 6.271184404431801e-02 1.005942598554663e+00
9.500000000000000e-02 6.644787559340060e-02 1.006674363586566e+00
1.000000000000000e-01 7.022543922779090e-02 1.007457860704412e+00
1.050000000000000e-01 7.404689604773053e-02 1.008295109483551e+00
1.100000000000000e-01 7.791463458813094e-02 1.009188304272087e+00
1.150000000000000e-01 8.183107231148547e-02 1.010139876042188e+00
1.200000000000000e-01 8.579865711886202e-02 1.011152341163438e+00
1.250000000000000e-01 8.981986887992111e-02 1.012228326593471e+00
1.300000000000000e-01 9.389722098291493e-02 1.013370750061532e+00
1.350000000000000e-01 9.803326190563690e-02 1.014582741138104e+00
1.400000000000000e-01 1.022305768083033e-01 1.015867490628674e+00
1.450000000000000e-01 1.064917891493625e-01 1.017228403780522e+00
1.500000000000000e-01 1.108195623252418e-01 1.018669249761332e+00
1.550000000000000e-01 1.152166013350572e-01 1.020193992309525e+00
1.600000000000000e-01 1.196856544713255e-01 1.021806695699448e+00
1.650000000000000e-01 1.242295150377370e-01 1.023511741446753e+00
1.700000000000000e-01 1.288510230950609e-01 1.025313925230841e+00
1.750000000000000e-01 1.335530672362758e-01 1.027218260220100e+00
1.800000000000000e-01 1.383385863920344e-01 1.029229933545509e+00
1.850000000000000e-01 1.432105716675912e-01 1.031354542064932e+00
1.900000000000000e-01 1.481720682123397e-01 1.033598169711525e+00
1.950000000000000e-01 1.532261771231311e-01 1.035967191261998e+00
2.000000000000000e-01 1.583760573825595e-01 1.038468233174306e+00
2.050000000000000e-01 1.636249278334301e-01 1.041108420318514e+00
2.100000000000000e-01 1.689760691906397e-01 1.043895494446449e+00
2.150000000000000e-01 1.744328260917313e-01 1.046837627072144e+00
2.200000000000000e-01 1.799986091874004e-01 1.049943328409205e+00
2.250000000000000e-01 1.856768972732633e-01 1.053221690284838e+00
2.300000000000000e-01 1.914712394642179e-01 1.056682593464269e+00
2.350000000000000e-01 1.973852574127551e-01 1.060336585922790e+00
2.400000000000000e-01 2.034226475726105e-01 1.064194749719713e+00
2.450000000000000e-01 2.095871835091678e-01 1.068268844733961e+00
2.500000000000000e-01 2.158827182580599e-01 1.072571513747507e+00
2.550000000000000e-01 2.223131867334419e-01 1.077116376442045e+00
2.600000000000000e-01 2.288826081874405e-01 1.081918075296901e+00
2.650000000000000e-01 2.355950887223172e-01 1.086992210873384e+00
2.700000000000000e-01 2.424548238569160e-01 1.092355317181679e+00
2.750000000000000e-01 2.494661011489995e-01 1.098025152470799e+00
2.800000000000000e-01 2.566333028751116e-01 1.104020956677100e+00
2.850000000000000e-01 2.639609087696434e-01 1.110363497073159e+00
2.900000000000000e-01 2.714534988248126e-01 1.117075242314972e+00
2.950000000000000e-01 2.791157561533084e-01 1.124180412894062e+00
3.000000000000000e-01 2.869524699153886e-01 1.131705028843905e+00
3.050000000000000e-01 2.949685383122613e-01 1.139677270648078e+00
3.100000000000000e-01 3.031689716476197e-01 1.148127637927031e+00
3.150000000000000e-01 3.115588954592450e-01 1.157089332321663e+00
3.200000000000000e-01 3.201435537226349e-01 1.166598604102966e+00
3.250000000000000e-01 3.289283121286580e-01 1.176695065322438e+00
3.300000000000000e-01 3.379186614372866e-01 1.187422182267380e+00
3.350000000000000e-01 3.471202209094989e-01 1.198827683930181e+00
3.400000000000000e-01 3.565387418195016e-01 1.210964191779710e+00
3.450000000000000e-01 3.661801110494620e-01 1.223889856362252e+00
3.500000000000000e-01 3.760503547690021e-01 1.237669190864021e+00
3.550000000000000e-01 3.861556422017504e-01 1.252374022038064e+00
3.600000000000000e-01 3.965022894813072e-01 1.268084657416620e+00
3.650000000000000e-01 4.070967635990345e-01 1.284891281971916e+00
3.700000000000000e-01 4.179456864461349e-01 1.302895662690942e+00
3.750000000000000e-01 4.290558389525505e-01 1.322213233614056e+00
3.800000000000000e-01 4.404341653252637e-01 1.342975671117391e+00
3.850000000000000e-01 4.520877773886537e-01 1.365334099320319e+00
3.900000000000000e-01 4.640239590296172e-01 1.389463116147772e+00
3.950000000000000e-01 4.762501707502353e-01 1.415565897771521e+00
4.000000000000000e-01 4.887740543308307e-01 1.443880735750219e+00
4.050000000000000e-01 5.016034376063282e-01 1.474689499044455e+00
4.100000000000000e-01 5.147463393589066e-01 1.508328713133552e+00
4.150000000000000e-01 5.282109743299990e-01 1.545204241774400e+00
4.200000000000000e-01 5.420057583547735e-01 1.585810991660286e+00
4.250000000000000e-01 5.561393136223041e-01 1.630759709802215e+00
4.300000000000000e-01 5.706204740647189e-01 1.680813917407065e+00
4.350000000000000e-01 5.854582908786964e-01 1.736941475042333e+00
4.400000000000000e-01 6.006620381827575e-01 1.800387376168347e+00
4.450000000000000e-01 6.162412188138907e-01 1.872777172219161e+00
4.500000000000000e-01 6.322055702671360e-01 1.956263282113581e+00
4.550000000000000e-01 6.485650707818353e-01 2.053725795802999e+00
4.600000000000000e-01 6.653299455783577e-01 2.169021278399084e+00
4.650000000000000e-01 6.825106732491932e-01 2.307187821989325e+00
4.700000000000000e-01 7.001179923084168e-01 2.474199799667711e+00
4.750000000000000e-01 7.181629079036070e-01 2.674876916916213e+00
4.800000000000000e-01 7.366566986944229e-01 2.905259397848878e+00
4.850000000000000e-01 7.556109239021327e-01 3.134634354591192e+00
4.900000000000000e-01 7.750374305345038e-01 3.288886067674760e+00
4.950000000000000e-01 7.949483607905672e-01 3.287943464215116e+00
5.000000000000000e-01 8.153561596498893e-01 3.137521903352391e+00
5.050000000000000e-01 8.362735826510871e-01 2.925194181640321e+00
5.100000000000000e-01 8.577137038644561e-01 2.721091271395597e+00
5.150000000000000e-01 8.796899240636907e-01 2.546548021070640e+00
5.200000000000000e-01 9.022159791018011e-01 2.400427288009160e+00
5.250000000000000e-01 9.253059484964714e-01 2.277523539589566e+00
5.300000000000000e-01 9.489742642302165e-01 2.173125174906540e+00
5.350000000000000e-01 9.732357197708378e-01 2.083437791926472e+00
5.400000000000000e-01 9.981054793178262e-01 2.005544400520952e+00
5.450000000000000e-01 1.023599087280478e+00 1.937230504810082e+00
5.500000000000000e-01 1.049732477993657e+00 1.876794030229615e+00
5.550000000000000e-01 1.076521985677273e+00 1.822913208798908e+00
5.600000000000001e-01 1.103984354645701e+00 1.774549007732405e+00
5.650000000000001e-01 1.132136749773522e+00 1.730873513112364e+00
5.700000000000001e-01 1.160996767224129e+00 1.691219284238574e+00
5.750000000000001e-01 1.190582445447902e+00 1.655042134165811e+00
5.800000000000000e-01 1.220912276456826e+00 1.621893692227082e+00
5.850000000000000e-01 1.252005217382601e+00 1.591401015012640e+00
5.900000000000000e-01 1.283880702325469e+00 1.563251150003313e+00
5.950000000000000e-01 1.316558654501151e+00 1.537179354514755e+00
6.000000000000000e-01 1.350059498693518e+00 1.512959997232150e+00
6.050000000000000e-01 1.384404174020732e+00 1.490399452650405e+00
6.100000000000000e-01 1.419614147022888e+00 1.469330501878061e+00
6.150000000000000e-01 1.455711425079295e+00 1.449607878749833e+00
6.200000000000000e-01 1.492718570163803e+00 1.431104697559017e+00
6.250000000000000e-01 1.530658712946775e+00 1.413709566275571e+00
6.300000000000000e-01 1.569555567252506e+00 1.397324237534213e+00
6.350000000000000e-01 1.609433444881138e+00 1.381861685661023e+00
6.400000000000000e-01 1.650317270804325e+00 1.367244524270241e+00
6.450000000000000e-01 1.692232598744148e+00 1.353403698586900e+00
6.500000000000000e-01 1.735205627145031e+00 1.340277401409277e+00
6.550000000000000e-01 1.779263215548615e+00 1.327810172775587e+00
6.600000000000000e-01 1.824432901381847e+00 1.315952151886816e+00
6.650000000000000e-01 1.870742917168772e+00 1.304658456300114e+00
6.700000000000000e-01 1.918222208176775e+00 1.293888668307085e+00
6.750000000000000e-01 1.966900450508319e+00 1.283606412075001e+00
6.800000000000000e-01 2.016808069649473e+00 1.273779007784897e+00
6.850000000000001e-01 2.067976259486829e+00 1.264377190809422e+00
6.900000000000001e-01 2.120437001804702e+00 1.255374885050208e+00
6.950000000000001e-01 2.174223086274785e+00 1.246749019989065e+00
7.000000000000001e-01 2.229368130950753e+00 1.238479380882649e+00
7.050000000000000e-01 2.285906603280654e+00 1.230548480942055e+00
7.100000000000000e-01 2.343873841650178e+00 1.222941443413379e+00
7.150000000000000e-01 2.403306077470301e+00 1.215645880385043e+00
7.200000000000000e-01 2.464240457823092e+00 1.208651754120842e+00
7.250000000000000e-01 2.526715068679855e+00 1.201951206037077e+00
7.300000000000000e-01 2.590768958706095e+00 1.195538338429472e+00
7.350000000000000e-01 2.656442163668210e+00 1.189408935038778e+00
7.400000000000000e-01 2.723775731457148e+00 1.183560108810161e+00
7.450000000000000e-01 2.792811747744667e+00 1.177989868944956e+00
7.500000000000000e-01 2.863593362288260e+00 1.172696604625008e+00
7.550000000000000e-01 2.936164815901156e+00 1.167678489525006e+00
7.600000000000000e-01 3.010571468104263e+00 1.162932819219403e+00
7.650000000000000e-01 3.086859825477351e+00 1.158455302601176e+00
7.700000000000000e-01 3.165077570727174e+00 1.154239338280388e+00
7.750000000000000e-01 3.245273592490716e+00 1.150275317568711e+00
7.800000000000000e-01 3.327498015892184e+00 1.146550007128853e+00
7.850000000000000e-01 3.411802233872832e+00 1.143046076621658e+00
7.900000000000000e-01 3.498238939313234e+00 1.139741849139153e+00
7.950000000000000e-01 3.586862157968046e+00 1.136611363076153e+00
8.000000000000000e-01 3.677727282233856e+00 1.133624839357601e+00
8.050000000000000e-01 3.770891105771243e+00 1.130749640167495e+00
8.100000000000001e-01 3.866411859002656e+00 1.127951773071836e+00
8.150000000000001e-01 3.964349245508326e+00 1.125197924405461e+00
8.200000000000001e-01 4.064764479342956e+00 1.122457890378999e+00
8.250000000000001e-01 4.167720323296481e+00 1.119707124367451e+00
8.300000000000001e-01 4.273281128122877e+00 1.116928975013225e+00
8.350000000000000e-01 4.381512872761445e+00 1.114116120440876e+00
8.400000000000000e-01 4.492483205575838e+00 1.111270778531935e+00
8.450000000000000e-01 4.606261486636447e+00 1.108403517560221e+00
8.500000000000000e-01 4.722918831072739e+00 1.105530850737909e+00
8.550000000000000e-01 4.842528153522501e+00 1.102672142203066e+00
8.600000000000000e-01 4.965164213705875e+00 1.099846533607746e+00
8.650000000000000e-01 5.090903663152626e+00 1.097070537822172e+00
8.700000000000000e-01 5.219825093111814e+00 1.094356673040334e+00
8.750000000000000e-01 5.352009083673925e+00 1.091713156972008e+00
8.800000000000000e-01 5.487538254136007e+00 1.089144397382709e+00
8.850000000000000e-01 5.626497314641444e+00 1.086651892961954e+00
8.900000000000000e-01 5.768973119126561e+00 1.084235196051246e+00
8.950000000000000e-01 5.915054719607133e+00 1.081892717918557e+00
9.000000000000000e-01 6.064833421838831e+00 1.079622296558803e+00
9.050000000000000e-01 6.218402842386253e+00 1.077421544003917e+00
9.100000000000000e-01 6.375858967136348e+00 1.075288032631451e+00
9.150000000000000e-01 6.537300211292723e+00 1.073219382544151e+00
9.200000000000000e-01 6.702827480888332e+00 1.071213296341479e+00
9.250000000000000e-01 6.872544235855034e+00 1.069267569376285e+00
9.300000000000000e-01 7.046556554689444e+00 1.067380089989715e+00
9.350000000000001e-01 7.224973200755413e+00 1.065548836221323e+00
9.400000000000001e-01 7.407905690264673e+00 1.063771871550926e+00
9.450000000000001e-01 7.595468361978146e+00 1.062047340555564e+00
9.500000000000001e-01 7.787778448671316e+00 1.060373464743769e+00
9.550000000000001e-01 7.984956150408610e+00 1.058748538626354e+00
9.600000000000000e-01 8.187124709672272e+00 1.057170926024787e+00
9.650000000000000e-01 8.394410488393007e+00 1.055639056604181e+00
9.700000000000000e-01 8.606943046930221e+00 1.054151422615673e+00
9.750000000000000e-01 8.824855225051540e+00 1.052706575833561e+00
9.800000000000000e-01 9.048283224961922e+00 1.051303124673573e+00
9.850000000000000e-01 9.277366696434507e+00 1.049939731479741e+00
9.900000000000000e-01 9.512248824096272e+00 1.048615109968309e+00
9.950000000000000e-01 9.753076416923058e+00 1.047328022818041e+00
1.000000000000000e+00 1.000000000000000e+01 1.046077279397085e+00
