0.000000000000000e+00 0.000000000000000e+00 1.000000000000000e+00
5.000000000000000e-03 3.369477419287315e-03 1.000013322491207e+00
1.000000000000000e-02 6.741060871647481e-03 1.000066583040895e+00
1.500000000000000e-02 1.011685770649257e-02 1.000155377339082e+00
2.000000000000000e-02 1.349897790673588e-02 1.000280069882953e+00
2.500000000000000e-02 1.688953540759990e-02 1.000440988372438e+00
3.000000000000000e-02 2.029064941789469e-02 1.000638505015057e+00
3.500000000000000e-02 2.370444574459234e-02 1.000873140823227e+00
4.000000000000000e-02 2.713305812152553e-02 1.001145493629743e+00
4.500000000000000e-02 3.057862954304063e-02 1.001456269593124e+00
5.000000000000000e-02 3.404331360343898e-02 1.001806319140927e+00
5.500000000000000e-02 3.752927584304335e-02 1.002196540247633e+00
6.000000000000000e-02 4.103869510173117e-02 1.002627913305747e+00
6.500000000000000e-02 4.457376488078044e-02 1.003101602307220e+00
7.000000000000001e-02 4.813669471387935e-02 1.003618867223999e+00
7.500000000000000e-02 5.172971154815675e-02 1.004181011586615e+00
8.000000000000000e-02 5.535506113609672e-02 1.004789524311147e+00
8.500000000000001e-02 5.901500943920686e-02 1.005446064540380e+00
9.000000000000000e-02 6.271184404431801e-02 1.006152317795117e+00
9.500000000000000e-02 6.644787559340060e-02 1.006910097239423e+00
1.000000000000000e-01 7.022543922779090e-02 1.007721478513674e+00
1.050000000000000e-01 7.404689604773053e-02 1.008588645754977e+00
1.100000000000000e-01 7.791463458813094e-02 1.009513822072210e+00
1.150000000000000e-01 8.183107231148547e-02 1.010499466371564e+00
1.200000000000000e-01 8.579865711886202e-02 1.011548291572967e+00
1.250000000000000e-01 8.981986887992111e-02 1.012663086468150e+00
1.300000000000000e-01 9.389722098291493e-02 1.013846785190621e+00
1.350000000000000e-01 9.803326190563690e-02 1.015102627022108e+00
1.400000000000000e-01 1.022305768083033e-01 1.016434049532856e+00
1.450000000000000e-01 1.064917891493625e-01 1.017844602883816e+00
1.500000000000000e-01 1.108195623252418e-01 1.019338122373203e+00
1.550000000000000e-01 1.152166013350572e-01 1.020918777107285e+00
1.600000000000000e-01 1.196856544713255e-01 1.022590901533559e+00
1.650000000000000e-01 1.242295150377370e-01 1.024359030148736e+00
1.700000000000000e-01 1.288510230950609e-01 1.026228108400222e+00
1.750000000000000e-01 1.335530672362758e-01 1.028203445782040e+00
1.800000000000000e-01 1.383385863920344e-01 1.030290539823756e+00
1.850000000000000e-01 1.432105716675912e-01 1.032495191324002e+00
1.900000000000000e-01 1.481720682123397e-01 1.034823724161302e+00
1.950000000000000e-01 1.532261771231311e-01 1.037282900269663e+00
2.000000000000000e-01 1.583760573825595e-01 1.039879749450102e+00
2.050000000000000e-01 1.636249278334301e-01 1.042621706422334e+00
2.100000000000000e-01 1.689760691906397e-01 1.045516843062249e+00
2.150000000000000e-01 1.744328260917313e-01 1.048573814776183e+00
2.200000000000000e-01 1.799986091874004e-01 1.051801702848513e+00
2.250000000000000e-01 1.856768972732633e-01 1.055210102424953e+00
2.300000000000000e-01 1.914712394642179e-01 1.058809344063454e+00
2.350000000000000e-01 1.973852574127551e-01 1.062610563803475e+00
2.400000000000000e-01 2.034226475726105e-01 1.066625640368588e+00
2.450000000000000e-01 2.095871835091678e-01 1.070867152259161e+00
2.500000000000000e-01 2.158827182580599e-01 1.075348463790332e+00
2.550000000000000e-01 2.223131867334419e-01 1.080083982943440e+00
2.600000000000000e-01 2.288826081874405e-01 1.085089351639841e+00
2.650000000000000e-01 2.355950887223172e-01 1.090381333422553e+00
2.700000000000000e-01 2.424548238569160e-01 1.095977747747491e+00
2.750000000000000e-01 2.494661011489995e-01 1.101897713061476e+00
2.800000000000000e-01 2.566333028751116e-01 1.108161860440431e+00
2.850000000000000e-01 2.639609087696434e-01 1.114792531994533e+00
2.900000000000000e-01 2.714534988248126e-01 1.121814060606563e+00
2.950000000000000e-01 2.791157561533084e-01 1.129252785083686e+00
3.000000000000000e-01 2.869524699153886e-01 1.137137163933558e+00
3.050000000000000e-01 2.949685383122613e-01 1.145498108898150e+00
3.100000000000000e-01 3.031689716476197e-01 1.154369153322651e+00
3.150000000000000e-01 3.115588954592450e-01 1.163786951524412e+00
3.200000000000000e-01 3.201435537226349e-01 1.173791666270379e+00
3.250000000000000e-01 3.289283121286580e-01 1.184427419471229e+00
3.300000000000000e-01 3.379186614372866e-01 1.195742893938293e+00
3.350000000000000e-01 3.471202209094989e-01 1.207791873595935e+00
3.400000000000000e-01 3.565387418195016e-01 1.220634054927258e+00
3.450000000000000e-01 3.661801110494620e-01 1.234335877376648e+00
3.500000000000000e-01 3.760503547690021e-01 1.248971633085170e+00
3.550000000000000e-01 3.861556422017504e-01 1.264624745409909e+00
3.600000000000000e-01 3.965022894813072e-01 1.281389372048934e+00
3.650000000000000e-01 4.070967635990345e-01 1.299372354851696e+00
3.700000000000000e-01 4.179456864461349e-01 1.318695650388696e+00
3.750000000000000e-01 4.290558389525505e-01 1.339499367903176e+00
3.800000000000000e-01 4.404341653252637e-01 1.361945614526801e+00
3.850000000000000e-01 4.520877773886537e-01 1.386223411926916e+00
3.900000000000000e-01 4.640239590296172e-01 1.412555060747641e+00
3.950000000000000e-01 4.762501707502353e-01 1.441204487683020e+00
4.000000000000000e-01 4.887740543308307e-01 1.472488353211036e+00
4.050000000000000e-01 5.016034376063282e-01 1.506791072929215e+00
4.100000000000000e-01 5.147463393589066e-01 1.544585500108678e+00
4.150000000000000e-01 5.282109743299990e-01 1.586461985282438e+00
4.200000000000000e-01 5.420057583547735e-01 1.633170154350083e+00
4.250000000000000e-01 5.561393136223041e-01 1.685680572836617e+00
4.300000000000000e-01 5.706204740647189e-01 1.745278577541827e+00
4.350000000000000e-01 5.854582908786964e-01 1.813712248775141e+00
4.400000000000000e-01 6.006620381827575e-01 1.893435895797196e+00
4.450000000000000e-01 6.162412188138907e-01 1.988031868640455e+00
4.500000000000000e-01 6.322055702671360e-01 2.102989303016714e+00
4.550000000000000e-01 6.485650707818353e-01 2.247262503104168e+00
4.600000000000000e-01 6.653299455783577e-01 2.436734383418774e+00
4.650000000000000e-01 6.825106732491932e-01 2.703063132611868e+00
4.700000000000000e-01 7.001179923084168e-01 3.120631831282322e+00
4.750000000000000e-01 7.181629079036070e-01 3.898420668077661e+00
4.800000000000000e-01 7.366566986944229e-01 5.431333332386549e+00
4.850000000000000e-01 7.556109239021327e-01 6.378821994816930e+00
4.900000000000000e-01 7.750374305345038e-01 5.090061001688551e+00
4.950000000000000e-01 7.949483607905672e-01 4.020964022702919e+00
5.000000000000000e-01 8.153561596498893e-01 3.434743592291760e+00
5.050000000000000e-01 8.362735826510871e-01 3.053321885269481e+00
5.100000000000000e-01 8.577137038644561e-01 2.779888401966411e+00
5.150000000000000e-01 8.796899240636907e-01 2.574066773787948e+00
5.200000000000000e-01 9.022159791018011e-01 2.411217369491500e+00
5.250000000000000e-01 9.253059484964714e-01 2.279165301503344e+00
5.300000000000000e-01 9.489742642302165e-01 2.169147989326260e+00
5.350000000000000e-01 9.732357197708378e-01 2.075971371306760e+00
5.400000000000000e-01 9.981054793178262e-01 1.995794444614481e+00
5.450000000000000e-01 1.023599087280478e+00 1.925958771326614e+00
5.500000000000000e-01 1.049732477993657e+00 1.864509162434794e+00
5.550000000000000e-01 1.076521985677273e+00 1.809936169643922e+00
5.600000000000001e-01 1.103984354645701e+00 1.761122847113377e+00
5.650000000000001e-01 1.132136749773522e+00 1.717152909190364e+00
5.700000000000001e-01 1.160996767224129e+00 1.677329081409686e+00
5.750000000000001e-01 1.190582445447902e+00 1.641066331609800e+00
5.800000000000000e-01 1.220912276456826e+00 1.607900218836464e+00
5.850000000000000e-01 1.252005217382601e+00 1.577440339223791e+00
5.900000000000000e-01 1.283880702325469e+00 1.549363185450392e+00
5.950000000000000e-01 1.316558654501151e+00 1.523397225989898e+00
6.000000000000000e-01 1.350059498693518e+00 1.499310122367905e+00
6.050000000000000e-01 1.384404174020732e+00 1.476905729309657e+00
6.100000000000000e-01 1.419614147022888e+00 1.456013275615305e+00
6.150000000000000e-01 1.455711425079295e+00 1.436486496894722e+00
6.200000000000000e-01 1.492718570163803e+00 1.418197209059785e+00
6.250000000000000e-01 1.530658712946775e+00 1.401033677024595e+00
6.300000000000000e-01 1.569555567252506e+00 1.384897638081776e+00
6.350000000000000e-01 1.609433444881138e+00 1.369702195662754e+00
6.400000000000000e-01 1.650317270804325e+00 1.355370493128836e+00
6.450000000000000e-01 1.692232598744148e+00 1.341833944354109e+00
6.500000000000000e-01 1.735205627145031e+00 1.329031383500881e+00
6.550000000000000e-01 1.779263215548615e+00 1.316907907955322e+00
6.600000000000000e-01 1.824432901381847e+00 1.305414142142785e+00
6.650000000000000e-01 1.870742917168772e+00 1.294505527297307e+00
6.700000000000000e-01 1.918222208176775e+00 1.284141709775125e+00
6.750000000000000e-01 1.966900450508319e+00 1.274286056354275e+00
6.800000000000000e-01 2.016808069649473e+00 1.264905194502970e+00
6.850000000000001e-01 2.067976259486829e+00 1.255968642066095e+00
6.900000000000001e-01 2.120437001804702e+00 1.247448469849956e+00
6.950000000000001e-01 2.174223086274785e+00 1.239319010320531e+00
7.000000000000001e-01 2.229368130950753e+00 1.231556600871730e+00
7.050000000000000e-01 2.285906603280654e+00 1.224139354450667e+00
7.100000000000000e-01 2.343873841650178e+00 1.217046956365237e+00
7.150000000000000e-01 2.403306077470301e+00 1.210260481157005e+00
7.200000000000000e-01 2.464240457823092e+00 1.203762227824939e+00
7.250000000000000e-01 2.526715068679855e+00 1.197535570571803e+00
7.300000000000000e-01 2.590768958706095e+00 1.191564823354587e+00
7.350000000000000e-01 2.656442163668210e+00 1.185835117090503e+00
7.400000000000000e-01 2.723775731457148e+00 1.180332288878893e+00
7.450000000000000e-01 2.792811747744667e+00 1.175042783372594e+00
7.500000000000000e-01 2.863593362288260e+00 1.169953567169609e+00
7.550000000000000e-01 2.936164815901156e+00 1.165052058024340e+00
7.600000000000000e-01 3.010571468104263e+00 1.160326071741152e+00
7.650000000000000e-01 3.086859825477351e+00 1.155763790846153e+00
7.700000000000000e-01 3.165077570727174e+00 1.151353760509106e+00
7.750000000000000e-01 3.245273592490716e+00 1.147084918627512e+00
7.800000000000000e-01 3.327498015892184e+00 1.142946668337740e+00
7.850000000000000e-01 3.411802233872832e+00 1.138929002178580e+00
7.900000000000000e-01 3.498238939313234e+00 1.135022687189939e+00
7.950000000000000e-01 3.586862157968046e+00 1.131219518663055e+00
8.000000000000000e-01 3.677727282233856e+00 1.127512646087716e+00
8.050000000000000e-01 3.770891105771243e+00 1.123896966798737e+00
8.100000000000001e-01 3.866411859002656e+00 1.120369569694037e+00
8.150000000000001e-01 3.964349245508326e+00 1.116930192683693e+00
8.200000000000001e-01 4.064764479342956e+00 1.113581634068785e+00
8.250000000000001e-01 4.167720323296481e+00 1.110330032797221e+00
8.300000000000001e-01 4.273281128122877e+00 1.107184911584834e+00
8.350000000000000e-01 4.381512872761445e+00 1.104158868813691e+00
8.400000000000000e-01 4.492483205575838e+00 1.101266817600422e+00
8.450000000000000e-01 4.606261486636447e+00 1.098524707385482e+00
8.500000000000000e-01 4.722918831072739e+00 1.095947725790108e+00
8.550000000000000e-01 4.842528153522501e+00 1.093548063710408e+00
8.600000000000000e-01 4.965164213705875e+00 1.091332422379459e+00
8.650000000000000e-01 5.090903663152626e+00 1.089299527339367e+00
8.700000000000000e-01 5.219825093111814e+00 1.087437988075817e+00
8.750000000000000e-01 5.352009083673925e+00 1.085724939515141e+00
8.800000000000000e-01 5.487538254136007e+00 1.084126053843065e+00
8.850000000000000e-01 5.626497314641444e+00 1.082597630311691e+00
8.900000000000000e-01 5.768973119126561e+00 1.081091291451827e+00
8.950000000000000e-01 5.915054719607133e+00 1.079561059911181e+00
9.000000000000000e-01 6.064833421838831e+00 1.077971344339128e+00
9.050000000000000e-01 6.218402842386253e+00 1.076303297842174e+00
9.100000000000000e-01 6.375858967136348e+00 1.074557058387017e+00
9.150000000000000e-01 6.537300211292723e+00 1.072748902337985e+00
9.200000000000000e-01 6.702827480888332e+00 1.070904589363019e+00
9.250000000000000e-01 6.872544235855034e+00 1.069051727665715e+00
9.300000000000000e-01 7.046556554689444e+00 1.067213908875240e+00
9.350000000000001e-01 7.224973200755413e+00 1.065407939794078e+00
9.400000000000001e-01 7.407905690264673e+00 1.063643854767980e+00
9.450000000000001e-01 7.595468361978146e+00 1.061926482104292e+00
9.500000000000001e-01 7.787778448671316e+00 1.060257345337717e+00
9.550000000000001e-01 7.984956150408610e+00 1.058636190681787e+00
9.600000000000000e-01 8.187124709672272e+00 1.057061953132976e+00
9.650000000000000e-01 8.394410488393007e+00 1.055533265309971e+00
9.700000000000000e-01 8.606943046930221e+00 1.054048686103819e+00
9.750000000000000e-01 8.824855225051540e+00 1.052606788967291e+00
9.800000000000000e-01 9.048283224961922e+00 1.051206190661576e+00
9.850000000000000e-01 9.277366696434507e+00 1.049845558238865e+00
9.900000000000000e-01 9.512248824096272e+00 1.048523609135108e+00
9.950000000000000e-01 9.753076416923058e+00 1.047239109412381e+00
1.000000000000000e+00 1.000000000000000e+01 1.045990871634689e+00
