0.000000000000000e+00 0.000000000000000e+00 1.000000000000000e+00
5.000000000000000e-03 3.369477419287315e-03 1.000013200822710e+00
1.000000000000000e-02 6.741060871647481e-03 1.000066030045386e+00
1.500000000000000e-02 1.011685770649257e-02 1.000154197860703e+00
2.000000000000000e-02 1.349897790673588e-02 1.000277954922724e+00
2.500000000000000e-02 1.688953540759990e-02 1.000437625952881e+00
3.000000000000000e-02 2.029064941789469e-02 1.000633637290328e+00
3.500000000000000e-02 2.370444574459234e-02 1.000866491550009e+00
4.000000000000000e-02 2.713305812152553e-02 1.001136762035780e+00
4.500000000000000e-02 3.057862954304063e-02 1.001445167876626e+00
5.000000000000000e-02 3.404331360343898e-02 1.001792549830150e+00
5.500000000000000e-02 3.752927584304335e-02 1.002179780710991e+00
6.000000000000000e-02 4.103869510173117e-02 1.002607848128929e+00
6.500000000000000e-02 4.457376488078044e-02 1.003077918344417e+00
7.000000000000001e-02 4.813669471387935e-02 1.003591218700128e+00
7.500000000000000e-02 5.172971154815675e-02 1.004149037416038e+00
8.000000000000000e-02 5.535506113609672e-02 1.004752872751630e+00
8.500000000000001e-02 5.901500943920686e-02 1.005404364689731e+00
9.000000000000000e-02 6.271184404431801e-02 1.006105166996052e+00
9.500000000000000e-02 6.644787559340060e-02 1.006857089756252e+00
1.000000000000000e-01 7.022543922779090e-02 1.007662198491863e+00
1.050000000000000e-01 7.404689604773053e-02 1.008522639786821e+00
1.100000000000000e-01 7.791463458813094e-02 1.009440619330997e+00
1.150000000000000e-01 8.183107231148547e-02 1.010418594097028e+00
1.200000000000000e-01 8.579865711886202e-02 1.011459240062021e+00
1.250000000000000e-01 8.981986887992111e-02 1.012565301782432e+00
1.300000000000000e-01 9.389722098291493e-02 1.013739706323631e+00
1.350000000000000e-01 9.803326190563690e-02 1.014985677610440e+00
1.400000000000000e-01 1.022305768083033e-01 1.016306596390582e+00
1.450000000000000e-01 1.064917891493625e-01 1.017705969680713e+00
1.500000000000000e-01 1.108195623252418e-01 1.019187622168832e+00
1.550000000000000e-01 1.152166013350572e-01 1.020755686420533e+00
1.600000000000000e-01 1.196856544713255e-01 1.022414428478171e+00
1.650000000000000e-01 1.242295150377370e-01 1.024168338571283e+00
1.700000000000000e-01 1.288510230950609e-01 1.026022336722453e+00
1.750000000000000e-01 1.335530672362758e-01 1.027981673758803e+00
1.800000000000000e-01 1.383385863920344e-01 1.030051767032663e+00
1.850000000000000e-01 1.432105716675912e-01 1.032238362512819e+00
1.900000000000000e-01 1.481720682123397e-01 1.034547738964449e+00
1.950000000000000e-01 1.532261771231311e-01 1.036986578246381e+00
2.000000000000000e-01 1.583760573825595e-01 1.039561808878875e+00
2.050000000000000e-01 1.636249278334301e-01 1.042280786081701e+00
2.100000000000000e-01 1.689760691906397e-01 1.045151514095548e+00
2.150000000000000e-01 1.744328260917313e-01 1.048182546683672e+00
2.200000000000000e-01 1.799986091874004e-01 1.051382828599344e+00
2.250000000000000e-01 1.856768972732633e-01 1.054761830208154e+00
2.300000000000000e-01 1.914712394642179e-01 1.058329780802250e+00
2.350000000000000e-01 1.973852574127551e-01 1.062097689325478e+00
2.400000000000000e-01 2.034226475726105e-01 1.066077253762886e+00
2.450000000000000e-01 2.095871835091678e-01 1.070280859217447e+00
2.500000000000000e-01 2.158827182580599e-01 1.074721696481593e+00
2.550000000000000e-01 2.223131867334419e-01 1.079413990747967e+00
2.600000000000000e-01 2.288826081874405e-01 1.084373161192501e+00
2.650000000000000e-01 2.355950887223172e-01 1.089615707639212e+00
2.700000000000000e-01 2.424548238569160e-01 1.095159146900490e+00
2.750000000000000e-01 2.494661011489995e-01 1.101022275562729e+00
2.800000000000000e-01 2.566333028751116e-01 1.107225398170914e+00
2.850000000000000e-01 2.639609087696434e-01 1.113790489720442e+00
2.900000000000000e-01 2.714534988248126e-01 1.120741452849577e+00
2.950000000000000e-01 2.791157561533084e-01 1.128104134736880e+00
3.000000000000000e-01 2.869524699153886e-01 1.135906422398687e+00
3.050000000000000e-01 2.949685383122613e-01 1.144178585499704e+00
3.100000000000000e-01 3.031689716476197e-01 1.152953440642984e+00
3.150000000000000e-01 3.115588954592450e-01 1.162266825539307e+00
3.200000000000000e-01 3.201435537226349e-01 1.172157976763063e+00
3.250000000000000e-01 3.289283121286580e-01 1.182669945973024e+00
3.300000000000000e-01 3.379186614372866e-01 1.193850175473594e+00
3.350000000000000e-01 3.471202209094989e-01 1.205751004587015e+00
3.400000000000000e-01 3.565387418195016e-01 1.218430436307923e+00
3.450000000000000e-01 3.661801110494620e-01 1.231952918908229e+00
3.500000000000000e-01 3.760503547690021e-01 1.246390386365191e+00
3.550000000000000e-01 3.861556422017504e-01 1.261823454127095e+00
3.600000000000000e-01 3.965022894813072e-01 1.278342911392148e+00
3.650000000000000e-01 4.070967635990345e-01 1.296051529374799e+00
3.700000000000000e-01 4.179456864461349e-01 1.315066304647302e+00
3.750000000000000e-01 4.290558389525505e-01 1.335521249379048e+00
3.800000000000000e-01 4.404341653252637e-01 1.357570903433827e+00
3.850000000000000e-01 4.520877773886537e-01 1.381394797678539e+00
3.900000000000000e-01 4.640239590296172e-01 1.407203192066138e+00
3.950000000000000e-01 4.762501707502353e-01 1.435244543352929e+00
4.000000000000000e-01 4.887740543308307e-01 1.465815356021124e+00
4.050000000000000e-01 5.016034376063282e-01 1.499273371377982e+00
4.100000000000000e-01 5.147463393589066e-01 1.536055519074335e+00
4.150000000000000e-01 5.282109743299990e-01 1.576702802956422e+00
4.200000000000000e-01 5.420057583547735e-01 1.621895517045728e+00
4.250000000000000e-01 5.561393136223041e-01 1.672504251686921e+00
4.300000000000000e-01 5.706204740647189e-01 1.729665750718573e+00
4.350000000000000e-01 5.854582908786964e-01 1.794899204362698e+00
4.400000000000000e-01 6.006620381827575e-01 1.870290898597613e+00
4.450000000000000e-01 6.162412188138907e-01 1.958799615801331e+00
4.500000000000000e-01 6.322055702671360e-01 2.064786376917278e+00
4.550000000000000e-01 6.485650707818353e-01 2.194985276367157e+00
4.600000000000000e-01 6.653299455783577e-01 2.360394178503610e+00
4.650000000000000e-01 6.825106732491932e-01 2.580168293705877e+00
4.700000000000000e-01 7.001179923084168e-01 2.889650443377346e+00
4.750000000000000e-01 7.181629079036070e-01 3.352083604283959e+00
4.800000000000000e-01 7.366566986944229e-01 4.024941908202071e+00
4.850000000000000e-01 7.556109239021327e-01 4.655244270172950e+00
4.900000000000000e-01 7.750374305345038e-01 4.553695831422437e+00
4.950000000000000e-01 7.949483607905672e-01 3.922720467658770e+00
5.000000000000000e-01 8.153561596498893e-01 3.396158738791053e+00
5.050000000000000e-01 8.362735826510871e-01 3.037236686885888e+00
5.100000000000000e-01 8.577137038644561e-01 2.775670207537777e+00
5.150000000000000e-01 8.796899240636907e-01 2.574144847826488e+00
5.200000000000000e-01 9.022159791018011e-01 2.414405881242174e+00
5.250000000000000e-01 9.253059484964714e-01 2.283752273867913e+00
5.300000000000000e-01 9.489742642302165e-01 2.174667780920544e+00
5.350000000000000e-01 9.732357197708378e-01 2.082003977407466e+00
5.400000000000000e-01 9.981054793178262e-01 2.002113296125481e+00
5.450000000000000e-01 1.023599087280478e+00 1.932447170819315e+00
5.500000000000000e-01 1.049732477993657e+00 1.871064523262463e+00
5.550000000000000e-01 1.076521985677273e+00 1.816522065653621e+00
5.600000000000001e-01 1.103984354645701e+00 1.767695915614544e+00
5.650000000000001e-01 1.132136749773522e+00 1.723701778597704e+00
5.700000000000001e-01 1.160996767224129e+00 1.683837361950638e+00
5.750000000000001e-01 1.190582445447902e+00 1.647531231296215e+00
5.800000000000000e-01 1.220912276456826e+00 1.614317688160293e+00
5.850000000000000e-01 1.252005217382601e+00 1.583810535849065e+00
5.900000000000000e-01 1.283880702325469e+00 1.555687363822865e+00
5.950000000000000e-01 1.316558654501151e+00 1.529676667943257e+00
6.000000000000000e-01 1.350059498693518e+00 1.505547679725314e+00
6.050000000000000e-01 1.384404174020732e+00 1.483103154168136e+00
6.100000000000000e-01 1.419614147022888e+00 1.462173178631715e+00
6.150000000000000e-01 1.455711425079295e+00 1.442610570806080e+00
6.200000000000000e-01 1.492718570163803e+00 1.424287096545437e+00
6.250000000000000e-01 1.530658712946775e+00 1.407090422819566e+00
6.300000000000000e-01 1.569555567252506e+00 1.390921672428614e+00
6.350000000000000e-01 1.609433444881138e+00 1.375693392266714e+00
6.400000000000000e-01 1.650317270804325e+00 1.361327893889469e+00
6.450000000000000e-01 1.692232598744148e+00 1.347755869406231e+00
6.500000000000000e-01 1.735205627145031e+00 1.334915235441612e+00
6.550000000000000e-01 1.779263215548615e+00 1.322750162557102e+00
6.600000000000000e-01 1.824432901381847e+00 1.311210253892259e+00
6.650000000000000e-01 1.870742917168772e+00 1.300249848141294e+00
6.700000000000000e-01 1.918222208176775e+00 1.289827424734752e+00
6.750000000000000e-01 1.966900450508319e+00 1.279905094563615e+00
6.800000000000000e-01 2.016808069649473e+00 1.270448162776695e+00
6.850000000000001e-01 2.067976259486829e+00 1.261424752890365e+00
6.900000000000001e-01 2.120437001804702e+00 1.252805483825691e+00
6.950000000000001e-01 2.174223086274785e+00 1.244563193324343e+00
7.000000000000001e-01 2.229368130950753e+00 1.236672702827784e+00
7.050000000000000e-01 2.285906603280654e+00 1.229110620292177e+00
7.100000000000000e-01 2.343873841650178e+00 1.221855178627650e+00
7.150000000000000e-01 2.403306077470301e+00 1.214886108516140e+00
7.200000000000000e-01 2.464240457823092e+00 1.208184545269061e+00
7.250000000000000e-01 2.526715068679855e+00 1.201732970106067e+00
7.300000000000000e-01 2.590768958706095e+00 1.195515186702091e+00
7.350000000000000e-01 2.656442163668210e+00 1.189516333956054e+00
7.400000000000000e-01 2.723775731457148e+00 1.183722935530728e+00
7.450000000000000e-01 2.792811747744667e+00 1.178122985606557e+00
7.500000000000000e-01 2.863593362288260e+00 1.172706068259965e+00
7.550000000000000e-01 2.936164815901156e+00 1.167463504697947e+00
7.600000000000000e-01 3.010571468104263e+00 1.162388518096264e+00
7.650000000000000e-01 3.086859825477351e+00 1.157476399992382e+00
7.700000000000000e-01 3.165077570727174e+00 1.152724655341411e+00
7.750000000000000e-01 3.245273592490716e+00 1.148133096114199e+00
7.800000000000000e-01 3.327498015892184e+00 1.143703846839507e+00
7.850000000000000e-01 3.411802233872832e+00 1.139441221347308e+00
7.900000000000000e-01 3.498238939313234e+00 1.135351429977045e+00
7.950000000000000e-01 3.586862157968046e+00 1.131442082363406e+00
8.000000000000000e-01 3.677727282233856e+00 1.127721463687836e+00
8.050000000000000e-01 3.770891105771243e+00 1.124197582046095e+00
8.100000000000001e-01 3.866411859002656e+00 1.120877010315852e+00
8.150000000000001e-01 3.964349245508326e+00 1.117763576004247e+00
8.200000000000001e-01 4.064764479342956e+00 1.114856985387319e+00
8.250000000000001e-01 4.167720323296481e+00 1.112151502329184e+00
8.300000000000001e-01 4.273281128122877e+00 1.109634836330813e+00
8.350000000000000e-01 4.381512872761445e+00 1.107287428626281e+00
8.400000000000000e-01 4.492483205575838e+00 1.105082359612016e+00
8.450000000000000e-01 4.606261486636447e+00 1.102986127038385e+00
8.500000000000000e-01 4.722918831072739e+00 1.100960529283280e+00
8.550000000000000e-01 4.842528153522501e+00 1.098965768713877e+00
8.600000000000000e-01 4.965164213705875e+00 1.096964605360526e+00
8.650000000000000e-01 5.090903663152626e+00 1.094926955234488e+00
8.700000000000000e-01 5.219825093111814e+00 1.092833897635433e+00
8.750000000000000e-01 5.352009083673925e+00 1.090679904431289e+00
8.800000000000000e-01 5.487538254136007e+00 1.088472456845226e+00
8.850000000000000e-01 5.626497314641444e+00 1.086229039027257e+00
8.900000000000000e-01 5.768973119126561e+00 1.083972434069010e+00
8.950000000000000e-01 5.915054719607133e+00 1.081725804649473e+00
9.000000000000000e-01 6.064833421838831e+00 1.079508927516136e+00
9.050000000000000e-01 6.218402842386253e+00 1.077336284997304e+00
9.100000000000000e-01 6.375858967136348e+00 1.075216914869332e+00
9.150000000000000e-01 6.537300211292723e+00 1.073155390178950e+00
9.200000000000000e-01 6.702827480888332e+00 1.071153196695381e+00
9.250000000000000e-01 6.872544235855034e+00 1.069209983293292e+00
9.300000000000000e-01 7.046556554689444e+00 1.067324458317465e+00
9.350000000000001e-01 7.224973200755413e+00 1.065494928470394e+00
9.400000000000001e-01 7.407905690264673e+00 1.063719577364590e+00
9.450000000000001e-01 7.595468361978146e+00 1.061996590363533e+00
9.500000000000001e-01 7.787778448671316e+00 1.060324202583429e+00
9.550000000000001e-01 7.984956150408610e+00 1.058700713706972e+00
9.600000000000000e-01 8.187124709672272e+00 1.057124490311951e+00
9.650000000000000e-01 8.394410488393007e+00 1.055593964141014e+00
9.700000000000000e-01 8.606943046930221e+00 1.054107629297606e+00
9.750000000000000e-01 8.824855225051540e+00 1.052664039292960e+00
9.800000000000000e-01 9.048283224961922e+00 1.051261804191494e+00
9.850000000000000e-01 9.277366696434507e+00 1.049899587906677e+00
9.900000000000000e-01 9.512248824096272e+00 1.048576105650173e+00
9.950000000000000e-01 9.753076416923058e+00 1.047290121526455e+00
1.000000000000000e+00 1.000000000000000e+01 1.046040446263613e+00
