0.000000000000000e+00 0.000000000000000e+00 1.000000000000000e+00
5.000000000000000e-03 3.369477419287315e-03 1.000004855126689e+00
1.000000000000000e-02 6.741060871647481e-03 1.000024248254664e+00
1.500000000000000e-02 1.011685770649257e-02 1.000056548161345e+00
2.000000000000000e-02 1.349897790673588e-02 1.000101917662853e+00
2.500000000000000e-02 1.688953540759990e-02 1.000160482974167e+00
3.000000000000000e-02 2.029064941789469e-02 1.000232364569619e+00
3.500000000000000e-02 2.370444574459234e-02 1.000317747961313e+00
4.000000000000000e-02 2.713305812152553e-02 1.000416851518470e+00
4.500000000000000e-02 3.057862954304063e-02 1.000529924023100e+00
5.000000000000000e-02 3.404331360343898e-02 1.000657277130798e+00
5.500000000000000e-02 3.752927584304335e-02 1.000799249674575e+00
6.000000000000000e-02 4.103869510173117e-02 1.000956178894367e+00
6.500000000000000e-02 4.457376488078044e-02 1.001128457191136e+00
7.000000000000001e-02 4.813669471387935e-02 1.001316566073063e+00
7.500000000000000e-02 5.172971154815675e-02 1.001521009480601e+00
8.000000000000000e-02 5.535506113609672e-02 1.001742278889747e+00
8.500000000000001e-02 5.901500943920686e-02 1.001980927117843e+00
9.000000000000000e-02 6.271184404431801e-02 1.002237613910992e+00
9.500000000000000e-02 6.644787559340060e-02 1.002513034361056e+00
1.000000000000000e-01 7.022543922779090e-02 1.002807869705275e+00
1.050000000000000e-01 7.404689604773053e-02 1.003122856174945e+00
1.100000000000000e-01 7.791463458813094e-02 1.003458845630235e+00
1.150000000000000e-01 8.183107231148547e-02 1.003816754872626e+00
1.200000000000000e-01 8.579865711886202e-02 1.004197509782677e+00
1.250000000000000e-01 8.981986887992111e-02 1.004602075235216e+00
1.300000000000000e-01 9.389722098291493e-02 1.005031506053053e+00
1.350000000000000e-01 9.803326190563690e-02 1.005486959198191e+00
1.400000000000000e-01 1.022305768083033e-01 1.005969677296741e+00
1.450000000000000e-01 1.064917891493625e-01 1.006480940218681e+00
1.500000000000000e-01 1.108195623252418e-01 1.007022048429776e+00
1.550000000000000e-01 1.152166013350572e-01 1.007594411898175e+00
1.600000000000000e-01 1.196856544713255e-01 1.008199610912211e+00
1.650000000000000e-01 1.242295150377370e-01 1.008839315681950e+00
1.700000000000000e-01 1.288510230950609e-01 1.009515239239246e+00
1.750000000000000e-01 1.335530672362758e-01 1.010229177242273e+00
1.800000000000000e-01 1.383385863920344e-01 1.010983007656826e+00
1.850000000000000e-01 1.432105716675912e-01 1.011778743992137e+00
1.900000000000000e-01 1.481720682123397e-01 1.012618605662583e+00
1.950000000000000e-01 1.532261771231311e-01 1.013504938871260e+00
2.000000000000000e-01 1.583760573825595e-01 1.014440207549169e+00
2.050000000000000e-01 1.636249278334301e-01 1.015427014861843e+00
2.100000000000000e-01 1.689760691906397e-01 1.016468042136318e+00
2.150000000000000e-01 1.744328260917313e-01 1.017566145943156e+00
2.200000000000000e-01 1.799986091874004e-01 1.018724344369328e+00
2.250000000000000e-01 1.856768972732633e-01 1.019945842494449e+00
2.300000000000000e-01 1.914712394642179e-01 1.021234071499598e+00
2.350000000000000e-01 1.973852574127551e-01 1.022592657705893e+00
2.400000000000000e-01 2.034226475726105e-01 1.024025470650248e+00
2.450000000000000e-01 2.095871835091678e-01 1.025536599660618e+00
2.500000000000000e-01 2.158827182580599e-01 1.027130388819878e+00
2.550000000000000e-01 2.223131867334419e-01 1.028811436724595e+00
2.600000000000000e-01 2.288826081874405e-01 1.030584620675151e+00
2.650000000000000e-01 2.355950887223172e-01 1.032455109878816e+00
2.700000000000000e-01 2.424548238569160e-01 1.034428386071857e+00
2.750000000000000e-01 2.494661011489995e-01 1.036510262281062e+00
2.800000000000000e-01 2.566333028751116e-01 1.038706903913507e+00
2.850000000000000e-01 2.639609087696434e-01 1.041024850399425e+00
2.900000000000000e-01 2.714534988248126e-01 1.043471038123487e+00
2.950000000000000e-01 2.791157561533084e-01 1.046052824373358e+00
3.000000000000000e-01 2.869524699153886e-01 1.048778012374408e+00
3.050000000000000e-01 2.949685383122613e-01 1.051654877319428e+00
3.100000000000000e-01 3.031689716476197e-01 1.054692193306192e+00
3.150000000000000e-01 3.115588954592450e-01 1.057899261036251e+00
3.200000000000000e-01 3.201435537226349e-01 1.061285936075948e+00
3.250000000000000e-01 3.289283121286580e-01 1.064862657410831e+00
3.300000000000000e-01 3.379186614372866e-01 1.068640475941088e+00
3.350000000000000e-01 3.471202209094989e-01 1.072631082463567e+00
3.400000000000000e-01 3.565387418195016e-01 1.076846834562288e+00
3.450000000000000e-01 3.661801110494620e-01 1.081300781679874e+00
3.500000000000000e-01 3.760503547690021e-01 1.086006687462355e+00
3.550000000000000e-01 3.861556422017504e-01 1.090979048253740e+00
3.600000000000000e-01 3.965022894813072e-01 1.096233106358310e+00
3.650000000000000e-01 4.070967635990345e-01 1.101784856380382e+00
3.700000000000000e-01 4.179456864461349e-01 1.107651042585052e+00
3.750000000000000e-01 4.290558389525505e-01 1.113849144789664e+00
3.800000000000000e-01 4.404341653252637e-01 1.120397349783938e+00
3.850000000000000e-01 4.520877773886537e-01 1.127314504675286e+00
3.900000000000000e-01 4.640239590296172e-01 1.134620047852401e+00
3.950000000000000e-01 4.762501707502353e-01 1.142333912441788e+00
4.000000000000000e-01 4.887740543308307e-01 1.150476396185991e+00
4.050000000000000e-01 5.016034376063282e-01 1.159067990587452e+00
4.100000000000000e-01 5.147463393589066e-01 1.168129160930389e+00
4.150000000000000e-01 5.282109743299990e-01 1.177680067412888e+00
4.200000000000000e-01 5.420057583547735e-01 1.187740216101309e+00
4.250000000000000e-01 5.561393136223041e-01 1.198328026784797e+00
4.300000000000000e-01 5.706204740647189e-01 1.209460303111108e+00
4.350000000000000e-01 5.854582908786964e-01 1.221151588718010e+00
4.400000000000000e-01 6.006620381827575e-01 1.233413391587135e+00
4.450000000000000e-01 6.162412188138907e-01 1.246253257773374e+00
4.500000000000000e-01 6.322055702671360e-01 1.259673675353706e+00
4.550000000000000e-01 6.485650707818353e-01 1.273670790405419e+00
4.600000000000000e-01 6.653299455783577e-01 1.288232919785229e+00
4.650000000000000e-01 6.825106732491932e-01 1.303338851421724e+00
4.700000000000000e-01 7.001179923084168e-01 1.318955933047391e+00
4.750000000000000e-01 7.181629079036070e-01 1.335037966404809e+00
4.800000000000000e-01 7.366566986944229e-01 1.351522947864619e+00
4.850000000000000e-01 7.556109239021327e-01 1.368330730094194e+00
4.900000000000000e-01 7.750374305345038e-01 1.385360724633248e+00
4.950000000000000e-01 7.949483607905672e-01 1.402489822691660e+00
5.000000000000000e-01 8.153561596498893e-01 1.419570779796189e+00
5.050000000000000e-01 8.362735826510871e-01 1.436431384008633e+00
5.100000000000000e-01 8.577137038644561e-01 1.452874796726804e+00
5.150000000000000e-01 8.796899240636907e-01 1.468681501828404e+00
5.200000000000000e-01 9.022159791018011e-01 1.483613297867727e+00
5.250000000000000e-01 9.253059484964714e-01 1.497419688762850e+00
5.300000000000000e-01 9.489742642302165e-01 1.509846842073073e+00
5.350000000000000e-01 9.732357197708378e-01 1.520648975213757e+00
5.400000000000000e-01 9.981054793178262e-01 1.529601612413027e+00
5.450000000000000e-01 1.023599087280478e+00 1.536515685123581e+00
5.500000000000000e-01 1.049732477993657e+00 1.541251027652797e+00
5.550000000000000e-01 1.076521985677273e+00 1.543727578020217e+00
5.600000000000001e-01 1.103984354645701e+00 1.543932650358901e+00
5.650000000000001e-01 1.132136749773522e+00 1.541923055611376e+00
5.700000000000001e-01 1.160996767224129e+00 1.537821564809850e+00
5.750000000000001e-01 1.190582445447902e+00 1.531808080499105e+00
5.800000000000000e-01 1.220912276456826e+00 1.524106691611079e+00
5.850000000000000e-01 1.252005217382601e+00 1.514970334714662e+00
5.900000000000000e-01 1.283880702325469e+00 1.504664956309588e+00
5.950000000000000e-01 1.316558654501151e+00 1.493454872780252e+00
6.000000000000000e-01 1.350059498693518e+00 1.481590564084402e+00
6.050000000000000e-01 1.384404174020732e+00 1.469299568780398e+00
6.100000000000000e-01 1.419614147022888e+00 1.456780614591183e+00
6.150000000000000e-01 1.455711425079295e+00 1.444200713462642e+00
6.200000000000000e-01 1.492718570163803e+00 1.431694706749098e+00
6.250000000000000e-01 1.530658712946775e+00 1.419366651699393e+00
6.300000000000000e-01 1.569555567252506e+00 1.407292456415862e+00
6.350000000000000e-01 1.609433444881138e+00 1.395523252593274e+00
6.400000000000000e-01 1.650317270804325e+00 1.384089105660644e+00
6.450000000000000e-01 1.692232598744148e+00 1.373002773795067e+00
6.500000000000000e-01 1.735205627145031e+00 1.362263325192306e+00
6.550000000000000e-01 1.779263215548615e+00 1.351859500170955e+00
6.600000000000000e-01 1.824432901381847e+00 1.341772760020590e+00
6.650000000000000e-01 1.870742917168772e+00 1.331980000002815e+00
6.700000000000000e-01 1.918222208176775e+00 1.322455923076705e+00
6.750000000000000e-01 1.966900450508319e+00 1.313175077776776e+00
6.800000000000000e-01 2.016808069649473e+00 1.304113562345297e+00
6.850000000000001e-01 2.067976259486829e+00 1.295250391751275e+00
6.900000000000001e-01 2.120437001804702e+00 1.286568518452361e+00
6.950000000000001e-01 2.174223086274785e+00 1.278055495110486e+00
7.000000000000001e-01 2.229368130950753e+00 1.269703770664506e+00
7.050000000000000e-01 2.285906603280654e+00 1.261510621736676e+00
7.100000000000000e-01 2.343873841650178e+00 1.253477739255148e+00
7.150000000000000e-01 2.403306077470301e+00 1.245610513517857e+00
7.200000000000000e-01 2.464240457823092e+00 1.237917086063800e+00
7.250000000000000e-01 2.526715068679855e+00 1.230407258829301e+00
7.300000000000000e-01 2.590768958706095e+00 1.223091365132304e+00
7.350000000000000e-01 2.656442163668210e+00 1.215979209073685e+00
7.400000000000000e-01 2.723775731457148e+00 1.209079168181552e+00
7.450000000000000e-01 2.792811747744667e+00 1.202397529622499e+00
7.500000000000000e-01 2.863593362288260e+00 1.195938096937559e+00
7.550000000000000e-01 2.936164815901156e+00 1.189702067876162e+00
7.600000000000000e-01 3.010571468104263e+00 1.183688150916735e+00
7.650000000000000e-01 3.086859825477351e+00 1.177892863910976e+00
7.700000000000000e-01 3.165077570727174e+00 1.172310946170655e+00
7.750000000000000e-01 3.245273592490716e+00 1.166935815617691e+00
7.800000000000000e-01 3.327498015892184e+00 1.161760013127663e+00
7.850000000000000e-01 3.411802233872832e+00 1.156775592981455e+00
7.900000000000000e-01 3.498238939313234e+00 1.151974436958058e+00
7.950000000000000e-01 3.586862157968046e+00 1.147348486247204e+00
8.000000000000000e-01 3.677727282233856e+00 1.142889897615353e+00
8.050000000000000e-01 3.770891105771243e+00 1.138591137309823e+00
8.100000000000001e-01 3.866411859002656e+00 1.134445028561449e+00
8.150000000000001e-01 3.964349245508326e+00 1.130444767567788e+00
8.200000000000001e-01 4.064764479342956e+00 1.126583920033755e+00
8.250000000000001e-01 4.167720323296481e+00 1.122856407006712e+00
8.300000000000001e-01 4.273281128122877e+00 1.119256485712164e+00
8.350000000000000e-01 4.381512872761445e+00 1.115778728763694e+00
8.400000000000000e-01 4.492483205575838e+00 1.112418003539883e+00
8.450000000000000e-01 4.606261486636447e+00 1.109169452562009e+00
8.500000000000000e-01 4.722918831072739e+00 1.106028475182863e+00
8.550000000000000e-01 4.842528153522501e+00 1.102990710640925e+00
8.600000000000000e-01 4.965164213705875e+00 1.100052022424060e+00
8.650000000000000e-01 5.090903663152626e+00 1.097208483848323e+00
8.700000000000000e-01 5.219825093111814e+00 1.094456364749972e+00
8.750000000000000e-01 5.352009083673925e+00 1.091792119193200e+00
8.800000000000000e-01 5.487538254136007e+00 1.089212374104036e+00
8.850000000000000e-01 5.626497314641444e+00 1.086713918749362e+00
8.900000000000000e-01 5.768973119126561e+00 1.084293694987870e+00
8.950000000000000e-01 5.915054719607133e+00 1.081948788227002e+00
9.000000000000000e-01 6.064833421838831e+00 1.079676419026274e+00
9.050000000000000e-01 6.218402842386253e+00 1.077473935293129e+00
9.100000000000000e-01 6.375858967136348e+00 1.075338805022559e+00
9.150000000000000e-01 6.537300211292723e+00 1.073268609536317e+00
9.200000000000000e-01 6.702827480888332e+00 1.071261037181583e+00
9.250000000000000e-01 6.872544235855034e+00 1.069313877452676e+00
9.300000000000000e-01 7.046556554689444e+00 1.067425015502631e+00
9.350000000000001e-01 7.224973200755413e+00 1.065592427014473e+00
9.400000000000001e-01 7.407905690264673e+00 1.063814173404623e+00
9.450000000000001e-01 7.595468361978146e+00 1.062088397333339e+00
9.500000000000001e-01 7.787778448671316e+00 1.060413318499198e+00
9.550000000000001e-01 7.984956150408610e+00 1.058787229696624e+00
9.600000000000000e-01 8.187124709672272e+00 1.057208493117221e+00
9.650000000000000e-01 8.394410488393007e+00 1.055675536877263e+00
9.700000000000000e-01 8.606943046930221e+00 1.054186851755183e+00
9.750000000000000e-01 8.824855225051540e+00 1.052740988124176e+00
9.800000000000000e-01 9.048283224961922e+00 1.051336553066263e+00
9.850000000000000e-01 9.277366696434507e+00 1.049972207655244e+00
9.900000000000000e-01 9.512248824096272e+00 1.048646664396963e+00
9.950000000000000e-01 9.753076416923058e+00 1.047358684816209e+00
1.000000000000000e+00 1.000000000000000e+01 1.046107077180397e+00
