0.000000000000000e+00 0.000000000000000e+00 1.000000000000000e+00
5.000000000000000e-03 3.369477419287315e-03 1.000013241536683e+00
1.000000000000000e-02 6.741060871647481e-03 1.000066214596261e+00
1.500000000000000e-02 1.011685770649257e-02 1.000154590295017e+00
2.000000000000000e-02 1.349897790673588e-02 1.000278658235931e+00
2.500000000000000e-02 1.688953540759990e-02 1.000438744268404e+00
3.000000000000000e-02 2.029064941789469e-02 1.000635256436013e+00
3.500000000000000e-02 2.370444574459234e-02 1.000868703415191e+00
4.000000000000000e-02 2.713305812152553e-02 1.001139666423603e+00
4.500000000000000e-02 3.057862954304063e-02 1.001448860414613e+00
5.000000000000000e-02 3.404331360343898e-02 1.001797129787592e+00
5.500000000000000e-02 3.752927584304335e-02 1.002185355396809e+00
6.000000000000000e-02 4.103869510173117e-02 1.002614522113284e+00
6.500000000000000e-02 4.457376488078044e-02 1.003085795957979e+00
7.000000000000001e-02 4.813669471387935e-02 1.003600415182909e+00
7.500000000000000e-02 5.172971154815675e-02 1.004159672467379e+00
8.000000000000000e-02 5.535506113609672e-02 1.004765063248568e+00
8.500000000000001e-02 5.901500943920686e-02 1.005418234490104e+00
9.000000000000000e-02 6.271184404431801e-02 1.006120849914073e+00
9.500000000000000e-02 6.644787559340060e-02 1.006874720159154e+00
1.000000000000000e-01 7.022543922779090e-02 1.007681914894173e+00
1.050000000000000e-01 7.404689604773053e-02 1.008544593408542e+00
1.100000000000000e-01 7.791463458813094e-02 1.009464966359914e+00
1.150000000000000e-01 8.183107231148547e-02 1.010445491409316e+00
1.200000000000000e-01 8.579865711886202e-02 1.011488857508619e+00
1.250000000000000e-01 8.981986887992111e-02 1.012597823604241e+00
1.300000000000000e-01 9.389722098291493e-02 1.013775318618588e+00
1.350000000000000e-01 9.803326190563690e-02 1.015024572071962e+00
1.400000000000000e-01 1.022305768083033e-01 1.016348983814228e+00
1.450000000000000e-01 1.064917891493625e-01 1.017752074571148e+00
1.500000000000000e-01 1.108195623252418e-01 1.019237672562918e+00
1.550000000000000e-01 1.152166013350572e-01 1.020809923151538e+00
1.600000000000000e-01 1.196856544713255e-01 1.022473114874392e+00
1.650000000000000e-01 1.242295150377370e-01 1.024231751980741e+00
1.700000000000000e-01 1.288510230950609e-01 1.026090763280621e+00
1.750000000000000e-01 1.335530672362758e-01 1.028055419721114e+00
1.800000000000000e-01 1.383385863920344e-01 1.030131164823090e+00
1.850000000000000e-01 1.432105716675912e-01 1.032323762108271e+00
1.900000000000000e-01 1.481720682123397e-01 1.034639505760922e+00
1.950000000000000e-01 1.532261771231311e-01 1.037085104821274e+00
2.000000000000000e-01 1.583760573825595e-01 1.039667520964907e+00
2.050000000000000e-01 1.636249278334301e-01 1.042394135139766e+00
2.100000000000000e-01 1.689760691906397e-01 1.045272974343720e+00
2.150000000000000e-01 1.744328260917313e-01 1.048312626649499e+00
2.200000000000000e-01 1.799986091874004e-01 1.051522081870902e+00
2.250000000000000e-01 1.856768972732633e-01 1.054910851132590e+00
2.300000000000000e-01 1.914712394642179e-01 1.058489197216282e+00
2.350000000000000e-01 1.973852574127551e-01 1.062268171599709e+00
2.400000000000000e-01 2.034226475726105e-01 1.066259532431721e+00
2.450000000000000e-01 2.095871835091678e-01 1.070475728645097e+00
2.500000000000000e-01 2.158827182580599e-01 1.074930007918676e+00
2.550000000000000e-01 2.223131867334419e-01 1.079636655758680e+00
2.600000000000000e-01 2.288826081874405e-01 1.084611165543031e+00
2.650000000000000e-01 2.355950887223172e-01 1.089870124717873e+00
2.700000000000000e-01 2.424548238569160e-01 1.095431149944055e+00
2.750000000000000e-01 2.494661011489995e-01 1.101313143832641e+00
2.800000000000000e-01 2.566333028751116e-01 1.107536518550606e+00
2.850000000000000e-01 2.639609087696434e-01 1.114123370270185e+00
2.900000000000000e-01 2.714534988248126e-01 1.121097743985978e+00
2.950000000000000e-01 2.791157561533084e-01 1.128485649383124e+00
3.000000000000000e-01 2.869524699153886e-01 1.136315162050676e+00
3.050000000000000e-01 2.949685383122613e-01 1.144616763369731e+00
3.100000000000000e-01 3.031689716476197e-01 1.153423506015901e+00
3.150000000000000e-01 3.115588954592450e-01 1.162771496601341e+00
3.200000000000000e-01 3.201435537226349e-01 1.172700276618084e+00
3.250000000000000e-01 3.289283121286580e-01 1.183253249898108e+00
3.300000000000000e-01 3.379186614372866e-01 1.194478266775595e+00
3.350000000000000e-01 3.471202209094989e-01 1.206428141418428e+00
3.400000000000000e-01 3.565387418195016e-01 1.219161433108735e+00
3.450000000000000e-01 3.661801110494620e-01 1.232743243707933e+00
3.500000000000000e-01 3.760503547690021e-01 1.247246280631823e+00
3.550000000000000e-01 3.861556422017504e-01 1.262752079497137e+00
3.600000000000000e-01 3.965022894813072e-01 1.279352532358299e+00
3.650000000000000e-01 4.070967635990345e-01 1.297151741826762e+00
3.700000000000000e-01 4.179456864461349e-01 1.316268324963063e+00
3.750000000000000e-01 4.290558389525505e-01 1.336838283488200e+00
3.800000000000000e-01 4.404341653252637e-01 1.359018623212218e+00
3.850000000000000e-01 4.520877773886537e-01 1.382991963089116e+00
3.900000000000000e-01 4.640239590296172e-01 1.408972474173149e+00
3.950000000000000e-01 4.762501707502353e-01 1.437213628558299e+00
4.000000000000000e-01 4.887740543308307e-01 1.468018450956055e+00
4.050000000000000e-01 5.016034376063282e-01 1.501753289753806e+00
4.100000000000000e-01 5.147463393589066e-01 1.538866632299429e+00
4.150000000000000e-01 5.282109743299990e-01 1.579915304271990e+00
4.200000000000000e-01 5.420057583547735e-01 1.625601738705745e+00
4.250000000000000e-01 5.561393136223041e-01 1.676828293135113e+00
4.300000000000000e-01 5.706204740647189e-01 1.734778642476267e+00
4.350000000000000e-01 5.854582908786964e-01 1.801043723442556e+00
4.400000000000000e-01 6.006620381827575e-01 1.877824062365802e+00
4.450000000000000e-01 6.162412188138907e-01 1.968269517761632e+00
4.500000000000000e-01 6.322055702671360e-01 2.077080639884209e+00
4.550000000000000e-01 6.485650707818353e-01 2.211642339887305e+00
4.600000000000000e-01 6.653299455783577e-01 2.384325709935534e+00
4.650000000000000e-01 6.825106732491932e-01 2.617552160949604e+00
4.700000000000000e-01 7.001179923084168e-01 2.955522148322942e+00
4.750000000000000e-01 7.181629079036070e-01 3.486729634617674e+00
4.800000000000000e-01 7.366566986944229e-01 4.310239715925023e+00
4.850000000000000e-01 7.556109239021327e-01 5.043064674228305e+00
4.900000000000000e-01 7.750374305345038e-01 4.743178336731709e+00
4.950000000000000e-01 7.949483607905672e-01 3.962546121265651e+00
5.000000000000000e-01 8.153561596498893e-01 3.408959017265329e+00
5.050000000000000e-01 8.362735826510871e-01 3.044310868142230e+00
5.100000000000000e-01 8.577137038644561e-01 2.778451897302784e+00
5.150000000000000e-01 8.796899240636907e-01 2.575216906308277e+00
5.200000000000000e-01 9.022159791018011e-01 2.414508296221135e+00
5.250000000000000e-01 9.253059484964714e-01 2.283170590733442e+00
5.300000000000000e-01 9.489742642302165e-01 2.173749927549056e+00
5.350000000000000e-01 9.732357197708378e-01 2.080816980322459e+00
5.400000000000000e-01 9.981054793178262e-01 2.000772666778992e+00
5.450000000000000e-01 1.023599087280478e+00 1.931001414401333e+00
5.500000000000000e-01 1.049732477993657e+00 1.869545912294492e+00
5.550000000000000e-01 1.076521985677273e+00 1.814961342377870e+00
5.600000000000001e-01 1.103984354645701e+00 1.766104563490553e+00
5.650000000000001e-01 1.132136749773522e+00 1.722094475019064e+00
5.700000000000001e-01 1.160996767224129e+00 1.682220980733429e+00
5.750000000000001e-01 1.190582445447902e+00 1.645911698760430e+00
5.800000000000000e-01 1.220912276456826e+00 1.612699483513961e+00
5.850000000000000e-01 1.252005217382601e+00 1.582196249287777e+00
5.900000000000000e-01 1.283880702325469e+00 1.554079527823630e+00
5.950000000000000e-01 1.316558654501151e+00 1.528076809848416e+00
6.000000000000000e-01 1.350059498693518e+00 1.503957186065553e+00
6.050000000000000e-01 1.384404174020732e+00 1.481523149614786e+00
6.100000000000000e-01 1.419614147022888e+00 1.460604631575046e+00
6.150000000000000e-01 1.455711425079295e+00 1.441054458587995e+00
6.200000000000000e-01 1.492718570163803e+00 1.422744376791524e+00
6.250000000000000e-01 1.530658712946775e+00 1.405562139548908e+00
6.300000000000000e-01 1.569555567252506e+00 1.389408972460132e+00
6.350000000000000e-01 1.609433444881138e+00 1.374197564236826e+00
6.400000000000000e-01 1.650317270804325e+00 1.359850402415115e+00
6.450000000000000e-01 1.692232598744148e+00 1.346298377237427e+00
6.500000000000000e-01 1.735205627145031e+00 1.333479630837312e+00
6.550000000000000e-01 1.779263215548615e+00 1.321338579812534e+00
6.600000000000000e-01 1.824432901381847e+00 1.309825093106349e+00
6.650000000000000e-01 1.870742917168772e+00 1.298893792185757e+00
6.700000000000000e-01 1.918222208176775e+00 1.288503452717700e+00
6.750000000000000e-01 1.966900450508319e+00 1.278616491483515e+00
6.800000000000000e-01 2.016808069649473e+00 1.269198523725936e+00
6.850000000000001e-01 2.067976259486829e+00 1.260217980395921e+00
6.900000000000001e-01 2.120437001804702e+00 1.251645776221926e+00
6.950000000000001e-01 2.174223086274785e+00 1.243455021605702e+00
7.000000000000001e-01 2.229368130950753e+00 1.235620772886349e+00
7.050000000000000e-01 2.285906603280654e+00 1.228119816823543e+00
7.100000000000000e-01 2.343873841650178e+00 1.220930486381367e+00
7.150000000000000e-01 2.403306077470301e+00 1.214032505974057e+00
7.200000000000000e-01 2.464240457823092e+00 1.207406865357580e+00
7.250000000000000e-01 2.526715068679855e+00 1.201035722303116e+00
7.300000000000000e-01 2.590768958706095e+00 1.194902335064227e+00
7.350000000000000e-01 2.656442163668210e+00 1.188991026410085e+00
7.400000000000000e-01 2.723775731457148e+00 1.183287181563848e+00
7.450000000000000e-01 2.792811747744667e+00 1.177777282632117e+00
7.500000000000000e-01 2.863593362288260e+00 1.172448981852353e+00
7.550000000000000e-01 2.936164815901156e+00 1.167291214969832e+00
7.600000000000000e-01 3.010571468104263e+00 1.162294353974672e+00
7.650000000000000e-01 3.086859825477351e+00 1.157450394944852e+00
7.700000000000000e-01 3.165077570727174e+00 1.152753171556977e+00
7.750000000000000e-01 3.245273592490716e+00 1.148198577804799e+00
7.800000000000000e-01 3.327498015892184e+00 1.143784774795487e+00
7.850000000000000e-01 3.411802233872832e+00 1.139512346897243e+00
7.900000000000000e-01 3.498238939313234e+00 1.135384363402590e+00
7.950000000000000e-01 3.586862157968046e+00 1.131406295350082e+00
8.000000000000000e-01 3.677727282233856e+00 1.127585735760310e+00
8.050000000000000e-01 3.770891105771243e+00 1.123931877770735e+00
8.100000000000001e-01 3.866411859002656e+00 1.120454720645183e+00
8.150000000000001e-01 3.964349245508326e+00 1.117163998515323e+00
8.200000000000001e-01 4.064764479342956e+00 1.114067859610057e+00
8.250000000000001e-01 4.167720323296481e+00 1.111171362493124e+00
8.300000000000001e-01 4.273281128122877e+00 1.108474897968230e+00
8.350000000000000e-01 4.381512872761445e+00 1.105972687993269e+00
8.400000000000000e-01 4.492483205575838e+00 1.103651554446609e+00
8.450000000000000e-01 4.606261486636447e+00 1.101490192992700e+00
8.500000000000000e-01 4.722918831072739e+00 1.099459232777686e+00
8.550000000000000e-01 4.842528153522501e+00 1.097522394566958e+00
8.600000000000000e-01 4.965164213705875e+00 1.095639018155354e+00
8.650000000000000e-01 5.090903663152626e+00 1.093768017917901e+00
8.700000000000000e-01 5.219825093111814e+00 1.091872883399973e+00
8.750000000000000e-01 5.352009083673925e+00 1.089926761468162e+00
8.800000000000000e-01 5.487538254136007e+00 1.087916230105892e+00
8.850000000000000e-01 5.626497314641444e+00 1.085842464663376e+00
8.900000000000000e-01 5.768973119126561e+00 1.083719255604807e+00
8.950000000000000e-01 5.915054719607133e+00 1.081568485074656e+00
9.000000000000000e-01 6.064833421838831e+00 1.079414604878812e+00
9.050000000000000e-01 6.218402842386253e+00 1.077279859774896e+00
9.100000000000000e-01 6.375858967136348e+00 1.075181410596326e+00
9.150000000000000e-01 6.537300211292723e+00 1.073130554914133e+00
9.200000000000000e-01 6.702827480888332e+00 1.071133473948953e+00
9.250000000000000e-01 6.872544235855034e+00 1.069192659023668e+00
9.300000000000000e-01 7.046556554689444e+00 1.067308331977627e+00
9.350000000000001e-01 7.224973200755413e+00 1.065479514558581e+00
9.400000000000001e-01 7.407905690264673e+00 1.063704691944265e+00
9.450000000000001e-01 7.595468361978146e+00 1.061982163640929e+00
9.500000000000001e-01 7.787778448671316e+00 1.060310203834509e+00
9.550000000000001e-01 7.984956150408610e+00 1.058687124527518e+00
9.600000000000000e-01 8.187124709672272e+00 1.057111296090833e+00
9.650000000000000e-01 8.394410488393007e+00 1.055581151610261e+00
9.700000000000000e-01 8.606943046930221e+00 1.054095185885527e+00
9.750000000000000e-01 8.824855225051540e+00 1.052651952955990e+00
9.800000000000000e-01 9.048283224961922e+00 1.051250063360785e+00
9.850000000000000e-01 9.277366696434507e+00 1.049888181460238e+00
9.900000000000000e-01 9.512248824096272e+00 1.048565022890932e+00
9.950000000000000e-01 9.753076416923058e+00 1.047279352162320e+00
1.000000000000000e+00 1.000000000000000e+01 1.046029980388777e+00
