0.000000000000000e+00 0.000000000000000e+00 1.000000000000000e+00
5.000000000000000e-03 3.369477419287315e-03 1.000007693266078e+00
1.000000000000000e-02 6.741060871647481e-03 1.000038443834252e+00
1.500000000000000e-02 1.011685770649257e-02 1.000089699808977e+00
2.000000000000000e-02 1.349897790673588e-02 1.000161689228882e+00
2.500000000000000e-02 1.688953540759990e-02 1.000254602132685e+00
3.000000000000000e-02 2.029064941789469e-02 1.000368610401230e+00
3.500000000000000e-02 2.370444574459234e-02 1.000504005390253e+00
4.000000000000000e-02 2.713305812152553e-02 1.000661176504426e+00
4.500000000000000e-02 3.057862954304063e-02 1.000840512969037e+00
5.000000000000000e-02 3.404331360343898e-02 1.001042431636182e+00
5.500000000000000e-02 3.752927584304335e-02 1.001267459158547e+00
6.000000000000000e-02 4.103869510173117e-02 1.001516201332930e+00
6.500000000000000e-02 4.457376488078044e-02 1.001789270305610e+00
7.000000000000001e-02 4.813669471387935e-02 1.002087329794858e+00
7.500000000000000e-02 5.172971154815675e-02 1.002411161891962e+00
8.000000000000000e-02 5.535506113609672e-02 1.002761616212334e+00
8.500000000000001e-02 5.901500943920686e-02 1.003139555172517e+00
9.000000000000000e-02 6.271184404431801e-02 1.003545919914919e+00
9.500000000000000e-02 6.644787559340060e-02 1.003981779238419e+00
1.000000000000000e-01 7.022543922779090e-02 1.004448262260254e+00
1.050000000000000e-01 7.404689604773053e-02 1.004946522208372e+00
1.100000000000000e-01 7.791463458813094e-02 1.005477815731295e+00
1.150000000000000e-01 8.183107231148547e-02 1.006043539928809e+00
1.200000000000000e-01 8.579865711886202e-02 1.006645158605525e+00
1.250000000000000e-01 8.981986887992111e-02 1.007284171714456e+00
1.300000000000000e-01 9.389722098291493e-02 1.007962196189353e+00
1.350000000000000e-01 9.803326190563690e-02 1.008681010701982e+00
1.400000000000000e-01 1.022305768083033e-01 1.009442491322751e+00
1.450000000000000e-01 1.064917891493625e-01 1.010248562074507e+00
1.500000000000000e-01 1.108195623252418e-01 1.011101255739583e+00
1.550000000000000e-01 1.152166013350572e-01 1.012002794356841e+00
1.600000000000000e-01 1.196856544713255e-01 1.012955565468274e+00
1.650000000000000e-01 1.242295150377370e-01 1.013962027991458e+00
1.700000000000000e-01 1.288510230950609e-01 1.015024712823742e+00
1.750000000000000e-01 1.335530672362758e-01 1.016146354208997e+00
1.800000000000000e-01 1.383385863920344e-01 1.017329949715609e+00
1.850000000000000e-01 1.432105716675912e-01 1.018578634456937e+00
1.900000000000000e-01 1.481720682123397e-01 1.019895599118756e+00
1.950000000000000e-01 1.532261771231311e-01 1.021284212422059e+00
2.000000000000000e-01 1.583760573825595e-01 1.022748128765051e+00
2.050000000000000e-01 1.636249278334301e-01 1.024291249360764e+00
2.100000000000000e-01 1.689760691906397e-01 1.025917689417358e+00
2.150000000000000e-01 1.744328260917313e-01 1.027631744718549e+00
2.200000000000000e-01 1.799986091874004e-01 1.029437853965691e+00
2.250000000000000e-01 1.856768972732633e-01 1.031340729997860e+00
2.300000000000000e-01 1.914712394642179e-01 1.033345467547476e+00
2.350000000000000e-01 1.973852574127551e-01 1.035457469266570e+00
2.400000000000000e-01 2.034226475726105e-01 1.037682467248467e+00
2.450000000000000e-01 2.095871835091678e-01 1.040026497972416e+00
2.500000000000000e-01 2.158827182580599e-01 1.042495828175435e+00
2.550000000000000e-01 2.223131867334419e-01 1.045097089933245e+00
2.600000000000000e-01 2.288826081874405e-01 1.047837255178770e+00
2.650000000000000e-01 2.355950887223172e-01 1.050723711535656e+00
2.700000000000000e-01 2.424548238569160e-01 1.053764313484011e+00
2.750000000000000e-01 2.494661011489995e-01 1.056967361497661e+00
2.800000000000000e-01 2.566333028751116e-01 1.060341675714330e+00
2.850000000000000e-01 2.639609087696434e-01 1.063896569555278e+00
2.900000000000000e-01 2.714534988248126e-01 1.067641910509430e+00
2.950000000000000e-01 2.791157561533084e-01 1.071588125751791e+00
3.000000000000000e-01 2.869524699153886e-01 1.075746248626035e+00
3.050000000000000e-01 2.949685383122613e-01 1.080127946372557e+00
3.100000000000000e-01 3.031689716476197e-01 1.084745561075979e+00
3.150000000000000e-01 3.115588954592450e-01 1.089612146800380e+00
3.200000000000000e-01 3.201435537226349e-01 1.094741510526914e+00
3.250000000000000e-01 3.289283121286580e-01 1.100148253175237e+00
3.300000000000000e-01 3.379186614372866e-01 1.105847811841516e+00
3.350000000000000e-01 3.471202209094989e-01 1.111856502267223e+00
3.400000000000000e-01 3.565387418195016e-01 1.118191561149564e+00
3.450000000000000e-01 3.661801110494620e-01 1.124871187414715e+00
3.500000000000000e-01 3.760503547690021e-01 1.131914581400642e+00
3.550000000000000e-01 3.861556422017504e-01 1.139341980527429e+00
3.600000000000000e-01 3.965022894813072e-01 1.147174689616145e+00
3.650000000000000e-01 4.070967635990345e-01 1.155435103476456e+00
3.700000000000000e-01 4.179456864461349e-01 1.164146718704872e+00
3.750000000000000e-01 4.290558389525505e-01 1.173334130778611e+00
3.800000000000000e-01 4.404341653252637e-01 1.183023011449869e+00
3.850000000000000e-01 4.520877773886537e-01 1.193240060084511e+00
3.900000000000000e-01 4.640239590296172e-01 1.204012920877001e+00
3.950000000000000e-01 4.762501707502353e-01 1.215370055722625e+00
4.000000000000000e-01 4.887740543308307e-01 1.227340559832689e+00
4.050000000000000e-01 5.016034376063282e-01 1.239953903811752e+00
4.100000000000000e-01 5.147463393589066e-01 1.253239581730861e+00
4.150000000000000e-01 5.282109743299990e-01 1.267226639562900e+00
4.200000000000000e-01 5.420057583547735e-01 1.281943052025095e+00
4.250000000000000e-01 5.561393136223041e-01 1.297414908245688e+00
4.300000000000000e-01 5.706204740647189e-01 1.313665357643837e+00
4.350000000000000e-01 5.854582908786964e-01 1.330713257030482e+00
4.400000000000000e-01 6.006620381827575e-01 1.348571448521869e+00
4.450000000000000e-01 6.162412188138907e-01 1.367244586213163e+00
4.500000000000000e-01 6.322055702671360e-01 1.386726419315194e+00
4.550000000000000e-01 6.485650707818353e-01 1.406996433556694e+00
4.600000000000000e-01 6.653299455783577e-01 1.428015756040039e+00
4.650000000000000e-01 6.825106732491932e-01 1.449722249212373e+00
4.700000000000000e-01 7.001179923084168e-01 1.472024768744770e+00
4.750000000000000e-01 7.181629079036070e-01 1.494796653825310e+00
4.800000000000000e-01 7.366566986944229e-01 1.517868676428904e+00
4.850000000000000e-01 7.556109239021327e-01 1.541021919068621e+00
4.900000000000000e-01 7.750374305345038e-01 1.563981391958000e+00
4.950000000000000e-01 7.949483607905672e-01 1.586411632303418e+00
5.000000000000000e-01 8.153561596498893e-01 1.607915997955386e+00
5.050000000000000e-01 8.362735826510871e-01 1.628041750793533e+00
5.100000000000000e-01 8.577137038644561e-01 1.646293109418556e+00
5.150000000000000e-01 8.796899240636907e-01 1.662153954941973e+00
5.200000000000000e-01 9.022159791018011e-01 1.675120539417935e+00
5.250000000000000e-01 9.253059484964714e-01 1.684742313465490e+00
5.300000000000000e-01 9.489742642302165e-01 1.690666204883208e+00
5.350000000000000e-01 9.732357197708378e-01 1.692677196142224e+00
5.400000000000000e-01 9.981054793178262e-01 1.690727027925844e+00
5.450000000000000e-01 1.023599087280478e+00 1.684944224347456e+00
5.500000000000000e-01 1.049732477993657e+00 1.675622427177268e+00
5.550000000000000e-01 1.076521985677273e+00 1.663189101336289e+00
5.600000000000001e-01 1.103984354645701e+00 1.648161157540573e+00
5.650000000000001e-01 1.132136749773522e+00 1.631096296851664e+00
5.700000000000001e-01 1.160996767224129e+00 1.612548371860414e+00
5.750000000000001e-01 1.190582445447902e+00 1.593032463875123e+00
5.800000000000000e-01 1.220912276456826e+00 1.573002034461526e+00
5.850000000000000e-01 1.252005217382601e+00 1.552837643211747e+00
5.900000000000000e-01 1.283880702325469e+00 1.532844963409205e+00
5.950000000000000e-01 1.316558654501151e+00 1.513259199053094e+00
6.000000000000000e-01 1.350059498693518e+00 1.494253184334232e+00
6.050000000000000e-01 1.384404174020732e+00 1.475947029195861e+00
6.100000000000000e-01 1.419614147022888e+00 1.458417851170245e+00
6.150000000000000e-01 1.455711425079295e+00 1.441708727948425e+00
6.200000000000000e-01 1.492718570163803e+00 1.425836450810108e+00
6.250000000000000e-01 1.530658712946775e+00 1.410797955715044e+00
6.300000000000000e-01 1.569555567252506e+00 1.396575485083277e+00
6.350000000000000e-01 1.609433444881138e+00 1.383140623904370e+00
6.400000000000000e-01 1.650317270804325e+00 1.370457389275875e+00
6.450000000000000e-01 1.692232598744148e+00 1.358484555581896e+00
6.500000000000000e-01 1.735205627145031e+00 1.347177383727656e+00
6.550000000000000e-01 1.779263215548615e+00 1.336488901797442e+00
6.600000000000000e-01 1.824432901381847e+00 1.326370861754451e+00
6.650000000000000e-01 1.870742917168772e+00 1.316774475192164e+00
6.700000000000000e-01 1.918222208176775e+00 1.307651011802036e+00
6.750000000000000e-01 1.966900450508319e+00 1.298952327216334e+00
6.800000000000000e-01 2.016808069649473e+00 1.290631371678566e+00
6.850000000000001e-01 2.067976259486829e+00 1.282642716731633e+00
6.900000000000001e-01 2.120437001804702e+00 1.274943122857446e+00
6.950000000000001e-01 2.174223086274785e+00 1.267492155954193e+00
7.000000000000001e-01 2.229368130950753e+00 1.260252844282136e+00
7.050000000000000e-01 2.285906603280654e+00 1.253192350263472e+00
7.100000000000000e-01 2.343873841650178e+00 1.246282614363367e+00
7.150000000000000e-01 2.403306077470301e+00 1.239500913259579e+00
7.200000000000000e-01 2.464240457823092e+00 1.232830264545547e+00
7.250000000000000e-01 2.526715068679855e+00 1.226259608652989e+00
7.300000000000000e-01 2.590768958706095e+00 1.219783708487546e+00
7.350000000000000e-01 2.656442163668210e+00 1.213402729935027e+00
7.400000000000000e-01 2.723775731457148e+00 1.207121500847523e+00
7.450000000000000e-01 2.792811747744667e+00 1.200948488077434e+00
7.500000000000000e-01 2.863593362288260e+00 1.194894574325122e+00
7.550000000000000e-01 2.936164815901156e+00 1.188971750083811e+00
7.600000000000000e-01 3.010571468104263e+00 1.183191852506623e+00
7.650000000000000e-01 3.086859825477351e+00 1.177565477471708e+00
7.700000000000000e-01 3.165077570727174e+00 1.172101163473913e+00
7.750000000000000e-01 3.245273592490716e+00 1.166804901771349e+00
7.800000000000000e-01 3.327498015892184e+00 1.161679976210354e+00
7.850000000000000e-01 3.411802233872832e+00 1.156727089517031e+00
7.900000000000000e-01 3.498238939313234e+00 1.151944699953457e+00
7.950000000000000e-01 3.586862157968046e+00 1.147329478149558e+00
8.000000000000000e-01 3.677727282233856e+00 1.142876798416375e+00
8.050000000000000e-01 3.770891105771243e+00 1.138581197222607e+00
8.100000000000001e-01 3.866411859002656e+00 1.134436756673417e+00
8.150000000000001e-01 3.964349245508326e+00 1.130437395722232e+00
8.200000000000001e-01 4.064764479342956e+00 1.126577071403347e+00
8.250000000000001e-01 4.167720323296481e+00 1.122849904351011e+00
8.300000000000001e-01 4.273281128122877e+00 1.119250247596665e+00
8.350000000000000e-01 4.381512872761445e+00 1.115772717045893e+00
8.400000000000000e-01 4.492483205575838e+00 1.112412198549994e+00
8.450000000000000e-01 4.606261486636447e+00 1.109163842156083e+00
8.500000000000000e-01 4.722918831072739e+00 1.106023050237871e+00
8.550000000000000e-01 4.842528153522501e+00 1.102985463321578e+00
8.600000000000000e-01 4.965164213705875e+00 1.100046945553942e+00
8.650000000000000e-01 5.090903663152626e+00 1.097203570688391e+00
8.700000000000000e-01 5.219825093111814e+00 1.094451608916496e+00
8.750000000000000e-01 5.352009083673925e+00 1.091787514620434e+00
8.800000000000000e-01 5.487538254136007e+00 1.089207915020819e+00
8.850000000000000e-01 5.626497314641444e+00 1.086709599660400e+00
8.900000000000000e-01 5.768973119126561e+00 1.084289510657102e+00
8.950000000000000e-01 5.915054719607133e+00 1.081944733662322e+00
9.000000000000000e-01 6.064833421838831e+00 1.079672489465365e+00
9.050000000000000e-01 6.218402842386253e+00 1.077470126190301e+00
9.100000000000000e-01 6.375858967136348e+00 1.075335112036495e+00
9.150000000000000e-01 6.537300211292723e+00 1.073265028518653e+00
9.200000000000000e-01 6.702827480888332e+00 1.071257564166265e+00
9.250000000000000e-01 6.872544235855034e+00 1.069310508646019e+00
9.300000000000000e-01 7.046556554689444e+00 1.067421747274039e+00
9.350000000000001e-01 7.224973200755413e+00 1.065589255887755e+00
9.400000000000001e-01 7.407905690264673e+00 1.063811096049876e+00
9.450000000000001e-01 7.595468361978146e+00 1.062085410559339e+00
9.500000000000001e-01 7.787778448671316e+00 1.060410419246274e+00
9.550000000000001e-01 7.984956150408610e+00 1.058784415029975e+00
9.600000000000000e-01 8.187124709672272e+00 1.057205760220635e+00
9.650000000000000e-01 8.394410488393007e+00 1.055672883047231e+00
9.700000000000000e-01 8.606943046930221e+00 1.054184274395354e+00
9.750000000000000e-01 8.824855225051540e+00 1.052738484740148e+00
9.800000000000000e-01 9.048283224961922e+00 1.051334121260678e+00
9.850000000000000e-01 9.277366696434507e+00 1.049969845123171e+00
9.900000000000000e-01 9.512248824096272e+00 1.048644368921543e+00
9.950000000000000e-01 9.753076416923058e+00 1.047356454264545e+00
1.000000000000000e+00 1.000000000000000e+01 1.046104909499685e+00
