0.000000000000000e+00 0.000000000000000e+00 1.000000000000000e+00
5.000000000000000e-03 3.369477419287315e-03 1.000011760241883e+00
1.000000000000000e-02 6.741060871647481e-03 1.000058751213537e+00
1.500000000000000e-02 1.011685770649257e-02 1.000137058093598e+00
2.000000000000000e-02 1.349897790673588e-02 1.000247057780055e+00
2.500000000000000e-02 1.688953540759990e-02 1.000389022220679e+00
3.000000000000000e-02 2.029064941789469e-02 1.000563236050456e+00
3.500000000000000e-02 2.370444574459234e-02 1.000770181613410e+00
4.000000000000000e-02 2.713305812152553e-02 1.001010403287785e+00
4.500000000000000e-02 3.057862954304063e-02 1.001284479759714e+00
5.000000000000000e-02 3.404331360343898e-02 1.001593148958932e+00
5.500000000000000e-02 3.752927584304335e-02 1.001937237943098e+00
6.000000000000000e-02 4.103869510173117e-02 1.002317581269198e+00
6.500000000000000e-02 4.457376488078044e-02 1.002735146563202e+00
7.000000000000001e-02 4.813669471387935e-02 1.003191075164663e+00
7.500000000000000e-02 5.172971154815675e-02 1.003686541110959e+00
8.000000000000000e-02 5.535506113609672e-02 1.004222773356322e+00
8.500000000000001e-02 5.901500943920686e-02 1.004801189781197e+00
9.000000000000000e-02 6.271184404431801e-02 1.005423331660561e+00
9.500000000000000e-02 6.644787559340060e-02 1.006090772429740e+00
1.000000000000000e-01 7.022543922779090e-02 1.006805236482302e+00
1.050000000000000e-01 7.404689604773053e-02 1.007568645265929e+00
1.100000000000000e-01 7.791463458813094e-02 1.008382982586835e+00
1.150000000000000e-01 8.183107231148547e-02 1.009250317590654e+00
1.200000000000000e-01 8.579865711886202e-02 1.010172963145899e+00
1.250000000000000e-01 8.981986887992111e-02 1.011153407719112e+00
1.300000000000000e-01 9.389722098291493e-02 1.012194176726973e+00
1.350000000000000e-01 9.803326190563690e-02 1.013297961053908e+00
1.400000000000000e-01 1.022305768083033e-01 1.014467757484366e+00
1.450000000000000e-01 1.064917891493625e-01 1.015706721908525e+00
1.500000000000000e-01 1.108195623252418e-01 1.017018067813561e+00
1.550000000000000e-01 1.152166013350572e-01 1.018405253411651e+00
1.600000000000000e-01 1.196856544713255e-01 1.019872086905142e+00
1.650000000000000e-01 1.242295150377370e-01 1.021422548579727e+00
1.700000000000000e-01 1.288510230950609e-01 1.023060722664668e+00
1.750000000000000e-01 1.335530672362758e-01 1.024791006532850e+00
1.800000000000000e-01 1.383385863920344e-01 1.026618205200431e+00
1.850000000000000e-01 1.432105716675912e-01 1.028547348390269e+00
1.900000000000000e-01 1.481720682123397e-01 1.030583619726243e+00
1.950000000000000e-01 1.532261771231311e-01 1.032732573277858e+00
2.000000000000000e-01 1.583760573825595e-01 1.035000263437682e+00
2.050000000000000e-01 1.636249278334301e-01 1.037393074498157e+00
2.100000000000000e-01 1.689760691906397e-01 1.039917606143571e+00
2.150000000000000e-01 1.744328260917313e-01 1.042580869516943e+00
2.200000000000000e-01 1.799986091874004e-01 1.045390478129540e+00
2.250000000000000e-01 1.856768972732633e-01 1.048354551586714e+00
2.300000000000000e-01 1.914712394642179e-01 1.051481584833866e+00
2.350000000000000e-01 1.973852574127551e-01 1.054780529061405e+00
2.400000000000000e-01 2.034226475726105e-01 1.058260940254332e+00
2.450000000000000e-01 2.095871835091678e-01 1.061933080855906e+00
2.500000000000000e-01 2.158827182580599e-01 1.065807968505355e+00
2.550000000000000e-01 2.223131867334419e-01 1.069897269126585e+00
2.600000000000000e-01 2.288826081874405e-01 1.074213228155999e+00
2.650000000000000e-01 2.355950887223172e-01 1.078768899742308e+00
2.700000000000000e-01 2.424548238569160e-01 1.083578333930739e+00
2.750000000000000e-01 2.494661011489995e-01 1.088656596235869e+00
2.800000000000000e-01 2.566333028751116e-01 1.094019891882373e+00
2.850000000000000e-01 2.639609087696434e-01 1.099685532290516e+00
2.900000000000000e-01 2.714534988248126e-01 1.105671910123447e+00
2.950000000000000e-01 2.791157561533084e-01 1.111998736578968e+00
3.000000000000000e-01 2.869524699153886e-01 1.118687078445161e+00
3.050000000000000e-01 2.949685383122613e-01 1.125759603256080e+00
3.100000000000000e-01 3.031689716476197e-01 1.133240751770121e+00
3.150000000000000e-01 3.115588954592450e-01 1.141156864663497e+00
3.200000000000000e-01 3.201435537226349e-01 1.149536434077375e+00
3.250000000000000e-01 3.289283121286580e-01 1.158410235965542e+00
3.300000000000000e-01 3.379186614372866e-01 1.167811617953062e+00
3.350000000000000e-01 3.471202209094989e-01 1.177776726981546e+00
3.400000000000000e-01 3.565387418195016e-01 1.188344842023589e+00
3.450000000000000e-01 3.661801110494620e-01 1.199558713407185e+00
3.500000000000000e-01 3.760503547690021e-01 1.211464975658788e+00
3.550000000000000e-01 3.861556422017504e-01 1.224114609213237e+00
3.600000000000000e-01 3.965022894813072e-01 1.237563477311087e+00
3.650000000000000e-01 4.070967635990345e-01 1.251872942518316e+00
3.700000000000000e-01 4.179456864461349e-01 1.267110580576798e+00
3.750000000000000e-01 4.290558389525505e-01 1.283351007102541e+00
3.800000000000000e-01 4.404341653252637e-01 1.300676837368169e+00
3.850000000000000e-01 4.520877773886537e-01 1.319179801611919e+00
3.900000000000000e-01 4.640239590296172e-01 1.338962041433954e+00
3.950000000000000e-01 4.762501707502353e-01 1.360137614954133e+00
4.000000000000000e-01 4.887740543308307e-01 1.382834238986436e+00
4.050000000000000e-01 5.016034376063282e-01 1.407195293486231e+00
4.100000000000000e-01 5.147463393589066e-01 1.433382103613769e+00
4.150000000000000e-01 5.282109743299990e-01 1.461576491868181e+00
4.200000000000000e-01 5.420057583547735e-01 1.491983546171387e+00
4.250000000000000e-01 5.561393136223041e-01 1.524834460602441e+00
4.300000000000000e-01 5.706204740647189e-01 1.560389140415996e+00
4.350000000000000e-01 5.854582908786964e-01 1.598937963740708e+00
4.400000000000000e-01 6.006620381827575e-01 1.640801557796643e+00
4.450000000000000e-01 6.162412188138907e-01 1.686326505068417e+00
4.500000000000000e-01 6.322055702671360e-01 1.735873260009337e+00
4.550000000000000e-01 6.485650707818353e-01 1.789789790092562e+00
4.600000000000000e-01 6.653299455783577e-01 1.848359970062058e+00
4.650000000000000e-01 6.825106732491932e-01 1.911709058580698e+00
4.700000000000000e-01 7.001179923084168e-01 1.979640215782358e+00
4.750000000000000e-01 7.181629079036070e-01 2.051370271063221e+00
4.800000000000000e-01 7.366566986944229e-01 2.125143696348900e+00
4.850000000000000e-01 7.556109239021327e-01 2.197761950048291e+00
4.900000000000000e-01 7.750374305345038e-01 2.264213183300158e+00
4.950000000000000e-01 7.949483607905672e-01 2.317816236510749e+00
5.000000000000000e-01 8.153561596498893e-01 2.351399954754713e+00
5.050000000000000e-01 8.362735826510871e-01 2.359594315141439e+00
5.100000000000000e-01 8.577137038644561e-01 2.341207470385869e+00
5.150000000000000e-01 8.796899240636907e-01 2.299949445811685e+00
5.200000000000000e-01 9.022159791018011e-01 2.242787179429366e+00
5.250000000000000e-01 9.253059484964714e-01 2.177192646748447e+00
5.300000000000000e-01 9.489742642302165e-01 2.109128473141989e+00
5.350000000000000e-01 9.732357197708378e-01 2.042449481752197e+00
5.400000000000000e-01 9.981054793178262e-01 1.979238051693359e+00
5.450000000000000e-01 1.023599087280478e+00 1.920396085347485e+00
5.500000000000000e-01 1.049732477993657e+00 1.866140898165946e+00
5.550000000000000e-01 1.076521985677273e+00 1.816332038904328e+00
5.600000000000001e-01 1.103984354645701e+00 1.770663438660621e+00
5.650000000000001e-01 1.132136749773522e+00 1.728768831664161e+00
5.700000000000001e-01 1.160996767224129e+00 1.690276218773559e+00
5.750000000000001e-01 1.190582445447902e+00 1.654833930104052e+00
5.800000000000000e-01 1.220912276456826e+00 1.622121458200834e+00
5.850000000000000e-01 1.252005217382601e+00 1.591852425633512e+00
5.900000000000000e-01 1.283880702325469e+00 1.563773698189036e+00
5.950000000000000e-01 1.316558654501151e+00 1.537662782875485e+00
6.000000000000000e-01 1.350059498693518e+00 1.513324622555083e+00
6.050000000000000e-01 1.384404174020732e+00 1.490588342764619e+00
6.100000000000000e-01 1.419614147022888e+00 1.469304209167044e+00
6.150000000000000e-01 1.455711425079295e+00 1.449340898172775e+00
6.200000000000000e-01 1.492718570163803e+00 1.430583103807109e+00
6.250000000000000e-01 1.530658712946775e+00 1.412929465449096e+00
6.300000000000000e-01 1.569555567252506e+00 1.396290784298999e+00
6.350000000000000e-01 1.609433444881138e+00 1.380588490854813e+00
6.400000000000000e-01 1.650317270804325e+00 1.365753325643029e+00
6.450000000000000e-01 1.692232598744148e+00 1.351724197956363e+00
6.500000000000000e-01 1.735205627145031e+00 1.338447190854092e+00
6.550000000000000e-01 1.779263215548615e+00 1.325874684421362e+00
6.600000000000000e-01 1.824432901381847e+00 1.313964572929642e+00
6.650000000000000e-01 1.870742917168772e+00 1.302679554980998e+00
6.700000000000000e-01 1.918222208176775e+00 1.291986478953392e+00
6.750000000000000e-01 1.966900450508319e+00 1.281855729138627e+00
6.800000000000000e-01 2.016808069649473e+00 1.272260640936777e+00
6.850000000000001e-01 2.067976259486829e+00 1.263176936393577e+00
6.900000000000001e-01 2.120437001804702e+00 1.254582174281198e+00
6.950000000000001e-01 2.174223086274785e+00 1.246455211859737e+00
7.000000000000001e-01 2.229368130950753e+00 1.238775678445916e+00
7.050000000000000e-01 2.285906603280654e+00 1.231523463995150e+00
7.100000000000000e-01 2.343873841650178e+00 1.224678229128916e+00
7.150000000000000e-01 2.403306077470301e+00 1.218218946486937e+00
7.200000000000000e-01 2.464240457823092e+00 1.212123487037044e+00
7.250000000000000e-01 2.526715068679855e+00 1.206368269092974e+00
7.300000000000000e-01 2.590768958706095e+00 1.200927992240943e+00
7.350000000000000e-01 2.656442163668210e+00 1.195775482940361e+00
7.400000000000000e-01 2.723775731457148e+00 1.190881682699658e+00
7.450000000000000e-01 2.792811747744667e+00 1.186215812411297e+00
7.500000000000000e-01 2.863593362288260e+00 1.181745746013180e+00
7.550000000000000e-01 2.936164815901156e+00 1.177438620810056e+00
7.600000000000000e-01 3.010571468104263e+00 1.173261697740304e+00
7.650000000000000e-01 3.086859825477351e+00 1.169183459951254e+00
7.700000000000000e-01 3.165077570727174e+00 1.165174900958059e+00
7.750000000000000e-01 3.245273592490716e+00 1.161210906310293e+00
7.800000000000000e-01 3.327498015892184e+00 1.157271582124974e+00
7.850000000000000e-01 3.411802233872832e+00 1.153343343190290e+00
7.900000000000000e-01 3.498238939313234e+00 1.149419560147692e+00
7.950000000000000e-01 3.586862157968046e+00 1.145500596144146e+00
8.000000000000000e-01 3.677727282233856e+00 1.141593145719282e+00
8.050000000000000e-01 3.770891105771243e+00 1.137708912916701e+00
8.100000000000001e-01 3.866411859002656e+00 1.133862802742668e+00
8.150000000000001e-01 3.964349245508326e+00 1.130070908994494e+00
8.200000000000001e-01 4.064764479342956e+00 1.126348624289708e+00
8.250000000000001e-01 4.167720323296481e+00 1.122709157425801e+00
8.300000000000001e-01 4.273281128122877e+00 1.119162631491106e+00
8.350000000000000e-01 4.381512872761445e+00 1.115715791603895e+00
8.400000000000000e-01 4.492483205575838e+00 1.112372221191668e+00
8.450000000000000e-01 4.606261486636447e+00 1.109132886987722e+00
8.500000000000000e-01 4.722918831072739e+00 1.105996818105401e+00
8.550000000000000e-01 4.842528153522501e+00 1.102961761745373e+00
8.600000000000000e-01 4.965164213705875e+00 1.100024721015198e+00
8.650000000000000e-01 5.090903663152626e+00 1.097182342261762e+00
8.700000000000000e-01 5.219825093111814e+00 1.094431163204367e+00
8.750000000000000e-01 5.352009083673925e+00 1.091767754467634e+00
8.800000000000000e-01 5.487538254136007e+00 1.089188790440998e+00
8.850000000000000e-01 5.626497314641444e+00 1.086691078799370e+00
8.900000000000000e-01 5.768973119126561e+00 1.084271568546376e+00
8.950000000000000e-01 5.915054719607133e+00 1.081927348191966e+00
9.000000000000000e-01 6.064833421838831e+00 1.079655640034279e+00
9.050000000000000e-01 6.218402842386253e+00 1.077453793265174e+00
9.100000000000000e-01 6.375858967136348e+00 1.075319276994123e+00
9.150000000000000e-01 6.537300211292723e+00 1.073249673570677e+00
9.200000000000000e-01 6.702827480888332e+00 1.071242672307498e+00
9.250000000000000e-01 6.872544235855034e+00 1.069296063610582e+00
9.300000000000000e-01 7.046556554689444e+00 1.067407733495322e+00
9.350000000000001e-01 7.224973200755413e+00 1.065575658461162e+00
9.400000000000001e-01 7.407905690264673e+00 1.063797900698000e+00
9.450000000000001e-01 7.595468361978146e+00 1.062072603599358e+00
9.500000000000001e-01 7.787778448671316e+00 1.060397987559389e+00
9.550000000000001e-01 7.984956150408610e+00 1.058772346032750e+00
9.600000000000000e-01 8.187124709672272e+00 1.057194041838101e+00
9.650000000000000e-01 8.394410488393007e+00 1.055661503687611e+00
9.700000000000000e-01 8.606943046930221e+00 1.054173222926321e+00
9.750000000000000e-01 8.824855225051540e+00 1.052727750466479e+00
9.800000000000000e-01 9.048283224961922e+00 1.051323693903230e+00
9.850000000000000e-01 9.277366696434507e+00 1.049959714799076e+00
9.900000000000000e-01 9.512248824096272e+00 1.048634526125542e+00
9.950000000000000e-01 9.753076416923058e+00 1.047346889851384e+00
1.000000000000000e+00 1.000000000000000e+01 1.046095614667503e+00
