0.000000000000000e+00 0.000000000000000e+00 1.000000000000000e+00
5.000000000000000e-03 3.369477419287315e-03 1.000013304805227e+00
1.000000000000000e-02 6.741060871647481e-03 1.000066502304704e+00
1.500000000000000e-02 1.011685770649257e-02 1.000155204307478e+00
2.000000000000000e-02 1.349897790673588e-02 1.000279759382851e+00
2.500000000000000e-02 1.688953540759990e-02 1.000440494876001e+00
3.000000000000000e-02 2.029064941789469e-02 1.000637790687813e+00
3.500000000000000e-02 2.370444574459234e-02 1.000872165113736e+00
4.000000000000000e-02 2.713305812152553e-02 1.001144212279613e+00
4.500000000000000e-02 3.057862954304063e-02 1.001454640303035e+00
5.000000000000000e-02 3.404331360343898e-02 1.001804298432301e+00
5.500000000000000e-02 3.752927584304335e-02 1.002194080785012e+00
6.000000000000000e-02 4.103869510173117e-02 1.002624968605185e+00
6.500000000000000e-02 4.457376488078044e-02 1.003098126493801e+00
7.000000000000001e-02 4.813669471387935e-02 1.003614809690502e+00
7.500000000000000e-02 5.172971154815675e-02 1.004176319126772e+00
8.000000000000000e-02 5.535506113609672e-02 1.004784145226358e+00
8.500000000000001e-02 5.901500943920686e-02 1.005439944667882e+00
9.000000000000000e-02 6.271184404431801e-02 1.006145397988774e+00
9.500000000000000e-02 6.644787559340060e-02 1.006902317622633e+00
1.000000000000000e-01 7.022543922779090e-02 1.007712778156703e+00
1.050000000000000e-01 7.404689604773053e-02 1.008578958356159e+00
1.100000000000000e-01 7.791463458813094e-02 1.009503078305796e+00
1.150000000000000e-01 8.183107231148547e-02 1.010487596634044e+00
1.200000000000000e-01 8.579865711886202e-02 1.011535221237965e+00
1.250000000000000e-01 8.981986887992111e-02 1.012648734252604e+00
1.300000000000000e-01 9.389722098291493e-02 1.013831068477640e+00
1.350000000000000e-01 9.803326190563690e-02 1.015085461202666e+00
1.400000000000000e-01 1.022305768083033e-01 1.016415341794094e+00
1.450000000000000e-01 1.064917891493625e-01 1.017824253727683e+00
1.500000000000000e-01 1.108195623252418e-01 1.019316030724343e+00
1.550000000000000e-01 1.152166013350572e-01 1.020894836886594e+00
1.600000000000000e-01 1.196856544713255e-01 1.022564996498332e+00
1.650000000000000e-01 1.242295150377370e-01 1.024331037162100e+00
1.700000000000000e-01 1.288510230950609e-01 1.026197900761928e+00
1.750000000000000e-01 1.335530672362758e-01 1.028170888527037e+00
1.800000000000000e-01 1.383385863920344e-01 1.030255485955220e+00
1.850000000000000e-01 1.432105716675912e-01 1.032457485408218e+00
1.900000000000000e-01 1.481720682123397e-01 1.034783204361782e+00
1.950000000000000e-01 1.532261771231311e-01 1.037239393310908e+00
2.000000000000000e-01 1.583760573825595e-01 1.039833066907432e+00
2.050000000000000e-01 1.636249278334301e-01 1.042571647797946e+00
2.100000000000000e-01 1.689760691906397e-01 1.045463198064430e+00
2.150000000000000e-01 1.744328260917313e-01 1.048516358479116e+00
2.200000000000000e-01 1.799986091874004e-01 1.051740190105793e+00
2.250000000000000e-01 1.856768972732633e-01 1.055144269360973e+00
2.300000000000000e-01 1.914712394642179e-01 1.058738911817830e+00
2.350000000000000e-01 1.973852574127551e-01 1.062535235002664e+00
2.400000000000000e-01 2.034226475726105e-01 1.066545091151904e+00
2.450000000000000e-01 2.095871835091678e-01 1.070781030112292e+00
2.500000000000000e-01 2.158827182580599e-01 1.075256390259153e+00
2.550000000000000e-01 2.223131867334419e-01 1.079985552465293e+00
2.600000000000000e-01 2.288826081874405e-01 1.084984126023746e+00
2.650000000000000e-01 2.355950887223172e-01 1.090268835724116e+00
2.700000000000000e-01 2.424548238569160e-01 1.095857456153057e+00
2.750000000000000e-01 2.494661011489995e-01 1.101769057941756e+00
2.800000000000000e-01 2.566333028751116e-01 1.108024223681080e+00
2.850000000000000e-01 2.639609087696434e-01 1.114645241072060e+00
2.900000000000000e-01 2.714534988248126e-01 1.121656379429844e+00
2.950000000000000e-01 2.791157561533084e-01 1.129083904835590e+00
3.000000000000000e-01 2.869524699153886e-01 1.136956191071307e+00
3.050000000000000e-01 2.949685383122613e-01 1.145304054603599e+00
3.100000000000000e-01 3.031689716476197e-01 1.154160922270903e+00
3.150000000000000e-01 3.115588954592450e-01 1.163563327007437e+00
3.200000000000000e-01 3.201435537226349e-01 1.173551293866901e+00
3.250000000000000e-01 3.289283121286580e-01 1.184168785529593e+00
3.300000000000000e-01 3.379186614372866e-01 1.195464300151032e+00
3.350000000000000e-01 3.471202209094989e-01 1.207491406438855e+00
3.400000000000000e-01 3.565387418195016e-01 1.220309548370015e+00
3.450000000000000e-01 3.661801110494620e-01 1.233984868219942e+00
3.500000000000000e-01 3.760503547690021e-01 1.248591305837921e+00
3.550000000000000e-01 3.861556422017504e-01 1.264211864653384e+00
3.600000000000000e-01 3.965022894813072e-01 1.280940198012236e+00
3.650000000000000e-01 4.070967635990345e-01 1.298882537512381e+00
3.700000000000000e-01 4.179456864461349e-01 1.318160095108212e+00
3.750000000000000e-01 4.290558389525505e-01 1.338912063320147e+00
3.800000000000000e-01 4.404341653252637e-01 1.361299409570764e+00
3.850000000000000e-01 4.520877773886537e-01 1.385509723402857e+00
3.900000000000000e-01 4.640239590296172e-01 1.411763484700865e+00
3.950000000000000e-01 4.762501707502353e-01 1.440322275215479e+00
4.000000000000000e-01 4.887740543308307e-01 1.471499691810089e+00
4.050000000000000e-01 5.016034376063282e-01 1.505676082997247e+00
4.100000000000000e-01 5.147463393589066e-01 1.543318804797051e+00
4.150000000000000e-01 5.282109743299990e-01 1.585010624302158e+00
4.200000000000000e-01 5.420057583547735e-01 1.631490459040942e+00
4.250000000000000e-01 5.561393136223041e-01 1.683713339826423e+00
4.300000000000000e-01 5.706204740647189e-01 1.742941343503330e+00
4.350000000000000e-01 5.854582908786964e-01 1.810886390827444e+00
4.400000000000000e-01 6.006620381827575e-01 1.889943966430019e+00
4.450000000000000e-01 6.162412188138907e-01 1.983595200023401e+00
4.500000000000000e-01 6.322055702671360e-01 2.097142191128522e+00
4.550000000000000e-01 6.485650707818353e-01 2.239159694100282e+00
4.600000000000000e-01 6.653299455783577e-01 2.424654713964557e+00
4.650000000000000e-01 6.825106732491932e-01 2.682853990650707e+00
4.700000000000000e-01 7.001179923084168e-01 3.079343004437839e+00
4.750000000000000e-01 7.181629079036070e-01 3.781212512963351e+00
4.800000000000000e-01 7.366566986944229e-01 5.062005803074966e+00
4.850000000000000e-01 7.556109239021327e-01 5.979812319595897e+00
4.900000000000000e-01 7.750374305345038e-01 5.023404834767814e+00
4.950000000000000e-01 7.949483607905672e-01 4.009415387112031e+00
5.000000000000000e-01 8.153561596498893e-01 3.429061262742733e+00
5.050000000000000e-01 8.362735826510871e-01 3.052742376790011e+00
5.100000000000000e-01 8.577137038644561e-01 2.780357603102368e+00
5.150000000000000e-01 8.796899240636907e-01 2.575162523022544e+00
5.200000000000000e-01 9.022159791018011e-01 2.412646253966965e+00
5.250000000000000e-01 9.253059484964714e-01 2.280633613411236e+00
5.300000000000000e-01 9.489742642302165e-01 2.170717724789213e+00
5.350000000000000e-01 9.732357197708378e-01 2.077505923215869e+00
5.400000000000000e-01 9.981054793178262e-01 1.997337043952763e+00
5.450000000000000e-01 1.023599087280478e+00 1.927464940847117e+00
5.500000000000000e-01 1.049732477993657e+00 1.865989997716621e+00
5.550000000000000e-01 1.076521985677273e+00 1.811387314538102e+00
5.600000000000001e-01 1.103984354645701e+00 1.762542389386750e+00
5.650000000000001e-01 1.132136749773522e+00 1.718548191165375e+00
5.700000000000001e-01 1.160996767224129e+00 1.678696777038434e+00
5.750000000000001e-01 1.190582445447902e+00 1.642413754116522e+00
5.800000000000000e-01 1.220912276456826e+00 1.609226522613642e+00
5.850000000000000e-01 1.252005217382601e+00 1.578749996628215e+00
5.900000000000000e-01 1.283880702325469e+00 1.550657687634256e+00
5.950000000000000e-01 1.316558654501151e+00 1.524678890450219e+00
6.000000000000000e-01 1.350059498693518e+00 1.500581378840980e+00
6.050000000000000e-01 1.384404174020732e+00 1.478168010258271e+00
6.100000000000000e-01 1.419614147022888e+00 1.457268835826350e+00
6.150000000000000e-01 1.455711425079295e+00 1.437736619647761e+00
6.200000000000000e-01 1.492718570163803e+00 1.419443576443388e+00
6.250000000000000e-01 1.530658712946775e+00 1.402277546189586e+00
6.300000000000000e-01 1.569555567252506e+00 1.386140188934766e+00
6.350000000000000e-01 1.609433444881138e+00 1.370944506253369e+00
6.400000000000000e-01 1.650317270804325e+00 1.356613396439994e+00
6.450000000000000e-01 1.692232598744148e+00 1.343078201230747e+00
6.500000000000000e-01 1.735205627145031e+00 1.330277529880923e+00
6.550000000000000e-01 1.779263215548615e+00 1.318156333496729e+00
6.600000000000000e-01 1.824432901381847e+00 1.306665041099756e+00
6.650000000000000e-01 1.870742917168772e+00 1.295758888572639e+00
6.700000000000000e-01 1.918222208176775e+00 1.285397309949726e+00
6.750000000000000e-01 1.966900450508319e+00 1.275543428068871e+00
6.800000000000000e-01 2.016808069649473e+00 1.266163613200526e+00
6.850000000000001e-01 2.067976259486829e+00 1.257227096854776e+00
6.900000000000001e-01 2.120437001804702e+00 1.248705637951158e+00
6.950000000000001e-01 2.174223086274785e+00 1.240573227852330e+00
7.000000000000001e-01 2.229368130950753e+00 1.232805831237813e+00
7.050000000000000e-01 2.285906603280654e+00 1.225381156319084e+00
7.100000000000000e-01 2.343873841650178e+00 1.218278450477933e+00
7.150000000000000e-01 2.403306077470301e+00 1.211478318111160e+00
7.200000000000000e-01 2.464240457823092e+00 1.204962557990227e+00
7.250000000000000e-01 2.526715068679855e+00 1.198714018434770e+00
7.300000000000000e-01 2.590768958706095e+00 1.192716469200992e+00
7.350000000000000e-01 2.656442163668210e+00 1.186954489805019e+00
7.400000000000000e-01 2.723775731457148e+00 1.181413374813203e+00
7.450000000000000e-01 2.792811747744667e+00 1.176079057532852e+00
7.500000000000000e-01 2.863593362288260e+00 1.170938054534324e+00
7.550000000000000e-01 2.936164815901156e+00 1.165977434512196e+00
7.600000000000000e-01 3.010571468104263e+00 1.161184816115191e+00
7.650000000000000e-01 3.086859825477351e+00 1.156548400441321e+00
7.700000000000000e-01 3.165077570727174e+00 1.152057044734191e+00
7.750000000000000e-01 3.245273592490716e+00 1.147700384139715e+00
7.800000000000000e-01 3.327498015892184e+00 1.143469007743331e+00
7.850000000000000e-01 3.411802233872832e+00 1.139354692895184e+00
7.900000000000000e-01 3.498238939313234e+00 1.135350697291670e+00
7.950000000000000e-01 3.586862157968046e+00 1.131452100579743e+00
8.000000000000000e-01 3.677727282233856e+00 1.127656175700289e+00
8.050000000000000e-01 3.770891105771243e+00 1.123962754739225e+00
8.100000000000001e-01 3.866411859002656e+00 1.120374535822227e+00
8.150000000000001e-01 3.964349245508326e+00 1.116897259260641e+00
8.200000000000001e-01 4.064764479342956e+00 1.113539667284970e+00
8.250000000000001e-01 4.167720323296481e+00 1.110313158258744e+00
8.300000000000001e-01 4.273281128122877e+00 1.107231058684012e+00
8.350000000000000e-01 4.381512872761445e+00 1.104307467218646e+00
8.400000000000000e-01 4.492483205575838e+00 1.101555673960113e+00
8.450000000000000e-01 4.606261486636447e+00 1.098986222895004e+00
8.500000000000000e-01 4.722918831072739e+00 1.096604759251577e+00
8.550000000000000e-01 4.842528153522501e+00 1.094409875256405e+00
8.600000000000000e-01 4.965164213705875e+00 1.092391231289519e+00
8.650000000000000e-01 5.090903663152626e+00 1.090528298882320e+00
8.700000000000000e-01 5.219825093111814e+00 1.088790169575484e+00
8.750000000000000e-01 5.352009083673925e+00 1.087136966813533e+00
8.800000000000000e-01 5.487538254136007e+00 1.085523336878542e+00
8.850000000000000e-01 5.626497314641444e+00 1.083904062943056e+00
8.900000000000000e-01 5.768973119126561e+00 1.082240978846619e+00
8.950000000000000e-01 5.915054719607133e+00 1.080509382361036e+00
9.000000000000000e-01 6.064833421838831e+00 1.078701736044047e+00
9.050000000000000e-01 6.218402842386253e+00 1.076827147974278e+00
9.100000000000000e-01 6.375858967136348e+00 1.074906792039550e+00
9.150000000000000e-01 6.537300211292723e+00 1.072967129771863e+00
9.200000000000000e-01 6.702827480888332e+00 1.071033488630507e+00
9.250000000000000e-01 6.872544235855034e+00 1.069125906630792e+00
9.300000000000000e-01 7.046556554689444e+00 1.067257760740051e+00
9.350000000000001e-01 7.224973200755413e+00 1.065436492347975e+00
9.400000000000001e-01 7.407905690264673e+00 1.063665281541151e+00
9.450000000000001e-01 7.595468361978146e+00 1.061944735096703e+00
9.500000000000001e-01 7.787778448671316e+00 1.060274134030750e+00
9.550000000000001e-01 7.984956150408610e+00 1.058652182749474e+00
9.600000000000000e-01 8.187124709672272e+00 1.057077389119185e+00
9.650000000000000e-01 8.394410488393007e+00 1.055548230109874e+00
9.700000000000000e-01 8.606943046930221e+00 1.054063213786368e+00
9.750000000000000e-01 8.824855225051540e+00 1.052620898473580e+00
9.800000000000000e-01 9.048283224961922e+00 1.051219896603623e+00
9.850000000000000e-01 9.277366696434507e+00 1.049858873824496e+00
9.900000000000000e-01 9.512248824096272e+00 1.048536546890498e+00
9.950000000000000e-01 9.753076416923058e+00 1.047251681355816e+00
1.000000000000000e+00 1.000000000000000e+01 1.046003089327748e+00
