0.000000000000000e+00 0.000000000000000e+00 1.000000000000000e+00
5.000000000000000e-03 3.369477419287315e-03 1.000003233599363e+00
1.000000000000000e-02 6.741060871647481e-03 1.000016226236191e+00
1.500000000000000e-02 1.011685770649257e-02 1.000038010629098e+00
2.000000000000000e-02 1.349897790673588e-02 1.000068564104524e+00
2.500000000000000e-02 1.688953540759990e-02 1.000107941742785e+00
3.000000000000000e-02 2.029064941789469e-02 1.000156280806193e+00
3.500000000000000e-02 2.370444574459234e-02 1.000213728459591e+00
4.000000000000000e-02 2.713305812152553e-02 1.000280440669980e+00
4.500000000000000e-02 3.057862954304063e-02 1.000356586460641e+00
5.000000000000000e-02 3.404331360343898e-02 1.000442353491165e+00
5.500000000000000e-02 3.752927584304335e-02 1.000537977552368e+00
6.000000000000000e-02 4.103869510173117e-02 1.000643744242979e+00
6.500000000000000e-02 4.457376488078044e-02 1.000759941268366e+00
7.000000000000001e-02 4.813669471387935e-02 1.000886850855796e+00
7.500000000000000e-02 5.172971154815675e-02 1.001024808930275e+00
8.000000000000000e-02 5.535506113609672e-02 1.001174227430117e+00
8.500000000000001e-02 5.901500943920686e-02 1.001335531900378e+00
9.000000000000000e-02 6.271184404431801e-02 1.001509130400358e+00
9.500000000000000e-02 6.644787559340060e-02 1.001695473953544e+00
1.000000000000000e-01 7.022543922779090e-02 1.001895098750566e+00
1.050000000000000e-01 7.404689604773053e-02 1.002108584808294e+00
1.100000000000000e-01 7.791463458813094e-02 1.002336522961480e+00
1.150000000000000e-01 8.183107231148547e-02 1.002579527303803e+00
1.200000000000000e-01 8.579865711886202e-02 1.002838249710389e+00
1.250000000000000e-01 8.981986887992111e-02 1.003113413462431e+00
1.300000000000000e-01 9.389722098291493e-02 1.003405839510497e+00
1.350000000000000e-01 9.803326190563690e-02 1.003716383862752e+00
1.400000000000000e-01 1.022305768083033e-01 1.004045897049714e+00
1.450000000000000e-01 1.064917891493625e-01 1.004395287788874e+00
1.500000000000000e-01 1.108195623252418e-01 1.004765542420696e+00
1.550000000000000e-01 1.152166013350572e-01 1.005157724482918e+00
1.600000000000000e-01 1.196856544713255e-01 1.005573020540014e+00
1.650000000000000e-01 1.242295150377370e-01 1.006012682763749e+00
1.700000000000000e-01 1.288510230950609e-01 1.006478003926248e+00
1.750000000000000e-01 1.335530672362758e-01 1.006970364836379e+00
1.800000000000000e-01 1.383385863920344e-01 1.007491187099330e+00
1.850000000000000e-01 1.432105716675912e-01 1.008041999457958e+00
1.900000000000000e-01 1.481720682123397e-01 1.008624437197375e+00
1.950000000000000e-01 1.532261771231311e-01 1.009240241611123e+00
2.000000000000000e-01 1.583760573825595e-01 1.009891295095703e+00
2.050000000000000e-01 1.636249278334301e-01 1.010579591522624e+00
2.100000000000000e-01 1.689760691906397e-01 1.011307271553386e+00
2.150000000000000e-01 1.744328260917313e-01 1.012076606420471e+00
2.200000000000000e-01 1.799986091874004e-01 1.012890021278935e+00
2.250000000000000e-01 1.856768972732633e-01 1.013750096137803e+00
2.300000000000000e-01 1.914712394642179e-01 1.014659581645962e+00
2.350000000000000e-01 1.973852574127551e-01 1.015621408641111e+00
2.400000000000000e-01 2.034226475726105e-01 1.016638702038143e+00
2.450000000000000e-01 2.095871835091678e-01 1.017714794010118e+00
2.500000000000000e-01 2.158827182580599e-01 1.018853238730572e+00
2.550000000000000e-01 2.223131867334419e-01 1.020057827818669e+00
2.600000000000000e-01 2.288826081874405e-01 1.021332606902270e+00
2.650000000000000e-01 2.355950887223172e-01 1.022681893224968e+00
2.700000000000000e-01 2.424548238569160e-01 1.024110294390295e+00
2.750000000000000e-01 2.494661011489995e-01 1.025622728269598e+00
2.800000000000000e-01 2.566333028751116e-01 1.027224444109744e+00
2.850000000000000e-01 2.639609087696434e-01 1.028921044859622e+00
2.900000000000000e-01 2.714534988248126e-01 1.030718510721792e+00
2.950000000000000e-01 2.791157561533084e-01 1.032623223917078e+00
3.000000000000000e-01 2.869524699153886e-01 1.034641994627418e+00
3.050000000000000e-01 2.949685383122613e-01 1.036782088054022e+00
3.100000000000000e-01 3.031689716476197e-01 1.039051252493081e+00
3.150000000000000e-01 3.115588954592450e-01 1.041457748288521e+00
3.200000000000000e-01 3.201435537226349e-01 1.044010377469229e+00
3.250000000000000e-01 3.289283121286580e-01 1.046718513815148e+00
3.300000000000000e-01 3.379186614372866e-01 1.049592133020708e+00
3.350000000000000e-01 3.471202209094989e-01 1.052641842533112e+00
3.400000000000000e-01 3.565387418195016e-01 1.055878910534535e+00
3.450000000000000e-01 3.661801110494620e-01 1.059315293408545e+00
3.500000000000000e-01 3.760503547690021e-01 1.062963660878896e+00
3.550000000000000e-01 3.861556422017504e-01 1.066837417829682e+00
3.600000000000000e-01 3.965022894813072e-01 1.070950721605950e+00
3.650000000000000e-01 4.070967635990345e-01 1.075318493348752e+00
3.700000000000000e-01 4.179456864461349e-01 1.079956421633927e+00
3.750000000000000e-01 4.290558389525505e-01 1.084880956354461e+00
3.800000000000000e-01 4.404341653252637e-01 1.090109290407278e+00
3.850000000000000e-01 4.520877773886537e-01 1.095659326311518e+00
3.900000000000000e-01 4.640239590296172e-01 1.101549624392086e+00
3.950000000000000e-01 4.762501707502353e-01 1.107799328605587e+00
4.000000000000000e-01 4.887740543308307e-01 1.114428065462867e+00
4.050000000000000e-01 5.016034376063282e-01 1.121455810813165e+00
4.100000000000000e-01 5.147463393589066e-01 1.128902718502367e+00
4.150000000000000e-01 5.282109743299990e-01 1.136788904110712e+00
4.200000000000000e-01 5.420057583547735e-01 1.145134176129813e+00
4.250000000000000e-01 5.561393136223041e-01 1.153957706082439e+00
4.300000000000000e-01 5.706204740647189e-01 1.163277628263882e+00
4.350000000000000e-01 5.854582908786964e-01 1.173110559054909e+00
4.400000000000000e-01 6.006620381827575e-01 1.183471025215713e+00
4.450000000000000e-01 6.162412188138907e-01 1.194370790348081e+00
4.500000000000000e-01 6.322055702671360e-01 1.205818068988479e+00
4.550000000000000e-01 6.485650707818353e-01 1.217816618809280e+00
4.600000000000000e-01 6.653299455783577e-01 1.230364703476478e+00
4.650000000000000e-01 6.825106732491932e-01 1.243453922247749e+00
4.700000000000000e-01 7.001179923084168e-01 1.257067907901578e+00
4.750000000000000e-01 7.181629079036070e-01 1.271180902673094e+00
4.800000000000000e-01 7.366566986944229e-01 1.285756233221442e+00
4.850000000000000e-01 7.556109239021327e-01 1.300744720979623e+00
4.900000000000000e-01 7.750374305345038e-01 1.316083084172817e+00
4.950000000000000e-01 7.949483607905672e-01 1.331692412701113e+00
5.000000000000000e-01 8.153561596498893e-01 1.347476826777384e+00
5.050000000000000e-01 8.362735826510871e-01 1.363322463534625e+00
5.100000000000000e-01 8.577137038644561e-01 1.379096970125198e+00
5.150000000000000e-01 8.796899240636907e-01 1.394649712428652e+00
5.200000000000000e-01 9.022159791018011e-01 1.409812928159710e+00
5.250000000000000e-01 9.253059484964714e-01 1.424404052153798e+00
5.300000000000000e-01 9.489742642302165e-01 1.438229408310384e+00
5.350000000000000e-01 9.732357197708378e-01 1.451089385656302e+00
5.400000000000000e-01 9.981054793178262e-01 1.462785087463877e+00
5.450000000000000e-01 1.023599087280478e+00 1.473126262967916e+00
5.500000000000000e-01 1.049732477993657e+00 1.481940115038788e+00
5.550000000000000e-01 1.076521985677273e+00 1.489080354765513e+00
5.600000000000001e-01 1.103984354645701e+00 1.494435690878390e+00
5.650000000000001e-01 1.132136749773522e+00 1.497936850728054e+00
5.700000000000001e-01 1.160996767224129e+00 1.499561274768467e+00
5.750000000000001e-01 1.190582445447902e+00 1.499334827705502e+00
5.800000000000000e-01 1.220912276456826e+00 1.497330208121268e+00
5.850000000000000e-01 1.252005217382601e+00 1.493662156349570e+00
5.900000000000000e-01 1.283880702325469e+00 1.488479973314327e+00
5.950000000000000e-01 1.316558654501151e+00 1.481958184969481e+00
6.000000000000000e-01 1.350059498693518e+00 1.474286356519032e+00
6.050000000000000e-01 1.384404174020732e+00 1.465659057975239e+00
6.100000000000000e-01 1.419614147022888e+00 1.456266831053545e+00
6.150000000000000e-01 1.455711425079295e+00 1.446288760118394e+00
6.200000000000000e-01 1.492718570163803e+00 1.435886969964614e+00
6.250000000000000e-01 1.530658712946775e+00 1.425203115112254e+00
6.300000000000000e-01 1.569555567252506e+00 1.414356723942115e+00
6.350000000000000e-01 1.609433444881138e+00 1.403445129714385e+00
6.400000000000000e-01 1.650317270804325e+00 1.392544655364891e+00
6.450000000000000e-01 1.692232598744148e+00 1.381712705940707e+00
6.500000000000000e-01 1.735205627145031e+00 1.370990444293371e+00
6.550000000000000e-01 1.779263215548615e+00 1.360405766332379e+00
6.600000000000000e-01 1.824432901381847e+00 1.349976339793653e+00
6.650000000000000e-01 1.870742917168772e+00 1.339712517621476e+00
6.700000000000000e-01 1.918222208176775e+00 1.329619980154820e+00
6.750000000000000e-01 1.966900450508319e+00 1.319701998672649e+00
6.800000000000000e-01 2.016808069649473e+00 1.309961247495508e+00
6.850000000000001e-01 2.067976259486829e+00 1.300401124373273e+00
6.900000000000001e-01 2.120437001804702e+00 1.291026570639748e+00
6.950000000000001e-01 2.174223086274785e+00 1.281844413998632e+00
7.000000000000001e-01 2.229368130950753e+00 1.272863286999385e+00
7.050000000000000e-01 2.285906603280654e+00 1.264093201235461e+00
7.100000000000000e-01 2.343873841650178e+00 1.255544878206093e+00
7.150000000000000e-01 2.403306077470301e+00 1.247228949658724e+00
7.200000000000000e-01 2.464240457823092e+00 1.239155140822293e+00
7.250000000000000e-01 2.526715068679855e+00 1.231331538487217e+00
7.300000000000000e-01 2.590768958706095e+00 1.223764023571679e+00
7.350000000000000e-01 2.656442163668210e+00 1.216455917766001e+00
7.400000000000000e-01 2.723775731457148e+00 1.209407860628828e+00
7.450000000000000e-01 2.792811747744667e+00 1.202617902204906e+00
7.500000000000000e-01 2.863593362288260e+00 1.196081771387205e+00
7.550000000000000e-01 2.936164815901156e+00 1.189793264925296e+00
7.600000000000000e-01 3.010571468104263e+00 1.183744697233030e+00
7.650000000000000e-01 3.086859825477351e+00 1.177927355957614e+00
7.700000000000000e-01 3.165077570727174e+00 1.172331920020540e+00
7.750000000000000e-01 3.245273592490716e+00 1.166948812090477e+00
7.800000000000000e-01 3.327498015892184e+00 1.161768472812791e+00
7.850000000000000e-01 3.411802233872832e+00 1.156781556979981e+00
7.900000000000000e-01 3.498238939313234e+00 1.151979060721595e+00
7.950000000000000e-01 3.586862157968046e+00 1.147352393444864e+00
8.000000000000000e-01 3.677727282233856e+00 1.142893409305244e+00
8.050000000000000e-01 3.770891105771243e+00 1.138594411557103e+00
8.100000000000001e-01 3.866411859002656e+00 1.134448140432269e+00
8.150000000000001e-01 3.964349245508326e+00 1.130447752200709e+00
8.200000000000001e-01 4.064764479342956e+00 1.126586794411617e+00
8.250000000000001e-01 4.167720323296481e+00 1.122859180276741e+00
8.300000000000001e-01 4.273281128122877e+00 1.119259163768867e+00
8.350000000000000e-01 4.381512872761445e+00 1.115781316155296e+00
8.400000000000000e-01 4.492483205575838e+00 1.112420504213196e+00
8.450000000000000e-01 4.606261486636447e+00 1.109171870138723e+00
8.500000000000000e-01 4.722918831072739e+00 1.106030813060161e+00
8.550000000000000e-01 4.842528153522501e+00 1.102992972030713e+00
8.600000000000000e-01 4.965164213705875e+00 1.100054210371981e+00
8.650000000000000e-01 5.090903663152626e+00 1.097210601246214e+00
8.700000000000000e-01 5.219825093111814e+00 1.094458414345988e+00
8.750000000000000e-01 5.352009083673925e+00 1.091794103600825e+00
8.800000000000000e-01 5.487538254136007e+00 1.089214295810346e+00
8.850000000000000e-01 5.626497314641444e+00 1.086715780122654e+00
8.900000000000000e-01 5.768973119126561e+00 1.084295498284741e+00
8.950000000000000e-01 5.915054719607133e+00 1.081950535598913e+00
9.000000000000000e-01 6.064833421838831e+00 1.079678112525653e+00
9.050000000000000e-01 6.218402842386253e+00 1.077475576879040e+00
9.100000000000000e-01 6.375858967136348e+00 1.075340396565989e+00
9.150000000000000e-01 6.537300211292723e+00 1.073270152825092e+00
9.200000000000000e-01 6.702827480888332e+00 1.071262533924959e+00
9.250000000000000e-01 6.872544235855034e+00 1.069315329285621e+00
9.300000000000000e-01 7.046556554689444e+00 1.067426423989827e+00
9.350000000000001e-01 7.224973200755413e+00 1.065593793654054e+00
9.400000000000001e-01 7.407905690264673e+00 1.063815499631679e+00
9.450000000000001e-01 7.595468361978146e+00 1.062089684523191e+00
9.500000000000001e-01 7.787778448671316e+00 1.060414567970472e+00
9.550000000000001e-01 7.984956150408610e+00 1.058788442714132e+00
9.600000000000000e-01 8.187124709672272e+00 1.057209670894661e+00
9.650000000000000e-01 8.394410488393007e+00 1.055676680579766e+00
9.700000000000000e-01 8.606943046930221e+00 1.054187962501696e+00
9.750000000000000e-01 8.824855225051540e+00 1.052742066989707e+00
9.800000000000000e-01 9.048283224961922e+00 1.051337601083996e+00
9.850000000000000e-01 9.277366696434507e+00 1.049973225818533e+00
9.900000000000000e-01 9.512248824096272e+00 1.048647653661205e+00
9.950000000000000e-01 9.753076416923058e+00 1.047359646100612e+00
1.000000000000000e+00 1.000000000000000e+01 1.046108011369654e+00
