0.000000000000000e+00 0.000000000000000e+00 1.000000000000000e+00
5.000000000000000e-03 3.369477419287315e-03 1.000009919037174e+00
1.000000000000000e-02 6.741060871647481e-03 1.000049709362729e+00
1.500000000000000e-02 1.011685770649257e-02 1.000116292115213e+00
2.000000000000000e-02 1.349897790673588e-02 1.000209678958017e+00
2.500000000000000e-02 1.688953540759990e-02 1.000330065894112e+00
3.000000000000000e-02 2.029064941789469e-02 1.000477855387533e+00
3.500000000000000e-02 2.370444574459234e-02 1.000653452811919e+00
4.000000000000000e-02 2.713305812152553e-02 1.000857242238387e+00
4.500000000000000e-02 3.057862954304063e-02 1.001089725056520e+00
5.000000000000000e-02 3.404331360343898e-02 1.001351550883724e+00
5.500000000000000e-02 3.752927584304335e-02 1.001643394589725e+00
6.000000000000000e-02 4.103869510173117e-02 1.001965948760234e+00
6.500000000000000e-02 4.457376488078044e-02 1.002320043848550e+00
7.000000000000001e-02 4.813669471387935e-02 1.002706633892586e+00
7.500000000000000e-02 5.172971154815675e-02 1.003126688539883e+00
8.000000000000000e-02 5.535506113609672e-02 1.003581245021679e+00
8.500000000000001e-02 5.901500943920686e-02 1.004071500335984e+00
9.000000000000000e-02 6.271184404431801e-02 1.004598737785946e+00
9.500000000000000e-02 6.644787559340060e-02 1.005164268373032e+00
1.000000000000000e-01 7.022543922779090e-02 1.005769535909271e+00
1.050000000000000e-01 7.404689604773053e-02 1.006416148268654e+00
1.100000000000000e-01 7.791463458813094e-02 1.007105765145956e+00
1.150000000000000e-01 8.183107231148547e-02 1.007840108709917e+00
1.200000000000000e-01 8.579865711886202e-02 1.008621096017661e+00
1.250000000000000e-01 8.981986887992111e-02 1.009450806156548e+00
1.300000000000000e-01 9.389722098291493e-02 1.010331354963277e+00
1.350000000000000e-01 9.803326190563690e-02 1.011264963943371e+00
1.400000000000000e-01 1.022305768083033e-01 1.012254100563952e+00
1.450000000000000e-01 1.064917891493625e-01 1.013301403341224e+00
1.500000000000000e-01 1.108195623252418e-01 1.014409555257922e+00
1.550000000000000e-01 1.152166013350572e-01 1.015581383184259e+00
1.600000000000000e-01 1.196856544713255e-01 1.016820003551280e+00
1.650000000000000e-01 1.242295150377370e-01 1.018128737864838e+00
1.700000000000000e-01 1.288510230950609e-01 1.019510982673109e+00
1.750000000000000e-01 1.335530672362758e-01 1.020970303951222e+00
1.800000000000000e-01 1.383385863920344e-01 1.022510590943742e+00
1.850000000000000e-01 1.432105716675912e-01 1.024136005434498e+00
1.900000000000000e-01 1.481720682123397e-01 1.025850857043944e+00
1.950000000000000e-01 1.532261771231311e-01 1.027659640661722e+00
2.000000000000000e-01 1.583760573825595e-01 1.029567167631449e+00
2.050000000000000e-01 1.636249278334301e-01 1.031578612060581e+00
2.100000000000000e-01 1.689760691906397e-01 1.033699460125782e+00
2.150000000000000e-01 1.744328260917313e-01 1.035935431167729e+00
2.200000000000000e-01 1.799986091874004e-01 1.038292485653677e+00
2.250000000000000e-01 1.856768972732633e-01 1.040776996319172e+00
2.300000000000000e-01 1.914712394642179e-01 1.043395866779727e+00
2.350000000000000e-01 1.973852574127551e-01 1.046156397926556e+00
2.400000000000000e-01 2.034226475726105e-01 1.049066186924833e+00
2.450000000000000e-01 2.095871835091678e-01 1.052133236061652e+00
2.500000000000000e-01 2.158827182580599e-01 1.055366024163167e+00
2.550000000000000e-01 2.223131867334419e-01 1.058773594187497e+00
2.600000000000000e-01 2.288826081874405e-01 1.062365683328228e+00
2.650000000000000e-01 2.355950887223172e-01 1.066152616022134e+00
2.700000000000000e-01 2.424548238569160e-01 1.070145271213593e+00
2.750000000000000e-01 2.494661011489995e-01 1.074355176613926e+00
2.800000000000000e-01 2.566333028751116e-01 1.078794453615167e+00
2.850000000000000e-01 2.639609087696434e-01 1.083476000756471e+00
2.900000000000000e-01 2.714534988248126e-01 1.088413539170616e+00
2.950000000000000e-01 2.791157561533084e-01 1.093621672859026e+00
3.000000000000000e-01 2.869524699153886e-01 1.099116002960481e+00
3.050000000000000e-01 2.949685383122613e-01 1.104913125076143e+00
3.100000000000000e-01 3.031689716476197e-01 1.111030752268553e+00
3.150000000000000e-01 3.115588954592450e-01 1.117487744285128e+00
3.200000000000000e-01 3.201435537226349e-01 1.124304220665427e+00
3.250000000000000e-01 3.289283121286580e-01 1.131501635907253e+00
3.300000000000000e-01 3.379186614372866e-01 1.139102891339209e+00
3.350000000000000e-01 3.471202209094989e-01 1.147132441032686e+00
3.400000000000000e-01 3.565387418195016e-01 1.155616413723888e+00
3.450000000000000e-01 3.661801110494620e-01 1.164582740303117e+00
3.500000000000000e-01 3.760503547690021e-01 1.174061291748224e+00
3.550000000000000e-01 3.861556422017504e-01 1.184084025402110e+00
3.600000000000000e-01 3.965022894813072e-01 1.194685139920411e+00
3.650000000000000e-01 4.070967635990345e-01 1.205901237536253e+00
3.700000000000000e-01 4.179456864461349e-01 1.217771491849156e+00
3.750000000000000e-01 4.290558389525505e-01 1.230337817991288e+00
3.800000000000000e-01 4.404341653252637e-01 1.243645040346936e+00
3.850000000000000e-01 4.520877773886537e-01 1.257741050538720e+00
3.900000000000000e-01 4.640239590296172e-01 1.272676944935215e+00
3.950000000000000e-01 4.762501707502353e-01 1.288507126041684e+00
4.000000000000000e-01 4.887740543308307e-01 1.305289345238471e+00
4.050000000000000e-01 5.016034376063282e-01 1.323084654620821e+00
4.100000000000000e-01 5.147463393589066e-01 1.341957222047433e+00
4.150000000000000e-01 5.282109743299990e-01 1.361973944375376e+00
4.200000000000000e-01 5.420057583547735e-01 1.383203767141900e+00
4.250000000000000e-01 5.561393136223041e-01 1.405716581848655e+00
4.300000000000000e-01 5.706204740647189e-01 1.429581520910358e+00
4.350000000000000e-01 5.854582908786964e-01 1.454864400881405e+00
4.400000000000000e-01 6.006620381827575e-01 1.481623972031904e+00
4.450000000000000e-01 6.162412188138907e-01 1.509906512790774e+00
4.500000000000000e-01 6.322055702671360e-01 1.539738160726268e+00
4.550000000000000e-01 6.485650707818353e-01 1.571114206813863e+00
4.600000000000000e-01 6.653299455783577e-01 1.603984426619502e+00
4.650000000000000e-01 6.825106732491932e-01 1.638233450527845e+00
4.700000000000000e-01 7.001179923084168e-01 1.673655324601812e+00
4.750000000000000e-01 7.181629079036070e-01 1.709922029377956e+00
4.800000000000000e-01 7.366566986944229e-01 1.746547180766930e+00
4.850000000000000e-01 7.556109239021327e-01 1.782848894756049e+00
4.900000000000000e-01 7.750374305345038e-01 1.817920175717171e+00
4.950000000000000e-01 7.949483607905672e-01 1.850620820566237e+00
5.000000000000000e-01 8.153561596498893e-01 1.879609780864026e+00
5.050000000000000e-01 8.362735826510871e-01 1.903436956251874e+00
5.100000000000000e-01 8.577137038644561e-01 1.920702786468367e+00
5.150000000000000e-01 8.796899240636907e-01 1.930269628917892e+00
5.200000000000000e-01 9.022159791018011e-01 1.931476829481033e+00
5.250000000000000e-01 9.253059484964714e-01 1.924289837063412e+00
5.300000000000000e-01 9.489742642302165e-01 1.909323617564789e+00
5.350000000000000e-01 9.732357197708378e-01 1.887725807839296e+00
5.400000000000000e-01 9.981054793178262e-01 1.860961695296915e+00
5.450000000000000e-01 1.023599087280478e+00 1.830576039218020e+00
5.500000000000000e-01 1.049732477993657e+00 1.797999365415994e+00
5.550000000000000e-01 1.076521985677273e+00 1.764431850572706e+00
5.600000000000001e-01 1.103984354645701e+00 1.730802367831984e+00
5.650000000000001e-01 1.132136749773522e+00 1.697780466320951e+00
5.700000000000001e-01 1.160996767224129e+00 1.665815960295126e+00
5.750000000000001e-01 1.190582445447902e+00 1.635186926292094e+00
5.800000000000000e-01 1.220912276456826e+00 1.606044972665263e+00
5.850000000000000e-01 1.252005217382601e+00 1.578452963310152e+00
5.900000000000000e-01 1.283880702325469e+00 1.552414183843436e+00
5.950000000000000e-01 1.316558654501151e+00 1.527893775990868e+00
6.000000000000000e-01 1.350059498693518e+00 1.504833906189406e+00
6.050000000000000e-01 1.384404174020732e+00 1.483164169169440e+00
6.100000000000000e-01 1.419614147022888e+00 1.462808514419544e+00
6.150000000000000e-01 1.455711425079295e+00 1.443689707810691e+00
6.200000000000000e-01 1.492718570163803e+00 1.425732083815673e+00
6.250000000000000e-01 1.530658712946775e+00 1.408863133415495e+00
6.300000000000000e-01 1.569555567252506e+00 1.393014311904548e+00
6.350000000000000e-01 1.609433444881138e+00 1.378121332795176e+00
6.400000000000000e-01 1.650317270804325e+00 1.364124129870738e+00
6.450000000000000e-01 1.692232598744148e+00 1.350966610687442e+00
6.500000000000000e-01 1.735205627145031e+00 1.338596284540759e+00
6.550000000000000e-01 1.779263215548615e+00 1.326963820774899e+00
6.600000000000000e-01 1.824432901381847e+00 1.316022575411312e+00
6.650000000000000e-01 1.870742917168772e+00 1.305728112602881e+00
6.700000000000000e-01 1.918222208176775e+00 1.296037740418316e+00
6.750000000000000e-01 1.966900450508319e+00 1.286910076564589e+00
6.800000000000000e-01 2.016808069649473e+00 1.278304657922792e+00
6.850000000000001e-01 2.067976259486829e+00 1.270181607534969e+00
6.900000000000001e-01 2.120437001804702e+00 1.262501373416593e+00
6.950000000000001e-01 2.174223086274785e+00 1.255224554806008e+00
7.000000000000001e-01 2.229368130950753e+00 1.248311832675855e+00
7.050000000000000e-01 2.285906603280654e+00 1.241724021875776e+00
7.100000000000000e-01 2.343873841650178e+00 1.235422261328988e+00
7.150000000000000e-01 2.403306077470301e+00 1.229368355268245e+00
7.200000000000000e-01 2.464240457823092e+00 1.223525271468731e+00
7.250000000000000e-01 2.526715068679855e+00 1.217857790814117e+00
7.300000000000000e-01 2.590768958706095e+00 1.212333285765292e+00
7.350000000000000e-01 2.656442163668210e+00 1.206922583790149e+00
7.400000000000000e-01 2.723775731457148e+00 1.201600847480168e+00
7.450000000000000e-01 2.792811747744667e+00 1.196348379805243e+00
7.500000000000000e-01 2.863593362288260e+00 1.191151246558046e+00
7.550000000000000e-01 2.936164815901156e+00 1.186001605436884e+00
7.600000000000000e-01 3.010571468104263e+00 1.180897648617443e+00
7.650000000000000e-01 3.086859825477351e+00 1.175843105969780e+00
7.700000000000000e-01 3.165077570727174e+00 1.170846316356692e+00
7.750000000000000e-01 3.245273592490716e+00 1.165918944747774e+00
7.800000000000000e-01 3.327498015892184e+00 1.161074487531916e+00
7.850000000000000e-01 3.411802233872832e+00 1.156326750151031e+00
7.900000000000000e-01 3.498238939313234e+00 1.151688486990087e+00
7.950000000000000e-01 3.586862157968046e+00 1.147170359796907e+00
8.000000000000000e-01 3.677727282233856e+00 1.142780305841399e+00
8.050000000000000e-01 3.770891105771243e+00 1.138523327984747e+00
8.100000000000001e-01 3.866411859002656e+00 1.134401646634469e+00
8.150000000000001e-01 3.964349245508326e+00 1.130415105266699e+00
8.200000000000001e-01 4.064764479342956e+00 1.126561704790883e+00
8.250000000000001e-01 4.167720323296481e+00 1.122838155043108e+00
8.300000000000001e-01 4.273281128122877e+00 1.119240363831385e+00
8.350000000000000e-01 4.381512872761445e+00 1.115763822097865e+00
8.400000000000000e-01 4.492483205575838e+00 1.112403876858644e+00
8.450000000000000e-01 4.606261486636447e+00 1.109155905545423e+00
8.500000000000000e-01 4.722918831072739e+00 1.106015415365101e+00
8.550000000000000e-01 4.842528153522501e+00 1.102978092068728e+00
8.600000000000000e-01 4.965164213705875e+00 1.100039818139500e+00
8.650000000000000e-01 5.090903663152626e+00 1.097196674423478e+00
8.700000000000000e-01 5.219825093111814e+00 1.094444933844349e+00
8.750000000000000e-01 5.352009083673925e+00 1.091781051942794e+00
8.800000000000000e-01 5.487538254136007e+00 1.089201656562632e+00
8.850000000000000e-01 5.626497314641444e+00 1.086703537690751e+00
8.900000000000000e-01 5.768973119126561e+00 1.084283637823147e+00
8.950000000000000e-01 5.915054719607133e+00 1.081939042956868e+00
9.000000000000000e-01 6.064833421838831e+00 1.079666974204412e+00
9.050000000000000e-01 6.218402842386253e+00 1.077464779994004e+00
9.100000000000000e-01 6.375858967136348e+00 1.075329928811862e+00
9.150000000000000e-01 6.537300211292723e+00 1.073260002443498e+00
9.200000000000000e-01 6.702827480888332e+00 1.071252689674265e+00
9.250000000000000e-01 6.872544235855034e+00 1.069305780412765e+00
9.300000000000000e-01 7.046556554689444e+00 1.067417160204010e+00
9.350000000000001e-01 7.224973200755413e+00 1.065584805102133e+00
9.400000000000001e-01 7.407905690264673e+00 1.063806776875150e+00
9.450000000000001e-01 7.595468361978146e+00 1.062081218516633e+00
9.500000000000001e-01 7.787778448671316e+00 1.060406350041343e+00
9.550000000000001e-01 7.984956150408610e+00 1.058780464543819e+00
9.600000000000000e-01 8.187124709672272e+00 1.057201924500698e+00
9.650000000000000e-01 8.394410488393007e+00 1.055669158299126e+00
9.700000000000000e-01 8.606943046930221e+00 1.054180656975093e+00
9.750000000000000e-01 8.824855225051540e+00 1.052734971146824e+00
9.800000000000000e-01 9.048283224961922e+00 1.051330708129585e+00
9.850000000000000e-01 9.277366696434507e+00 1.049966529219319e+00
9.900000000000000e-01 9.512248824096272e+00 1.048641147133548e+00
9.950000000000000e-01 9.753076416923058e+00 1.047353323598869e+00
1.000000000000000e+00 1.000000000000000e+01 1.046101867075196e+00
