0.000000000000000e+00 0.000000000000000e+00 1.000000000000000e+00
5.000000000000000e-03 3.369477419287315e-03 1.000013106739330e+00
1.000000000000000e-02 6.741060871647481e-03 1.000065603793719e+00
1.500000000000000e-02 1.011685770649257e-02 1.000153292234419e+00
2.000000000000000e-02 1.349897790673588e-02 1.000276332764693e+00
2.500000000000000e-02 1.688953540759990e-02 1.000435047117606e+00
3.000000000000000e-02 2.029064941789469e-02 1.000629902899601e+00
3.500000000000000e-02 2.370444574459234e-02 1.000861389310718e+00
4.000000000000000e-02 2.713305812152553e-02 1.001130063025117e+00
4.500000000000000e-02 3.057862954304063e-02 1.001436651775901e+00
5.000000000000000e-02 3.404331360343898e-02 1.001781986341460e+00
5.500000000000000e-02 3.752927584304335e-02 1.002166922692174e+00
6.000000000000000e-02 4.103869510173117e-02 1.002592455621773e+00
6.500000000000000e-02 4.457376488078044e-02 1.003059749705489e+00
7.000000000000001e-02 4.813669471387935e-02 1.003570007477009e+00
7.500000000000000e-02 5.172971154815675e-02 1.004124509335193e+00
8.000000000000000e-02 5.535506113609672e-02 1.004724758427445e+00
8.500000000000001e-02 5.901500943920686e-02 1.005372376490955e+00
9.000000000000000e-02 6.271184404431801e-02 1.006068997005737e+00
9.500000000000000e-02 6.644787559340060e-02 1.006816430231714e+00
1.000000000000000e-01 7.022543922779090e-02 1.007616729015450e+00
1.050000000000000e-01 7.404689604773053e-02 1.008472010256527e+00
1.100000000000000e-01 7.791463458813094e-02 1.009384471218515e+00
1.150000000000000e-01 8.183107231148547e-02 1.010356566670382e+00
1.200000000000000e-01 8.579865711886202e-02 1.011390940367220e+00
1.250000000000000e-01 8.981986887992111e-02 1.012490305285223e+00
1.300000000000000e-01 9.389722098291493e-02 1.013657585635550e+00
1.350000000000000e-01 9.803326190563690e-02 1.014895990314072e+00
1.400000000000000e-01 1.022305768083033e-01 1.016208855749244e+00
1.450000000000000e-01 1.064917891493625e-01 1.017599659924069e+00
1.500000000000000e-01 1.108195623252418e-01 1.019072218866074e+00
1.550000000000000e-01 1.152166013350572e-01 1.020630633150226e+00
1.600000000000000e-01 1.196856544713255e-01 1.022279118375396e+00
1.650000000000000e-01 1.242295150377370e-01 1.024022135060611e+00
1.700000000000000e-01 1.288510230950609e-01 1.025864581297742e+00
1.750000000000000e-01 1.335530672362758e-01 1.027811659310934e+00
1.800000000000000e-01 1.383385863920344e-01 1.029868728353166e+00
1.850000000000000e-01 1.432105716675912e-01 1.032041496377744e+00
1.900000000000000e-01 1.481720682123397e-01 1.034336204687342e+00
1.950000000000000e-01 1.532261771231311e-01 1.036759470494715e+00
2.000000000000000e-01 1.583760573825595e-01 1.039318148188785e+00
2.050000000000000e-01 1.636249278334301e-01 1.042019536272265e+00
2.100000000000000e-01 1.689760691906397e-01 1.044871585181676e+00
2.150000000000000e-01 1.744328260917313e-01 1.047882767670715e+00
2.200000000000000e-01 1.799986091874004e-01 1.051061926233389e+00
2.250000000000000e-01 1.856768972732633e-01 1.054418440109716e+00
2.300000000000000e-01 1.914712394642179e-01 1.057962461754025e+00
2.350000000000000e-01 1.973852574127551e-01 1.061704900867408e+00
2.400000000000000e-01 2.034226475726105e-01 1.065657316753184e+00
2.450000000000000e-01 2.095871835091678e-01 1.069831949392788e+00
2.500000000000000e-01 2.158827182580599e-01 1.074241861377266e+00
2.550000000000000e-01 2.223131867334419e-01 1.078901140413885e+00
2.600000000000000e-01 2.288826081874405e-01 1.083825034061692e+00
2.650000000000000e-01 2.355950887223172e-01 1.089029840489862e+00
2.700000000000000e-01 2.424548238569160e-01 1.094532849448733e+00
2.750000000000000e-01 2.494661011489995e-01 1.100352616931876e+00
2.800000000000000e-01 2.566333028751116e-01 1.106509202846480e+00
2.850000000000000e-01 2.639609087696434e-01 1.113024306085335e+00
2.900000000000000e-01 2.714534988248126e-01 1.119921503739784e+00
2.950000000000000e-01 2.791157561533084e-01 1.127226271999135e+00
3.000000000000000e-01 2.869524699153886e-01 1.134966068689398e+00
3.050000000000000e-01 2.949685383122613e-01 1.143170682128220e+00
3.100000000000000e-01 3.031689716476197e-01 1.151872393127675e+00
3.150000000000000e-01 3.115588954592450e-01 1.161106429323451e+00
3.200000000000000e-01 3.201435537226349e-01 1.170911335731899e+00
3.250000000000000e-01 3.289283121286580e-01 1.181329365917016e+00
3.300000000000000e-01 3.379186614372866e-01 1.192407038125842e+00
3.350000000000000e-01 3.471202209094989e-01 1.204195617466663e+00
3.400000000000000e-01 3.565387418195016e-01 1.216751849831696e+00
3.450000000000000e-01 3.661801110494620e-01 1.230138708267570e+00
3.500000000000000e-01 3.760503547690021e-01 1.244426383247214e+00
3.550000000000000e-01 3.861556422017504e-01 1.259693418777891e+00
3.600000000000000e-01 3.965022894813072e-01 1.276028125053036e+00
3.650000000000000e-01 4.070967635990345e-01 1.293530285400042e+00
3.700000000000000e-01 4.179456864461349e-01 1.312313266186185e+00
3.750000000000000e-01 4.290558389525505e-01 1.332506631309479e+00
3.800000000000000e-01 4.404341653252637e-01 1.354259419164521e+00
3.850000000000000e-01 4.520877773886537e-01 1.377744287770826e+00
3.900000000000000e-01 4.640239590296172e-01 1.403162816035737e+00
3.950000000000000e-01 4.762501707502353e-01 1.430752362608166e+00
4.000000000000000e-01 4.887740543308307e-01 1.460795053677420e+00
4.050000000000000e-01 5.016034376063282e-01 1.493629725504316e+00
4.100000000000000e-01 5.147463393589066e-01 1.529668037872655e+00
4.150000000000000e-01 5.282109743299990e-01 1.569416586145395e+00
4.200000000000000e-01 5.420057583547735e-01 1.613507820684577e+00
4.250000000000000e-01 5.561393136223041e-01 1.662744197893813e+00
4.300000000000000e-01 5.706204740647189e-01 1.718162724289917e+00
4.350000000000000e-01 5.854582908786964e-01 1.781131838373738e+00
4.400000000000000e-01 6.006620381827575e-01 1.853501214878085e+00
4.450000000000000e-01 6.162412188138907e-01 1.937841216125252e+00
4.500000000000000e-01 6.322055702671360e-01 2.037839801658132e+00
4.550000000000000e-01 6.485650707818353e-01 2.158985580407968e+00
4.600000000000000e-01 6.653299455783577e-01 2.309781160717435e+00
4.650000000000000e-01 6.825106732491932e-01 2.503903723823680e+00
4.700000000000000e-01 7.001179923084168e-01 2.763612259640644e+00
4.750000000000000e-01 7.181629079036070e-01 3.121333776842777e+00
4.800000000000000e-01 7.366566986944229e-01 3.594537034634723e+00
4.850000000000000e-01 7.556109239021327e-01 4.058883440844184e+00
4.900000000000000e-01 7.750374305345038e-01 4.154787106421067e+00
4.950000000000000e-01 7.949483607905672e-01 3.798727998571759e+00
5.000000000000000e-01 8.153561596498893e-01 3.359712429903188e+00
5.050000000000000e-01 8.362735826510871e-01 3.019961841527909e+00
5.100000000000000e-01 8.577137038644561e-01 2.767053234772135e+00
5.150000000000000e-01 8.796899240636907e-01 2.570298496215918e+00
5.200000000000000e-01 9.022159791018011e-01 2.412787103978236e+00
5.250000000000000e-01 9.253059484964714e-01 2.283676439418077e+00
5.300000000000000e-01 9.489742642302165e-01 2.175521937246783e+00
5.350000000000000e-01 9.732357197708378e-01 2.083463121659719e+00
5.400000000000000e-01 9.981054793178262e-01 2.004004025838960e+00
5.450000000000000e-01 1.023599087280478e+00 1.934618395284554e+00
5.500000000000000e-01 1.049732477993657e+00 1.873439319647369e+00
5.550000000000000e-01 1.076521985677273e+00 1.819035821314126e+00
5.600000000000001e-01 1.103984354645701e+00 1.770305377791433e+00
5.650000000000001e-01 1.132136749773522e+00 1.726377044777050e+00
5.700000000000001e-01 1.160996767224129e+00 1.686554274767041e+00
5.750000000000001e-01 1.190582445447902e+00 1.650273348741084e+00
5.800000000000000e-01 1.220912276456826e+00 1.617071616384130e+00
5.850000000000000e-01 1.252005217382601e+00 1.586566128044343e+00
5.900000000000000e-01 1.283880702325469e+00 1.558436576481430e+00
5.950000000000000e-01 1.316558654501151e+00 1.532412802897347e+00
6.000000000000000e-01 1.350059498693518e+00 1.508265201389313e+00
6.050000000000000e-01 1.384404174020732e+00 1.485797172760608e+00
6.100000000000000e-01 1.419614147022888e+00 1.464839296813332e+00
6.150000000000000e-01 1.455711425079295e+00 1.445244666129489e+00
6.200000000000000e-01 1.492718570163803e+00 1.426885167983344e+00
6.250000000000000e-01 1.530658712946775e+00 1.409648485493727e+00
6.300000000000000e-01 1.569555567252506e+00 1.393435653852049e+00
6.350000000000000e-01 1.609433444881138e+00 1.378159061284699e+00
6.400000000000000e-01 1.650317270804325e+00 1.363740798340361e+00
6.450000000000000e-01 1.692232598744148e+00 1.350111287747190e+00
6.500000000000000e-01 1.735205627145031e+00 1.337208140513791e+00
6.550000000000000e-01 1.779263215548615e+00 1.324975195853161e+00
6.600000000000000e-01 1.824432901381847e+00 1.313361712134779e+00
6.650000000000000e-01 1.870742917168772e+00 1.302321682727316e+00
6.700000000000000e-01 1.918222208176775e+00 1.291813256236501e+00
6.750000000000000e-01 1.966900450508319e+00 1.281798244940663e+00
6.800000000000000e-01 2.016808069649473e+00 1.272241708673637e+00
6.850000000000001e-01 2.067976259486829e+00 1.263111604198600e+00
6.900000000000001e-01 2.120437001804702e+00 1.254378492368383e+00
6.950000000000001e-01 2.174223086274785e+00 1.246015297201757e+00
7.000000000000001e-01 2.229368130950753e+00 1.237997112472787e+00
7.050000000000000e-01 2.285906603280654e+00 1.230301052540002e+00
7.100000000000000e-01 2.343873841650178e+00 1.222906144927738e+00
7.150000000000000e-01 2.403306077470301e+00 1.215793262575122e+00
7.200000000000000e-01 2.464240457823092e+00 1.208945093621663e+00
7.250000000000000e-01 2.526715068679855e+00 1.202346146009978e+00
7.300000000000000e-01 2.590768958706095e+00 1.195982782950468e+00
7.350000000000000e-01 2.656442163668210e+00 1.189843283310992e+00
7.400000000000000e-01 2.723775731457148e+00 1.183917918207718e+00
7.450000000000000e-01 2.792811747744667e+00 1.178199031508758e+00
7.500000000000000e-01 2.863593362288260e+00 1.172681107790735e+00
7.550000000000000e-01 2.936164815901156e+00 1.167360806882799e+00
7.600000000000000e-01 3.010571468104263e+00 1.162236940105191e+00
7.650000000000000e-01 3.086859825477351e+00 1.157310360506329e+00
7.700000000000000e-01 3.165077570727174e+00 1.152583738822835e+00
7.750000000000000e-01 3.245273592490716e+00 1.148061199520710e+00
7.800000000000000e-01 3.327498015892184e+00 1.143747797884001e+00
7.850000000000000e-01 3.411802233872832e+00 1.139648830018848e+00
7.900000000000000e-01 3.498238939313234e+00 1.135768982591055e+00
7.950000000000000e-01 3.586862157968046e+00 1.132111347374132e+00
8.000000000000000e-01 3.677727282233856e+00 1.128676346311443e+00
8.050000000000000e-01 3.770891105771243e+00 1.125460635017404e+00
8.100000000000001e-01 3.866411859002656e+00 1.122456075996989e+00
8.150000000000001e-01 3.964349245508326e+00 1.119648897031642e+00
8.200000000000001e-01 4.064764479342956e+00 1.117019174632419e+00
8.250000000000001e-01 4.167720323296481e+00 1.114540805352335e+00
8.300000000000001e-01 4.273281128122877e+00 1.112182142295816e+00
8.350000000000000e-01 4.381512872761445e+00 1.109907462036135e+00
8.400000000000000e-01 4.492483205575838e+00 1.107679354647279e+00
8.450000000000000e-01 4.606261486636447e+00 1.105461958947962e+00
8.500000000000000e-01 4.722918831072739e+00 1.103224689114975e+00
8.550000000000000e-01 4.842528153522501e+00 1.100945784146468e+00
8.600000000000000e-01 4.965164213705875e+00 1.098614809469840e+00
8.650000000000000e-01 5.090903663152626e+00 1.096233324275698e+00
8.700000000000000e-01 5.219825093111814e+00 1.093813372382115e+00
8.750000000000000e-01 5.352009083673925e+00 1.091374131448534e+00
8.800000000000000e-01 5.487538254136007e+00 1.088937663778108e+00
8.850000000000000e-01 5.626497314641444e+00 1.086524946802632e+00
8.900000000000000e-01 5.768973119126561e+00 1.084153114927143e+00
8.950000000000000e-01 5.915054719607133e+00 1.081834276813180e+00
9.000000000000000e-01 6.064833421838831e+00 1.079575693545355e+00
9.050000000000000e-01 6.218402842386253e+00 1.077380768191295e+00
9.100000000000000e-01 6.375858967136348e+00 1.075250273087165e+00
9.150000000000000e-01 6.537300211292723e+00 1.073183424533924e+00
9.200000000000000e-01 6.702827480888332e+00 1.071178645918692e+00
9.250000000000000e-01 6.872544235855034e+00 1.069234028063697e+00
9.300000000000000e-01 7.046556554689444e+00 1.067347569783430e+00
9.350000000000001e-01 7.224973200755413e+00 1.065517287261562e+00
9.400000000000001e-01 7.407905690264673e+00 1.063741256613428e+00
9.450000000000001e-01 7.595468361978146e+00 1.062017626897440e+00
9.500000000000001e-01 7.787778448671316e+00 1.060344621712496e+00
9.550000000000001e-01 7.984956150408610e+00 1.058720536990234e+00
9.600000000000000e-01 8.187124709672272e+00 1.057143737768564e+00
9.650000000000000e-01 8.394410488393007e+00 1.055612654840135e+00
9.700000000000000e-01 8.606943046930221e+00 1.054125781522686e+00
9.750000000000000e-01 8.824855225051540e+00 1.052681670604299e+00
9.800000000000000e-01 9.048283224961922e+00 1.051278931465574e+00
9.850000000000000e-01 9.277366696434507e+00 1.049916227369478e+00
9.900000000000000e-01 9.512248824096272e+00 1.048592272907918e+00
9.950000000000000e-01 9.753076416923058e+00 1.047305831594507e+00
1.000000000000000e+00 1.000000000000000e+01 1.046055713593728e+00
