0.000000000000000e+00 0.000000000000000e+00 1.000000000000000e+00
5.000000000000000e-03 3.369477419287315e-03 1.000012290246941e+00
1.000000000000000e-02 6.741060871647481e-03 1.000061449851664e+00
1.500000000000000e-02 1.011685770649257e-02 1.000143450073382e+00
2.000000000000000e-02 1.349897790673588e-02 1.000258588912870e+00
2.500000000000000e-02 1.688953540759990e-02 1.000407172936769e+00
3.000000000000000e-02 2.029064941789469e-02 1.000589522769492e+00
3.500000000000000e-02 2.370444574459234e-02 1.000806108450701e+00
4.000000000000000e-02 2.713305812152553e-02 1.001057543179903e+00
4.500000000000000e-02 3.057862954304063e-02 1.001344463638791e+00
5.000000000000000e-02 3.404331360343898e-02 1.001667567900888e+00
5.500000000000000e-02 3.752927584304335e-02 1.002027720433717e+00
6.000000000000000e-02 4.103869510173117e-02 1.002425884181685e+00
6.500000000000000e-02 4.457376488078044e-02 1.002863048687865e+00
7.000000000000001e-02 4.813669471387935e-02 1.003340343613950e+00
7.500000000000000e-02 5.172971154815675e-02 1.003859062103225e+00
8.000000000000000e-02 5.535506113609672e-02 1.004420532322936e+00
8.500000000000001e-02 5.901500943920686e-02 1.005026163266352e+00
9.000000000000000e-02 6.271184404431801e-02 1.005677584823630e+00
9.500000000000000e-02 6.644787559340060e-02 1.006376546007583e+00
1.000000000000000e-01 7.022543922779090e-02 1.007124808384199e+00
1.050000000000000e-01 7.404689604773053e-02 1.007924304216922e+00
1.100000000000000e-01 7.791463458813094e-02 1.008777213744328e+00
1.150000000000000e-01 8.183107231148547e-02 1.009685792553756e+00
1.200000000000000e-01 8.579865711886202e-02 1.010652361176474e+00
1.250000000000000e-01 8.981986887992111e-02 1.011679489718277e+00
1.300000000000000e-01 9.389722098291493e-02 1.012769970553102e+00
1.350000000000000e-01 9.803326190563690e-02 1.013926669502807e+00
1.400000000000000e-01 1.022305768083033e-01 1.015152618775505e+00
1.450000000000000e-01 1.064917891493625e-01 1.016451148671117e+00
1.500000000000000e-01 1.108195623252418e-01 1.017825779056328e+00
1.550000000000000e-01 1.152166013350572e-01 1.019280146203578e+00
1.600000000000000e-01 1.196856544713255e-01 1.020818160119691e+00
1.650000000000000e-01 1.242295150377370e-01 1.022444066129220e+00
1.700000000000000e-01 1.288510230950609e-01 1.024162300017034e+00
1.750000000000000e-01 1.335530672362758e-01 1.025977479743656e+00
1.800000000000000e-01 1.383385863920344e-01 1.027894588953229e+00
1.850000000000000e-01 1.432105716675912e-01 1.029919004052533e+00
1.900000000000000e-01 1.481720682123397e-01 1.032056346431955e+00
1.950000000000000e-01 1.532261771231311e-01 1.034312490532872e+00
2.000000000000000e-01 1.583760573825595e-01 1.036693746408919e+00
2.050000000000000e-01 1.636249278334301e-01 1.039206914973656e+00
2.100000000000000e-01 1.689760691906397e-01 1.041859174874174e+00
2.150000000000000e-01 1.744328260917313e-01 1.044658041504590e+00
2.200000000000000e-01 1.799986091874004e-01 1.047611495855421e+00
2.250000000000000e-01 1.856768972732633e-01 1.050728138059794e+00
2.300000000000000e-01 1.914712394642179e-01 1.054017196535247e+00
2.350000000000000e-01 1.973852574127551e-01 1.057488393956701e+00
2.400000000000000e-01 2.034226475726105e-01 1.061151924665301e+00
2.450000000000000e-01 2.095871835091678e-01 1.065018702414862e+00
2.500000000000000e-01 2.158827182580599e-01 1.069100560207825e+00
2.550000000000000e-01 2.223131867334419e-01 1.073410142693545e+00
2.600000000000000e-01 2.288826081874405e-01 1.077960821433657e+00
2.650000000000000e-01 2.355950887223172e-01 1.082766809485530e+00
2.700000000000000e-01 2.424548238569160e-01 1.087843258955775e+00
2.750000000000000e-01 2.494661011489995e-01 1.093206456676149e+00
2.800000000000000e-01 2.566333028751116e-01 1.098874049528195e+00
2.850000000000000e-01 2.639609087696434e-01 1.104864980734003e+00
2.900000000000000e-01 2.714534988248126e-01 1.111199538393542e+00
2.950000000000000e-01 2.791157561533084e-01 1.117899510824389e+00
3.000000000000000e-01 2.869524699153886e-01 1.124988207040376e+00
3.050000000000000e-01 2.949685383122613e-01 1.132490788844658e+00
3.100000000000000e-01 3.031689716476197e-01 1.140434435968903e+00
3.150000000000000e-01 3.115588954592450e-01 1.148848583211943e+00
3.200000000000000e-01 3.201435537226349e-01 1.157765218965972e+00
3.250000000000000e-01 3.289283121286580e-01 1.167219080954018e+00
3.300000000000000e-01 3.379186614372866e-01 1.177248033761872e+00
3.350000000000000e-01 3.471202209094989e-01 1.187893366160190e+00
3.400000000000000e-01 3.565387418195016e-01 1.199200246592307e+00
3.450000000000000e-01 3.661801110494620e-01 1.211218183265602e+00
3.500000000000000e-01 3.760503547690021e-01 1.224001605977300e+00
3.550000000000000e-01 3.861556422017504e-01 1.237610523129272e+00
3.600000000000000e-01 3.965022894813072e-01 1.252111306291720e+00
3.650000000000000e-01 4.070967635990345e-01 1.267577609954155e+00
3.700000000000000e-01 4.179456864461349e-01 1.284091464672908e+00
3.750000000000000e-01 4.290558389525505e-01 1.301744578290356e+00
3.800000000000000e-01 4.404341653252637e-01 1.320639894388578e+00
3.850000000000000e-01 4.520877773886537e-01 1.340893467356737e+00
3.900000000000000e-01 4.640239590296172e-01 1.362636729646781e+00
3.950000000000000e-01 4.762501707502353e-01 1.386019245898909e+00
4.000000000000000e-01 4.887740543308307e-01 1.411212072786544e+00
4.050000000000000e-01 5.016034376063282e-01 1.438411872575541e+00
4.100000000000000e-01 5.147463393589066e-01 1.467845962260264e+00
4.150000000000000e-01 5.282109743299990e-01 1.499778516076537e+00
4.200000000000000e-01 5.420057583547735e-01 1.534518169684308e+00
4.250000000000000e-01 5.561393136223041e-01 1.572427281000814e+00
4.300000000000000e-01 5.706204740647189e-01 1.613933043957686e+00
4.350000000000000e-01 5.854582908786964e-01 1.659540436347900e+00
4.400000000000000e-01 6.006620381827575e-01 1.709846415893620e+00
4.450000000000000e-01 6.162412188138907e-01 1.765553444356714e+00
4.500000000000000e-01 6.322055702671360e-01 1.827477446060028e+00
4.550000000000000e-01 6.485650707818353e-01 1.896538902436395e+00
4.600000000000000e-01 6.653299455783577e-01 1.973712425650091e+00
4.650000000000000e-01 6.825106732491932e-01 2.059883594184198e+00
4.700000000000000e-01 7.001179923084168e-01 2.155513720391755e+00
4.750000000000000e-01 7.181629079036070e-01 2.259943329967187e+00
4.800000000000000e-01 7.366566986944229e-01 2.370124817077141e+00
4.850000000000000e-01 7.556109239021327e-01 2.478776190998564e+00
4.900000000000000e-01 7.750374305345038e-01 2.572837499611243e+00
4.950000000000000e-01 7.949483607905672e-01 2.634755577989833e+00
5.000000000000000e-01 8.153561596498893e-01 2.649251673979446e+00
5.050000000000000e-01 8.362735826510871e-01 2.612883593665788e+00
5.100000000000000e-01 8.577137038644561e-01 2.537062559329277e+00
5.150000000000000e-01 8.796899240636907e-01 2.440393120413316e+00
5.200000000000000e-01 9.022159791018011e-01 2.338703527589116e+00
5.250000000000000e-01 9.253059484964714e-01 2.241132216635071e+00
5.300000000000000e-01 9.489742642302165e-01 2.151466578009355e+00
5.350000000000000e-01 9.732357197708378e-01 2.070591972421161e+00
5.400000000000000e-01 9.981054793178262e-01 1.998130734797309e+00
5.450000000000000e-01 1.023599087280478e+00 1.933253581430268e+00
5.500000000000000e-01 1.049732477993657e+00 1.875037699561387e+00
5.550000000000000e-01 1.076521985677273e+00 1.822611864922275e+00
5.600000000000001e-01 1.103984354645701e+00 1.775205008566722e+00
5.650000000000001e-01 1.132136749773522e+00 1.732153807234489e+00
5.700000000000001e-01 1.160996767224129e+00 1.692894587581346e+00
5.750000000000001e-01 1.190582445447902e+00 1.656950335467085e+00
5.800000000000000e-01 1.220912276456826e+00 1.623917294870495e+00
5.850000000000000e-01 1.252005217382601e+00 1.593452855633342e+00
5.900000000000000e-01 1.283880702325469e+00 1.565265201593152e+00
5.950000000000000e-01 1.316558654501151e+00 1.539104696946761e+00
6.000000000000000e-01 1.350059498693518e+00 1.514756811541824e+00
6.050000000000000e-01 1.384404174020732e+00 1.492036342518175e+00
6.100000000000000e-01 1.419614147022888e+00 1.470782701861543e+00
6.150000000000000e-01 1.455711425079295e+00 1.450856070139525e+00
6.200000000000000e-01 1.492718570163803e+00 1.432134250518777e+00
6.250000000000000e-01 1.530658712946775e+00 1.414510088214592e+00
6.300000000000000e-01 1.569555567252506e+00 1.397889346862244e+00
6.350000000000000e-01 1.609433444881138e+00 1.382188954771345e+00
6.400000000000000e-01 1.650317270804325e+00 1.367335551145204e+00
6.450000000000000e-01 1.692232598744148e+00 1.353264275808947e+00
6.500000000000000e-01 1.735205627145031e+00 1.339917756474803e+00
6.550000000000000e-01 1.779263215548615e+00 1.327245255680922e+00
6.600000000000000e-01 1.824432901381847e+00 1.315201945777637e+00
6.650000000000000e-01 1.870742917168772e+00 1.303748285123777e+00
6.700000000000000e-01 1.918222208176775e+00 1.292849472348855e+00
6.750000000000000e-01 1.966900450508319e+00 1.282474958436357e+00
6.800000000000000e-01 2.016808069649473e+00 1.272597998751051e+00
6.850000000000001e-01 2.067976259486829e+00 1.263195229200366e+00
6.900000000000001e-01 2.120437001804702e+00 1.254246252688447e+00
6.950000000000001e-01 2.174223086274785e+00 1.245733224063168e+00
7.000000000000001e-01 2.229368130950753e+00 1.237640424006918e+00
7.050000000000000e-01 2.285906603280654e+00 1.229953814876495e+00
7.100000000000000e-01 2.343873841650178e+00 1.222660574407837e+00
7.150000000000000e-01 2.403306077470301e+00 1.215748606480285e+00
7.200000000000000e-01 2.464240457823092e+00 1.209206031768910e+00
7.250000000000000e-01 2.526715068679855e+00 1.203020665082486e+00
7.300000000000000e-01 2.590768958706095e+00 1.197179490488139e+00
7.350000000000000e-01 2.656442163668210e+00 1.191668149998535e+00
7.400000000000000e-01 2.723775731457148e+00 1.186470466719091e+00
7.450000000000000e-01 2.792811747744667e+00 1.181568028998565e+00
7.500000000000000e-01 2.863593362288260e+00 1.176939868285681e+00
7.550000000000000e-01 2.936164815901156e+00 1.172562269807218e+00
7.600000000000000e-01 3.010571468104263e+00 1.168408761100908e+00
7.650000000000000e-01 3.086859825477351e+00 1.164450327322318e+00
7.700000000000000e-01 3.165077570727174e+00 1.160655901470987e+00
7.750000000000000e-01 3.245273592490716e+00 1.156993168383084e+00
7.800000000000000e-01 3.327498015892184e+00 1.153429698731312e+00
7.850000000000000e-01 3.411802233872832e+00 1.149934388906789e+00
7.900000000000000e-01 3.498238939313234e+00 1.146479123035396e+00
7.950000000000000e-01 3.586862157968046e+00 1.143040499776725e+00
8.000000000000000e-01 3.677727282233856e+00 1.139601394508367e+00
8.050000000000000e-01 3.770891105771243e+00 1.136152082950665e+00
8.100000000000001e-01 3.866411859002656e+00 1.132690665101706e+00
8.150000000000001e-01 3.964349245508326e+00 1.129222618751369e+00
8.200000000000001e-01 4.064764479342956e+00 1.125759474713361e+00
8.250000000000001e-01 4.167720323296481e+00 1.122316802768534e+00
8.300000000000001e-01 4.273281128122877e+00 1.118911864847177e+00
8.350000000000000e-01 4.381512872761445e+00 1.115561367516354e+00
8.400000000000000e-01 4.492483205575838e+00 1.112279697940220e+00
8.450000000000000e-01 4.606261486636447e+00 1.109077873726325e+00
8.500000000000000e-01 4.722918831072739e+00 1.105963236964408e+00
8.550000000000000e-01 4.842528153522501e+00 1.102939748951364e+00
8.600000000000000e-01 4.965164213705875e+00 1.100008646764937e+00
8.650000000000000e-01 5.090903663152626e+00 1.097169218282542e+00
8.700000000000000e-01 5.219825093111814e+00 1.094419514014479e+00
8.750000000000000e-01 5.352009083673925e+00 1.091756900892662e+00
8.800000000000000e-01 5.487538254136007e+00 1.089178438835830e+00
8.850000000000000e-01 5.626497314641444e+00 1.086681107297297e+00
8.900000000000000e-01 5.768973119126561e+00 1.084261925818673e+00
8.950000000000000e-01 5.915054719607133e+00 1.081918009724702e+00
9.000000000000000e-01 6.064833421838831e+00 1.079646590888000e+00
9.050000000000000e-01 6.218402842386253e+00 1.077445021857908e+00
9.100000000000000e-01 6.375858967136348e+00 1.075310773042577e+00
9.150000000000000e-01 6.537300211292723e+00 1.073241427455537e+00
9.200000000000000e-01 6.702827480888332e+00 1.071234674882533e+00
9.250000000000000e-01 6.872544235855034e+00 1.069288306138245e+00
9.300000000000000e-01 7.046556554689444e+00 1.067400207615926e+00
9.350000000000001e-01 7.224973200755413e+00 1.065568356170940e+00
9.400000000000001e-01 7.407905690264673e+00 1.063790814330038e+00
9.450000000000001e-01 7.595468361978146e+00 1.062065725806020e+00
9.500000000000001e-01 7.787778448671316e+00 1.060391311295906e+00
9.550000000000001e-01 7.984956150408610e+00 1.058765864541824e+00
9.600000000000000e-01 8.187124709672272e+00 1.057187748635463e+00
9.650000000000000e-01 8.394410488393007e+00 1.055655392548456e+00
9.700000000000000e-01 8.606943046930221e+00 1.054167287872551e+00
9.750000000000000e-01 8.824855225051540e+00 1.052721985754714e+00
9.800000000000000e-01 9.048283224961922e+00 1.051318094013514e+00
9.850000000000000e-01 9.277366696434507e+00 1.049954274424243e+00
9.900000000000000e-01 9.512248824096272e+00 1.048629240161193e+00
9.950000000000000e-01 9.753076416923058e+00 1.047341753386438e+00
1.000000000000000e+00 1.000000000000000e+01 1.046090622975274e+00
