0.000000000000000e+00 0.000000000000000e+00 1.000000000000000e+00
5.000000000000000e-03 3.369477419287315e-03 1.000012845320121e+00
1.000000000000000e-02 6.741060871647481e-03 1.000064397295524e+00
1.500000000000000e-02 1.011685770649257e-02 1.000150680745575e+00
2.000000000000000e-02 1.349897790673588e-02 1.000271653501795e+00
2.500000000000000e-02 1.688953540759990e-02 1.000427628066864e+00
3.000000000000000e-02 2.029064941789469e-02 1.000619155546047e+00
3.500000000000000e-02 2.370444574459234e-02 1.000846695218901e+00
4.000000000000000e-02 2.713305812152553e-02 1.001110776871504e+00
4.500000000000000e-02 3.057862954304063e-02 1.001412138914101e+00
5.000000000000000e-02 3.404331360343898e-02 1.001751573077403e+00
5.500000000000000e-02 3.752927584304335e-02 1.002129904881257e+00
6.000000000000000e-02 4.103869510173117e-02 1.002548149800025e+00
6.500000000000000e-02 4.457376488078044e-02 1.003007448153391e+00
7.000000000000001e-02 4.813669471387935e-02 1.003508941625276e+00
7.500000000000000e-02 5.172971154815675e-02 1.004053905964524e+00
8.000000000000000e-02 5.535506113609672e-02 1.004643839450527e+00
8.500000000000001e-02 5.901500943920686e-02 1.005280298800787e+00
9.000000000000000e-02 6.271184404431801e-02 1.005964883140337e+00
9.500000000000000e-02 6.644787559340060e-02 1.006699408446124e+00
1.000000000000000e-01 7.022543922779090e-02 1.007485867382459e+00
1.050000000000000e-01 7.404689604773053e-02 1.008326295051845e+00
1.100000000000000e-01 7.791463458813094e-02 1.009222884159852e+00
1.150000000000000e-01 8.183107231148547e-02 1.010178072399455e+00
1.200000000000000e-01 8.579865711886202e-02 1.011194399192332e+00
1.250000000000000e-01 8.981986887992111e-02 1.012274503497986e+00
1.300000000000000e-01 9.389722098291493e-02 1.013421304925247e+00
1.350000000000000e-01 9.803326190563690e-02 1.014637950161683e+00
1.400000000000000e-01 1.022305768083033e-01 1.015927653602642e+00
1.450000000000000e-01 1.064917891493625e-01 1.017293830247928e+00
1.500000000000000e-01 1.108195623252418e-01 1.018740260268441e+00
1.550000000000000e-01 1.152166013350572e-01 1.020270933976936e+00
1.600000000000000e-01 1.196856544713255e-01 1.021889938839299e+00
1.650000000000000e-01 1.242295150377370e-01 1.023601668012639e+00
1.700000000000000e-01 1.288510230950609e-01 1.025410938645624e+00
1.750000000000000e-01 1.335530672362758e-01 1.027322798828352e+00
1.800000000000000e-01 1.383385863920344e-01 1.029342462165278e+00
1.850000000000000e-01 1.432105716675912e-01 1.031475543241637e+00
1.900000000000000e-01 1.481720682123397e-01 1.033728157061074e+00
1.950000000000000e-01 1.532261771231311e-01 1.036106722453384e+00
2.000000000000000e-01 1.583760573825595e-01 1.038617902199803e+00
2.050000000000000e-01 1.636249278334301e-01 1.041268849493380e+00
2.100000000000000e-01 1.689760691906397e-01 1.044067345644929e+00
2.150000000000000e-01 1.744328260917313e-01 1.047021616992254e+00
2.200000000000000e-01 1.799986091874004e-01 1.050140228976203e+00
2.250000000000000e-01 1.856768972732633e-01 1.053432320748618e+00
2.300000000000000e-01 1.914712394642179e-01 1.056907821969216e+00
2.350000000000000e-01 1.973852574127551e-01 1.060577346188463e+00
2.400000000000000e-01 2.034226475726105e-01 1.064452058172153e+00
2.450000000000000e-01 2.095871835091678e-01 1.068543799079221e+00
2.500000000000000e-01 2.158827182580599e-01 1.072865282993118e+00
2.550000000000000e-01 2.223131867334419e-01 1.077430211173646e+00
2.600000000000000e-01 2.288826081874405e-01 1.082253333317647e+00
2.650000000000000e-01 2.355950887223172e-01 1.087350371929344e+00
2.700000000000000e-01 2.424548238569160e-01 1.092737989819560e+00
2.750000000000000e-01 2.494661011489995e-01 1.098434081072706e+00
2.800000000000000e-01 2.566333028751116e-01 1.104458026626192e+00
2.850000000000000e-01 2.639609087696434e-01 1.110830754565294e+00
2.900000000000000e-01 2.714534988248126e-01 1.117574925745936e+00
2.950000000000000e-01 2.791157561533084e-01 1.124714977508157e+00
3.000000000000000e-01 2.869524699153886e-01 1.132277176428875e+00
3.050000000000000e-01 2.949685383122613e-01 1.140289978234304e+00
3.100000000000000e-01 3.031689716476197e-01 1.148784186622308e+00
3.150000000000000e-01 3.115588954592450e-01 1.157793348873069e+00
3.200000000000000e-01 3.201435537226349e-01 1.167354106580842e+00
3.250000000000000e-01 3.289283121286580e-01 1.177506521486015e+00
3.300000000000000e-01 3.379186614372866e-01 1.188294578706274e+00
3.350000000000000e-01 3.471202209094989e-01 1.199766607065180e+00
3.400000000000000e-01 3.565387418195016e-01 1.211975926131682e+00
3.450000000000000e-01 3.661801110494620e-01 1.224981500779474e+00
3.500000000000000e-01 3.760503547690021e-01 1.238848800419520e+00
3.550000000000000e-01 3.861556422017504e-01 1.253650780137351e+00
3.600000000000000e-01 3.965022894813072e-01 1.269469087750811e+00
3.650000000000000e-01 4.070967635990345e-01 1.286395510628179e+00
3.700000000000000e-01 4.179456864461349e-01 1.304533745423785e+00
3.750000000000000e-01 4.290558389525505e-01 1.324001567755855e+00
3.800000000000000e-01 4.404341653252637e-01 1.344933518944658e+00
3.850000000000000e-01 4.520877773886537e-01 1.367484259635921e+00
3.900000000000000e-01 4.640239590296172e-01 1.391832795400917e+00
3.950000000000000e-01 4.762501707502353e-01 1.418187853254744e+00
4.000000000000000e-01 4.887740543308307e-01 1.446794795004861e+00
4.050000000000000e-01 5.016034376063282e-01 1.477944607395338e+00
4.100000000000000e-01 5.147463393589066e-01 1.511985734951787e+00
4.150000000000000e-01 5.282109743299990e-01 1.549339856952382e+00
4.200000000000000e-01 5.420057583547735e-01 1.590523215027637e+00
4.250000000000000e-01 5.561393136223041e-01 1.636175867496606e+00
4.300000000000000e-01 5.706204740647189e-01 1.687102430271022e+00
4.350000000000000e-01 5.854582908786964e-01 1.744329690588420e+00
4.400000000000000e-01 6.006620381827575e-01 1.809189268726419e+00
4.450000000000000e-01 6.162412188138907e-01 1.883437584132180e+00
4.500000000000000e-01 6.322055702671360e-01 1.969430598523793e+00
4.550000000000000e-01 6.485650707818353e-01 2.070374370976134e+00
4.600000000000000e-01 6.653299455783577e-01 2.190660593007820e+00
4.650000000000000e-01 6.825106732491932e-01 2.336213295855704e+00
4.700000000000000e-01 7.001179923084168e-01 2.514416081636059e+00
4.750000000000000e-01 7.181629079036070e-01 2.731932419099988e+00
4.800000000000000e-01 7.366566986944229e-01 2.985455457746139e+00
4.850000000000000e-01 7.556109239021327e-01 3.238075499746192e+00
4.900000000000000e-01 7.750374305345038e-01 3.397378557247970e+00
4.950000000000000e-01 7.949483607905672e-01 3.370819043211210e+00
5.000000000000000e-01 8.153561596498893e-01 3.183508998533095e+00
5.050000000000000e-01 8.362735826510871e-01 2.946718356672284e+00
5.100000000000000e-01 8.577137038644561e-01 2.731383171672685e+00
5.150000000000000e-01 8.796899240636907e-01 2.551903517716012e+00
5.200000000000000e-01 9.022159791018011e-01 2.403319285561623e+00
5.250000000000000e-01 9.253059484964714e-01 2.279084764200793e+00
5.300000000000000e-01 9.489742642302165e-01 2.173929198528791e+00
5.350000000000000e-01 9.732357197708378e-01 2.083777662961963e+00
5.400000000000000e-01 9.981054793178262e-01 2.005586994999552e+00
5.450000000000000e-01 1.023599087280478e+00 1.937076740099332e+00
5.500000000000000e-01 1.049732477993657e+00 1.876506653321328e+00
5.550000000000000e-01 1.076521985677273e+00 1.822533911208898e+00
5.600000000000001e-01 1.103984354645701e+00 1.774106418075706e+00
5.650000000000001e-01 1.132136749773522e+00 1.730387927676251e+00
5.700000000000001e-01 1.160996767224129e+00 1.690705654880048e+00
5.750000000000001e-01 1.190582445447902e+00 1.654511753454395e+00
5.800000000000000e-01 1.220912276456826e+00 1.621355326320325e+00
5.850000000000000e-01 1.252005217382601e+00 1.590861644853168e+00
5.900000000000000e-01 1.283880702325469e+00 1.562716459255093e+00
5.950000000000000e-01 1.316558654501151e+00 1.536654074201131e+00
6.000000000000000e-01 1.350059498693518e+00 1.512448145078273e+00
6.050000000000000e-01 1.384404174020732e+00 1.489904503266479e+00
6.100000000000000e-01 1.419614147022888e+00 1.468855509114355e+00
6.150000000000000e-01 1.455711425079295e+00 1.449155562489248e+00
6.200000000000000e-01 1.492718570163803e+00 1.430677504362815e+00
6.250000000000000e-01 1.530658712946775e+00 1.413309709609825e+00
6.300000000000000e-01 1.569555567252506e+00 1.396953721428534e+00
6.350000000000000e-01 1.609433444881138e+00 1.381522314396199e+00
6.400000000000000e-01 1.650317270804325e+00 1.366937899718365e+00
6.450000000000000e-01 1.692232598744148e+00 1.353131206229014e+00
6.500000000000000e-01 1.735205627145031e+00 1.340040185643198e+00
6.550000000000000e-01 1.779263215548615e+00 1.327609101882661e+00
6.600000000000000e-01 1.824432901381847e+00 1.315787772934984e+00
6.650000000000000e-01 1.870742917168772e+00 1.304530940312307e+00
6.700000000000000e-01 1.918222208176775e+00 1.293797746229138e+00
6.750000000000000e-01 1.966900450508319e+00 1.283551302450930e+00
6.800000000000000e-01 2.016808069649473e+00 1.273758337607979e+00
6.850000000000001e-01 2.067976259486829e+00 1.264388911782108e+00
6.900000000000001e-01 2.120437001804702e+00 1.255416188462843e+00
6.950000000000001e-01 2.174223086274785e+00 1.246816254608310e+00
7.000000000000001e-01 2.229368130950753e+00 1.238567979589737e+00
7.050000000000000e-01 2.285906603280654e+00 1.230652903304907e+00
7.100000000000000e-01 2.343873841650178e+00 1.223055142793344e+00
7.150000000000000e-01 2.403306077470301e+00 1.215761305392962e+00
7.200000000000000e-01 2.464240457823092e+00 1.208760395021460e+00
7.250000000000000e-01 2.526715068679855e+00 1.202043696792208e+00
7.300000000000000e-01 2.590768958706095e+00 1.195604624199724e+00
7.350000000000000e-01 2.656442163668210e+00 1.189438512900674e+00
7.400000000000000e-01 2.723775731457148e+00 1.183542346051504e+00
7.450000000000000e-01 2.792811747744667e+00 1.177914398577330e+00
7.500000000000000e-01 2.863593362288260e+00 1.172553791864221e+00
7.550000000000000e-01 2.936164815901156e+00 1.167459956254868e+00
7.600000000000000e-01 3.010571468104263e+00 1.162632006278570e+00
7.650000000000000e-01 3.086859825477351e+00 1.158068042517384e+00
7.700000000000000e-01 3.165077570727174e+00 1.153764404112426e+00
7.750000000000000e-01 3.245273592490716e+00 1.149714906928672e+00
7.800000000000000e-01 3.327498015892184e+00 1.145910114253677e+00
7.850000000000000e-01 3.411802233872832e+00 1.142336699641367e+00
7.900000000000000e-01 3.498238939313234e+00 1.138976975014276e+00
7.950000000000000e-01 3.586862157968046e+00 1.135808670636202e+00
8.000000000000000e-01 3.677727282233856e+00 1.132805064806317e+00
8.050000000000000e-01 3.770891105771243e+00 1.129935565112648e+00
8.100000000000001e-01 3.866411859002656e+00 1.127166830596085e+00
8.150000000000001e-01 3.964349245508326e+00 1.124464481369698e+00
8.200000000000001e-01 4.064764479342956e+00 1.121795354296802e+00
8.250000000000001e-01 4.167720323296481e+00 1.119130125012744e+00
8.300000000000001e-01 4.273281128122877e+00 1.116445947871903e+00
8.350000000000000e-01 4.381512872761445e+00 1.113728622101981e+00
8.400000000000000e-01 4.492483205575838e+00 1.110973756040676e+00
8.450000000000000e-01 4.606261486636447e+00 1.108186540317084e+00
8.500000000000000e-01 4.722918831072739e+00 1.105380058040295e+00
8.550000000000000e-01 4.842528153522501e+00 1.102572462796498e+00
8.600000000000000e-01 4.965164213705875e+00 1.099783682735893e+00
8.650000000000000e-01 5.090903663152626e+00 1.097032414220681e+00
8.700000000000000e-01 5.219825093111814e+00 1.094334005241601e+00
8.750000000000000e-01 5.352009083673925e+00 1.091699481561271e+00
8.800000000000000e-01 5.487538254136007e+00 1.089135601077003e+00
8.850000000000000e-01 5.626497314641444e+00 1.086645581752386e+00
8.900000000000000e-01 5.768973119126561e+00 1.084230094048008e+00
8.950000000000000e-01 5.915054719607133e+00 1.081888201553516e+00
9.000000000000000e-01 6.064833421838831e+00 1.079618085488645e+00
9.050000000000000e-01 6.218402842386253e+00 1.077417521309969e+00
9.100000000000000e-01 6.375858967136348e+00 1.075284151994494e+00
9.150000000000000e-01 6.537300211292723e+00 1.073215625398239e+00
9.200000000000000e-01 6.702827480888332e+00 1.071209654107785e+00
9.250000000000000e-01 6.872544235855034e+00 1.069264036822327e+00
9.300000000000000e-01 7.046556554689444e+00 1.067376662984105e+00
9.350000000000001e-01 7.224973200755413e+00 1.065545511043074e+00
9.400000000000001e-01 7.407905690264673e+00 1.063768644692791e+00
9.450000000000001e-01 7.595468361978146e+00 1.062044208669002e+00
9.500000000000001e-01 7.787778448671316e+00 1.060370424620801e+00
9.550000000000001e-01 7.984956150408610e+00 1.058745587190356e+00
9.600000000000000e-01 8.187124709672272e+00 1.057168060323512e+00
9.650000000000000e-01 8.394410488393007e+00 1.055636273803506e+00
9.700000000000000e-01 8.606943046930221e+00 1.054148719993791e+00
9.750000000000000e-01 8.824855225051540e+00 1.052703950775515e+00
9.800000000000000e-01 9.048283224961922e+00 1.051300574666119e+00
9.850000000000000e-01 9.277366696434507e+00 1.049937254106505e+00
9.900000000000000e-01 9.512248824096272e+00 1.048612702905228e+00
9.950000000000000e-01 9.753076416923058e+00 1.047325683829061e+00
1.000000000000000e+00 1.000000000000000e+01 1.046075006330097e+00
