0.000000000000000e+00 0.000000000000000e+00 1.000000000000000e+00
5.000000000000000e-03 3.369477419287315e-03 1.000013335274384e+00
1.000000000000000e-02 6.741060871647481e-03 1.000066641504018e+00
1.500000000000000e-02 1.011685770649257e-02 1.000155502885652e+00
2.000000000000000e-02 1.349897790673588e-02 1.000280295231539e+00
2.500000000000000e-02 1.688953540759990e-02 1.000441346479292e+00
3.000000000000000e-02 2.029064941789469e-02 1.000639023346783e+00
3.500000000000000e-02 2.370444574459234e-02 1.000873848814441e+00
4.000000000000000e-02 2.713305812152553e-02 1.001146423413869e+00
4.500000000000000e-02 3.057862954304063e-02 1.001457451880452e+00
5.000000000000000e-02 3.404331360343898e-02 1.001807785446194e+00
5.500000000000000e-02 3.752927584304335e-02 1.002198324909848e+00
6.000000000000000e-02 4.103869510173117e-02 1.002630050098135e+00
6.500000000000000e-02 4.457376488078044e-02 1.003104124508630e+00
7.000000000000001e-02 4.813669471387935e-02 1.003621811524043e+00
7.500000000000000e-02 5.172971154815675e-02 1.004184416633864e+00
8.000000000000000e-02 5.535506113609672e-02 1.004793427642160e+00
8.500000000000001e-02 5.901500943920686e-02 1.005450505403281e+00
9.000000000000000e-02 6.271184404431801e-02 1.006157339114780e+00
9.500000000000000e-02 6.644787559340060e-02 1.006915742536341e+00
1.000000000000000e-01 7.022543922779090e-02 1.007727791984258e+00
1.050000000000000e-01 7.404689604773053e-02 1.008595675455683e+00
1.100000000000000e-01 7.791463458813094e-02 1.009521618354781e+00
1.150000000000000e-01 8.183107231148547e-02 1.010508079796916e+00
1.200000000000000e-01 8.579865711886202e-02 1.011557776256367e+00
1.250000000000000e-01 8.981986887992111e-02 1.012673501382543e+00
1.300000000000000e-01 9.389722098291493e-02 1.013858190348472e+00
1.350000000000000e-01 9.803326190563690e-02 1.015115083831561e+00
1.400000000000000e-01 1.022305768083033e-01 1.016447625316461e+00
1.450000000000000e-01 1.064917891493625e-01 1.017859369887109e+00
1.500000000000000e-01 1.108195623252418e-01 1.019354154000589e+00
1.550000000000000e-01 1.152166013350572e-01 1.020936150318840e+00
1.600000000000000e-01 1.196856544713255e-01 1.022609700681829e+00
1.650000000000000e-01 1.242295150377370e-01 1.024379344674378e+00
1.700000000000000e-01 1.288510230950609e-01 1.026250030302175e+00
1.750000000000000e-01 1.335530672362758e-01 1.028227072981286e+00
1.800000000000000e-01 1.383385863920344e-01 1.030315979021332e+00
1.850000000000000e-01 1.432105716675912e-01 1.032522555428716e+00
1.900000000000000e-01 1.481720682123397e-01 1.034853130688415e+00
1.950000000000000e-01 1.532261771231311e-01 1.037314474966257e+00
2.000000000000000e-01 1.583760573825595e-01 1.039913629110720e+00
2.050000000000000e-01 1.636249278334301e-01 1.042658036690669e+00
2.100000000000000e-01 1.689760691906397e-01 1.045555776667422e+00
2.150000000000000e-01 1.744328260917313e-01 1.048615515005866e+00
2.200000000000000e-01 1.799986091874004e-01 1.051846347696019e+00
2.250000000000000e-01 1.856768972732633e-01 1.055257883562339e+00
2.300000000000000e-01 1.914712394642179e-01 1.058860464069478e+00
2.350000000000000e-01 1.973852574127551e-01 1.062665238664511e+00
2.400000000000000e-01 2.034226475726105e-01 1.066684105278294e+00
2.450000000000000e-01 2.095871835091678e-01 1.070929663257576e+00
2.500000000000000e-01 2.158827182580599e-01 1.075415295845177e+00
2.550000000000000e-01 2.223131867334419e-01 1.080155430758792e+00
2.600000000000000e-01 2.288826081874405e-01 1.085165733584527e+00
2.650000000000000e-01 2.355950887223172e-01 1.090462995996287e+00
2.700000000000000e-01 2.424548238569160e-01 1.096065070104101e+00
2.750000000000000e-01 2.494661011489995e-01 1.101991109176127e+00
2.800000000000000e-01 2.566333028751116e-01 1.108261779595968e+00
2.850000000000000e-01 2.639609087696434e-01 1.114899463073313e+00
2.900000000000000e-01 2.714534988248126e-01 1.121928538711656e+00
2.950000000000000e-01 2.791157561533084e-01 1.129375398216450e+00
3.000000000000000e-01 2.869524699153886e-01 1.137268561760538e+00
3.050000000000000e-01 2.949685383122613e-01 1.145639010448461e+00
3.100000000000000e-01 3.031689716476197e-01 1.154520355198668e+00
3.150000000000000e-01 3.115588954592450e-01 1.163949338745082e+00
3.200000000000000e-01 3.201435537226349e-01 1.173966224175732e+00
3.250000000000000e-01 3.289283121286580e-01 1.184615249418182e+00
3.300000000000000e-01 3.379186614372866e-01 1.195945231846559e+00
3.350000000000000e-01 3.471202209094989e-01 1.208010112257801e+00
3.400000000000000e-01 3.565387418195016e-01 1.220869771233956e+00
3.450000000000000e-01 3.661801110494620e-01 1.234590864942143e+00
3.500000000000000e-01 3.760503547690021e-01 1.249247942523949e+00
3.550000000000000e-01 3.861556422017504e-01 1.264924733776390e+00
3.600000000000000e-01 3.965022894813072e-01 1.281715764574996e+00
3.650000000000000e-01 4.070967635990345e-01 1.299728322423316e+00
3.700000000000000e-01 4.179456864461349e-01 1.319084907898100e+00
3.750000000000000e-01 4.290558389525505e-01 1.339926300298076e+00
3.800000000000000e-01 4.404341653252637e-01 1.362415440225473e+00
3.850000000000000e-01 4.520877773886537e-01 1.386742397263983e+00
3.900000000000000e-01 4.640239590296172e-01 1.413130805207342e+00
3.950000000000000e-01 4.762501707502353e-01 1.441846308958323e+00
4.000000000000000e-01 4.887740543308307e-01 1.473207815665885e+00
4.050000000000000e-01 5.016034376063282e-01 1.507602726342052e+00
4.100000000000000e-01 5.147463393589066e-01 1.545507933966825e+00
4.150000000000000e-01 5.282109743299990e-01 1.587519369121954e+00
4.200000000000000e-01 5.420057583547735e-01 1.634394549390373e+00
4.250000000000000e-01 5.561393136223041e-01 1.687115510303154e+00
4.300000000000000e-01 5.706204740647189e-01 1.746984802186740e+00
4.350000000000000e-01 5.854582908786964e-01 1.815777342763936e+00
4.400000000000000e-01 6.006620381827575e-01 1.895991263952589e+00
4.450000000000000e-01 6.162412188138907e-01 1.991284699540658e+00
4.500000000000000e-01 6.322055702671360e-01 2.107287804040242e+00
4.550000000000000e-01 6.485650707818353e-01 2.253244077366738e+00
4.600000000000000e-01 6.653299455783577e-01 2.445715622371921e+00
4.650000000000000e-01 6.825106732491932e-01 2.718310833962842e+00
4.700000000000000e-01 7.001179923084168e-01 3.153028012103215e+00
4.750000000000000e-01 7.181629079036070e-01 4.001664114860930e+00
4.800000000000000e-01 7.366566986944229e-01 5.806067689174629e+00
4.850000000000000e-01 7.556109239021327e-01 6.739940704635115e+00
4.900000000000000e-01 7.750374305345038e-01 5.133460093730998e+00
4.950000000000000e-01 7.949483607905672e-01 4.029026438180485e+00
5.000000000000000e-01 8.153561596498893e-01 3.437770419902833e+00
5.050000000000000e-01 8.362735826510871e-01 3.052709275273334e+00
5.100000000000000e-01 8.577137038644561e-01 2.778909321659981e+00
5.150000000000000e-01 8.796899240636907e-01 2.572551671205157e+00
5.200000000000000e-01 9.022159791018011e-01 2.409676067137732e+00
5.250000000000000e-01 9.253059484964714e-01 2.277613593194108e+00
5.300000000000000e-01 9.489742642302165e-01 2.167618986372193e+00
5.350000000000000e-01 9.732357197708378e-01 2.074511734184788e+00
5.400000000000000e-01 9.981054793178262e-01 1.994367817747763e+00
5.450000000000000e-01 1.023599087280478e+00 1.924597163232494e+00
5.500000000000000e-01 1.049732477993657e+00 1.863183061274768e+00
5.550000000000000e-01 1.076521985677273e+00 1.808659344408431e+00
5.600000000000001e-01 1.103984354645701e+00 1.759879940524252e+00
5.650000000000001e-01 1.132136749773522e+00 1.715945573611057e+00
5.700000000000001e-01 1.160996767224129e+00 1.676151058940605e+00
5.750000000000001e-01 1.190582445447902e+00 1.639913655829531e+00
5.800000000000000e-01 1.220912276456826e+00 1.606770713749365e+00
5.850000000000000e-01 1.252005217382601e+00 1.576328825475660e+00
5.900000000000000e-01 1.283880702325469e+00 1.548268531536406e+00
5.950000000000000e-01 1.316558654501151e+00 1.522315152725463e+00
6.000000000000000e-01 1.350059498693518e+00 1.498239229947912e+00
6.050000000000000e-01 1.384404174020732e+00 1.475843106946721e+00
6.100000000000000e-01 1.419614147022888e+00 1.454957084231491e+00
6.150000000000000e-01 1.455711425079295e+00 1.435434843305576e+00
6.200000000000000e-01 1.492718570163803e+00 1.417148162269512e+00
6.250000000000000e-01 1.530658712946775e+00 1.399985847928677e+00
6.300000000000000e-01 1.569555567252506e+00 1.383849354765687e+00
6.350000000000000e-01 1.609433444881138e+00 1.368652258938760e+00
6.400000000000000e-01 1.650317270804325e+00 1.354317616284602e+00
6.450000000000000e-01 1.692232598744148e+00 1.340777064522828e+00
6.500000000000000e-01 1.735205627145031e+00 1.327969555919969e+00
6.550000000000000e-01 1.779263215548615e+00 1.315840283990314e+00
6.600000000000000e-01 1.824432901381847e+00 1.304340060038051e+00
6.650000000000000e-01 1.870742917168772e+00 1.293424431874290e+00
6.700000000000000e-01 1.918222208176775e+00 1.283053229457185e+00
6.750000000000000e-01 1.966900450508319e+00 1.273189981713218e+00
6.800000000000000e-01 2.016808069649473e+00 1.263801507158284e+00
6.850000000000001e-01 2.067976259486829e+00 1.254857536158051e+00
6.900000000000001e-01 2.120437001804702e+00 1.246330368720960e+00
6.950000000000001e-01 2.174223086274785e+00 1.238194598480867e+00
7.000000000000001e-01 2.229368130950753e+00 1.230426849413852e+00
7.050000000000000e-01 2.285906603280654e+00 1.223005554915893e+00
7.100000000000000e-01 2.343873841650178e+00 1.215910755404173e+00
7.150000000000000e-01 2.403306077470301e+00 1.209123917969482e+00
7.200000000000000e-01 2.464240457823092e+00 1.202627773916801e+00
7.250000000000000e-01 2.526715068679855e+00 1.196406170157010e+00
7.300000000000000e-01 2.590768958706095e+00 1.190443933750464e+00
7.350000000000000e-01 2.656442163668210e+00 1.184726746870387e+00
7.400000000000000e-01 2.723775731457148e+00 1.179241031322880e+00
7.450000000000000e-01 2.792811747744667e+00 1.173973841648827e+00
7.500000000000000e-01 2.863593362288260e+00 1.168912766513842e+00
7.550000000000000e-01 2.936164815901156e+00 1.164045838737117e+00
7.600000000000000e-01 3.010571468104263e+00 1.159361455030118e+00
7.650000000000000e-01 3.086859825477351e+00 1.154848307481075e+00
7.700000000000000e-01 3.165077570727174e+00 1.150495329961971e+00
7.750000000000000e-01 3.245273592490716e+00 1.146291664041831e+00
7.800000000000000e-01 3.327498015892184e+00 1.142226650630675e+00
7.850000000000000e-01 3.411802233872832e+00 1.138289855422562e+00
7.900000000000000e-01 3.498238939313234e+00 1.134471138129016e+00
7.950000000000000e-01 3.586862157968046e+00 1.130760777157084e+00
8.000000000000000e-01 3.677727282233856e+00 1.127149662230441e+00
8.050000000000000e-01 3.770891105771243e+00 1.123629566686336e+00
8.100000000000001e-01 3.866411859002656e+00 1.120193507521980e+00
8.150000000000001e-01 3.964349245508326e+00 1.116836192866697e+00
8.200000000000001e-01 4.064764479342956e+00 1.113554541632455e+00
8.250000000000001e-01 4.167720323296481e+00 1.110348237578900e+00
8.300000000000001e-01 4.273281128122877e+00 1.107220250117352e+00
8.350000000000000e-01 4.381512872761445e+00 1.104177220162904e+00
8.400000000000000e-01 4.492483205575838e+00 1.101229579836939e+00
8.450000000000000e-01 4.606261486636447e+00 1.098391261889974e+00
8.500000000000000e-01 4.722918831072739e+00 1.095678868223591e+00
8.550000000000000e-01 4.842528153522501e+00 1.093110212784328e+00
8.600000000000000e-01 4.965164213705875e+00 1.090702236469974e+00
8.650000000000000e-01 5.090903663152626e+00 1.088468405816628e+00
8.700000000000000e-01 5.219825093111814e+00 1.086415827395107e+00
8.750000000000000e-01 5.352009083673925e+00 1.084542405762523e+00
8.800000000000000e-01 5.487538254136007e+00 1.082834461630408e+00
8.850000000000000e-01 5.626497314641444e+00 1.081265383197131e+00
8.900000000000000e-01 5.768973119126561e+00 1.079796121252692e+00
8.950000000000000e-01 5.915054719607133e+00 1.078378437257464e+00
9.000000000000000e-01 6.064833421838831e+00 1.076961343285581e+00
9.050000000000000e-01 6.218402842386253e+00 1.075499892172874e+00
9.100000000000000e-01 6.375858967136348e+00 1.073963850842126e+00
9.150000000000000e-01 6.537300211292723e+00 1.072342986208404e+00
9.200000000000000e-01 6.702827480888332e+00 1.070646699143911e+00
9.250000000000000e-01 6.872544235855034e+00 1.068898277063813e+00
9.300000000000000e-01 7.046556554689444e+00 1.067126498361046e+00
9.350000000000001e-01 7.224973200755413e+00 1.065358086291985e+00
9.400000000000001e-01 7.407905690264673e+00 1.063613309385656e+00
9.450000000000001e-01 7.595468361978146e+00 1.061905006374612e+00
9.500000000000001e-01 7.787778448671316e+00 1.060239864949226e+00
9.550000000000001e-01 7.984956150408610e+00 1.058620468588931e+00
9.600000000000000e-01 8.187124709672272e+00 1.057047104907015e+00
9.650000000000000e-01 8.394410488393007e+00 1.055518972321338e+00
9.700000000000000e-01 8.606943046930221e+00 1.054034839069760e+00
9.750000000000000e-01 8.824855225051540e+00 1.052593347655524e+00
9.800000000000000e-01 9.048283224961922e+00 1.051193135409002e+00
9.850000000000000e-01 9.277366696434507e+00 1.049832875129360e+00
9.900000000000000e-01 9.512248824096272e+00 1.048511285958271e+00
9.950000000000000e-01 9.753076416923058e+00 1.047227134669141e+00
1.000000000000000e+00 1.000000000000000e+01 1.045979234304429e+00
