0.000000000000000e+00 0.000000000000000e+00 1.000000000000000e+00
5.000000000000000e-03 3.369477419287315e-03 1.000000794438426e+00
1.000000000000000e-02 6.741060871647481e-03 1.000004008652238e+00
1.500000000000000e-02 1.011685770649257e-02 1.000009436458496e+00
2.000000000000000e-02 1.349897790673588e-02 1.000017031954057e+00
2.500000000000000e-02 1.688953540759990e-02 1.000026820524556e+00
3.000000000000000e-02 2.029064941789469e-02 1.000038884022075e+00
3.500000000000000e-02 2.370444574459234e-02 1.000053269430621e+00
4.000000000000000e-02 2.713305812152553e-02 1.000070005637050e+00
4.500000000000000e-02 3.057862954304063e-02 1.000089159767569e+00
5.000000000000000e-02 3.404331360343898e-02 1.000110837093803e+00
5.500000000000000e-02 3.752927584304335e-02 1.000135134239123e+00
6.000000000000000e-02 4.103869510173117e-02 1.000162128302416e+00
6.500000000000000e-02 4.457376488078044e-02 1.000191917116521e+00
7.000000000000001e-02 4.813669471387935e-02 1.000224632808490e+00
7.500000000000000e-02 5.172971154815675e-02 1.000260421125175e+00
8.000000000000000e-02 5.535506113609672e-02 1.000299453567996e+00
8.500000000000001e-02 5.901500943920686e-02 1.000341911532153e+00
9.000000000000000e-02 6.271184404431801e-02 1.000387962925410e+00
9.500000000000000e-02 6.644787559340060e-02 1.000437802940501e+00
1.000000000000000e-01 7.022543922779090e-02 1.000491636794861e+00
1.050000000000000e-01 7.404689604773053e-02 1.000549692925118e+00
1.100000000000000e-01 7.791463458813094e-02 1.000612234976082e+00
1.150000000000000e-01 8.183107231148547e-02 1.000679543350635e+00
1.200000000000000e-01 8.579865711886202e-02 1.000751935306535e+00
1.250000000000000e-01 8.981986887992111e-02 1.000829749239383e+00
1.300000000000000e-01 9.389722098291493e-02 1.000913357552136e+00
1.350000000000000e-01 9.803326190563690e-02 1.001003162052588e+00
1.400000000000000e-01 1.022305768083033e-01 1.001099600400441e+00
1.450000000000000e-01 1.064917891493625e-01 1.001203147361366e+00
1.500000000000000e-01 1.108195623252418e-01 1.001314318993338e+00
1.550000000000000e-01 1.152166013350572e-01 1.001433675940599e+00
1.600000000000000e-01 1.196856544713255e-01 1.001561827503358e+00
1.650000000000000e-01 1.242295150377370e-01 1.001699435857661e+00
1.700000000000000e-01 1.288510230950609e-01 1.001847220706871e+00
1.750000000000000e-01 1.335530672362758e-01 1.002005964314991e+00
1.800000000000000e-01 1.383385863920344e-01 1.002176516986669e+00
1.850000000000000e-01 1.432105716675912e-01 1.002359803022983e+00
1.900000000000000e-01 1.481720682123397e-01 1.002556827194944e+00
1.950000000000000e-01 1.532261771231311e-01 1.002768681775448e+00
2.000000000000000e-01 1.583760573825595e-01 1.002996554173452e+00
2.050000000000000e-01 1.636249278334301e-01 1.003241735216208e+00
2.100000000000000e-01 1.689760691906397e-01 1.003505628127747e+00
2.150000000000000e-01 1.744328260917313e-01 1.003789758254029e+00
2.200000000000000e-01 1.799986091874004e-01 1.004095783587262e+00
2.250000000000000e-01 1.856768972732633e-01 1.004425506143856e+00
2.300000000000000e-01 1.914712394642179e-01 1.004780884252076e+00
2.350000000000000e-01 1.973852574127551e-01 1.005164045806722e+00
2.400000000000000e-01 2.034226475726105e-01 1.005577302548950e+00
2.450000000000000e-01 2.095871835091678e-01 1.006023165429479e+00
2.500000000000000e-01 2.158827182580599e-01 1.006504361112808e+00
2.550000000000000e-01 2.223131867334419e-01 1.007023849678464e+00
2.600000000000000e-01 2.288826081874405e-01 1.007584843572580e+00
2.650000000000000e-01 2.355950887223172e-01 1.008190827858904e+00
2.700000000000000e-01 2.424548238569160e-01 1.008845581812502e+00
2.750000000000000e-01 2.494661011489995e-01 1.009553201891549e+00
2.800000000000000e-01 2.566333028751116e-01 1.010318126112341e+00
2.850000000000000e-01 2.639609087696434e-01 1.011145159839589e+00
2.900000000000000e-01 2.714534988248126e-01 1.012039502987687e+00
2.950000000000000e-01 2.791157561533084e-01 1.013006778608429e+00
3.000000000000000e-01 2.869524699153886e-01 1.014053062815934e+00
3.050000000000000e-01 2.949685383122613e-01 1.015184915969626e+00
3.100000000000000e-01 3.031689716476197e-01 1.016409415000220e+00
3.150000000000000e-01 3.115588954592450e-01 1.017734186720817e+00
3.200000000000000e-01 3.201435537226349e-01 1.019167441914474e+00
3.250000000000000e-01 3.289283121286580e-01 1.020718009929734e+00
3.300000000000000e-01 3.379186614372866e-01 1.022395373445471e+00
3.350000000000000e-01 3.471202209094989e-01 1.024209702984387e+00
3.400000000000000e-01 3.565387418195016e-01 1.026171890659283e+00
3.450000000000000e-01 3.661801110494620e-01 1.028293582525916e+00
3.500000000000000e-01 3.760503547690021e-01 1.030587208789114e+00
3.550000000000000e-01 3.861556422017504e-01 1.033066010962833e+00
3.600000000000000e-01 3.965022894813072e-01 1.035744064917965e+00
3.650000000000000e-01 4.070967635990345e-01 1.038636298561706e+00
3.700000000000000e-01 4.179456864461349e-01 1.041758502677174e+00
3.750000000000000e-01 4.290558389525505e-01 1.045127333209526e+00
3.800000000000000e-01 4.404341653252637e-01 1.048760303013368e+00
3.850000000000000e-01 4.520877773886537e-01 1.052675760774400e+00
3.900000000000000e-01 4.640239590296172e-01 1.056892854485348e+00
3.950000000000000e-01 4.762501707502353e-01 1.061431476492781e+00
4.000000000000000e-01 4.887740543308307e-01 1.066312186739468e+00
4.050000000000000e-01 5.016034376063282e-01 1.071556110410835e+00
4.100000000000000e-01 5.147463393589066e-01 1.077184805761150e+00
4.150000000000000e-01 5.282109743299990e-01 1.083220097456916e+00
4.200000000000000e-01 5.420057583547735e-01 1.089683870348397e+00
4.250000000000000e-01 5.561393136223041e-01 1.096597818189164e+00
4.300000000000000e-01 5.706204740647189e-01 1.103983141500633e+00
4.350000000000000e-01 5.854582908786964e-01 1.111860188567078e+00
4.400000000000000e-01 6.006620381827575e-01 1.120248033503085e+00
4.450000000000000e-01 6.162412188138907e-01 1.129163985531203e+00
4.500000000000000e-01 6.322055702671360e-01 1.138623024131614e+00
4.550000000000000e-01 6.485650707818353e-01 1.148637155685185e+00
4.600000000000000e-01 6.653299455783577e-01 1.159214688752609e+00
4.650000000000000e-01 6.825106732491932e-01 1.170359427359103e+00
4.700000000000000e-01 7.001179923084168e-01 1.182069784742931e+00
4.750000000000000e-01 7.181629079036070e-01 1.194337824138253e+00
4.800000000000000e-01 7.366566986944229e-01 1.207148238450764e+00
4.850000000000000e-01 7.556109239021327e-01 1.220477287270917e+00
4.900000000000000e-01 7.750374305345038e-01 1.234291717617904e+00
4.950000000000000e-01 7.949483607905672e-01 1.248547704084215e+00
5.000000000000000e-01 8.153561596498893e-01 1.263189854475232e+00
5.050000000000000e-01 8.362735826510871e-01 1.278150338227272e+00
5.100000000000000e-01 8.577137038644561e-01 1.293348206191096e+00
5.150000000000000e-01 8.796899240636907e-01 1.308688980811517e+00
5.200000000000000e-01 9.022159791018011e-01 1.324064603973170e+00
5.250000000000000e-01 9.253059484964714e-01 1.339353834095181e+00
5.300000000000000e-01 9.489742642302165e-01 1.354423182392510e+00
5.350000000000000e-01 9.732357197708378e-01 1.369128468341570e+00
5.400000000000000e-01 9.981054793178262e-01 1.383317054131254e+00
5.450000000000000e-01 1.023599087280478e+00 1.396830785568071e+00
5.500000000000000e-01 1.049732477993657e+00 1.409509621880158e+00
5.550000000000000e-01 1.076521985677273e+00 1.421195880126419e+00
5.600000000000001e-01 1.103984354645701e+00 1.431738954710463e+00
5.650000000000001e-01 1.132136749773522e+00 1.441000304699721e+00
5.700000000000001e-01 1.160996767224129e+00 1.448858439684465e+00
5.750000000000001e-01 1.190582445447902e+00 1.455213588999787e+00
5.800000000000000e-01 1.220912276456826e+00 1.459991719746157e+00
5.850000000000000e-01 1.252005217382601e+00 1.463147584695679e+00
5.900000000000000e-01 1.283880702325469e+00 1.464666535981846e+00
5.950000000000000e-01 1.316558654501151e+00 1.464564932184635e+00
6.000000000000000e-01 1.350059498693518e+00 1.462889085645777e+00
6.050000000000000e-01 1.384404174020732e+00 1.459712828041658e+00
6.100000000000000e-01 1.419614147022888e+00 1.455133896483958e+00
6.150000000000000e-01 1.455711425079295e+00 1.449269441330399e+00
6.200000000000000e-01 1.492718570163803e+00 1.442251016605408e+00
6.250000000000000e-01 1.530658712946775e+00 1.434219427960395e+00
6.300000000000000e-01 1.569555567252506e+00 1.425319783259676e+00
6.350000000000000e-01 1.609433444881138e+00 1.415697026162091e+00
6.400000000000000e-01 1.650317270804325e+00 1.405492147032512e+00
6.450000000000000e-01 1.692232598744148e+00 1.394839173030200e+00
6.500000000000000e-01 1.735205627145031e+00 1.383862953556396e+00
6.550000000000000e-01 1.779263215548615e+00 1.372677688110573e+00
6.600000000000000e-01 1.824432901381847e+00 1.361386096314863e+00
6.650000000000000e-01 1.870742917168772e+00 1.350079105489634e+00
6.700000000000000e-01 1.918222208176775e+00 1.338835927342852e+00
6.750000000000000e-01 1.966900450508319e+00 1.327724407409773e+00
6.800000000000000e-01 2.016808069649473e+00 1.316801553043943e+00
6.850000000000001e-01 2.067976259486829e+00 1.306114172110016e+00
6.900000000000001e-01 2.120437001804702e+00 1.295699579890216e+00
6.950000000000001e-01 2.174223086274785e+00 1.285586352237498e+00
7.000000000000001e-01 2.229368130950753e+00 1.275795116482725e+00
7.050000000000000e-01 2.285906603280654e+00 1.266339377521432e+00
7.100000000000000e-01 2.343873841650178e+00 1.257226375851456e+00
7.150000000000000e-01 2.403306077470301e+00 1.248457969165962e+00
7.200000000000000e-01 2.464240457823092e+00 1.240031522014569e+00
7.250000000000000e-01 2.526715068679855e+00 1.231940781565168e+00
7.300000000000000e-01 2.590768958706095e+00 1.224176713616975e+00
7.350000000000000e-01 2.656442163668210e+00 1.216728272837561e+00
7.400000000000000e-01 2.723775731457148e+00 1.209583084840256e+00
7.450000000000000e-01 2.792811747744667e+00 1.202728024426522e+00
7.500000000000000e-01 2.863593362288260e+00 1.196149682749885e+00
7.550000000000000e-01 2.936164815901156e+00 1.189834724768587e+00
7.600000000000000e-01 3.010571468104263e+00 1.183770145763311e+00
7.650000000000000e-01 3.086859825477351e+00 1.177943440962181e+00
7.700000000000000e-01 3.165077570727174e+00 1.172342705056791e+00
7.750000000000000e-01 3.245273592490716e+00 1.166956678760247e+00
7.800000000000000e-01 3.327498015892184e+00 1.161774758083244e+00
7.850000000000000e-01 3.411802233872832e+00 1.156786979398974e+00
7.900000000000000e-01 3.498238939313234e+00 1.151983990330104e+00
7.950000000000000e-01 3.586862157968046e+00 1.147357013569815e+00
8.000000000000000e-01 3.677727282233856e+00 1.142897808282596e+00
8.050000000000000e-01 3.770891105771243e+00 1.138598631856010e+00
8.100000000000001e-01 3.866411859002656e+00 1.134452203477729e+00
8.150000000000001e-01 3.964349245508326e+00 1.130451670192373e+00
8.200000000000001e-01 4.064764479342956e+00 1.126590575621040e+00
8.250000000000001e-01 4.167720323296481e+00 1.122862831282842e+00
8.300000000000001e-01 4.273281128122877e+00 1.119262690349345e+00
8.350000000000000e-01 4.381512872761445e+00 1.115784723626992e+00
8.400000000000000e-01 4.492483205575838e+00 1.112423797561422e+00
8.450000000000000e-01 4.606261486636447e+00 1.109175054070835e+00
8.500000000000000e-01 4.722918831072739e+00 1.106033892033292e+00
8.550000000000000e-01 4.842528153522501e+00 1.102995950270717e+00
8.600000000000000e-01 4.965164213705875e+00 1.100057091889022e+00
8.650000000000000e-01 5.090903663152626e+00 1.097213389848675e+00
8.700000000000000e-01 5.219825093111814e+00 1.094461113653191e+00
8.750000000000000e-01 5.352009083673925e+00 1.091796717054760e+00
8.800000000000000e-01 5.487538254136007e+00 1.089216826686525e+00
8.850000000000000e-01 5.626497314641444e+00 1.086718231540156e+00
8.900000000000000e-01 5.768973119126561e+00 1.084297873215532e+00
8.950000000000000e-01 5.915054719607133e+00 1.081952836876495e+00
9.000000000000000e-01 6.064833421838831e+00 1.079680342853095e+00
9.050000000000000e-01 6.218402842386253e+00 1.077477738836452e+00
9.100000000000000e-01 6.375858967136348e+00 1.075342492617479e+00
9.150000000000000e-01 6.537300211292723e+00 1.073272185325244e+00
9.200000000000000e-01 6.702827480888332e+00 1.071264505124878e+00
9.250000000000000e-01 6.872544235855034e+00 1.069317241338573e+00
9.300000000000000e-01 7.046556554689444e+00 1.067428278956509e+00
9.350000000000001e-01 7.224973200755413e+00 1.065595593507522e+00
9.400000000000001e-01 7.407905690264673e+00 1.063817246261956e+00
9.450000000000001e-01 7.595468361978146e+00 1.062091379741583e+00
9.500000000000001e-01 7.787778448671316e+00 1.060416213513617e+00
9.550000000000001e-01 7.984956150408610e+00 1.058790040247791e+00
9.600000000000000e-01 8.187124709672272e+00 1.057211222017284e+00
9.650000000000000e-01 8.394410488393007e+00 1.055678186825832e+00
9.700000000000000e-01 8.606943046930221e+00 1.054189425344862e+00
9.750000000000000e-01 8.824855225051540e+00 1.052743487845764e+00
9.800000000000000e-01 9.048283224961922e+00 1.051338981313653e+00
9.850000000000000e-01 9.277366696434507e+00 1.049974566730037e+00
9.900000000000000e-01 9.512248824096272e+00 1.048648956512814e+00
9.950000000000000e-01 9.753076416923058e+00 1.047360912102927e+00
1.000000000000000e+00 1.000000000000000e+01 1.046109241687816e+00
