0.000000000000000e+00 0.000000000000000e+00 1.000000000000000e+00
5.000000000000000e-03 3.369477419287315e-03 1.000010866819722e+00
1.000000000000000e-02 6.741060871647481e-03 1.000054396924086e+00
1.500000000000000e-02 1.011685770649257e-02 1.000127108509571e+00
2.000000000000000e-02 1.349897790673588e-02 1.000229127016576e+00
2.500000000000000e-02 1.688953540759990e-02 1.000360735182321e+00
3.000000000000000e-02 2.029064941789469e-02 1.000522293839902e+00
3.500000000000000e-02 2.370444574459234e-02 1.000714180130964e+00
4.000000000000000e-02 2.713305812152553e-02 1.000936897655582e+00
4.500000000000000e-02 3.057862954304063e-02 1.001191053353157e+00
5.000000000000000e-02 3.404331360343898e-02 1.001477262008166e+00
5.500000000000000e-02 3.752927584304335e-02 1.001796229137104e+00
6.000000000000000e-02 4.103869510173117e-02 1.002148827084466e+00
6.500000000000000e-02 4.457376488078044e-02 1.002535976134080e+00
7.000000000000001e-02 4.813669471387935e-02 1.002958612628019e+00
7.500000000000000e-02 5.172971154815675e-02 1.003417826053692e+00
8.000000000000000e-02 5.535506113609672e-02 1.003914855193294e+00
8.500000000000001e-02 5.901500943920686e-02 1.004450961376610e+00
9.000000000000000e-02 6.271184404431801e-02 1.005027483908899e+00
9.500000000000000e-02 6.644787559340060e-02 1.005645948117688e+00
1.000000000000000e-01 7.022543922779090e-02 1.006307981253108e+00
1.050000000000000e-01 7.404689604773053e-02 1.007015248988658e+00
1.100000000000000e-01 7.791463458813094e-02 1.007769578908060e+00
1.150000000000000e-01 8.183107231148547e-02 1.008572988457474e+00
1.200000000000000e-01 8.579865711886202e-02 1.009427555023390e+00
1.250000000000000e-01 8.981986887992111e-02 1.010335442491268e+00
1.300000000000000e-01 9.389722098291493e-02 1.011299052917125e+00
1.350000000000000e-01 9.803326190563690e-02 1.012320972556188e+00
1.400000000000000e-01 1.022305768083033e-01 1.013403833989833e+00
1.450000000000000e-01 1.064917891493625e-01 1.014550415600288e+00
1.500000000000000e-01 1.108195623252418e-01 1.015763794267436e+00
1.550000000000000e-01 1.152166013350572e-01 1.017047239815396e+00
1.600000000000000e-01 1.196856544713255e-01 1.018404083742335e+00
1.650000000000000e-01 1.242295150377370e-01 1.019837856869205e+00
1.700000000000000e-01 1.288510230950609e-01 1.021352443375538e+00
1.750000000000000e-01 1.335530672362758e-01 1.022951960867566e+00
1.800000000000000e-01 1.383385863920344e-01 1.024640626525666e+00
1.850000000000000e-01 1.432105716675912e-01 1.026422896104831e+00
1.900000000000000e-01 1.481720682123397e-01 1.028303633492715e+00
1.950000000000000e-01 1.532261771231311e-01 1.030288020100053e+00
2.000000000000000e-01 1.583760573825595e-01 1.032381414201856e+00
2.050000000000000e-01 1.636249278334301e-01 1.034589438308023e+00
2.100000000000000e-01 1.689760691906397e-01 1.036918146385808e+00
2.150000000000000e-01 1.744328260917313e-01 1.039374033898320e+00
2.200000000000000e-01 1.799986091874004e-01 1.041963954724396e+00
2.250000000000000e-01 1.856768972732633e-01 1.044695080017754e+00
2.300000000000000e-01 1.914712394642179e-01 1.047574950353806e+00
2.350000000000000e-01 1.973852574127551e-01 1.050611645222542e+00
2.400000000000000e-01 2.034226475726105e-01 1.053813892776982e+00
2.450000000000000e-01 2.095871835091678e-01 1.057190929640923e+00
2.500000000000000e-01 2.158827182580599e-01 1.060752398574443e+00
2.550000000000000e-01 2.223131867334419e-01 1.064508504869983e+00
2.600000000000000e-01 2.288826081874405e-01 1.068470131134746e+00
2.650000000000000e-01 2.355950887223172e-01 1.072648911761227e+00
2.700000000000000e-01 2.424548238569160e-01 1.077057370890009e+00
2.750000000000000e-01 2.494661011489995e-01 1.081708829969086e+00
2.800000000000000e-01 2.566333028751116e-01 1.086617375544850e+00
2.850000000000000e-01 2.639609087696434e-01 1.091798004158164e+00
2.900000000000000e-01 2.714534988248126e-01 1.097266594890184e+00
2.950000000000000e-01 2.791157561533084e-01 1.103040122640657e+00
3.000000000000000e-01 2.869524699153886e-01 1.109136747087467e+00
3.050000000000000e-01 2.949685383122613e-01 1.115575897033309e+00
3.100000000000000e-01 3.031689716476197e-01 1.122378433005881e+00
3.150000000000000e-01 3.115588954592450e-01 1.129566687018997e+00
3.200000000000000e-01 3.201435537226349e-01 1.137164641413348e+00
3.250000000000000e-01 3.289283121286580e-01 1.145198020519353e+00
3.300000000000000e-01 3.379186614372866e-01 1.153694474319017e+00
3.350000000000000e-01 3.471202209094989e-01 1.162683735431023e+00
3.400000000000000e-01 3.565387418195016e-01 1.172197823135544e+00
3.450000000000000e-01 3.661801110494620e-01 1.182271255453535e+00
3.500000000000000e-01 3.760503547690021e-01 1.192941292127959e+00
3.550000000000000e-01 3.861556422017504e-01 1.204248201054499e+00
3.600000000000000e-01 3.965022894813072e-01 1.216235555333867e+00
3.650000000000000e-01 4.070967635990345e-01 1.228950561863579e+00
3.700000000000000e-01 4.179456864461349e-01 1.242444424825938e+00
3.750000000000000e-01 4.290558389525505e-01 1.256772745921413e+00
3.800000000000000e-01 4.404341653252637e-01 1.271995962589967e+00
3.850000000000000e-01 4.520877773886537e-01 1.288179823571554e+00
3.900000000000000e-01 4.640239590296172e-01 1.305395898232113e+00
3.950000000000000e-01 4.762501707502353e-01 1.323722111220360e+00
4.000000000000000e-01 4.887740543308307e-01 1.343243286281140e+00
4.050000000000000e-01 5.016034376063282e-01 1.364051670851309e+00
4.100000000000000e-01 5.147463393589066e-01 1.386247394034142e+00
4.150000000000000e-01 5.282109743299990e-01 1.409938781064459e+00
4.200000000000000e-01 5.420057583547735e-01 1.435242401945218e+00
4.250000000000000e-01 5.561393136223041e-01 1.462282662281493e+00
4.300000000000000e-01 5.706204740647189e-01 1.491190638152215e+00
4.350000000000000e-01 5.854582908786964e-01 1.522101696226861e+00
4.400000000000000e-01 6.006620381827575e-01 1.555151200108046e+00
4.450000000000000e-01 6.162412188138907e-01 1.590467251025270e+00
4.500000000000000e-01 6.322055702671360e-01 1.628158907582196e+00
4.550000000000000e-01 6.485650707818353e-01 1.668297645460333e+00
4.600000000000000e-01 6.653299455783577e-01 1.710888968813496e+00
4.650000000000000e-01 6.825106732491932e-01 1.755830216422448e+00
4.700000000000000e-01 7.001179923084168e-01 1.802850169284165e+00
4.750000000000000e-01 7.181629079036070e-01 1.851427119032596e+00
4.800000000000000e-01 7.366566986944229e-01 1.900686629548859e+00
4.850000000000000e-01 7.556109239021327e-01 1.949291387148151e+00
4.900000000000000e-01 7.750374305345038e-01 1.995356075642094e+00
4.950000000000000e-01 7.949483607905672e-01 2.036448114347662e+00
5.000000000000000e-01 8.153561596498893e-01 2.069755338677747e+00
5.050000000000000e-01 8.362735826510871e-01 2.092481395010991e+00
5.100000000000000e-01 8.577137038644561e-01 2.102435527659001e+00
5.150000000000000e-01 8.796899240636907e-01 2.098633589280842e+00
5.200000000000000e-01 9.022159791018011e-01 2.081630189343594e+00
5.250000000000000e-01 9.253059484964714e-01 2.053386676118985e+00
5.300000000000000e-01 9.489742642302165e-01 2.016729874835119e+00
5.350000000000000e-01 9.732357197708378e-01 1.974673825228581e+00
5.400000000000000e-01 9.981054793178262e-01 1.929887536275781e+00
5.450000000000000e-01 1.023599087280478e+00 1.884433446484750e+00
5.500000000000000e-01 1.049732477993657e+00 1.839738708521951e+00
5.550000000000000e-01 1.076521985677273e+00 1.796694732733084e+00
5.600000000000001e-01 1.103984354645701e+00 1.755794985396812e+00
5.650000000000001e-01 1.132136749773522e+00 1.717261612263022e+00
5.700000000000001e-01 1.160996767224129e+00 1.681143670638698e+00
5.750000000000001e-01 1.190582445447902e+00 1.647386543216363e+00
5.800000000000000e-01 1.220912276456826e+00 1.615878155361113e+00
5.850000000000000e-01 1.252005217382601e+00 1.586478438893423e+00
5.900000000000000e-01 1.283880702325469e+00 1.559037418731617e+00
5.950000000000000e-01 1.316558654501151e+00 1.533405871949746e+00
6.000000000000000e-01 1.350059498693518e+00 1.509441273016993e+00
6.050000000000000e-01 1.384404174020732e+00 1.487010817136977e+00
6.100000000000000e-01 1.419614147022888e+00 1.465992674377882e+00
6.150000000000000e-01 1.455711425079295e+00 1.446276201907238e+00
6.200000000000000e-01 1.492718570163803e+00 1.427761565677054e+00
6.250000000000000e-01 1.530658712946775e+00 1.410359046912737e+00
6.300000000000000e-01 1.569555567252506e+00 1.393988197986815e+00
6.350000000000000e-01 1.609433444881138e+00 1.378576943366599e+00
6.400000000000000e-01 1.650317270804325e+00 1.364060679048201e+00
6.450000000000000e-01 1.692232598744148e+00 1.350381398401550e+00
6.500000000000000e-01 1.735205627145031e+00 1.337486857390621e+00
6.550000000000000e-01 1.779263215548615e+00 1.325329783737732e+00
6.600000000000000e-01 1.824432901381847e+00 1.313867130276913e+00
6.650000000000000e-01 1.870742917168772e+00 1.303059370929837e+00
6.700000000000000e-01 1.918222208176775e+00 1.292869837473252e+00
6.750000000000000e-01 1.966900450508319e+00 1.283264095963343e+00
6.800000000000000e-01 2.016808069649473e+00 1.274209362998886e+00
6.850000000000001e-01 2.067976259486829e+00 1.265673963759256e+00
6.900000000000001e-01 2.120437001804702e+00 1.257626835865175e+00
6.950000000000001e-01 2.174223086274785e+00 1.250037085556630e+00
7.000000000000001e-01 2.229368130950753e+00 1.242873605457741e+00
7.050000000000000e-01 2.285906603280654e+00 1.236104766265518e+00
7.100000000000000e-01 2.343873841650178e+00 1.229698197934102e+00
7.150000000000000e-01 2.403306077470301e+00 1.223620679045017e+00
7.200000000000000e-01 2.464240457823092e+00 1.217838155536076e+00
7.250000000000000e-01 2.526715068679855e+00 1.212315910971816e+00
7.300000000000000e-01 2.590768958706095e+00 1.207018908884249e+00
7.350000000000000e-01 2.656442163668210e+00 1.201912321883694e+00
7.400000000000000e-01 2.723775731457148e+00 1.196962250599975e+00
7.450000000000000e-01 2.792811747744667e+00 1.192136616734325e+00
7.500000000000000e-01 2.863593362288260e+00 1.187406188274557e+00
7.550000000000000e-01 2.936164815901156e+00 1.182745662915106e+00
7.600000000000000e-01 3.010571468104263e+00 1.178134702484543e+00
7.650000000000000e-01 3.086859825477351e+00 1.173558784530131e+00
7.700000000000000e-01 3.165077570727174e+00 1.169009727346249e+00
7.750000000000000e-01 3.245273592490716e+00 1.164485761646774e+00
7.800000000000000e-01 3.327498015892184e+00 1.159991071394453e+00
7.850000000000000e-01 3.411802233872832e+00 1.155534804927508e+00
7.900000000000000e-01 3.498238939313234e+00 1.151129651393662e+00
7.950000000000000e-01 3.586862157968046e+00 1.146790163532075e+00
8.000000000000000e-01 3.677727282233856e+00 1.142531060725138e+00
8.050000000000000e-01 3.770891105771243e+00 1.138365747946812e+00
8.100000000000001e-01 3.866411859002656e+00 1.134305234025724e+00
8.150000000000001e-01 3.964349245508326e+00 1.130357541354021e+00
8.200000000000001e-01 4.064764479342956e+00 1.126527596077876e+00
8.250000000000001e-01 4.167720323296481e+00 1.122817502177973e+00
8.300000000000001e-01 4.273281128122877e+00 1.119227055140634e+00
8.350000000000000e-01 4.381512872761445e+00 1.115754346494573e+00
8.400000000000000e-01 4.492483205575838e+00 1.112396340242525e+00
8.450000000000000e-01 4.606261486636447e+00 1.109149348820297e+00
8.500000000000000e-01 4.722918831072739e+00 1.106009382184371e+00
8.550000000000000e-01 4.842528153522501e+00 1.102972377359282e+00
8.600000000000000e-01 4.965164213705875e+00 1.100034333518565e+00
8.650000000000000e-01 5.090903663152626e+00 1.097191381874064e+00
8.700000000000000e-01 5.219825093111814e+00 1.094439815604996e+00
8.750000000000000e-01 5.352009083673925e+00 1.091776097913624e+00
8.800000000000000e-01 5.487538254136007e+00 1.089196859450261e+00
8.850000000000000e-01 5.626497314641444e+00 1.086698891279516e+00
8.900000000000000e-01 5.768973119126561e+00 1.084279136401877e+00
8.950000000000000e-01 5.915054719607133e+00 1.081934681136772e+00
9.000000000000000e-01 6.064833421838831e+00 1.079662746858518e+00
9.050000000000000e-01 6.218402842386253e+00 1.077460682231636e+00
9.100000000000000e-01 6.375858967136348e+00 1.075325955962852e+00
9.150000000000000e-01 6.537300211292723e+00 1.073256150045358e+00
9.200000000000000e-01 6.702827480888332e+00 1.071248953460632e+00
9.250000000000000e-01 6.872544235855034e+00 1.069302156302692e+00
9.300000000000000e-01 7.046556554689444e+00 1.067413644291978e+00
9.350000000000001e-01 7.224973200755413e+00 1.065581393648718e+00
9.400000000000001e-01 7.407905690264673e+00 1.063803466298282e+00
9.450000000000001e-01 7.595468361978146e+00 1.062078005383419e+00
9.500000000000001e-01 7.787778448671316e+00 1.060403231060397e+00
9.550000000000001e-01 7.984956150408610e+00 1.058777436558076e+00
9.600000000000000e-01 8.187124709672272e+00 1.057198984480662e+00
9.650000000000000e-01 8.394410488393007e+00 1.055666303336530e+00
9.700000000000000e-01 8.606943046930221e+00 1.054177884276939e+00
9.750000000000000e-01 8.824855225051540e+00 1.052732278029784e+00
9.800000000000000e-01 9.048283224961922e+00 1.051328092014719e+00
9.850000000000000e-01 9.277366696434507e+00 1.049963987627110e+00
9.900000000000000e-01 9.512248824096272e+00 1.048638677679218e+00
9.950000000000000e-01 9.753076416923058e+00 1.047350923987962e+00
1.000000000000000e+00 1.000000000000000e+01 1.046099535099410e+00
