0.000000000000000e+00 0.000000000000000e+00 1.000000000000000e+00
5.000000000000000e-03 3.369477419287315e-03 1.000002633742529e+00
1.000000000000000e-02 6.741060871647481e-03 1.000013230366786e+00
1.500000000000000e-02 1.011685770649257e-02 1.000031014764837e+00
2.000000000000000e-02 1.349897790673588e-02 1.000055932028499e+00
2.500000000000000e-02 1.688953540759990e-02 1.000088045634318e+00
3.000000000000000e-02 2.029064941789469e-02 1.000127499924975e+00
3.500000000000000e-02 2.370444574459234e-02 1.000174395960169e+00
4.000000000000000e-02 2.713305812152553e-02 1.000228840140615e+00
4.500000000000000e-02 3.057862954304063e-02 1.000290998449061e+00
5.000000000000000e-02 3.404331360343898e-02 1.000361055943699e+00
5.500000000000000e-02 3.752927584304335e-02 1.000439190787978e+00
6.000000000000000e-02 4.103869510173117e-02 1.000525611567603e+00
6.500000000000000e-02 4.457376488078044e-02 1.000620577164195e+00
7.000000000000001e-02 4.813669471387935e-02 1.000724370667301e+00
7.500000000000000e-02 5.172971154815675e-02 1.000837272762021e+00
8.000000000000000e-02 5.535506113609672e-02 1.000959577165344e+00
8.500000000000001e-02 5.901500943920686e-02 1.001091633288535e+00
9.000000000000000e-02 6.271184404431801e-02 1.001233853276212e+00
9.500000000000000e-02 6.644787559340060e-02 1.001386655894408e+00
1.000000000000000e-01 7.022543922779090e-02 1.001550442761318e+00
1.050000000000000e-01 7.404689604773053e-02 1.001725661449357e+00
1.100000000000000e-01 7.791463458813094e-02 1.001912842153820e+00
1.150000000000000e-01 8.183107231148547e-02 1.002112555543120e+00
1.200000000000000e-01 8.579865711886202e-02 1.002325397739176e+00
1.250000000000000e-01 8.981986887992111e-02 1.002551991796644e+00
1.300000000000000e-01 9.389722098291493e-02 1.002792968654169e+00
1.350000000000000e-01 9.803326190563690e-02 1.003049019306996e+00
1.400000000000000e-01 1.022305768083033e-01 1.003320937664672e+00
1.450000000000000e-01 1.064917891493625e-01 1.003609567847254e+00
1.500000000000000e-01 1.108195623252418e-01 1.003915815200181e+00
1.550000000000000e-01 1.152166013350572e-01 1.004240641199070e+00
1.600000000000000e-01 1.196856544713255e-01 1.004585019464635e+00
1.650000000000000e-01 1.242295150377370e-01 1.004950003884335e+00
1.700000000000000e-01 1.288510230950609e-01 1.005336704041229e+00
1.750000000000000e-01 1.335530672362758e-01 1.005746312306019e+00
1.800000000000000e-01 1.383385863920344e-01 1.006180123993518e+00
1.850000000000000e-01 1.432105716675912e-01 1.006639514852307e+00
1.900000000000000e-01 1.481720682123397e-01 1.007125975354189e+00
1.950000000000000e-01 1.532261771231311e-01 1.007641087289405e+00
2.000000000000000e-01 1.583760573825595e-01 1.008186549257538e+00
2.050000000000000e-01 1.636249278334301e-01 1.008764170252419e+00
2.100000000000000e-01 1.689760691906397e-01 1.009375885425579e+00
2.150000000000000e-01 1.744328260917313e-01 1.010023760926174e+00
2.200000000000000e-01 1.799986091874004e-01 1.010710005725479e+00
2.250000000000000e-01 1.856768972732633e-01 1.011436981201048e+00
2.300000000000000e-01 1.914712394642179e-01 1.012207212796870e+00
2.350000000000000e-01 1.973852574127551e-01 1.013023401922629e+00
2.400000000000000e-01 2.034226475726105e-01 1.013888438923393e+00
2.450000000000000e-01 2.095871835091678e-01 1.014805416885497e+00
2.500000000000000e-01 2.158827182580599e-01 1.015777646446079e+00
2.550000000000000e-01 2.223131867334419e-01 1.016808671627169e+00
2.600000000000000e-01 2.288826081874405e-01 1.017902286760350e+00
2.650000000000000e-01 2.355950887223172e-01 1.019062554548811e+00
2.700000000000000e-01 2.424548238569160e-01 1.020293825313406e+00
2.750000000000000e-01 2.494661011489995e-01 1.021600757461576e+00
2.800000000000000e-01 2.566333028751116e-01 1.022988339209839e+00
2.850000000000000e-01 2.639609087696434e-01 1.024461911579334e+00
2.900000000000000e-01 2.714534988248126e-01 1.026027192669603e+00
2.950000000000000e-01 2.791157561533084e-01 1.027690303197576e+00
3.000000000000000e-01 2.869524699153886e-01 1.029457793265902e+00
3.050000000000000e-01 2.949685383122613e-01 1.031336670296447e+00
3.100000000000000e-01 3.031689716476197e-01 1.033334428029974e+00
3.150000000000000e-01 3.115588954592450e-01 1.035459076450555e+00
3.200000000000000e-01 3.201435537226349e-01 1.037719172441842e+00
3.250000000000000e-01 3.289283121286580e-01 1.040123850920460e+00
3.300000000000000e-01 3.379186614372866e-01 1.042682856117706e+00
3.350000000000000e-01 3.471202209094989e-01 1.045406572592573e+00
3.400000000000000e-01 3.565387418195016e-01 1.048306055454630e+00
3.450000000000000e-01 3.661801110494620e-01 1.051393059152075e+00
3.500000000000000e-01 3.760503547690021e-01 1.054680064035543e+00
3.550000000000000e-01 3.861556422017504e-01 1.058180299739063e+00
3.600000000000000e-01 3.965022894813072e-01 1.061907764222587e+00
3.650000000000000e-01 4.070967635990345e-01 1.065877237092168e+00
3.700000000000000e-01 4.179456864461349e-01 1.070104285550539e+00
3.750000000000000e-01 4.290558389525505e-01 1.074605261028425e+00
3.800000000000000e-01 4.404341653252637e-01 1.079397284201749e+00
3.850000000000000e-01 4.520877773886537e-01 1.084498215708130e+00
3.900000000000000e-01 4.640239590296172e-01 1.089926609434549e+00
3.950000000000000e-01 4.762501707502353e-01 1.095701644754553e+00
4.000000000000000e-01 4.887740543308307e-01 1.101843033547031e+00
4.050000000000000e-01 5.016034376063282e-01 1.108370897231008e+00
4.100000000000000e-01 5.147463393589066e-01 1.115305608407090e+00
4.150000000000000e-01 5.282109743299990e-01 1.122667591016139e+00
4.200000000000000e-01 5.420057583547735e-01 1.130477072226384e+00
4.250000000000000e-01 5.561393136223041e-01 1.138753778568077e+00
4.300000000000000e-01 5.706204740647189e-01 1.147516568189624e+00
4.350000000000000e-01 5.854582908786964e-01 1.156782990567617e+00
4.400000000000000e-01 6.006620381827575e-01 1.166568764645049e+00
4.450000000000000e-01 6.162412188138907e-01 1.176887166305845e+00
4.500000000000000e-01 6.322055702671360e-01 1.187748316464985e+00
4.550000000000000e-01 6.485650707818353e-01 1.199158362052401e+00
4.600000000000000e-01 6.653299455783577e-01 1.211118544039428e+00
4.650000000000000e-01 6.825106732491932e-01 1.223624149703779e+00
4.700000000000000e-01 7.001179923084168e-01 1.236663350922760e+00
4.750000000000000e-01 7.181629079036070e-01 1.250215936856157e+00
4.800000000000000e-01 7.366566986944229e-01 1.264251958406851e+00
4.850000000000000e-01 7.556109239021327e-01 1.278730313812725e+00
4.900000000000000e-01 7.750374305345038e-01 1.293597320047947e+00
4.950000000000000e-01 7.949483607905672e-01 1.308785333633084e+00
5.000000000000000e-01 8.153561596498893e-01 1.324211506846431e+00
5.050000000000000e-01 8.362735826510871e-01 1.339776790453094e+00
5.100000000000000e-01 8.577137038644561e-01 1.355365320245872e+00
5.150000000000000e-01 8.796899240636907e-01 1.370844348949350e+00
5.200000000000000e-01 9.022159791018011e-01 1.386064902789869e+00
5.250000000000000e-01 9.253059484964714e-01 1.400863346953977e+00
5.300000000000000e-01 9.489742642302165e-01 1.415064028465302e+00
5.350000000000000e-01 9.732357197708378e-01 1.428483120427636e+00
5.400000000000000e-01 9.981054793178262e-01 1.440933711203024e+00
5.450000000000000e-01 1.023599087280478e+00 1.452232063175046e+00
5.500000000000000e-01 1.049732477993657e+00 1.462204813047249e+00
5.550000000000000e-01 1.076521985677273e+00 1.470696714306978e+00
5.600000000000001e-01 1.103984354645701e+00 1.477578359066472e+00
5.650000000000001e-01 1.132136749773522e+00 1.482753196230531e+00
5.700000000000001e-01 1.160996767224129e+00 1.486163122731650e+00
5.750000000000001e-01 1.190582445447902e+00 1.487791992251931e+00
5.800000000000000e-01 1.220912276456826e+00 1.487666568931705e+00
5.850000000000000e-01 1.252005217382601e+00 1.485854732074894e+00
5.900000000000000e-01 1.283880702325469e+00 1.482461065431671e+00
5.950000000000000e-01 1.316558654501151e+00 1.477620279127346e+00
6.000000000000000e-01 1.350059498693518e+00 1.471489152929051e+00
6.050000000000000e-01 1.384404174020732e+00 1.464237814138456e+00
6.100000000000000e-01 1.419614147022888e+00 1.456041159121194e+00
6.150000000000000e-01 1.455711425079295e+00 1.447071111241636e+00
6.200000000000000e-01 1.492718570163803e+00 1.437490217613270e+00
6.250000000000000e-01 1.530658712946775e+00 1.427446867919893e+00
6.300000000000000e-01 1.569555567252506e+00 1.417072210823087e+00
6.350000000000000e-01 1.609433444881138e+00 1.406478674417158e+00
6.400000000000000e-01 1.650317270804325e+00 1.395759879103758e+00
6.450000000000000e-01 1.692232598744148e+00 1.384991663875136e+00
6.500000000000000e-01 1.735205627145031e+00 1.374233922155390e+00
6.550000000000000e-01 1.779263215548615e+00 1.363532949710348e+00
6.600000000000000e-01 1.824432901381847e+00 1.352924033706528e+00
6.650000000000000e-01 1.870742917168772e+00 1.342434050082780e+00
6.700000000000000e-01 1.918222208176775e+00 1.332083880152574e+00
6.750000000000000e-01 1.966900450508319e+00 1.321890503407628e+00
6.800000000000000e-01 2.016808069649473e+00 1.311868670086940e+00
6.850000000000001e-01 2.067976259486829e+00 1.302032103118373e+00
6.900000000000001e-01 2.120437001804702e+00 1.292394223326881e+00
6.950000000000001e-01 2.174223086274785e+00 1.282968432555323e+00
7.000000000000001e-01 2.229368130950753e+00 1.273768024142516e+00
7.050000000000000e-01 2.285906603280654e+00 1.264805816300724e+00
7.100000000000000e-01 2.343873841650178e+00 1.256093618838113e+00
7.150000000000000e-01 2.403306077470301e+00 1.247641645830507e+00
7.200000000000000e-01 2.464240457823092e+00 1.239457976237188e+00
7.250000000000000e-01 2.526715068679855e+00 1.231548142865140e+00
7.300000000000000e-01 2.590768958706095e+00 1.223914900983688e+00
7.350000000000000e-01 2.656442163668210e+00 1.216558195876833e+00
7.400000000000000e-01 2.723775731457148e+00 1.209475318575969e+00
7.450000000000000e-01 2.792811747744667e+00 1.202661215169414e+00
7.500000000000000e-01 2.863593362288260e+00 1.196108900226033e+00
7.550000000000000e-01 2.936164815901156e+00 1.189809919910619e+00
7.600000000000000e-01 3.010571468104263e+00 1.183754814352922e+00
7.650000000000000e-01 3.086859825477351e+00 1.177933539360892e+00
7.700000000000000e-01 3.165077570727174e+00 1.172335821499709e+00
7.750000000000000e-01 3.245273592490716e+00 1.166951434778296e+00
7.800000000000000e-01 3.327498015892184e+00 1.161770399248410e+00
7.850000000000000e-01 3.411802233872832e+00 1.156783110312766e+00
7.900000000000000e-01 3.498238939313234e+00 1.151980412115990e+00
7.950000000000000e-01 3.586862157968046e+00 1.147353629565933e+00
8.000000000000000e-01 3.677727282233856e+00 1.142894572298740e+00
8.050000000000000e-01 3.770891105771243e+00 1.138595521365767e+00
8.100000000000001e-01 3.866411859002656e+00 1.134449206520572e+00
8.150000000000001e-01 3.964349245508326e+00 1.130448779345937e+00
8.200000000000001e-01 4.064764479342956e+00 1.126587785389616e+00
8.250000000000001e-01 4.167720323296481e+00 1.122860137030553e+00
8.300000000000001e-01 4.273281128122877e+00 1.119260087886137e+00
8.350000000000000e-01 4.381512872761445e+00 1.115782209052303e+00
8.400000000000000e-01 4.492483205575838e+00 1.112421367202990e+00
8.450000000000000e-01 4.606261486636447e+00 1.109172704456618e+00
8.500000000000000e-01 4.722918831072739e+00 1.106031619874546e+00
8.550000000000000e-01 4.842528153522501e+00 1.102993752449028e+00
8.600000000000000e-01 4.965164213705875e+00 1.100054965445064e+00
8.650000000000000e-01 5.090903663152626e+00 1.097211331972010e+00
8.700000000000000e-01 5.219825093111814e+00 1.094459121672900e+00
8.750000000000000e-01 5.352009083673925e+00 1.091794788430788e+00
8.800000000000000e-01 5.487538254136007e+00 1.089214959001670e+00
8.850000000000000e-01 5.626497314641444e+00 1.086716422492657e+00
8.900000000000000e-01 5.768973119126561e+00 1.084296120612194e+00
8.950000000000000e-01 5.915054719607133e+00 1.081951138626304e+00
9.000000000000000e-01 6.064833421838831e+00 1.079678696961289e+00
9.050000000000000e-01 6.218402842386253e+00 1.077476143399012e+00
9.100000000000000e-01 6.375858967136348e+00 1.075340945815988e+00
9.150000000000000e-01 6.537300211292723e+00 1.073270685422111e+00
9.200000000000000e-01 6.702827480888332e+00 1.071263050458875e+00
9.250000000000000e-01 6.872544235855034e+00 1.069315830320674e+00
9.300000000000000e-01 7.046556554689444e+00 1.067426910066000e+00
9.350000000000001e-01 7.224973200755413e+00 1.065594265288365e+00
9.400000000000001e-01 7.407905690264673e+00 1.063815957319388e+00
9.450000000000001e-01 7.595468361978146e+00 1.062090128738931e+00
9.500000000000001e-01 7.787778448671316e+00 1.060414999169311e+00
9.550000000000001e-01 7.984956150408610e+00 1.058788861332564e+00
9.600000000000000e-01 8.187124709672272e+00 1.057210077351543e+00
9.650000000000000e-01 8.394410488393007e+00 1.055677075277192e+00
9.700000000000000e-01 8.606943046930221e+00 1.054188345825822e+00
9.750000000000000e-01 8.824855225051540e+00 1.052742439311527e+00
9.800000000000000e-01 9.048283224961922e+00 1.051337962760069e+00
9.850000000000000e-01 9.277366696434507e+00 1.049973577191671e+00
9.900000000000000e-01 9.512248824096272e+00 1.048647995061122e+00
9.950000000000000e-01 9.753076416923058e+00 1.047359977844533e+00
1.000000000000000e+00 1.000000000000000e+01 1.046108333762892e+00
