0.000000000000000e+00 0.000000000000000e+00 1.000000000000000e+00
5.000000000000000e-03 3.369477419287315e-03 1.000012930209444e+00
1.000000000000000e-02 6.741060871647481e-03 1.000064795421509e+00
1.500000000000000e-02 1.011685770649257e-02 1.000151556328889e+00
2.000000000000000e-02 1.349897790673588e-02 1.000273223566290e+00
2.500000000000000e-02 1.688953540759990e-02 1.000430112560441e+00
3.000000000000000e-02 2.029064941789469e-02 1.000622755105957e+00
3.500000000000000e-02 2.370444574459234e-02 1.000851618660472e+00
4.000000000000000e-02 2.713305812152553e-02 1.001117237806980e+00
4.500000000000000e-02 3.057862954304063e-02 1.001420350271109e+00
5.000000000000000e-02 3.404331360343898e-02 1.001761762244514e+00
5.500000000000000e-02 3.752927584304335e-02 1.002142306080012e+00
6.000000000000000e-02 4.103869510173117e-02 1.002562991096031e+00
6.500000000000000e-02 4.457376488078044e-02 1.003024969000316e+00
7.000000000000001e-02 4.813669471387935e-02 1.003529399309828e+00
7.500000000000000e-02 5.172971154815675e-02 1.004077556679557e+00
8.000000000000000e-02 5.535506113609672e-02 1.004670944713247e+00
8.500000000000001e-02 5.901500943920686e-02 1.005311143391010e+00
9.000000000000000e-02 6.271184404431801e-02 1.005999759200078e+00
9.500000000000000e-02 6.644787559340060e-02 1.006738606074005e+00
1.000000000000000e-01 7.022543922779090e-02 1.007529700509182e+00
1.050000000000000e-01 7.404689604773053e-02 1.008375103674911e+00
1.100000000000000e-01 7.791463458813094e-02 1.009277007140208e+00
1.150000000000000e-01 8.183107231148547e-02 1.010237856690607e+00
1.200000000000000e-01 8.579865711886202e-02 1.011260227804337e+00
1.250000000000000e-01 8.981986887992111e-02 1.012346781059986e+00
1.300000000000000e-01 9.389722098291493e-02 1.013500437892432e+00
1.350000000000000e-01 9.803326190563690e-02 1.014724369105594e+00
1.400000000000000e-01 1.022305768083033e-01 1.016021828222726e+00
1.450000000000000e-01 1.064917891493625e-01 1.017396248012343e+00
1.500000000000000e-01 1.108195623252418e-01 1.018851423181959e+00
1.550000000000000e-01 1.152166013350572e-01 1.020391383742562e+00
1.600000000000000e-01 1.196856544713255e-01 1.022020256686396e+00
1.650000000000000e-01 1.242295150377370e-01 1.023742455091757e+00
1.700000000000000e-01 1.288510230950609e-01 1.025562826614683e+00
1.750000000000000e-01 1.335530672362758e-01 1.027486472915197e+00
1.800000000000000e-01 1.383385863920344e-01 1.029518652465562e+00
1.850000000000000e-01 1.432105716675912e-01 1.031665008906488e+00
1.900000000000000e-01 1.481720682123397e-01 1.033931702917048e+00
1.950000000000000e-01 1.532261771231311e-01 1.036325221411662e+00
2.000000000000000e-01 1.583760573825595e-01 1.038852287439195e+00
2.050000000000000e-01 1.636249278334301e-01 1.041520100249413e+00
2.100000000000000e-01 1.689760691906397e-01 1.044336500540330e+00
2.150000000000000e-01 1.744328260917313e-01 1.047309799151996e+00
2.200000000000000e-01 1.799986091874004e-01 1.050448651035361e+00
2.250000000000000e-01 1.856768972732633e-01 1.053762272184952e+00
2.300000000000000e-01 1.914712394642179e-01 1.057260667671566e+00
2.350000000000000e-01 1.973852574127551e-01 1.060954552102966e+00
2.400000000000000e-01 2.034226475726105e-01 1.064855221170809e+00
2.450000000000000e-01 2.095871835091678e-01 1.068974646244846e+00
2.500000000000000e-01 2.158827182580599e-01 1.073325655113422e+00
2.550000000000000e-01 2.223131867334419e-01 1.077922077318975e+00
2.600000000000000e-01 2.288826081874405e-01 1.082778829941290e+00
2.650000000000000e-01 2.355950887223172e-01 1.087911827344597e+00
2.700000000000000e-01 2.424548238569160e-01 1.093337937794463e+00
2.750000000000000e-01 2.494661011489995e-01 1.099075272063612e+00
2.800000000000000e-01 2.566333028751116e-01 1.105143434659991e+00
2.850000000000000e-01 2.639609087696434e-01 1.111563608167338e+00
2.900000000000000e-01 2.714534988248126e-01 1.118358756984505e+00
2.950000000000000e-01 2.791157561533084e-01 1.125553661701502e+00
3.000000000000000e-01 2.869524699153886e-01 1.133174980684591e+00
3.050000000000000e-01 2.949685383122613e-01 1.141251607422164e+00
3.100000000000000e-01 3.031689716476197e-01 1.149814829912048e+00
3.150000000000000e-01 3.115588954592450e-01 1.158898746124403e+00
3.200000000000000e-01 3.201435537226349e-01 1.168540621256261e+00
3.250000000000000e-01 3.289283121286580e-01 1.178781234329376e+00
3.300000000000000e-01 3.379186614372866e-01 1.189665398664427e+00
3.350000000000000e-01 3.471202209094989e-01 1.201242401709136e+00
3.400000000000000e-01 3.565387418195016e-01 1.213566680018145e+00
3.450000000000000e-01 3.661801110494620e-01 1.226698503069776e+00
3.500000000000000e-01 3.760503547690021e-01 1.240704874299746e+00
3.550000000000000e-01 3.861556422017504e-01 1.255660561535460e+00
3.600000000000000e-01 3.965022894813072e-01 1.271649369244376e+00
3.650000000000000e-01 4.070967635990345e-01 1.288765667598126e+00
3.700000000000000e-01 4.179456864461349e-01 1.307116269366536e+00
3.750000000000000e-01 4.290558389525505e-01 1.326822739194709e+00
3.800000000000000e-01 4.404341653252637e-01 1.348024264785989e+00
3.850000000000000e-01 4.520877773886537e-01 1.370881256705529e+00
3.900000000000000e-01 4.640239590296172e-01 1.395579906770702e+00
3.950000000000000e-01 4.762501707502353e-01 1.422338020441708e+00
4.000000000000000e-01 4.887740543308307e-01 1.451412563817740e+00
4.050000000000000e-01 5.016034376063282e-01 1.483109548610021e+00
4.100000000000000e-01 5.147463393589066e-01 1.517797150786539e+00
4.150000000000000e-01 5.282109743299990e-01 1.555923370664780e+00
4.200000000000000e-01 5.420057583547735e-01 1.598040176802330e+00
4.250000000000000e-01 5.561393136223041e-01 1.644837070432197e+00
4.300000000000000e-01 5.706204740647189e-01 1.697188592064516e+00
4.350000000000000e-01 5.854582908786964e-01 1.756222855078597e+00
4.400000000000000e-01 6.006620381827575e-01 1.823422372650492e+00
4.450000000000000e-01 6.162412188138907e-01 1.900775227004806e+00
4.500000000000000e-01 6.322055702671360e-01 1.991005173381976e+00
4.550000000000000e-01 6.485650707818353e-01 2.097923239968766e+00
4.600000000000000e-01 6.653299455783577e-01 2.226950145916466e+00
4.650000000000000e-01 6.825106732491932e-01 2.385797337921539e+00
4.700000000000000e-01 7.001179923084168e-01 2.584885901095655e+00
4.750000000000000e-01 7.181629079036070e-01 2.835257351638773e+00
4.800000000000000e-01 7.366566986944229e-01 3.135841728319317e+00
4.850000000000000e-01 7.556109239021327e-01 3.435424077816637e+00
4.900000000000000e-01 7.750374305345038e-01 3.597926059111019e+00
4.950000000000000e-01 7.949483607905672e-01 3.510150971653172e+00
5.000000000000000e-01 8.153561596498893e-01 3.251924666427779e+00
5.050000000000000e-01 8.362735826510871e-01 2.976357318063901e+00
5.100000000000000e-01 8.577137038644561e-01 2.745410785161404e+00
5.150000000000000e-01 8.796899240636907e-01 2.559222600309087e+00
5.200000000000000e-01 9.022159791018011e-01 2.407208730131821e+00
5.250000000000000e-01 9.253059484964714e-01 2.281122615559237e+00
5.300000000000000e-01 9.489742642302165e-01 2.174892427029089e+00
5.350000000000000e-01 9.732357197708378e-01 2.084063670190190e+00
5.400000000000000e-01 9.981054793178262e-01 2.005433545128108e+00
5.450000000000000e-01 1.023599087280478e+00 1.936626984727547e+00
5.500000000000000e-01 1.049732477993657e+00 1.875851784753926e+00
5.550000000000000e-01 1.076521985677273e+00 1.821736226143776e+00
5.600000000000001e-01 1.103984354645701e+00 1.773208957846981e+00
5.650000000000001e-01 1.132136749773522e+00 1.729421855371860e+00
5.700000000000001e-01 1.160996767224129e+00 1.689694209016666e+00
5.750000000000001e-01 1.190582445447902e+00 1.653472627602013e+00
5.800000000000000e-01 1.220912276456826e+00 1.620302404181512e+00
5.850000000000000e-01 1.252005217382601e+00 1.589806050897501e+00
5.900000000000000e-01 1.283880702325469e+00 1.561667309913574e+00
5.950000000000000e-01 1.316558654501151e+00 1.535619010461848e+00
6.000000000000000e-01 1.350059498693518e+00 1.511433702322397e+00
6.050000000000000e-01 1.384404174020732e+00 1.488916385300879e+00
6.100000000000000e-01 1.419614147022888e+00 1.467898786437690e+00
6.150000000000000e-01 1.455711425079295e+00 1.448234816700140e+00
6.200000000000000e-01 1.492718570163803e+00 1.429796932642348e+00
6.250000000000000e-01 1.530658712946775e+00 1.412473197209168e+00
6.300000000000000e-01 1.569555567252506e+00 1.396164888531391e+00
6.350000000000000e-01 1.609433444881138e+00 1.380784541144698e+00
6.400000000000000e-01 1.650317270804325e+00 1.366254331829272e+00
6.450000000000000e-01 1.692232598744148e+00 1.352504742649876e+00
6.500000000000000e-01 1.735205627145031e+00 1.339473448911733e+00
6.550000000000000e-01 1.779263215548615e+00 1.327104391362317e+00
6.600000000000000e-01 1.824432901381847e+00 1.315347000786265e+00
6.650000000000000e-01 1.870742917168772e+00 1.304155549941898e+00
6.700000000000000e-01 1.918222208176775e+00 1.293488613052676e+00
6.750000000000000e-01 1.966900450508319e+00 1.283308617137226e+00
6.800000000000000e-01 2.016808069649473e+00 1.273581472588082e+00
6.850000000000001e-01 2.067976259486829e+00 1.264276272755964e+00
6.900000000000001e-01 2.120437001804702e+00 1.255365053970494e+00
6.950000000000001e-01 2.174223086274785e+00 1.246822608491936e+00
7.000000000000001e-01 2.229368130950753e+00 1.238626343372029e+00
7.050000000000000e-01 2.285906603280654e+00 1.230756178116736e+00
7.100000000000000e-01 2.343873841650178e+00 1.223194473398399e+00
7.150000000000000e-01 2.403306077470301e+00 1.215925981883711e+00
7.200000000000000e-01 2.464240457823092e+00 1.208937810590114e+00
7.250000000000000e-01 2.526715068679855e+00 1.202219382183388e+00
7.300000000000000e-01 2.590768958706095e+00 1.195762380496242e+00
7.350000000000000e-01 2.656442163668210e+00 1.189560663595692e+00
7.400000000000000e-01 2.723775731457148e+00 1.183610126367349e+00
7.450000000000000e-01 2.792811747744667e+00 1.177908494297291e+00
7.500000000000000e-01 2.863593362288260e+00 1.172455031405472e+00
7.550000000000000e-01 2.936164815901156e+00 1.167250148531843e+00
7.600000000000000e-01 3.010571468104263e+00 1.162294903646104e+00
7.650000000000000e-01 3.086859825477351e+00 1.157590393564275e+00
7.700000000000000e-01 3.165077570727174e+00 1.153137046196414e+00
7.750000000000000e-01 3.245273592490716e+00 1.148933833844403e+00
7.800000000000000e-01 3.327498015892184e+00 1.144977440721455e+00
7.850000000000000e-01 3.411802233872832e+00 1.141261431516751e+00
7.900000000000000e-01 3.498238939313234e+00 1.137775482417093e+00
7.950000000000000e-01 3.586862157968046e+00 1.134504751501037e+00
8.000000000000000e-01 3.677727282233856e+00 1.131429481423152e+00
8.050000000000000e-01 3.770891105771243e+00 1.128524942216561e+00
8.100000000000001e-01 3.866411859002656e+00 1.125761831737438e+00
8.150000000000001e-01 3.964349245508326e+00 1.123107246985676e+00
8.200000000000001e-01 4.064764479342956e+00 1.120526306049185e+00
8.250000000000001e-01 4.167720323296481e+00 1.117984418169327e+00
8.300000000000001e-01 4.273281128122877e+00 1.115450055191088e+00
8.350000000000000e-01 4.381512872761445e+00 1.112897684145483e+00
8.400000000000000e-01 4.492483205575838e+00 1.110310334293805e+00
8.450000000000000e-01 4.606261486636447e+00 1.107681188236499e+00
8.500000000000000e-01 4.722918831072739e+00 1.105013698882110e+00
8.550000000000000e-01 4.842528153522501e+00 1.102320066505754e+00
8.600000000000000e-01 4.965164213705875e+00 1.099618371245060e+00
8.650000000000000e-01 5.090903663152626e+00 1.096929060004958e+00
8.700000000000000e-01 5.219825093111814e+00 1.094271647344330e+00
8.750000000000000e-01 5.352009083673925e+00 1.091662334720379e+00
8.800000000000000e-01 5.487538254136007e+00 1.089112868304477e+00
8.850000000000000e-01 5.626497314641444e+00 1.086630533201968e+00
8.900000000000000e-01 5.768973119126561e+00 1.084218899624532e+00
8.950000000000000e-01 5.915054719607133e+00 1.081878868040180e+00
9.000000000000000e-01 6.064833421838831e+00 1.079609662541763e+00
9.050000000000000e-01 6.218402842386253e+00 1.077409592016806e+00
9.100000000000000e-01 6.375858967136348e+00 1.075276546114045e+00
9.150000000000000e-01 6.537300211292723e+00 1.073208276103772e+00
9.200000000000000e-01 6.702827480888332e+00 1.071202534022518e+00
9.250000000000000e-01 6.872544235855034e+00 1.069257132374473e+00
9.300000000000000e-01 7.046556554689444e+00 1.067369965141401e+00
9.350000000000001e-01 7.224973200755413e+00 1.065539012284122e+00
9.400000000000001e-01 7.407905690264673e+00 1.063762338104264e+00
9.450000000000001e-01 7.595468361978146e+00 1.062038087694029e+00
9.500000000000001e-01 7.787778448671316e+00 1.060364482987411e+00
9.550000000000001e-01 7.984956150408610e+00 1.058739818885333e+00
9.600000000000000e-01 8.187124709672272e+00 1.057162459577069e+00
9.650000000000000e-01 8.394410488393007e+00 1.055630835076776e+00
9.700000000000000e-01 8.606943046930221e+00 1.054143437967408e+00
9.750000000000000e-01 8.824855225051540e+00 1.052698820338933e+00
9.800000000000000e-01 9.048283224961922e+00 1.051295590907570e+00
9.850000000000000e-01 9.277366696434507e+00 1.049932412303539e+00
9.900000000000000e-01 9.512248824096272e+00 1.048607998515796e+00
9.950000000000000e-01 9.753076416923058e+00 1.047321112483108e+00
1.000000000000000e+00 1.000000000000000e+01 1.046070563821627e+00
