0.000000000000000e+00 0.000000000000000e+00 1.000000000000000e+00
5.000000000000000e-03 3.369477419287315e-03 1.000013356896334e+00
1.000000000000000e-02 6.741060871647481e-03 1.000066740622960e+00
1.500000000000000e-02 1.011685770649257e-02 1.000155716272033e+00
2.000000000000000e-02 1.349897790673588e-02 1.000280678367245e+00
2.500000000000000e-02 1.688953540759990e-02 1.000441955210953e+00
3.000000000000000e-02 2.029064941789469e-02 1.000639904397157e+00
3.500000000000000e-02 2.370444574459234e-02 1.000875052239285e+00
4.000000000000000e-02 2.713305812152553e-02 1.001148003862954e+00
4.500000000000000e-02 3.057862954304063e-02 1.001459461589410e+00
5.000000000000000e-02 3.404331360343898e-02 1.001810277919866e+00
5.500000000000000e-02 3.752927584304335e-02 1.002201358495472e+00
6.000000000000000e-02 4.103869510173117e-02 1.002633682286893e+00
6.500000000000000e-02 4.457376488078044e-02 1.003108411855957e+00
7.000000000000001e-02 4.813669471387935e-02 1.003626816330210e+00
7.500000000000000e-02 5.172971154815675e-02 1.004190204667063e+00
8.000000000000000e-02 5.535506113609672e-02 1.004800062754422e+00
8.500000000000001e-02 5.901500943920686e-02 1.005458054207760e+00
9.000000000000000e-02 6.271184404431801e-02 1.006165874584171e+00
9.500000000000000e-02 6.644787559340060e-02 1.006925338785941e+00
1.000000000000000e-01 7.022543922779090e-02 1.007738524112286e+00
1.050000000000000e-01 7.404689604773053e-02 1.008607625042614e+00
1.100000000000000e-01 7.791463458813094e-02 1.009534871076703e+00
1.150000000000000e-01 8.183107231148547e-02 1.010522721706838e+00
1.200000000000000e-01 8.579865711886202e-02 1.011573899271866e+00
1.250000000000000e-01 8.981986887992111e-02 1.012691205724761e+00
1.300000000000000e-01 9.389722098291493e-02 1.013877578149164e+00
1.350000000000000e-01 9.803326190563690e-02 1.015136259503857e+00
1.400000000000000e-01 1.022305768083033e-01 1.016470703245594e+00
1.450000000000000e-01 1.064917891493625e-01 1.017884472961757e+00
1.500000000000000e-01 1.108195623252418e-01 1.019381407114371e+00
1.550000000000000e-01 1.152166013350572e-01 1.020965684266261e+00
1.600000000000000e-01 1.196856544713255e-01 1.022641658849593e+00
1.650000000000000e-01 1.242295150377370e-01 1.024413879262313e+00
1.700000000000000e-01 1.288510230950609e-01 1.026287297812549e+00
1.750000000000000e-01 1.335530672362758e-01 1.028267239837462e+00
1.800000000000000e-01 1.383385863920344e-01 1.030359226660331e+00
1.850000000000000e-01 1.432105716675912e-01 1.032569076005730e+00
1.900000000000000e-01 1.481720682123397e-01 1.034903124118036e+00
1.950000000000000e-01 1.532261771231311e-01 1.037368155022375e+00
2.000000000000000e-01 1.583760573825595e-01 1.039971228446013e+00
2.050000000000000e-01 1.636249278334301e-01 1.042719803170860e+00
2.100000000000000e-01 1.689760691906397e-01 1.045621970166383e+00
2.150000000000000e-01 1.744328260917313e-01 1.048686413228998e+00
2.200000000000000e-01 1.799986091874004e-01 1.051922253403913e+00
2.250000000000000e-01 1.856768972732633e-01 1.055339122935571e+00
2.300000000000000e-01 1.914712394642179e-01 1.058947381897091e+00
2.350000000000000e-01 1.973852574127551e-01 1.062758202478504e+00
2.400000000000000e-01 2.034226475726105e-01 1.066783515231596e+00
2.450000000000000e-01 2.095871835091678e-01 1.071035955039708e+00
2.500000000000000e-01 2.158827182580599e-01 1.075528937523372e+00
2.550000000000000e-01 2.223131867334419e-01 1.080276924078064e+00
2.600000000000000e-01 2.288826081874405e-01 1.085295620494820e+00
2.650000000000000e-01 2.355950887223172e-01 1.090601866283678e+00
2.700000000000000e-01 2.424548238569160e-01 1.096213569242791e+00
2.750000000000000e-01 2.494661011489995e-01 1.102149942070280e+00
2.800000000000000e-01 2.566333028751116e-01 1.108431711410623e+00
2.850000000000000e-01 2.639609087696434e-01 1.115081326516420e+00
2.900000000000000e-01 2.714534988248126e-01 1.122123245240423e+00
2.950000000000000e-01 2.791157561533084e-01 1.129583949449335e+00
3.000000000000000e-01 2.869524699153886e-01 1.137492064493741e+00
3.050000000000000e-01 2.949685383122613e-01 1.145878689822141e+00
3.100000000000000e-01 3.031689716476197e-01 1.154777568772326e+00
3.150000000000000e-01 3.115588954592450e-01 1.164225595023517e+00
3.200000000000000e-01 3.201435537226349e-01 1.174263202951402e+00
3.250000000000000e-01 3.289283121286580e-01 1.184934828610877e+00
3.300000000000000e-01 3.379186614372866e-01 1.196289519215208e+00
3.350000000000000e-01 3.471202209094989e-01 1.208381483583006e+00
3.400000000000000e-01 3.565387418195016e-01 1.221270916924296e+00
3.450000000000000e-01 3.661801110494620e-01 1.235024845906943e+00
3.500000000000000e-01 3.760503547690021e-01 1.249718259180912e+00
3.550000000000000e-01 3.861556422017504e-01 1.265435410791820e+00
3.600000000000000e-01 3.965022894813072e-01 1.282271456734491e+00
3.650000000000000e-01 4.070967635990345e-01 1.300334447561289e+00
3.700000000000000e-01 4.179456864461349e-01 1.319747815742425e+00
3.750000000000000e-01 4.290558389525505e-01 1.340653489001606e+00
3.800000000000000e-01 4.404341653252637e-01 1.363215837286146e+00
3.850000000000000e-01 4.520877773886537e-01 1.387626728463444e+00
3.900000000000000e-01 4.640239590296172e-01 1.414112085774375e+00
3.950000000000000e-01 4.762501707502353e-01 1.442940507302517e+00
4.000000000000000e-01 4.887740543308307e-01 1.474434765352652e+00
4.050000000000000e-01 5.016034376063282e-01 1.508987402650680e+00
4.100000000000000e-01 5.147463393589066e-01 1.547082278540862e+00
4.150000000000000e-01 5.282109743299990e-01 1.589324960647520e+00
4.200000000000000e-01 5.420057583547735e-01 1.636486620206658e+00
4.250000000000000e-01 5.561393136223041e-01 1.689569180137026e+00
4.300000000000000e-01 5.706204740647189e-01 1.749905115808170e+00
4.350000000000000e-01 5.854582908786964e-01 1.819316156628996e+00
4.400000000000000e-01 6.006620381827575e-01 1.900377203918661e+00
4.450000000000000e-01 6.162412188138907e-01 1.996879923616096e+00
4.500000000000000e-01 6.322055702671360e-01 2.114704994448538e+00
4.550000000000000e-01 6.485650707818353e-01 2.263616144516641e+00
4.600000000000000e-01 6.653299455783577e-01 2.461423766292830e+00
4.650000000000000e-01 6.825106732491932e-01 2.745485119259301e+00
4.700000000000000e-01 7.001179923084168e-01 3.214331406468312e+00
4.750000000000000e-01 7.181629079036070e-01 4.251416166922683e+00
4.800000000000000e-01 7.366566986944229e-01 7.050922380694373e+00
4.850000000000000e-01 7.556109239021327e-01 7.659320592096226e+00
4.900000000000000e-01 7.750374305345038e-01 5.187527786921739e+00
4.950000000000000e-01 7.949483607905672e-01 4.034838212132231e+00
5.000000000000000e-01 8.153561596498893e-01 3.433124401807541e+00
5.050000000000000e-01 8.362735826510871e-01 3.046122197348777e+00
5.100000000000000e-01 8.577137038644561e-01 2.772821933074956e+00
5.150000000000000e-01 8.796899240636907e-01 2.566606318235253e+00
5.200000000000000e-01 9.022159791018011e-01 2.404428847837758e+00
5.250000000000000e-01 9.253059484964714e-01 2.272711013334956e+00
5.300000000000000e-01 9.489742642302165e-01 2.163197410292526e+00
5.350000000000000e-01 9.732357197708378e-01 2.070398898019704e+00
5.400000000000000e-01 9.981054793178262e-01 1.990577682988675e+00
5.450000000000000e-01 1.023599087280478e+00 1.921047378620522e+00
5.500000000000000e-01 1.049732477993657e+00 1.859855553701290e+00
5.550000000000000e-01 1.076521985677273e+00 1.805510475563510e+00
5.600000000000001e-01 1.103984354645701e+00 1.756888314599992e+00
5.650000000000001e-01 1.132136749773522e+00 1.713084115896425e+00
5.700000000000001e-01 1.160996767224129e+00 1.673402485181122e+00
5.750000000000001e-01 1.190582445447902e+00 1.637258692172431e+00
5.800000000000000e-01 1.220912276456826e+00 1.604196523469937e+00
5.850000000000000e-01 1.252005217382601e+00 1.573820755335087e+00
5.900000000000000e-01 1.283880702325469e+00 1.545816762261365e+00
5.950000000000000e-01 1.316558654501151e+00 1.519908518903972e+00
6.000000000000000e-01 1.350059498693518e+00 1.495869586239231e+00
6.050000000000000e-01 1.384404174020732e+00 1.473502136829091e+00
6.100000000000000e-01 1.419614147022888e+00 1.452637522720055e+00
6.150000000000000e-01 1.455711425079295e+00 1.433130518641995e+00
6.200000000000000e-01 1.492718570163803e+00 1.414852423306786e+00
6.250000000000000e-01 1.530658712946775e+00 1.397693872948850e+00
6.300000000000000e-01 1.569555567252506e+00 1.381555178880365e+00
6.350000000000000e-01 1.609433444881138e+00 1.366351719317490e+00
6.400000000000000e-01 1.650317270804325e+00 1.352005584613867e+00
6.450000000000000e-01 1.692232598744148e+00 1.338449630364521e+00
6.500000000000000e-01 1.735205627145031e+00 1.325622437432644e+00
6.550000000000000e-01 1.779263215548615e+00 1.313469740201908e+00
6.600000000000000e-01 1.824432901381847e+00 1.301942491697572e+00
6.650000000000000e-01 1.870742917168772e+00 1.290996392569088e+00
6.700000000000000e-01 1.918222208176775e+00 1.280591617605044e+00
6.750000000000000e-01 1.966900450508319e+00 1.270691809381225e+00
6.800000000000000e-01 2.016808069649473e+00 1.261264124809726e+00
6.850000000000001e-01 2.067976259486829e+00 1.252278533010412e+00
6.900000000000001e-01 2.120437001804702e+00 1.243707662171866e+00
6.950000000000001e-01 2.174223086274785e+00 1.235526472527200e+00
7.000000000000001e-01 2.229368130950753e+00 1.227711996137768e+00
7.050000000000000e-01 2.285906603280654e+00 1.220243149749848e+00
7.100000000000000e-01 2.343873841650178e+00 1.213100530924690e+00
7.150000000000000e-01 2.403306077470301e+00 1.206266244768890e+00
7.200000000000000e-01 2.464240457823092e+00 1.199723770165723e+00
7.250000000000000e-01 2.526715068679855e+00 1.193457806530643e+00
7.300000000000000e-01 2.590768958706095e+00 1.187454165188477e+00
7.350000000000000e-01 2.656442163668210e+00 1.181699651112801e+00
7.400000000000000e-01 2.723775731457148e+00 1.176181961862873e+00
7.450000000000000e-01 2.792811747744667e+00 1.170889593108496e+00
7.500000000000000e-01 2.863593362288260e+00 1.165811746607200e+00
7.550000000000000e-01 2.936164815901156e+00 1.160938245609431e+00
7.600000000000000e-01 3.010571468104263e+00 1.156259450679896e+00
7.650000000000000e-01 3.086859825477351e+00 1.151766178398530e+00
7.700000000000000e-01 3.165077570727174e+00 1.147449620335727e+00
7.750000000000000e-01 3.245273592490716e+00 1.143301262060024e+00
7.800000000000000e-01 3.327498015892184e+00 1.139312801796511e+00
7.850000000000000e-01 3.411802233872832e+00 1.135476068650974e+00
7.900000000000000e-01 3.498238939313234e+00 1.131782941163023e+00
7.950000000000000e-01 3.586862157968046e+00 1.128225267722166e+00
8.000000000000000e-01 3.677727282233856e+00 1.124794791788023e+00
8.050000000000000e-01 3.770891105771243e+00 1.121483086485810e+00
8.100000000000001e-01 3.866411859002656e+00 1.118281505499088e+00
8.150000000000001e-01 3.964349245508326e+00 1.115181160503498e+00
8.200000000000001e-01 4.064764479342956e+00 1.112172939247194e+00
8.250000000000001e-01 4.167720323296481e+00 1.109247582644455e+00
8.300000000000001e-01 4.273281128122877e+00 1.106395844441639e+00
8.350000000000000e-01 4.381512872761445e+00 1.103608761861838e+00
8.400000000000000e-01 4.492483205575838e+00 1.100878066648973e+00
8.450000000000000e-01 4.606261486636447e+00 1.098196760954665e+00
8.500000000000000e-01 4.722918831072739e+00 1.095559868973682e+00
8.550000000000000e-01 4.842528153522501e+00 1.092965343643365e+00
8.600000000000000e-01 4.965164213705875e+00 1.090415048259666e+00
8.650000000000000e-01 5.090903663152626e+00 1.087915653169999e+00
8.700000000000000e-01 5.219825093111814e+00 1.085479211197039e+00
8.750000000000000e-01 5.352009083673925e+00 1.083123121594542e+00
8.800000000000000e-01 5.487538254136007e+00 1.080869183785264e+00
8.850000000000000e-01 5.626497314641444e+00 1.078741527788121e+00
8.900000000000000e-01 5.768973119126561e+00 1.076763418443607e+00
8.950000000000000e-01 5.915054719607133e+00 1.074953185374052e+00
9.000000000000000e-01 6.064833421838831e+00 1.073319691366920e+00
9.050000000000000e-01 6.218402842386253e+00 1.071857861945331e+00
9.100000000000000e-01 6.375858967136348e+00 1.070545161652513e+00
9.150000000000000e-01 6.537300211292723e+00 1.069340649119847e+00
9.200000000000000e-01 6.702827480888332e+00 1.068188732586197e+00
9.250000000000000e-01 6.872544235855034e+00 1.067028745921095e+00
9.300000000000000e-01 7.046556554689444e+00 1.065808510352458e+00
9.350000000000001e-01 7.224973200755413e+00 1.064496776663636e+00
9.400000000000001e-01 7.407905690264673e+00 1.063088808057796e+00
9.450000000000001e-01 7.595468361978146e+00 1.061602689685073e+00
9.500000000000001e-01 7.787778448671316e+00 1.060069031302757e+00
9.550000000000001e-01 7.984956150408610e+00 1.058519690868843e+00
9.600000000000000e-01 8.187124709672272e+00 1.056980186406845e+00
9.650000000000000e-01 8.394410488393007e+00 1.055467173508823e+00
9.700000000000000e-01 8.606943046930221e+00 1.053989576022603e+00
9.750000000000000e-01 8.824855225051540e+00 1.052551116891670e+00
9.800000000000000e-01 9.048283224961922e+00 1.051152647510450e+00
9.850000000000000e-01 9.277366696434507e+00 1.049793689340267e+00
9.900000000000000e-01 9.512248824096272e+00 1.048473249305141e+00
9.950000000000000e-01 9.753076416923058e+00 1.047190181914990e+00
1.000000000000000e+00 1.000000000000000e+01 1.045943324385049e+00
