0.000000000000000e+00 0.000000000000000e+00 1.000000000000000e+00
5.000000000000000e-03 3.369477419287315e-03 1.000012158826897e+00
1.000000000000000e-02 6.741060871647481e-03 1.000060718157213e+00
1.500000000000000e-02 1.011685770649257e-02 1.000141591424765e+00
2.000000000000000e-02 1.349897790673588e-02 1.000255220570802e+00
2.500000000000000e-02 1.688953540759990e-02 1.000401908191185e+00
3.000000000000000e-02 2.029064941789469e-02 1.000581898268522e+00
3.500000000000000e-02 2.370444574459234e-02 1.000795673150992e+00
4.000000000000000e-02 2.713305812152553e-02 1.001043855581038e+00
4.500000000000000e-02 3.057862954304063e-02 1.001327049443845e+00
5.000000000000000e-02 3.404331360343898e-02 1.001645955404870e+00
5.500000000000000e-02 3.752927584304335e-02 1.002001445431855e+00
6.000000000000000e-02 4.103869510173117e-02 1.002394440519584e+00
6.500000000000000e-02 4.457376488078044e-02 1.002825905999909e+00
7.000000000000001e-02 4.813669471387935e-02 1.003296989127709e+00
7.500000000000000e-02 5.172971154815675e-02 1.003808962804533e+00
8.000000000000000e-02 5.535506113609672e-02 1.004363105711058e+00
8.500000000000001e-02 5.901500943920686e-02 1.004960820361297e+00
9.000000000000000e-02 6.271184404431801e-02 1.005603733892182e+00
9.500000000000000e-02 6.644787559340060e-02 1.006293546334285e+00
1.000000000000000e-01 7.022543922779090e-02 1.007031986371178e+00
1.050000000000000e-01 7.404689604773053e-02 1.007820987702150e+00
1.100000000000000e-01 7.791463458813094e-02 1.008662690903296e+00
1.150000000000000e-01 8.183107231148547e-02 1.009559286373657e+00
1.200000000000000e-01 8.579865711886202e-02 1.010513080777730e+00
1.250000000000000e-01 8.981986887992111e-02 1.011526635430521e+00
1.300000000000000e-01 9.389722098291493e-02 1.012602669344393e+00
1.350000000000000e-01 9.803326190563690e-02 1.013743979251656e+00
1.400000000000000e-01 1.022305768083033e-01 1.014953588433236e+00
1.450000000000000e-01 1.064917891493625e-01 1.016234795034395e+00
1.500000000000000e-01 1.108195623252418e-01 1.017591022477192e+00
1.550000000000000e-01 1.152166013350572e-01 1.019025835604261e+00
1.600000000000000e-01 1.196856544713255e-01 1.020543124593015e+00
1.650000000000000e-01 1.242295150377370e-01 1.022147075668996e+00
1.700000000000000e-01 1.288510230950609e-01 1.023842009152083e+00
1.750000000000000e-01 1.335530672362758e-01 1.025632459613055e+00
1.800000000000000e-01 1.383385863920344e-01 1.027523370610060e+00
1.850000000000000e-01 1.432105716675912e-01 1.029520034712015e+00
1.900000000000000e-01 1.481720682123397e-01 1.031627932735433e+00
1.950000000000000e-01 1.532261771231311e-01 1.033852826165063e+00
2.000000000000000e-01 1.583760573825595e-01 1.036200958159147e+00
2.050000000000000e-01 1.636249278334301e-01 1.038679024519928e+00
2.100000000000000e-01 1.689760691906397e-01 1.041294028747977e+00
2.150000000000000e-01 1.744328260917313e-01 1.044053320425101e+00
2.200000000000000e-01 1.799986091874004e-01 1.046964768530969e+00
2.250000000000000e-01 1.856768972732633e-01 1.050036842674219e+00
2.300000000000000e-01 1.914712394642179e-01 1.053278564132728e+00
2.350000000000000e-01 1.973852574127551e-01 1.056699421815865e+00
2.400000000000000e-01 2.034226475726105e-01 1.060309403445749e+00
2.450000000000000e-01 2.095871835091678e-01 1.064119222778800e+00
2.500000000000000e-01 2.158827182580599e-01 1.068140484789229e+00
2.550000000000000e-01 2.223131867334419e-01 1.072385554229024e+00
2.600000000000000e-01 2.288826081874405e-01 1.076867460298915e+00
2.650000000000000e-01 2.355950887223172e-01 1.081600058777172e+00
2.700000000000000e-01 2.424548238569160e-01 1.086598162849235e+00
2.750000000000000e-01 2.494661011489995e-01 1.091877689747119e+00
2.800000000000000e-01 2.566333028751116e-01 1.097455861520641e+00
2.850000000000000e-01 2.639609087696434e-01 1.103351136789364e+00
2.900000000000000e-01 2.714534988248126e-01 1.109583232023141e+00
2.950000000000000e-01 2.791157561533084e-01 1.116173306118320e+00
3.000000000000000e-01 2.869524699153886e-01 1.123143982439925e+00
3.050000000000000e-01 2.949685383122613e-01 1.130519660338909e+00
3.100000000000000e-01 3.031689716476197e-01 1.138326682986032e+00
3.150000000000000e-01 3.115588954592450e-01 1.146593538453949e+00
3.200000000000000e-01 3.201435537226349e-01 1.155351144743282e+00
3.250000000000000e-01 3.289283121286580e-01 1.164633022803257e+00
3.300000000000000e-01 3.379186614372866e-01 1.174475646051705e+00
3.350000000000000e-01 3.471202209094989e-01 1.184918714558936e+00
3.400000000000000e-01 3.565387418195016e-01 1.196005570924239e+00
3.450000000000000e-01 3.661801110494620e-01 1.207783621218833e+00
3.500000000000000e-01 3.760503547690021e-01 1.220304861526577e+00
3.550000000000000e-01 3.861556422017504e-01 1.233626470917180e+00
3.600000000000000e-01 3.965022894813072e-01 1.247811514099804e+00
3.650000000000000e-01 4.070967635990345e-01 1.262929760345281e+00
3.700000000000000e-01 4.179456864461349e-01 1.279058649555329e+00
3.750000000000000e-01 4.290558389525505e-01 1.296284433316205e+00
3.800000000000000e-01 4.404341653252637e-01 1.314703529576079e+00
3.850000000000000e-01 4.520877773886537e-01 1.334424136733659e+00
3.900000000000000e-01 4.640239590296172e-01 1.355568164013307e+00
3.950000000000000e-01 4.762501707502353e-01 1.378273547329054e+00
4.000000000000000e-01 4.887740543308307e-01 1.402697034361752e+00
4.050000000000000e-01 5.016034376063282e-01 1.429017538180515e+00
4.100000000000000e-01 5.147463393589066e-01 1.457440173499788e+00
4.150000000000000e-01 5.282109743299990e-01 1.488201098748048e+00
4.200000000000000e-01 5.420057583547735e-01 1.521573280273057e+00
4.250000000000000e-01 5.561393136223041e-01 1.557873251025241e+00
4.300000000000000e-01 5.706204740647189e-01 1.597468812125816e+00
4.350000000000000e-01 5.854582908786964e-01 1.640787336303439e+00
4.400000000000000e-01 6.006620381827575e-01 1.688323707700502e+00
4.450000000000000e-01 6.162412188138907e-01 1.740645639630796e+00
4.500000000000000e-01 6.322055702671360e-01 1.798391504644591e+00
4.550000000000000e-01 6.485650707818353e-01 1.862250675523014e+00
4.600000000000000e-01 6.653299455783577e-01 1.932906570989509e+00
4.650000000000000e-01 6.825106732491932e-01 2.010904878869227e+00
4.700000000000000e-01 7.001179923084168e-01 2.096380789040096e+00
4.750000000000000e-01 7.181629079036070e-01 2.188544131237385e+00
4.800000000000000e-01 7.366566986944229e-01 2.284816158331376e+00
4.850000000000000e-01 7.556109239021327e-01 2.379652226578617e+00
4.900000000000000e-01 7.750374305345038e-01 2.463579979112654e+00
4.950000000000000e-01 7.949483607905672e-01 2.523842403463972e+00
5.000000000000000e-01 8.153561596498893e-01 2.548233589546944e+00
5.050000000000000e-01 8.362735826510871e-01 2.531286828839964e+00
5.100000000000000e-01 8.577137038644561e-01 2.477972180417083e+00
5.150000000000000e-01 8.796899240636907e-01 2.400837728775270e+00
5.200000000000000e-01 9.022159791018011e-01 2.313303059843139e+00
5.250000000000000e-01 9.253059484964714e-01 2.225020934536392e+00
5.300000000000000e-01 9.489742642302165e-01 2.141208412063949e+00
5.350000000000000e-01 9.732357197708378e-01 2.063992497791134e+00
5.400000000000000e-01 9.981054793178262e-01 1.993832273207515e+00
5.450000000000000e-01 1.023599087280478e+00 1.930419065118141e+00
5.500000000000000e-01 1.049732477993657e+00 1.873146440996401e+00
5.550000000000000e-01 1.076521985677273e+00 1.821334788692921e+00
5.600000000000001e-01 1.103984354645701e+00 1.774330200785687e+00
5.650000000000001e-01 1.132136749773522e+00 1.731542176748503e+00
5.700000000000001e-01 1.160996767224129e+00 1.692453147809226e+00
5.750000000000001e-01 1.190582445447902e+00 1.656615864705634e+00
5.800000000000000e-01 1.220912276456826e+00 1.623646178668903e+00
5.850000000000000e-01 1.252005217382601e+00 1.593214661657010e+00
5.900000000000000e-01 1.283880702325469e+00 1.565038549911948e+00
5.950000000000000e-01 1.316558654501151e+00 1.538874568594796e+00
6.000000000000000e-01 1.350059498693518e+00 1.514512774693039e+00
6.050000000000000e-01 1.384404174020732e+00 1.491771374663017e+00
6.100000000000000e-01 1.419614147022888e+00 1.470492405492005e+00
6.150000000000000e-01 1.455711425079295e+00 1.450538151942917e+00
6.200000000000000e-01 1.492718570163803e+00 1.431788178940977e+00
6.250000000000000e-01 1.530658712946775e+00 1.414136872377970e+00
6.300000000000000e-01 1.569555567252506e+00 1.397491397650512e+00
6.350000000000000e-01 1.609433444881138e+00 1.381770000268224e+00
6.400000000000000e-01 1.650317270804325e+00 1.366900585873669e+00
6.450000000000000e-01 1.692232598744148e+00 1.352819527821781e+00
6.500000000000000e-01 1.735205627145031e+00 1.339470659231592e+00
6.550000000000000e-01 1.779263215548615e+00 1.326804413436756e+00
6.600000000000000e-01 1.824432901381847e+00 1.314777082344016e+00
6.650000000000000e-01 1.870742917168772e+00 1.303350166669987e+00
6.700000000000000e-01 1.918222208176775e+00 1.292489795649993e+00
6.750000000000000e-01 1.966900450508319e+00 1.282166196851737e+00
6.800000000000000e-01 2.016808069649473e+00 1.272353199402968e+00
6.850000000000001e-01 2.067976259486829e+00 1.263027756445420e+00
6.900000000000001e-01 2.120437001804702e+00 1.254169475110923e+00
6.950000000000001e-01 2.174223086274785e+00 1.245760144896193e+00
7.000000000000001e-01 2.229368130950753e+00 1.237783258067885e+00
7.050000000000000e-01 2.285906603280654e+00 1.230223518700715e+00
7.100000000000000e-01 2.343873841650178e+00 1.223066340153181e+00
7.150000000000000e-01 2.403306077470301e+00 1.216297334219371e+00
7.200000000000000e-01 2.464240457823092e+00 1.209901798869778e+00
7.250000000000000e-01 2.526715068679855e+00 1.203864215441684e+00
7.300000000000000e-01 2.590768958706095e+00 1.198167770426056e+00
7.350000000000000e-01 2.656442163668210e+00 1.192793921708046e+00
7.400000000000000e-01 2.723775731457148e+00 1.187722034308081e+00
7.450000000000000e-01 2.792811747744667e+00 1.182929116269699e+00
7.500000000000000e-01 2.863593362288260e+00 1.178389690995299e+00
7.550000000000000e-01 2.936164815901156e+00 1.174075847190962e+00
7.600000000000000e-01 3.010571468104263e+00 1.169957510048506e+00
7.650000000000000e-01 3.086859825477351e+00 1.166002974810060e+00
7.700000000000000e-01 3.165077570727174e+00 1.162179732891426e+00
7.750000000000000e-01 3.245273592490716e+00 1.158455597216175e+00
7.800000000000000e-01 3.327498015892184e+00 1.154800094008745e+00
7.850000000000000e-01 3.411802233872832e+00 1.151186032794632e+00
7.900000000000000e-01 3.498238939313234e+00 1.147591100778488e+00
7.950000000000000e-01 3.586862157968046e+00 1.143999266872968e+00
8.000000000000000e-01 3.677727282233856e+00 1.140401747319901e+00
8.050000000000000e-01 3.770891105771243e+00 1.136797304012257e+00
8.100000000000001e-01 3.866411859002656e+00 1.133191733724923e+00
8.150000000000001e-01 3.964349245508326e+00 1.129596554794952e+00
8.200000000000001e-01 4.064764479342956e+00 1.126027072696303e+00
8.250000000000001e-01 4.167720323296481e+00 1.122500152673626e+00
8.300000000000001e-01 4.273281128122877e+00 1.119032092707441e+00
8.350000000000000e-01 4.381512872761445e+00 1.115636946853907e+00
8.400000000000000e-01 4.492483205575838e+00 1.112325512248865e+00
8.450000000000000e-01 4.606261486636447e+00 1.109105013612343e+00
8.500000000000000e-01 4.722918831072739e+00 1.105979360111742e+00
8.550000000000000e-01 4.842528153522501e+00 1.102949758045398e+00
8.600000000000000e-01 4.965164213705875e+00 1.100015452483948e+00
8.650000000000000e-01 5.090903663152626e+00 1.097174422758298e+00
8.700000000000000e-01 5.219825093111814e+00 1.094423934865331e+00
8.750000000000000e-01 5.352009083673925e+00 1.091760925379731e+00
8.800000000000000e-01 5.487538254136007e+00 1.089182237901540e+00
8.850000000000000e-01 5.626497314641444e+00 1.086684752161671e+00
8.900000000000000e-01 5.768973119126561e+00 1.084265445493613e+00
8.950000000000000e-01 5.915054719607133e+00 1.081921416776386e+00
9.000000000000000e-01 6.064833421838831e+00 1.079649891935342e+00
9.050000000000000e-01 6.218402842386253e+00 1.077448221471151e+00
9.100000000000000e-01 6.375858967136348e+00 1.075313875066145e+00
9.150000000000000e-01 6.537300211292723e+00 1.073244435421338e+00
9.200000000000000e-01 6.702827480888332e+00 1.071237592132033e+00
9.250000000000000e-01 6.872544235855034e+00 1.069291135859693e+00
9.300000000000000e-01 7.046556554689444e+00 1.067402952858868e+00
9.350000000000001e-01 7.224973200755413e+00 1.065571019854925e+00
9.400000000000001e-01 7.407905690264673e+00 1.063793399251715e+00
9.450000000000001e-01 7.595468361978146e+00 1.062068234645574e+00
9.500000000000001e-01 7.787778448671316e+00 1.060393746623044e+00
9.550000000000001e-01 7.984956150408610e+00 1.058768228821396e+00
9.600000000000000e-01 8.187124709672272e+00 1.057190044232727e+00
9.650000000000000e-01 8.394410488393007e+00 1.055657621734027e+00
9.700000000000000e-01 8.606943046930221e+00 1.054169452827053e+00
9.750000000000000e-01 8.824855225051540e+00 1.052724088573156e+00
9.800000000000000e-01 9.048283224961922e+00 1.051320136709407e+00
9.850000000000000e-01 9.277366696434507e+00 1.049956258933479e+00
9.900000000000000e-01 9.512248824096272e+00 1.048631168345703e+00
9.950000000000000e-01 9.753076416923058e+00 1.047343627037635e+00
1.000000000000000e+00 1.000000000000000e+01 1.046092443817313e+00
