0.000000000000000e+00 0.000000000000000e+00 1.000000000000000e+00
5.000000000000000e-03 3.369477419287315e-03 1.000012938907899e+00
1.000000000000000e-02 6.741060871647481e-03 1.000064835771157e+00
1.500000000000000e-02 1.011685770649257e-02 1.000151644106519e+00
2.000000000000000e-02 1.349897790673588e-02 1.000273380868836e+00
2.500000000000000e-02 1.688953540759990e-02 1.000430361796460e+00
3.000000000000000e-02 2.029064941789469e-02 1.000623116181043e+00
3.500000000000000e-02 2.370444574459234e-02 1.000852112414659e+00
4.000000000000000e-02 2.713305812152553e-02 1.001117885814242e+00
4.500000000000000e-02 3.057862954304063e-02 1.001421173860605e+00
5.000000000000000e-02 3.404331360343898e-02 1.001762784133327e+00
5.500000000000000e-02 3.752927584304335e-02 1.002143549866167e+00
6.000000000000000e-02 4.103869510173117e-02 1.002564479690671e+00
6.500000000000000e-02 4.457376488078044e-02 1.003026726278570e+00
7.000000000000001e-02 4.813669471387935e-02 1.003531451102239e+00
7.500000000000000e-02 5.172971154815675e-02 1.004079928839564e+00
8.000000000000000e-02 5.535506113609672e-02 1.004673663408314e+00
8.500000000000001e-02 5.901500943920686e-02 1.005314237062558e+00
9.000000000000000e-02 6.271184404431801e-02 1.006003257258693e+00
9.500000000000000e-02 6.644787559340060e-02 1.006742537706032e+00
1.000000000000000e-01 7.022543922779090e-02 1.007534097101109e+00
1.050000000000000e-01 7.404689604773053e-02 1.008379999326248e+00
1.100000000000000e-01 7.791463458813094e-02 1.009282435959789e+00
1.150000000000000e-01 8.183107231148547e-02 1.010243853448808e+00
1.200000000000000e-01 8.579865711886202e-02 1.011266830856882e+00
1.250000000000000e-01 8.981986887992111e-02 1.012354031117320e+00
1.300000000000000e-01 9.389722098291493e-02 1.013508375801226e+00
1.350000000000000e-01 9.803326190563690e-02 1.014733037947969e+00
1.400000000000000e-01 1.022305768083033e-01 1.016031275130555e+00
1.450000000000000e-01 1.064917891493625e-01 1.017406522078451e+00
1.500000000000000e-01 1.108195623252418e-01 1.018862574794079e+00
1.550000000000000e-01 1.152166013350572e-01 1.020403467128352e+00
1.600000000000000e-01 1.196856544713255e-01 1.022033330243785e+00
1.650000000000000e-01 1.242295150377370e-01 1.023756579348417e+00
1.700000000000000e-01 1.288510230950609e-01 1.025578064957198e+00
1.750000000000000e-01 1.335530672362758e-01 1.027502894012303e+00
1.800000000000000e-01 1.383385863920344e-01 1.029536329713258e+00
1.850000000000000e-01 1.432105716675912e-01 1.031684018721287e+00
1.900000000000000e-01 1.481720682123397e-01 1.033952126101558e+00
1.950000000000000e-01 1.532261771231311e-01 1.036347145522741e+00
2.000000000000000e-01 1.583760573825595e-01 1.038875806304577e+00
2.050000000000000e-01 1.636249278334301e-01 1.041545312447820e+00
2.100000000000000e-01 1.689760691906397e-01 1.044363510444204e+00
2.150000000000000e-01 1.744328260917313e-01 1.047338719510499e+00
2.200000000000000e-01 1.799986091874004e-01 1.050479603772366e+00
2.250000000000000e-01 1.856768972732633e-01 1.053795387125638e+00
2.300000000000000e-01 1.914712394642179e-01 1.057296082144513e+00
2.350000000000000e-01 1.973852574127551e-01 1.060992413467322e+00
2.400000000000000e-01 2.034226475726105e-01 1.064895690002673e+00
2.450000000000000e-01 2.095871835091678e-01 1.069017896376716e+00
2.500000000000000e-01 2.158827182580599e-01 1.073371871938004e+00
2.550000000000000e-01 2.223131867334419e-01 1.077971459148085e+00
2.600000000000000e-01 2.288826081874405e-01 1.082831591843668e+00
2.650000000000000e-01 2.355950887223172e-01 1.087968203693771e+00
2.700000000000000e-01 2.424548238569160e-01 1.093398183828879e+00
2.750000000000000e-01 2.494661011489995e-01 1.099139665033957e+00
2.800000000000000e-01 2.566333028751116e-01 1.105212274445810e+00
2.850000000000000e-01 2.639609087696434e-01 1.111637220371837e+00
2.900000000000000e-01 2.714534988248126e-01 1.118437497842075e+00
2.950000000000000e-01 2.791157561533084e-01 1.125637922136502e+00
3.000000000000000e-01 2.869524699153886e-01 1.133265191319409e+00
3.050000000000000e-01 2.949685383122613e-01 1.141348243261954e+00
3.100000000000000e-01 3.031689716476197e-01 1.149918415111813e+00
3.150000000000000e-01 3.115588954592450e-01 1.159009860740045e+00
3.200000000000000e-01 3.201435537226349e-01 1.168659908655476e+00
3.250000000000000e-01 3.289283121286580e-01 1.178909410747478e+00
3.300000000000000e-01 3.379186614372866e-01 1.189803264515640e+00
3.350000000000000e-01 3.471202209094989e-01 1.201390854919072e+00
3.400000000000000e-01 3.565387418195016e-01 1.213726732221758e+00
3.450000000000000e-01 3.661801110494620e-01 1.226871298824040e+00
3.500000000000000e-01 3.760503547690021e-01 1.240891714601734e+00
3.550000000000000e-01 3.861556422017504e-01 1.255862932425168e+00
3.600000000000000e-01 3.965022894813072e-01 1.271868977143254e+00
3.650000000000000e-01 4.070967635990345e-01 1.289004483158343e+00
3.700000000000000e-01 4.179456864461349e-01 1.307376582430322e+00
3.750000000000000e-01 4.290558389525505e-01 1.327107228255537e+00
3.800000000000000e-01 4.404341653252637e-01 1.348336085653025e+00
3.850000000000000e-01 4.520877773886537e-01 1.371224156861652e+00
3.900000000000000e-01 4.640239590296172e-01 1.395958374558911e+00
3.950000000000000e-01 4.762501707502353e-01 1.422757482108111e+00
4.000000000000000e-01 4.887740543308307e-01 1.451879647305232e+00
4.050000000000000e-01 5.016034376063282e-01 1.483632441989690e+00
4.100000000000000e-01 5.147463393589066e-01 1.518386097293364e+00
4.150000000000000e-01 5.282109743299990e-01 1.556591364846884e+00
4.200000000000000e-01 5.420057583547735e-01 1.598803963285170e+00
4.250000000000000e-01 5.561393136223041e-01 1.645718609153233e+00
4.300000000000000e-01 5.706204740647189e-01 1.698217262055326e+00
4.350000000000000e-01 5.854582908786964e-01 1.757438862722059e+00
4.400000000000000e-01 6.006620381827575e-01 1.824882189395075e+00
4.450000000000000e-01 6.162412188138907e-01 1.902560569631473e+00
4.500000000000000e-01 6.322055702671360e-01 1.993238400658355e+00
4.550000000000000e-01 6.485650707818353e-01 2.100794784899948e+00
4.600000000000000e-01 6.653299455783577e-01 2.230769060809618e+00
4.650000000000000e-01 6.825106732491932e-01 2.391085548117671e+00
4.700000000000000e-01 7.001179923084168e-01 2.592543556335364e+00
4.750000000000000e-01 7.181629079036070e-01 2.846765064007799e+00
4.800000000000000e-01 7.366566986944229e-01 3.153033305381838e+00
4.850000000000000e-01 7.556109239021327e-01 3.458248716294162e+00
4.900000000000000e-01 7.750374305345038e-01 3.620491720564798e+00
4.950000000000000e-01 7.949483607905672e-01 3.524665708953696e+00
5.000000000000000e-01 8.153561596498893e-01 3.258411872299231e+00
5.050000000000000e-01 8.362735826510871e-01 2.979037473477001e+00
5.100000000000000e-01 8.577137038644561e-01 2.746686227252368e+00
5.150000000000000e-01 8.796899240636907e-01 2.559889510854978e+00
5.200000000000000e-01 9.022159791018011e-01 2.407557723486725e+00
5.250000000000000e-01 9.253059484964714e-01 2.281300458774246e+00
5.300000000000000e-01 9.489742642302165e-01 2.174968452363756e+00
5.350000000000000e-01 9.732357197708378e-01 2.084074355672388e+00
5.400000000000000e-01 9.981054793178262e-01 2.005401502982395e+00
5.450000000000000e-01 1.023599087280478e+00 1.936565637819837e+00
5.500000000000000e-01 1.049732477993657e+00 1.875769976426480e+00
5.550000000000000e-01 1.076521985677273e+00 1.821640064735415e+00
5.600000000000001e-01 1.103984354645701e+00 1.773102674536926e+00
5.650000000000001e-01 1.132136749773522e+00 1.729308569150846e+00
5.700000000000001e-01 1.160996767224129e+00 1.689576250027534e+00
5.750000000000001e-01 1.190582445447902e+00 1.653351779407124e+00
5.800000000000000e-01 1.220912276456826e+00 1.620180073926632e+00
5.850000000000000e-01 1.252005217382601e+00 1.589683367145109e+00
5.900000000000000e-01 1.283880702325469e+00 1.561545200516731e+00
5.950000000000000e-01 1.316558654501151e+00 1.535498255062903e+00
6.000000000000000e-01 1.350059498693518e+00 1.511314969804047e+00
6.050000000000000e-01 1.384404174020732e+00 1.488800262222098e+00
6.100000000000000e-01 1.419614147022888e+00 1.467785797436987e+00
6.150000000000000e-01 1.455711425079295e+00 1.448125439771188e+00
6.200000000000000e-01 1.492718570163803e+00 1.429691610363003e+00
6.250000000000000e-01 1.530658712946775e+00 1.412372344749140e+00
6.300000000000000e-01 1.569555567252506e+00 1.396068899123865e+00
6.350000000000000e-01 1.609433444881138e+00 1.380693789369246e+00
6.400000000000000e-01 1.650317270804325e+00 1.366169174963458e+00
6.450000000000000e-01 1.692232598744148e+00 1.352425520228413e+00
6.500000000000000e-01 1.735205627145031e+00 1.339400480546275e+00
6.550000000000000e-01 1.779263215548615e+00 1.327037972819356e+00
6.600000000000000e-01 1.824432901381847e+00 1.315287398275818e+00
6.650000000000000e-01 1.870742917168772e+00 1.304102992544026e+00
6.700000000000000e-01 1.918222208176775e+00 1.293443283201027e+00
6.750000000000000e-01 1.966900450508319e+00 1.283270639091762e+00
6.800000000000000e-01 2.016808069649473e+00 1.273550898868276e+00
6.850000000000001e-01 2.067976259486829e+00 1.264253068576783e+00
6.900000000000001e-01 2.120437001804702e+00 1.255349079833694e+00
6.950000000000001e-01 2.174223086274785e+00 1.246813601241898e+00
7.000000000000001e-01 2.229368130950753e+00 1.238623896234674e+00
7.050000000000000e-01 2.285906603280654e+00 1.230759720505393e+00
7.100000000000000e-01 2.343873841650178e+00 1.223203251589494e+00
7.150000000000000e-01 2.403306077470301e+00 1.215939042026905e+00
7.200000000000000e-01 2.464240457823092e+00 1.208953985899013e+00
7.250000000000000e-01 2.526715068679855e+00 1.202237286516246e+00
7.300000000000000e-01 2.590768958706095e+00 1.195780410826970e+00
7.350000000000000e-01 2.656442163668210e+00 1.189577014025826e+00
7.400000000000000e-01 2.723775731457148e+00 1.183622816263123e+00
7.450000000000000e-01 2.792811747744667e+00 1.177915412780313e+00
7.500000000000000e-01 2.863593362288260e+00 1.172453999727114e+00
7.550000000000000e-01 2.936164815901156e+00 1.167239000802158e+00
7.600000000000000e-01 3.010571468104263e+00 1.162271584996053e+00
7.650000000000000e-01 3.086859825477351e+00 1.157553073171114e+00
7.700000000000000e-01 3.165077570727174e+00 1.153084240806277e+00
7.750000000000000e-01 3.245273592490716e+00 1.148864535601491e+00
7.800000000000000e-01 3.327498015892184e+00 1.144891241353723e+00
7.850000000000000e-01 3.411802233872832e+00 1.141158633281897e+00
7.900000000000000e-01 3.498238939313234e+00 1.137657184689871e+00
7.950000000000000e-01 3.586862157968046e+00 1.134372900503742e+00
8.000000000000000e-01 3.677727282233856e+00 1.131286869487364e+00
8.050000000000000e-01 3.770891105771243e+00 1.128375142486987e+00
8.100000000000001e-01 3.866411859002656e+00 1.125609055236204e+00
8.150000000000001e-01 3.964349245508326e+00 1.122956113017396e+00
8.200000000000001e-01 4.064764479342956e+00 1.120381526263449e+00
8.250000000000001e-01 4.167720323296481e+00 1.117850411116996e+00
8.300000000000001e-01 4.273281128122877e+00 1.115330531371608e+00
8.350000000000000e-01 4.381512872761445e+00 1.112795265886835e+00
8.400000000000000e-01 4.492483205575838e+00 1.110226289447125e+00
8.450000000000000e-01 4.606261486636447e+00 1.107615349074047e+00
8.500000000000000e-01 4.722918831072739e+00 1.104964601434942e+00
8.550000000000000e-01 4.842528153522501e+00 1.102285288150432e+00
8.600000000000000e-01 4.965164213705875e+00 1.099594986892920e+00
8.650000000000000e-01 5.090903663152626e+00 1.096914105258685e+00
8.700000000000000e-01 5.219825093111814e+00 1.094262485370026e+00
8.750000000000000e-01 5.352009083673925e+00 1.091656867126206e+00
8.800000000000000e-01 5.487538254136007e+00 1.089109586928018e+00
8.850000000000000e-01 5.626497314641444e+00 1.086628454122602e+00
8.900000000000000e-01 5.768973119126561e+00 1.084217438491541e+00
8.950000000000000e-01 5.915054719607133e+00 1.081877708331104e+00
9.000000000000000e-01 6.064833421838831e+00 1.079608647607192e+00
9.050000000000000e-01 6.218402842386253e+00 1.077408650806398e+00
9.100000000000000e-01 6.375858967136348e+00 1.075275648872325e+00
9.150000000000000e-01 6.537300211292723e+00 1.073207411083496e+00
9.200000000000000e-01 6.702827480888332e+00 1.071201696598465e+00
9.250000000000000e-01 6.872544235855034e+00 1.069256320490135e+00
9.300000000000000e-01 7.046556554689444e+00 1.067369177597850e+00
9.350000000000001e-01 7.224973200755413e+00 1.065538248160075e+00
9.400000000000001e-01 7.407905690264673e+00 1.063761596577823e+00
9.450000000000001e-01 7.595468361978146e+00 1.062037367992244e+00
9.500000000000001e-01 7.787778448671316e+00 1.060363784372437e+00
9.550000000000001e-01 7.984956150408610e+00 1.058739140650080e+00
9.600000000000000e-01 8.187124709672272e+00 1.057161801043131e+00
9.650000000000000e-01 8.394410488393007e+00 1.055630195592907e+00
9.700000000000000e-01 8.606943046930221e+00 1.054142816908171e+00
9.750000000000000e-01 8.824855225051540e+00 1.052698217103446e+00
9.800000000000000e-01 9.048283224961922e+00 1.051295004918320e+00
9.850000000000000e-01 9.277366696434507e+00 1.049931843005272e+00
9.900000000000000e-01 9.512248824096272e+00 1.048607445374470e+00
9.950000000000000e-01 9.753076416923058e+00 1.047320574984902e+00
1.000000000000000e+00 1.000000000000000e+01 1.046070041472011e+00
