0.000000000000000e+00 0.000000000000000e+00 1.000000000000000e+00
5.000000000000000e-03 3.369477419287315e-03 1.000013238784741e+00
1.000000000000000e-02 6.741060871647481e-03 1.000066202111781e+00
1.500000000000000e-02 1.011685770649257e-02 1.000154563722097e+00
2.000000000000000e-02 1.349897790673588e-02 1.000278610602334e+00
2.500000000000000e-02 1.688953540759990e-02 1.000438668529428e+00
3.000000000000000e-02 2.029064941789469e-02 1.000635146783356e+00
3.500000000000000e-02 2.370444574459234e-02 1.000868553627083e+00
4.000000000000000e-02 2.713305812152553e-02 1.001139469732336e+00
4.500000000000000e-02 3.057862954304063e-02 1.001448610341283e+00
5.000000000000000e-02 3.404331360343898e-02 1.001796819620013e+00
5.500000000000000e-02 3.752927584304335e-02 1.002184977866450e+00
6.000000000000000e-02 4.103869510173117e-02 1.002614070127737e+00
6.500000000000000e-02 4.457376488078044e-02 1.003085262458279e+00
7.000000000000001e-02 4.813669471387935e-02 1.003599792371223e+00
7.500000000000000e-02 5.172971154815675e-02 1.004158952223635e+00
8.000000000000000e-02 5.535506113609672e-02 1.004764237654608e+00
8.500000000000001e-02 5.901500943920686e-02 1.005417295173719e+00
9.000000000000000e-02 6.271184404431801e-02 1.006119787808384e+00
9.500000000000000e-02 6.644787559340060e-02 1.006873526146024e+00
1.000000000000000e-01 7.022543922779090e-02 1.007680579599785e+00
1.050000000000000e-01 7.404689604773053e-02 1.008543106604012e+00
1.100000000000000e-01 7.791463458813094e-02 1.009463317454135e+00
1.150000000000000e-01 8.183107231148547e-02 1.010443669767427e+00
1.200000000000000e-01 8.579865711886202e-02 1.011486851637790e+00
1.250000000000000e-01 8.981986887992111e-02 1.012595621025651e+00
1.300000000000000e-01 9.389722098291493e-02 1.013772906713479e+00
1.350000000000000e-01 9.803326190563690e-02 1.015021937858927e+00
1.400000000000000e-01 1.022305768083033e-01 1.016346113022960e+00
1.450000000000000e-01 1.064917891493625e-01 1.017748951982162e+00
1.500000000000000e-01 1.108195623252418e-01 1.019234282719238e+00
1.550000000000000e-01 1.152166013350572e-01 1.020806249749999e+00
1.600000000000000e-01 1.196856544713255e-01 1.022469140078771e+00
1.650000000000000e-01 1.242295150377370e-01 1.024227456983266e+00
1.700000000000000e-01 1.288510230950609e-01 1.026086128690175e+00
1.750000000000000e-01 1.335530672362758e-01 1.028050424802814e+00
1.800000000000000e-01 1.383385863920344e-01 1.030125787052900e+00
1.850000000000000e-01 1.432105716675912e-01 1.032317977752228e+00
1.900000000000000e-01 1.481720682123397e-01 1.034633290054966e+00
1.950000000000000e-01 1.532261771231311e-01 1.037078431177416e+00
2.000000000000000e-01 1.583760573825595e-01 1.039660360531956e+00
2.050000000000000e-01 1.636249278334301e-01 1.042386457301877e+00
2.100000000000000e-01 1.689760691906397e-01 1.045264746953153e+00
2.150000000000000e-01 1.744328260917313e-01 1.048303815250713e+00
2.200000000000000e-01 1.799986091874004e-01 1.051512648944550e+00
2.250000000000000e-01 1.856768972732633e-01 1.054900756375331e+00
2.300000000000000e-01 1.914712394642179e-01 1.058478398051748e+00
2.350000000000000e-01 1.973852574127551e-01 1.062256622579713e+00
2.400000000000000e-01 2.034226475726105e-01 1.066247184034259e+00
2.450000000000000e-01 2.095871835091678e-01 1.070462527009075e+00
2.500000000000000e-01 2.158827182580599e-01 1.074915895304804e+00
2.550000000000000e-01 2.223131867334419e-01 1.079621570328485e+00
2.600000000000000e-01 2.288826081874405e-01 1.084595040436591e+00
2.650000000000000e-01 2.355950887223172e-01 1.089852887137996e+00
2.700000000000000e-01 2.424548238569160e-01 1.095412720305392e+00
2.750000000000000e-01 2.494661011489995e-01 1.101293435336962e+00
2.800000000000000e-01 2.566333028751116e-01 1.107515437080641e+00
2.850000000000000e-01 2.639609087696434e-01 1.114100813473386e+00
2.900000000000000e-01 2.714534988248126e-01 1.121073599845594e+00
2.950000000000000e-01 2.791157561533084e-01 1.128459794845095e+00
3.000000000000000e-01 2.869524699153886e-01 1.136287461242599e+00
3.050000000000000e-01 2.949685383122613e-01 1.144587066023130e+00
3.100000000000000e-01 3.031689716476197e-01 1.153391645801974e+00
3.150000000000000e-01 3.115588954592450e-01 1.162737288895621e+00
3.200000000000000e-01 3.201435537226349e-01 1.172663516047861e+00
3.250000000000000e-01 3.289283121286580e-01 1.183213707121525e+00
3.300000000000000e-01 3.379186614372866e-01 1.194435684674773e+00
3.350000000000000e-01 3.471202209094989e-01 1.206382230541212e+00
3.400000000000000e-01 3.565387418195016e-01 1.219111866111454e+00
3.450000000000000e-01 3.661801110494620e-01 1.232689648712610e+00
3.500000000000000e-01 3.760503547690021e-01 1.247188233040762e+00
3.550000000000000e-01 3.861556422017504e-01 1.262689091967133e+00
3.600000000000000e-01 3.965022894813072e-01 1.279284042311503e+00
3.650000000000000e-01 4.070967635990345e-01 1.297077095818386e+00
3.700000000000000e-01 4.179456864461349e-01 1.316186758895244e+00
3.750000000000000e-01 4.290558389525505e-01 1.336748897333395e+00
3.800000000000000e-01 4.404341653252637e-01 1.358920348361153e+00
3.850000000000000e-01 4.520877773886537e-01 1.382883519673676e+00
3.900000000000000e-01 4.640239590296172e-01 1.408852314556935e+00
3.950000000000000e-01 4.762501707502353e-01 1.437079861437715e+00
4.000000000000000e-01 4.887740543308307e-01 1.467868737797989e+00
4.050000000000000e-01 5.016034376063282e-01 1.501584700986226e+00
4.100000000000000e-01 5.147463393589066e-01 1.538675443653286e+00
4.150000000000000e-01 5.282109743299990e-01 1.579696701912249e+00
4.200000000000000e-01 5.420057583547735e-01 1.625349381429969e+00
4.250000000000000e-01 5.561393136223041e-01 1.676533643348607e+00
4.300000000000000e-01 5.706204740647189e-01 1.734429909130318e+00
4.350000000000000e-01 5.854582908786964e-01 1.800624125289644e+00
4.400000000000000e-01 6.006620381827575e-01 1.877308838945034e+00
4.450000000000000e-01 6.162412188138907e-01 1.967620489134236e+00
4.500000000000000e-01 6.322055702671360e-01 2.076235601688949e+00
4.550000000000000e-01 6.485650707818353e-01 2.210492544308011e+00
4.600000000000000e-01 6.653299455783577e-01 2.382662611315657e+00
4.650000000000000e-01 6.825106732491932e-01 2.614923643855595e+00
4.700000000000000e-01 7.001179923084168e-01 2.950786616225228e+00
4.750000000000000e-01 7.181629079036070e-01 3.476644173786509e+00
4.800000000000000e-01 7.366566986944229e-01 4.287823092674051e+00
4.850000000000000e-01 7.556109239021327e-01 5.013041284482139e+00
4.900000000000000e-01 7.750374305345038e-01 4.730306920949678e+00
4.950000000000000e-01 7.949483607905672e-01 3.960137814371980e+00
5.000000000000000e-01 8.153561596498893e-01 3.408116673098185e+00
5.050000000000000e-01 8.362735826510871e-01 3.043845509180384e+00
5.100000000000000e-01 8.577137038644561e-01 2.778291977260701e+00
5.150000000000000e-01 8.796899240636907e-01 2.575160432180949e+00
5.200000000000000e-01 9.022159791018011e-01 2.414522120118807e+00
5.250000000000000e-01 9.253059484964714e-01 2.283228199549839e+00
5.300000000000000e-01 9.489742642302165e-01 2.173828840840239e+00
5.350000000000000e-01 9.732357197708378e-01 2.080913937941317e+00
5.400000000000000e-01 9.981054793178262e-01 2.000878417559213e+00
5.450000000000000e-01 1.023599087280478e+00 1.931113939676355e+00
5.500000000000000e-01 1.049732477993657e+00 1.869662496749865e+00
5.550000000000000e-01 1.076521985677273e+00 1.815080216809821e+00
5.600000000000001e-01 1.103984354645701e+00 1.766225061137959e+00
5.650000000000001e-01 1.132136749773522e+00 1.722215563399372e+00
5.700000000000001e-01 1.160996767224129e+00 1.682342384407122e+00
5.750000000000001e-01 1.190582445447902e+00 1.646032994817330e+00
5.800000000000000e-01 1.220912276456826e+00 1.612820464854132e+00
5.850000000000000e-01 1.252005217382601e+00 1.582316780570778e+00
5.900000000000000e-01 1.283880702325469e+00 1.554199475110853e+00
5.950000000000000e-01 1.316558654501151e+00 1.528196121680952e+00
6.000000000000000e-01 1.350059498693518e+00 1.504075795767967e+00
6.050000000000000e-01 1.384404174020732e+00 1.481641019959025e+00
6.100000000000000e-01 1.419614147022888e+00 1.460721726056925e+00
6.150000000000000e-01 1.455711425079295e+00 1.441170739229294e+00
6.200000000000000e-01 1.492718570163803e+00 1.422859805946597e+00
6.250000000000000e-01 1.530658712946775e+00 1.405676670027146e+00
6.300000000000000e-01 1.569555567252506e+00 1.389522549526572e+00
6.350000000000000e-01 1.609433444881138e+00 1.374310121152891e+00
6.400000000000000e-01 1.650317270804325e+00 1.359961858892985e+00
6.450000000000000e-01 1.692232598744148e+00 1.346408637797291e+00
6.500000000000000e-01 1.735205627145031e+00 1.333588582675202e+00
6.550000000000000e-01 1.779263215548615e+00 1.321446091400193e+00
6.600000000000000e-01 1.824432901381847e+00 1.309931012499356e+00
6.650000000000000e-01 1.870742917168772e+00 1.298997945581386e+00
6.700000000000000e-01 1.918222208176775e+00 1.288605643122290e+00
6.750000000000000e-01 1.966900450508319e+00 1.278716497538158e+00
6.800000000000000e-01 2.016808069649473e+00 1.269296098805791e+00
6.850000000000001e-01 2.067976259486829e+00 1.260312852044853e+00
6.900000000000001e-01 2.120437001804702e+00 1.251737646066151e+00
6.950000000000001e-01 2.174223086274785e+00 1.243543565903040e+00
7.000000000000001e-01 2.229368130950753e+00 1.235705643913329e+00
7.050000000000000e-01 2.285906603280654e+00 1.228200645349638e+00
7.100000000000000e-01 2.343873841650178e+00 1.221006885529291e+00
7.150000000000000e-01 2.403306077470301e+00 1.214104076820592e+00
7.200000000000000e-01 2.464240457823092e+00 1.207473204683523e+00
7.250000000000000e-01 2.526715068679855e+00 1.201096432949362e+00
7.300000000000000e-01 2.590768958706095e+00 1.194957039383586e+00
7.350000000000000e-01 2.656442163668210e+00 1.189039383307013e+00
7.400000000000000e-01 2.723775731457148e+00 1.183328907566380e+00
7.450000000000000e-01 2.792811747744667e+00 1.177812177314669e+00
7.500000000000000e-01 2.863593362288260e+00 1.172476957690703e+00
7.550000000000000e-01 2.936164815901156e+00 1.167312331321357e+00
7.600000000000000e-01 3.010571468104263e+00 1.162308854299228e+00
7.650000000000000e-01 3.086859825477351e+00 1.157458745586792e+00
7.700000000000000e-01 3.165077570727174e+00 1.152756099396231e+00
7.750000000000000e-01 3.245273592490716e+00 1.148197102903786e+00
7.800000000000000e-01 3.327498015892184e+00 1.143780232941941e+00
7.850000000000000e-01 3.411802233872832e+00 1.139506395885209e+00
7.900000000000000e-01 3.498238939313234e+00 1.135378966303823e+00
7.950000000000000e-01 3.586862157968046e+00 1.131403674246702e+00
8.000000000000000e-01 3.677727282233856e+00 1.127588290741842e+00
8.050000000000000e-01 3.770891105771243e+00 1.123942068607154e+00
8.100000000000001e-01 3.866411859002656e+00 1.120474912354433e+00
8.150000000000001e-01 3.964349245508326e+00 1.117196276720468e+00
8.200000000000001e-01 4.064764479342956e+00 1.114113826659614e+00
8.250000000000001e-01 4.167720323296481e+00 1.111231930318727e+00
8.300000000000001e-01 4.273281128122877e+00 1.108550098134796e+00
8.350000000000000e-01 4.381512872761445e+00 1.106061523061439e+00
8.400000000000000e-01 4.492483205575838e+00 1.103751917743697e+00
8.450000000000000e-01 4.606261486636447e+00 1.101598886587973e+00
8.500000000000000e-01 4.722918831072739e+00 1.099572114952874e+00
8.550000000000000e-01 4.842528153522501e+00 1.097634683377962e+00
8.600000000000000e-01 4.965164213705875e+00 1.095745757324456e+00
8.650000000000000e-01 5.090903663152626e+00 1.093864667448652e+00
8.700000000000000e-01 5.219825093111814e+00 1.091955935732774e+00
8.750000000000000e-01 5.352009083673925e+00 1.089994232085513e+00
8.800000000000000e-01 5.487538254136007e+00 1.087967869091342e+00
8.850000000000000e-01 5.626497314641444e+00 1.085879606726544e+00
8.900000000000000e-01 5.768973119126561e+00 1.083744350649885e+00
8.950000000000000e-01 5.915054719607133e+00 1.081584467760897e+00
9.000000000000000e-01 6.064833421838831e+00 1.079424305383098e+00
9.050000000000000e-01 6.218402842386253e+00 1.077285608998056e+00
9.100000000000000e-01 6.375858967136348e+00 1.075184888622920e+00
9.150000000000000e-01 6.537300211292723e+00 1.073132834798501e+00
9.200000000000000e-01 6.702827480888332e+00 1.071135167390550e+00
9.250000000000000e-01 6.872544235855034e+00 1.069194078804205e+00
9.300000000000000e-01 7.046556554689444e+00 1.067309622216915e+00
9.350000000000001e-01 7.224973200755413e+00 1.065480735502782e+00
9.400000000000001e-01 7.407905690264673e+00 1.063705866796265e+00
9.450000000000001e-01 7.595468361978146e+00 1.061983300988469e+00
9.500000000000001e-01 7.787778448671316e+00 1.060311307081764e+00
9.550000000000001e-01 7.984956150408610e+00 1.058688195406388e+00
9.600000000000000e-01 8.187124709672272e+00 1.057112335825408e+00
9.650000000000000e-01 8.394410488393007e+00 1.055582161263003e+00
9.700000000000000e-01 8.606943046930221e+00 1.054096166450645e+00
9.750000000000000e-01 8.824855225051540e+00 1.052652905383184e+00
9.800000000000000e-01 9.048283224961922e+00 1.051250988561783e+00
9.850000000000000e-01 9.277366696434507e+00 1.049889080311460e+00
9.900000000000000e-01 9.512248824096272e+00 1.048565896235299e+00
9.950000000000000e-01 9.753076416923058e+00 1.047280200810840e+00
1.000000000000000e+00 1.000000000000000e+01 1.046030805122019e+00
