0.000000000000000e+00 0.000000000000000e+00 1.000000000000000e+00
5.000000000000000e-03 3.369477419287315e-03 1.000013307505440e+00
1.000000000000000e-02 6.741060871647481e-03 1.000066514620630e+00
1.500000000000000e-02 1.011685770649257e-02 1.000155230678299e+00
2.000000000000000e-02 1.349897790673588e-02 1.000279806698607e+00
2.500000000000000e-02 1.688953540759990e-02 1.000440570082794e+00
3.000000000000000e-02 2.029064941789469e-02 1.000637899550525e+00
3.500000000000000e-02 2.370444574459234e-02 1.000872313811514e+00
4.000000000000000e-02 2.713305812152553e-02 1.001144407555311e+00
4.500000000000000e-02 3.057862954304063e-02 1.001454888601337e+00
5.000000000000000e-02 3.404331360343898e-02 1.001804606382911e+00
5.500000000000000e-02 3.752927584304335e-02 1.002194455602556e+00
6.000000000000000e-02 4.103869510173117e-02 1.002625417369298e+00
6.500000000000000e-02 4.457376488078044e-02 1.003098656196872e+00
7.000000000000001e-02 4.813669471387935e-02 1.003615428048270e+00
7.500000000000000e-02 5.172971154815675e-02 1.004177034243457e+00
8.000000000000000e-02 5.535506113609672e-02 1.004784964978523e+00
8.500000000000001e-02 5.901500943920686e-02 1.005440877315492e+00
9.000000000000000e-02 6.271184404431801e-02 1.006146452544789e+00
9.500000000000000e-02 6.644787559340060e-02 1.006903503204683e+00
1.000000000000000e-01 7.022543922779090e-02 1.007714104052132e+00
1.050000000000000e-01 7.404689604773053e-02 1.008580434674736e+00
1.100000000000000e-01 7.791463458813094e-02 1.009504715607733e+00
1.150000000000000e-01 8.183107231148547e-02 1.010489405521287e+00
1.200000000000000e-01 8.579865711886202e-02 1.011537213087176e+00
1.250000000000000e-01 8.981986887992111e-02 1.012650921451908e+00
1.300000000000000e-01 9.389722098291493e-02 1.013833463611200e+00
1.350000000000000e-01 9.803326190563690e-02 1.015088077163533e+00
1.400000000000000e-01 1.022305768083033e-01 1.016418192729347e+00
1.450000000000000e-01 1.064917891493625e-01 1.017827354795685e+00
1.500000000000000e-01 1.108195623252418e-01 1.019319397322570e+00
1.550000000000000e-01 1.152166013350572e-01 1.020898485182893e+00
1.600000000000000e-01 1.196856544713255e-01 1.022568944207461e+00
1.650000000000000e-01 1.242295150377370e-01 1.024335303040641e+00
1.700000000000000e-01 1.288510230950609e-01 1.026202504112534e+00
1.750000000000000e-01 1.335530672362758e-01 1.028175849919643e+00
1.800000000000000e-01 1.383385863920344e-01 1.030260827788109e+00
1.850000000000000e-01 1.432105716675912e-01 1.032463231356624e+00
1.900000000000000e-01 1.481720682123397e-01 1.034789379080957e+00
1.950000000000000e-01 1.532261771231311e-01 1.037246023206448e+00
2.000000000000000e-01 1.583760573825595e-01 1.039840180687839e+00
2.050000000000000e-01 1.636249278334301e-01 1.042579276002527e+00
2.100000000000000e-01 1.689760691906397e-01 1.045471372727420e+00
2.150000000000000e-01 1.744328260917313e-01 1.048525113871206e+00
2.200000000000000e-01 1.799986091874004e-01 1.051749563575705e+00
2.250000000000000e-01 1.856768972732633e-01 1.055154301102581e+00
2.300000000000000e-01 1.914712394642179e-01 1.058749644305364e+00
2.350000000000000e-01 1.973852574127551e-01 1.062546713534504e+00
2.400000000000000e-01 2.034226475726105e-01 1.066557365064218e+00
2.450000000000000e-01 2.095871835091678e-01 1.070794153102302e+00
2.500000000000000e-01 2.158827182580599e-01 1.075270419966485e+00
2.550000000000000e-01 2.223131867334419e-01 1.080000550654191e+00
2.600000000000000e-01 2.288826081874405e-01 1.085000159432159e+00
2.650000000000000e-01 2.355950887223172e-01 1.090285976994864e+00
2.700000000000000e-01 2.424548238569160e-01 1.095875784757036e+00
2.750000000000000e-01 2.494661011489995e-01 1.101788660623980e+00
2.800000000000000e-01 2.566333028751116e-01 1.108045194562730e+00
2.850000000000000e-01 2.639609087696434e-01 1.114667682554012e+00
2.900000000000000e-01 2.714534988248126e-01 1.121680403590896e+00
2.950000000000000e-01 2.791157561533084e-01 1.129109634824874e+00
3.000000000000000e-01 2.869524699153886e-01 1.136983762930849e+00
3.050000000000000e-01 2.949685383122613e-01 1.145333618871746e+00
3.100000000000000e-01 3.031689716476197e-01 1.154192645687730e+00
3.150000000000000e-01 3.115588954592450e-01 1.163597394776886e+00
3.200000000000000e-01 3.201435537226349e-01 1.173587912139833e+00
3.250000000000000e-01 3.289283121286580e-01 1.184208184674495e+00
3.300000000000000e-01 3.379186614372866e-01 1.195506738618892e+00
3.350000000000000e-01 3.471202209094989e-01 1.207537175406837e+00
3.400000000000000e-01 3.565387418195016e-01 1.220358977407036e+00
3.450000000000000e-01 3.661801110494620e-01 1.234038332071109e+00
3.500000000000000e-01 3.760503547690021e-01 1.248649232796511e+00
3.550000000000000e-01 3.861556422017504e-01 1.264274746831392e+00
3.600000000000000e-01 3.965022894813072e-01 1.281008604157619e+00
3.650000000000000e-01 4.070967635990345e-01 1.298957129083018e+00
3.700000000000000e-01 4.179456864461349e-01 1.318241646661331e+00
3.750000000000000e-01 4.290558389525505e-01 1.339001488621832e+00
3.800000000000000e-01 4.404341653252637e-01 1.361397795413750e+00
3.850000000000000e-01 4.520877773886537e-01 1.385618373938656e+00
3.900000000000000e-01 4.640239590296172e-01 1.411883980336688e+00
3.950000000000000e-01 4.762501707502353e-01 1.440456552018599e+00
4.000000000000000e-01 4.887740543308307e-01 1.471650150319362e+00
4.050000000000000e-01 5.016034376063282e-01 1.505845740068160e+00
4.100000000000000e-01 5.147463393589066e-01 1.543511509870698e+00
4.150000000000000e-01 5.282109743299990e-01 1.585231374632238e+00
4.200000000000000e-01 5.420057583547735e-01 1.631745871440397e+00
4.250000000000000e-01 5.561393136223041e-01 1.684012378452342e+00
4.300000000000000e-01 5.706204740647189e-01 1.743296483192046e+00
4.350000000000000e-01 5.854582908786964e-01 1.811315556314964e+00
4.400000000000000e-01 6.006620381827575e-01 1.890473932159347e+00
4.450000000000000e-01 6.162412188138907e-01 1.984267931013284e+00
4.500000000000000e-01 6.322055702671360e-01 2.098027625667575e+00
4.550000000000000e-01 6.485650707818353e-01 2.240384245727210e+00
4.600000000000000e-01 6.653299455783577e-01 2.426474029955557e+00
4.650000000000000e-01 6.825106732491932e-01 2.685876785846712e+00
4.700000000000000e-01 7.001179923084168e-01 3.085412355702244e+00
4.750000000000000e-01 7.181629079036070e-01 3.797642803816119e+00
4.800000000000000e-01 7.366566986944229e-01 5.110794441299307e+00
4.850000000000000e-01 7.556109239021327e-01 6.034997414431881e+00
4.900000000000000e-01 7.750374305345038e-01 5.034044067709173e+00
4.950000000000000e-01 7.949483607905672e-01 4.011193798621724e+00
5.000000000000000e-01 8.153561596498893e-01 3.429963753088966e+00
5.050000000000000e-01 8.362735826510871e-01 3.052911525876063e+00
5.100000000000000e-01 8.577137038644561e-01 2.780330016205940e+00
5.150000000000000e-01 8.796899240636907e-01 2.575049688542185e+00
5.200000000000000e-01 9.022159791018011e-01 2.412467146131317e+00
5.250000000000000e-01 9.253059484964714e-01 2.280445044869420e+00
5.300000000000000e-01 9.489742642302165e-01 2.170508892857055e+00
5.350000000000000e-01 9.732357197708378e-01 2.077297817109833e+00
5.400000000000000e-01 9.981054793178262e-01 1.997126289104406e+00
5.450000000000000e-01 1.023599087280478e+00 1.927256351314341e+00
5.500000000000000e-01 1.049732477993657e+00 1.865784366262638e+00
5.550000000000000e-01 1.076521985677273e+00 1.811184127689941e+00
5.600000000000001e-01 1.103984354645701e+00 1.762343065530568e+00
5.650000000000001e-01 1.132136749773522e+00 1.718351427202764e+00
5.700000000000001e-01 1.160996767224129e+00 1.678503323138158e+00
5.750000000000001e-01 1.190582445447902e+00 1.642222788505463e+00
5.800000000000000e-01 1.220912276456826e+00 1.609038082066700e+00
5.850000000000000e-01 1.252005217382601e+00 1.578563734917710e+00
5.900000000000000e-01 1.283880702325469e+00 1.550473289695299e+00
5.950000000000000e-01 1.316558654501151e+00 1.524496204478017e+00
6.000000000000000e-01 1.350059498693518e+00 1.500400051080165e+00
6.050000000000000e-01 1.384404174020732e+00 1.477987898959456e+00
6.100000000000000e-01 1.419614147022888e+00 1.457089677206967e+00
6.150000000000000e-01 1.455711425079295e+00 1.437558244327022e+00
6.200000000000000e-01 1.492718570163803e+00 1.419265808803978e+00
6.250000000000000e-01 1.530658712946775e+00 1.402100223875481e+00
6.300000000000000e-01 1.569555567252506e+00 1.385963189350007e+00
6.350000000000000e-01 1.609433444881138e+00 1.370767707698931e+00
6.400000000000000e-01 1.650317270804325e+00 1.356436713524162e+00
6.450000000000000e-01 1.692232598744148e+00 1.342901564112332e+00
6.500000000000000e-01 1.735205627145031e+00 1.330100895388021e+00
6.550000000000000e-01 1.779263215548615e+00 1.317979685206146e+00
6.600000000000000e-01 1.824432901381847e+00 1.306488389079139e+00
6.650000000000000e-01 1.870742917168772e+00 1.295582274540694e+00
6.700000000000000e-01 1.918222208176775e+00 1.285220807672152e+00
6.750000000000000e-01 1.966900450508319e+00 1.275367147345170e+00
6.800000000000000e-01 2.016808069649473e+00 1.265987702680032e+00
6.850000000000001e-01 2.067976259486829e+00 1.257051747468705e+00
6.900000000000001e-01 2.120437001804702e+00 1.248531086757724e+00
6.950000000000001e-01 2.174223086274785e+00 1.240399761838815e+00
7.000000000000001e-01 2.229368130950753e+00 1.232633791417036e+00
7.050000000000000e-01 2.285906603280654e+00 1.225210941753606e+00
7.100000000000000e-01 2.343873841650178e+00 1.218110522177949e+00
7.150000000000000e-01 2.403306077470301e+00 1.211313202565175e+00
7.200000000000000e-01 2.464240457823092e+00 1.204800850029338e+00
7.250000000000000e-01 2.526715068679855e+00 1.198556383054744e+00
7.300000000000000e-01 2.590768958706095e+00 1.192563641832624e+00
7.350000000000000e-01 2.656442163668210e+00 1.186807274391303e+00
7.400000000000000e-01 2.723775731457148e+00 1.181272638880376e+00
7.450000000000000e-01 2.792811747744667e+00 1.175945723250593e+00
7.500000000000000e-01 2.863593362288260e+00 1.170813084549623e+00
7.550000000000000e-01 2.936164815901156e+00 1.165861811126910e+00
7.600000000000000e-01 3.010571468104263e+00 1.161079512188037e+00
7.650000000000000e-01 3.086859825477351e+00 1.156454340277654e+00
7.700000000000000e-01 3.165077570727174e+00 1.151975053253862e+00
7.750000000000000e-01 3.245273592490716e+00 1.147631122892067e+00
7.800000000000000e-01 3.327498015892184e+00 1.143412897013990e+00
7.850000000000000e-01 3.411802233872832e+00 1.139311820395423e+00
7.900000000000000e-01 3.498238939313234e+00 1.135320715921844e+00
7.950000000000000e-01 3.586862157968046e+00 1.131434120662938e+00
8.000000000000000e-01 3.677727282233856e+00 1.127648660897975e+00
8.050000000000000e-01 3.770891105771243e+00 1.123963435310644e+00
8.100000000000001e-01 3.866411859002656e+00 1.120380357307637e+00
8.150000000000001e-01 3.964349245508326e+00 1.116904387948325e+00
8.200000000000001e-01 4.064764479342956e+00 1.113543574483301e+00
8.250000000000001e-01 4.167720323296481e+00 1.110308801981911e+00
8.300000000000001e-01 4.273281128122877e+00 1.107213173123420e+00
8.350000000000000e-01 4.381512872761445e+00 1.104270957629775e+00
8.400000000000000e-01 4.492483205575838e+00 1.101496098466433e+00
8.450000000000000e-01 4.606261486636447e+00 1.098900324982972e+00
8.500000000000000e-01 4.722918831072739e+00 1.096490998190112e+00
8.550000000000000e-01 4.842528153522501e+00 1.094268889082182e+00
8.600000000000000e-01 4.965164213705875e+00 1.092226157636969e+00
8.650000000000000e-01 5.090903663152626e+00 1.090344867519706e+00
8.700000000000000e-01 5.219825093111814e+00 1.088596466038828e+00
8.750000000000000e-01 5.352009083673925e+00 1.086942768105350e+00
8.800000000000000e-01 5.487538254136007e+00 1.085338979390257e+00
8.850000000000000e-01 5.626497314641444e+00 1.083738951817442e+00
8.900000000000000e-01 5.768973119126561e+00 1.082102055215062e+00
8.950000000000000e-01 5.915054719607133e+00 1.080400011976146e+00
9.000000000000000e-01 6.064833421838831e+00 1.078621428704478e+00
9.050000000000000e-01 6.218402842386253e+00 1.076772224817400e+00
9.100000000000000e-01 6.375858967136348e+00 1.074871727108779e+00
9.150000000000000e-01 6.537300211292723e+00 1.072946038472944e+00
9.200000000000000e-01 6.702827480888332e+00 1.071021265424762e+00
9.250000000000000e-01 6.872544235855034e+00 1.069118773051701e+00
9.300000000000000e-01 7.046556554689444e+00 1.067253281143521e+00
9.350000000000001e-01 7.224973200755413e+00 1.065433283392761e+00
9.400000000000001e-01 7.407905690264673e+00 1.063662645797068e+00
9.450000000000001e-01 7.595468361978146e+00 1.061942358524413e+00
9.500000000000001e-01 7.787778448671316e+00 1.060271889375333e+00
9.550000000000001e-01 7.984956150408610e+00 1.058650022881463e+00
9.600000000000000e-01 8.187124709672272e+00 1.057075297398311e+00
9.650000000000000e-01 8.394410488393007e+00 1.055546200262140e+00
9.700000000000000e-01 8.606943046930221e+00 1.054061242726293e+00
9.750000000000000e-01 8.824855225051540e+00 1.052618984034968e+00
9.800000000000000e-01 9.048283224961922e+00 1.051218036899131e+00
9.850000000000000e-01 9.277366696434507e+00 1.049857067082206e+00
9.900000000000000e-01 9.512248824096272e+00 1.048534791414602e+00
9.950000000000000e-01 9.753076416923058e+00 1.047249975516202e+00
1.000000000000000e+00 1.000000000000000e+01 1.046001431555714e+00
