0.000000000000000e+00 0.000000000000000e+00 1.000000000000000e+00
5.000000000000000e-03 3.369477419287315e-03 1.000013095503914e+00
1.000000000000000e-02 6.741060871647481e-03 1.000065552803915e+00
1.500000000000000e-02 1.011685770649257e-02 1.000153183729644e+00
2.000000000000000e-02 1.349897790673588e-02 1.000276138457823e+00
2.500000000000000e-02 1.688953540759990e-02 1.000434738337262e+00
3.000000000000000e-02 2.029064941789469e-02 1.000629455700761e+00
3.500000000000000e-02 2.370444574459234e-02 1.000860778215388e+00
4.000000000000000e-02 2.713305812152553e-02 1.001129260756956e+00
4.500000000000000e-02 3.057862954304063e-02 1.001435631963188e+00
5.000000000000000e-02 3.404331360343898e-02 1.001780721274853e+00
5.500000000000000e-02 3.752927584304335e-02 1.002165382829336e+00
6.000000000000000e-02 4.103869510173117e-02 1.002590612333564e+00
6.500000000000000e-02 4.457376488078044e-02 1.003057573937941e+00
7.000000000000001e-02 4.813669471387935e-02 1.003567467273669e+00
7.500000000000000e-02 5.172971154815675e-02 1.004121572032706e+00
8.000000000000000e-02 5.535506113609672e-02 1.004721391764719e+00
8.500000000000001e-02 5.901500943920686e-02 1.005368545835556e+00
9.000000000000000e-02 6.271184404431801e-02 1.006064665565824e+00
9.500000000000000e-02 6.644787559340060e-02 1.006811561347770e+00
1.000000000000000e-01 7.022543922779090e-02 1.007611284215469e+00
1.050000000000000e-01 7.404689604773053e-02 1.008465947506590e+00
1.100000000000000e-01 7.791463458813094e-02 1.009377747747439e+00
1.150000000000000e-01 8.183107231148547e-02 1.010349139358059e+00
1.200000000000000e-01 8.579865711886202e-02 1.011382762043619e+00
1.250000000000000e-01 8.981986887992111e-02 1.012481325170854e+00
1.300000000000000e-01 9.389722098291493e-02 1.013647752712010e+00
1.350000000000000e-01 9.803326190563690e-02 1.014885251550315e+00
1.400000000000000e-01 1.022305768083033e-01 1.016197152815099e+00
1.450000000000000e-01 1.064917891493625e-01 1.017586931260234e+00
1.500000000000000e-01 1.108195623252418e-01 1.019058401796691e+00
1.550000000000000e-01 1.152166013350572e-01 1.020615660937750e+00
1.600000000000000e-01 1.196856544713255e-01 1.022262918403751e+00
1.650000000000000e-01 1.242295150377370e-01 1.024004631394809e+00
1.700000000000000e-01 1.288510230950609e-01 1.025845695197069e+00
1.750000000000000e-01 1.335530672362758e-01 1.027791306018125e+00
1.800000000000000e-01 1.383385863920344e-01 1.029846816384665e+00
1.850000000000000e-01 1.432105716675912e-01 1.032017929917391e+00
1.900000000000000e-01 1.481720682123397e-01 1.034310883236267e+00
1.950000000000000e-01 1.532261771231311e-01 1.036732285639698e+00
2.000000000000000e-01 1.583760573825595e-01 1.039288982875735e+00
2.050000000000000e-01 1.636249278334301e-01 1.041988266891990e+00
2.100000000000000e-01 1.689760691906397e-01 1.044838081539212e+00
2.150000000000000e-01 1.744328260917313e-01 1.047846889697879e+00
2.200000000000000e-01 1.799986091874004e-01 1.051023521792021e+00
2.250000000000000e-01 1.856768972732633e-01 1.054377346419675e+00
2.300000000000000e-01 1.914712394642179e-01 1.057918506850179e+00
2.350000000000000e-01 1.973852574127551e-01 1.061657900784441e+00
2.400000000000000e-01 2.034226475726105e-01 1.065607070942455e+00
2.450000000000000e-01 2.095871835091678e-01 1.069778240134876e+00
2.500000000000000e-01 2.158827182580599e-01 1.074184455869737e+00
2.550000000000000e-01 2.223131867334419e-01 1.078839789527196e+00
2.600000000000000e-01 2.288826081874405e-01 1.083759468067778e+00
2.650000000000000e-01 2.355950887223172e-01 1.088959765557737e+00
2.700000000000000e-01 2.424548238569160e-01 1.094457944864990e+00
2.750000000000000e-01 2.494661011489995e-01 1.100272533540323e+00
2.800000000000000e-01 2.566333028751116e-01 1.106423562518110e+00
2.850000000000000e-01 2.639609087696434e-01 1.112932697932373e+00
2.900000000000000e-01 2.714534988248126e-01 1.119823478145049e+00
2.950000000000000e-01 2.791157561533084e-01 1.127121335271526e+00
3.000000000000000e-01 2.869524699153886e-01 1.134853676274721e+00
3.050000000000000e-01 2.949685383122613e-01 1.143050232474333e+00
3.100000000000000e-01 3.031689716476197e-01 1.151743221320913e+00
3.150000000000000e-01 3.115588954592450e-01 1.160967798324163e+00
3.200000000000000e-01 3.201435537226349e-01 1.170762426760830e+00
3.250000000000000e-01 3.289283121286580e-01 1.181169265922825e+00
3.300000000000000e-01 3.379186614372866e-01 1.192234724963899e+00
3.350000000000000e-01 3.471202209094989e-01 1.204009942278959e+00
3.400000000000000e-01 3.565387418195016e-01 1.216551515598574e+00
3.450000000000000e-01 3.661801110494620e-01 1.229922244261930e+00
3.500000000000000e-01 3.760503547690021e-01 1.244192113650302e+00
3.550000000000000e-01 3.861556422017504e-01 1.259439424363084e+00
3.600000000000000e-01 3.965022894813072e-01 1.275752195633546e+00
3.650000000000000e-01 4.070967635990345e-01 1.293229860544519e+00
3.700000000000000e-01 4.179456864461349e-01 1.311985360515972e+00
3.750000000000000e-01 4.290558389525505e-01 1.332147739532495e+00
3.800000000000000e-01 4.404341653252637e-01 1.353865394066359e+00
3.850000000000000e-01 4.520877773886537e-01 1.377310181711577e+00
3.900000000000000e-01 4.640239590296172e-01 1.402682672499136e+00
3.950000000000000e-01 4.762501707502353e-01 1.430218938372318e+00
4.000000000000000e-01 4.887740543308307e-01 1.460199443022111e+00
4.050000000000000e-01 5.016034376063282e-01 1.492960843571813e+00
4.100000000000000e-01 5.147463393589066e-01 1.528911897429293e+00
4.150000000000000e-01 5.282109743299990e-01 1.568555264454819e+00
4.200000000000000e-01 5.420057583547735e-01 1.612517949790373e+00
4.250000000000000e-01 5.561393136223041e-01 1.661594700970380e+00
4.300000000000000e-01 5.706204740647189e-01 1.716811320564934e+00
4.350000000000000e-01 5.854582908786964e-01 1.779519461935588e+00
4.400000000000000e-01 6.006620381827575e-01 1.851542748337407e+00
4.450000000000000e-01 6.162412188138907e-01 1.935409393032251e+00
4.500000000000000e-01 6.322055702671360e-01 2.034735726035275e+00
4.550000000000000e-01 6.485650707818353e-01 2.154881346292038e+00
4.600000000000000e-01 6.653299455783577e-01 2.304100368192449e+00
4.650000000000000e-01 6.825106732491932e-01 2.495556060498835e+00
4.700000000000000e-01 7.001179923084168e-01 2.750388875484640e+00
4.750000000000000e-01 7.181629079036070e-01 3.098735965935904e+00
4.800000000000000e-01 7.366566986944229e-01 3.555644801822753e+00
4.850000000000000e-01 7.556109239021327e-01 4.005133490388000e+00
4.900000000000000e-01 7.750374305345038e-01 4.112156316109091e+00
4.950000000000000e-01 7.949483607905672e-01 3.781655442769427e+00
5.000000000000000e-01 8.153561596498893e-01 3.354448721079172e+00
5.050000000000000e-01 8.362735826510871e-01 3.017737189447812e+00
5.100000000000000e-01 8.577137038644561e-01 2.765891101713867e+00
5.150000000000000e-01 8.796899240636907e-01 2.569738430968962e+00
5.200000000000000e-01 9.022159791018011e-01 2.412521209177437e+00
5.250000000000000e-01 9.253059484964714e-01 2.283587022363799e+00
5.300000000000000e-01 9.489742642302165e-01 2.175550239479088e+00
5.350000000000000e-01 9.732357197708378e-01 2.083564647143471e+00
5.400000000000000e-01 9.981054793178262e-01 2.004157699627125e+00
5.450000000000000e-01 1.023599087280478e+00 1.934807959260477e+00
5.500000000000000e-01 1.049732477993657e+00 1.873653944117070e+00
5.550000000000000e-01 1.076521985677273e+00 1.819268537305467e+00
5.600000000000001e-01 1.103984354645701e+00 1.770550625341932e+00
5.650000000000001e-01 1.132136749773522e+00 1.726631066484046e+00
5.700000000000001e-01 1.160996767224129e+00 1.686814165524635e+00
5.750000000000001e-01 1.190582445447902e+00 1.650536881947930e+00
5.800000000000000e-01 1.220912276456826e+00 1.617337104775493e+00
5.850000000000000e-01 1.252005217382601e+00 1.586832199508785e+00
5.900000000000000e-01 1.283880702325469e+00 1.558702133932090e+00
5.950000000000000e-01 1.316558654501151e+00 1.532676930431664e+00
6.000000000000000e-01 1.350059498693518e+00 1.508527114813498e+00
6.050000000000000e-01 1.384404174020732e+00 1.486056185538505e+00
6.100000000000000e-01 1.419614147022888e+00 1.465094786009717e+00
6.150000000000000e-01 1.455711425079295e+00 1.445496052452482e+00
6.200000000000000e-01 1.492718570163803e+00 1.427131897665126e+00
6.250000000000000e-01 1.530658712946775e+00 1.409890016716835e+00
6.300000000000000e-01 1.569555567252506e+00 1.393671446529140e+00
6.350000000000000e-01 1.609433444881138e+00 1.378388568842516e+00
6.400000000000000e-01 1.650317270804325e+00 1.363963461805525e+00
6.450000000000000e-01 1.692232598744148e+00 1.350326531579736e+00
6.500000000000000e-01 1.735205627145031e+00 1.337415370171772e+00
6.550000000000000e-01 1.779263215548615e+00 1.325173797104874e+00
6.600000000000000e-01 1.824432901381847e+00 1.313551052186071e+00
6.650000000000000e-01 1.870742917168772e+00 1.302501113359168e+00
6.700000000000000e-01 1.918222208176775e+00 1.291982119203364e+00
6.750000000000000e-01 1.966900450508319e+00 1.281955879958845e+00
6.800000000000000e-01 2.016808069649473e+00 1.272387464394697e+00
6.850000000000001e-01 2.067976259486829e+00 1.263244852616439e+00
6.900000000000001e-01 2.120437001804702e+00 1.254498647146866e+00
6.950000000000001e-01 2.174223086274785e+00 1.246121836418858e+00
7.000000000000001e-01 2.229368130950753e+00 1.238089606244197e+00
7.050000000000000e-01 2.285906603280654e+00 1.230379195890138e+00
7.100000000000000e-01 2.343873841650178e+00 1.222969796094800e+00
7.150000000000000e-01 2.403306077470301e+00 1.215842486640710e+00
7.200000000000000e-01 2.464240457823092e+00 1.208980210913486e+00
7.250000000000000e-01 2.526715068679855e+00 1.202367784109435e+00
7.300000000000000e-01 2.590768958706095e+00 1.195991930325356e+00
7.350000000000000e-01 2.656442163668210e+00 1.189841341586870e+00
7.400000000000000e-01 2.723775731457148e+00 1.183906748922606e+00
7.450000000000000e-01 2.792811747744667e+00 1.178180991946571e+00
7.500000000000000e-01 2.863593362288260e+00 1.172659069303176e+00
7.550000000000000e-01 2.936164815901156e+00 1.167338148197937e+00
7.600000000000000e-01 3.010571468104263e+00 1.162217507749791e+00
7.650000000000000e-01 3.086859825477351e+00 1.157298388925396e+00
7.700000000000000e-01 3.165077570727174e+00 1.152583724314140e+00
7.750000000000000e-01 3.245273592490716e+00 1.148077724856399e+00
7.800000000000000e-01 3.327498015892184e+00 1.143785308437584e+00
7.850000000000000e-01 3.411802233872832e+00 1.139711367128525e+00
7.900000000000000e-01 3.498238939313234e+00 1.135859885381821e+00
7.950000000000000e-01 3.586862157968046e+00 1.132232939884847e+00
8.000000000000000e-01 3.677727282233856e+00 1.128829632157101e+00
8.050000000000000e-01 3.770891105771243e+00 1.125645026741004e+00
8.100000000000001e-01 3.866411859002656e+00 1.122669190633591e+00
8.150000000000001e-01 3.964349245508326e+00 1.119886453137981e+00
8.200000000000001e-01 4.064764479342956e+00 1.117275028809780e+00
8.250000000000001e-01 4.167720323296481e+00 1.114807166827098e+00
8.300000000000001e-01 4.273281128122877e+00 1.112449998807575e+00
8.350000000000000e-01 4.381512872761445e+00 1.110167232194921e+00
8.400000000000000e-01 4.492483205575838e+00 1.107921742856677e+00
8.450000000000000e-01 4.606261486636447e+00 1.105678926598125e+00
8.500000000000000e-01 4.722918831072739e+00 1.103410383353439e+00
8.550000000000000e-01 4.842528153522501e+00 1.101097215995573e+00
8.600000000000000e-01 4.965164213705875e+00 1.098732086943347e+00
8.650000000000000e-01 5.090903663152626e+00 1.096319344555277e+00
8.700000000000000e-01 5.219825093111814e+00 1.093873036391330e+00
8.750000000000000e-01 5.352009083673925e+00 1.091413297001021e+00
8.800000000000000e-01 5.487538254136007e+00 1.088962124860534e+00
8.850000000000000e-01 5.626497314641444e+00 1.086539682255025e+00
8.900000000000000e-01 5.768973119126561e+00 1.084161919386497e+00
8.950000000000000e-01 5.915054719607133e+00 1.081839742031019e+00
9.000000000000000e-01 6.064833421838831e+00 1.079579415013991e+00
9.050000000000000e-01 6.218402842386253e+00 1.077383634355733e+00
9.100000000000000e-01 6.375858967136348e+00 1.075252732704392e+00
9.150000000000000e-01 6.537300211292723e+00 1.073185683903324e+00
9.200000000000000e-01 6.702827480888332e+00 1.071180791931546e+00
9.250000000000000e-01 6.872544235855034e+00 1.069236094833312e+00
9.300000000000000e-01 7.046556554689444e+00 1.067349570400546e+00
9.350000000000001e-01 7.224973200755413e+00 1.065519227228958e+00
9.400000000000001e-01 7.407905690264673e+00 1.063743138920636e+00
9.450000000000001e-01 7.595468361978146e+00 1.062019453740270e+00
9.500000000000001e-01 7.787778448671316e+00 1.060346395018636e+00
9.550000000000001e-01 7.984956150408610e+00 1.058722258566031e+00
9.600000000000000e-01 8.187124709672272e+00 1.057145409338088e+00
9.650000000000000e-01 8.394410488393007e+00 1.055614278056650e+00
9.700000000000000e-01 8.606943046930221e+00 1.054127357973621e+00
9.750000000000000e-01 8.824855225051540e+00 1.052683201814717e+00
9.800000000000000e-01 9.048283224961922e+00 1.051280418901221e+00
9.850000000000000e-01 9.277366696434507e+00 1.049917672439611e+00
9.900000000000000e-01 9.512248824096272e+00 1.048593676967964e+00
9.950000000000000e-01 9.753076416923058e+00 1.047307195948573e+00
1.000000000000000e+00 1.000000000000000e+01 1.046057039496970e+00
