0.000000000000000e+00 0.000000000000000e+00 1.000000000000000e+00
5.000000000000000e-03 3.369477419287315e-03 1.000013249452409e+00
1.000000000000000e-02 6.741060871647481e-03 1.000066250517688e+00
1.500000000000000e-02 1.011685770649257e-02 1.000154666779304e+00
2.000000000000000e-02 1.349897790673588e-02 1.000278795347730e+00
2.500000000000000e-02 1.688953540759990e-02 1.000438962277556e+00
3.000000000000000e-02 2.029064941789469e-02 1.000635572058729e+00
3.500000000000000e-02 2.370444574459234e-02 1.000869134559676e+00
4.000000000000000e-02 2.713305812152553e-02 1.001140232576532e+00
4.500000000000000e-02 3.057862954304063e-02 1.001449580227252e+00
5.000000000000000e-02 3.404331360343898e-02 1.001798022571822e+00
5.500000000000000e-02 3.752927584304335e-02 1.002186442074831e+00
6.000000000000000e-02 4.103869510173117e-02 1.002615823108550e+00
6.500000000000000e-02 4.457376488078044e-02 1.003087331584164e+00
7.000000000000001e-02 4.813669471387935e-02 1.003602207879625e+00
7.500000000000000e-02 5.172971154815675e-02 1.004161745618066e+00
8.000000000000000e-02 5.535506113609672e-02 1.004767439647569e+00
8.500000000000001e-02 5.901500943920686e-02 1.005420938223295e+00
9.000000000000000e-02 6.271184404431801e-02 1.006123907082818e+00
9.500000000000000e-02 6.644787559340060e-02 1.006878157024052e+00
1.000000000000000e-01 7.022543922779090e-02 1.007685758431576e+00
1.050000000000000e-01 7.404689604773053e-02 1.008548873051009e+00
1.100000000000000e-01 7.791463458813094e-02 1.009469712603683e+00
1.150000000000000e-01 8.183107231148547e-02 1.010450734874903e+00
1.200000000000000e-01 8.579865711886202e-02 1.011494631268864e+00
1.250000000000000e-01 8.981986887992111e-02 1.012604163578760e+00
1.300000000000000e-01 9.389722098291493e-02 1.013782261141956e+00
1.350000000000000e-01 9.803326190563690e-02 1.015032154509808e+00
1.400000000000000e-01 1.022305768083033e-01 1.016357247237531e+00
1.450000000000000e-01 1.064917891493625e-01 1.017761062799587e+00
1.500000000000000e-01 1.108195623252418e-01 1.019247430099130e+00
1.550000000000000e-01 1.152166013350572e-01 1.020820496917336e+00
1.600000000000000e-01 1.196856544713255e-01 1.022484556211451e+00
1.650000000000000e-01 1.242295150377370e-01 1.024244115045202e+00
1.700000000000000e-01 1.288510230950609e-01 1.026104103898810e+00
1.750000000000000e-01 1.335530672362758e-01 1.028069797571844e+00
1.800000000000000e-01 1.383385863920344e-01 1.030146644748243e+00
1.850000000000000e-01 1.432105716675912e-01 1.032340412449745e+00
1.900000000000000e-01 1.481720682123397e-01 1.034657397814700e+00
1.950000000000000e-01 1.532261771231311e-01 1.037104315119461e+00
2.000000000000000e-01 1.583760573825595e-01 1.039688132567972e+00
2.050000000000000e-01 1.636249278334301e-01 1.042416236205722e+00
2.100000000000000e-01 1.689760691906397e-01 1.045296657432959e+00
2.150000000000000e-01 1.744328260917313e-01 1.048337990952376e+00
2.200000000000000e-01 1.799986091874004e-01 1.051549235405992e+00
2.250000000000000e-01 1.856768972732633e-01 1.054939909950997e+00
2.300000000000000e-01 1.914712394642179e-01 1.058520283916359e+00
2.350000000000000e-01 1.973852574127551e-01 1.062301417039214e+00
2.400000000000000e-01 2.034226475726105e-01 1.066295079193549e+00
2.450000000000000e-01 2.095871835091678e-01 1.070513731814706e+00
2.500000000000000e-01 2.158827182580599e-01 1.074970633765546e+00
2.550000000000000e-01 2.223131867334419e-01 1.079680082363508e+00
2.600000000000000e-01 2.288826081874405e-01 1.084657585437282e+00
2.650000000000000e-01 2.355950887223172e-01 1.089919747525330e+00
2.700000000000000e-01 2.424548238569160e-01 1.095484204848492e+00
2.750000000000000e-01 2.494661011489995e-01 1.101369880805731e+00
2.800000000000000e-01 2.566333028751116e-01 1.107597208656141e+00
2.850000000000000e-01 2.639609087696434e-01 1.114188308299963e+00
2.900000000000000e-01 2.714534988248126e-01 1.121167252568278e+00
2.950000000000000e-01 2.791157561533084e-01 1.128560082941884e+00
3.000000000000000e-01 2.869524699153886e-01 1.136394911944760e+00
3.050000000000000e-01 2.949685383122613e-01 1.144702262442734e+00
3.100000000000000e-01 3.031689716476197e-01 1.153515233398653e+00
3.150000000000000e-01 3.115588954592450e-01 1.162869984155942e+00
3.200000000000000e-01 3.201435537226349e-01 1.172806116008399e+00
3.250000000000000e-01 3.289283121286580e-01 1.183367101877614e+00
3.300000000000000e-01 3.379186614372866e-01 1.194600872164718e+00
3.350000000000000e-01 3.471202209094989e-01 1.206560334252186e+00
3.400000000000000e-01 3.565387418195016e-01 1.219304156666737e+00
3.450000000000000e-01 3.661801110494620e-01 1.232897569678440e+00
3.500000000000000e-01 3.760503547690021e-01 1.247413432728903e+00
3.550000000000000e-01 3.861556422017504e-01 1.262933462391472e+00
3.600000000000000e-01 3.965022894813072e-01 1.279549767721538e+00
3.650000000000000e-01 4.070967635990345e-01 1.297366713454223e+00
3.700000000000000e-01 4.179456864461349e-01 1.316503235896416e+00
3.750000000000000e-01 4.290558389525505e-01 1.337095729003141e+00
3.800000000000000e-01 4.404341653252637e-01 1.359301685123213e+00
3.850000000000000e-01 4.520877773886537e-01 1.383304333037540e+00
3.900000000000000e-01 4.640239590296172e-01 1.409318616918567e+00
3.950000000000000e-01 4.762501707502353e-01 1.437599001364255e+00
4.000000000000000e-01 4.887740543308307e-01 1.468449803039541e+00
4.050000000000000e-01 5.016034376063282e-01 1.502239078272449e+00
4.100000000000000e-01 5.147463393589066e-01 1.539417611726970e+00
4.150000000000000e-01 5.282109743299990e-01 1.580545380187523e+00
4.200000000000000e-01 5.420057583547735e-01 1.626329236240640e+00
4.250000000000000e-01 5.561393136223041e-01 1.677677896811108e+00
4.300000000000000e-01 5.706204740647189e-01 1.735784463980694e+00
4.350000000000000e-01 5.854582908786964e-01 1.802254347734109e+00
4.400000000000000e-01 6.006620381827575e-01 1.879311244913584e+00
4.450000000000000e-01 6.162412188138907e-01 1.970144044575924e+00
4.500000000000000e-01 6.322055702671360e-01 2.079523324896821e+00
4.550000000000000e-01 6.485650707818353e-01 2.214970092596777e+00
4.600000000000000e-01 6.653299455783577e-01 2.389148668157555e+00
4.650000000000000e-01 6.825106732491932e-01 2.625201858386851e+00
4.700000000000000e-01 7.001179923084168e-01 2.969400633299620e+00
4.750000000000000e-01 7.181629079036070e-01 3.516693658704879e+00
4.800000000000000e-01 7.366566986944229e-01 4.377935568185664e+00
4.850000000000000e-01 7.556109239021327e-01 5.133156997533338e+00
4.900000000000000e-01 7.750374305345038e-01 4.780111829548508e+00
4.950000000000000e-01 7.949483607905672e-01 3.969258964130436e+00
5.000000000000000e-01 8.153561596498893e-01 3.411378673527016e+00
5.050000000000000e-01 8.362735826510871e-01 3.045629445312801e+00
5.100000000000000e-01 8.577137038644561e-01 2.778884570128938e+00
5.150000000000000e-01 8.796899240636907e-01 2.575363059896477e+00
5.200000000000000e-01 9.022159791018011e-01 2.414446647967329e+00
5.250000000000000e-01 9.253059484964714e-01 2.282986960849575e+00
5.300000000000000e-01 9.489742642302165e-01 2.173505718473121e+00
5.350000000000000e-01 9.732357197708378e-01 2.080521636886112e+00
5.400000000000000e-01 9.981054793178262e-01 2.000453640075922e+00
5.450000000000000e-01 1.023599087280478e+00 1.930663238825592e+00
5.500000000000000e-01 1.049732477993657e+00 1.869197119098670e+00
5.550000000000000e-01 1.076521985677273e+00 1.814606451473042e+00
5.600000000000001e-01 1.103984354645701e+00 1.765745559266132e+00
5.650000000000001e-01 1.132136749773522e+00 1.721734261383720e+00
5.700000000000001e-01 1.160996767224129e+00 1.681860181890005e+00
5.750000000000001e-01 1.190582445447902e+00 1.645551564428885e+00
5.800000000000000e-01 1.220912276456826e+00 1.612340480462874e+00
5.850000000000000e-01 1.252005217382601e+00 1.581838751892172e+00
5.900000000000000e-01 1.283880702325469e+00 1.553723865396627e+00
5.950000000000000e-01 1.316558654501151e+00 1.527723083580804e+00
6.000000000000000e-01 1.350059498693518e+00 1.503605559860190e+00
6.050000000000000e-01 1.384404174020732e+00 1.481173687412350e+00
6.100000000000000e-01 1.419614147022888e+00 1.460257411752584e+00
6.150000000000000e-01 1.455711425079295e+00 1.440709559224289e+00
6.200000000000000e-01 1.492718570163803e+00 1.422401878952356e+00
6.250000000000000e-01 1.530658712946775e+00 1.405222154528100e+00
6.300000000000000e-01 1.569555567252506e+00 1.389071633457296e+00
6.350000000000000e-01 1.609433444881138e+00 1.373863041833403e+00
6.400000000000000e-01 1.650317270804325e+00 1.359518907147647e+00
6.450000000000000e-01 1.692232598744148e+00 1.345970165125351e+00
6.500000000000000e-01 1.735205627145031e+00 1.333155009452012e+00
6.550000000000000e-01 1.779263215548615e+00 1.321017912298795e+00
6.600000000000000e-01 1.824432901381847e+00 1.309508803401375e+00
6.650000000000000e-01 1.870742917168772e+00 1.298582369331812e+00
6.700000000000000e-01 1.918222208176775e+00 1.288197455077320e+00
6.750000000000000e-01 1.966900450508319e+00 1.278316550542620e+00
6.800000000000000e-01 2.016808069649473e+00 1.268905347209644e+00
6.850000000000001e-01 2.067976259486829e+00 1.259932354542881e+00
6.900000000000001e-01 2.120437001804702e+00 1.251368566797517e+00
6.950000000000001e-01 2.174223086274785e+00 1.243187173230335e+00
7.000000000000001e-01 2.229368130950753e+00 1.235363306105026e+00
7.050000000000000e-01 2.285906603280654e+00 1.227873822211152e+00
7.100000000000000e-01 2.343873841650178e+00 1.220697114829385e+00
7.150000000000000e-01 2.403306077470301e+00 1.213812954134339e+00
7.200000000000000e-01 2.464240457823092e+00 1.207202355048780e+00
7.250000000000000e-01 2.526715068679855e+00 1.200847472522547e+00
7.300000000000000e-01 2.590768958706095e+00 1.194731525120367e+00
7.350000000000000e-01 2.656442163668210e+00 1.188838748636284e+00
7.400000000000000e-01 2.723775731457148e+00 1.183154382147823e+00
7.450000000000000e-01 2.792811747744667e+00 1.177664689375638e+00
7.500000000000000e-01 2.863593362288260e+00 1.172357018260034e+00
7.550000000000000e-01 2.936164815901156e+00 1.167219901073457e+00
7.600000000000000e-01 3.010571468104263e+00 1.162243195855322e+00
7.650000000000000e-01 3.086859825477351e+00 1.157418267125160e+00
7.700000000000000e-01 3.165077570727174e+00 1.152738199341127e+00
7.750000000000000e-01 3.245273592490716e+00 1.148198030157027e+00
7.800000000000000e-01 3.327498015892184e+00 1.143794982174440e+00
7.850000000000000e-01 3.411802233872832e+00 1.139528662032872e+00
7.900000000000000e-01 3.498238939313234e+00 1.135401185458005e+00
7.950000000000000e-01 3.586862157968046e+00 1.131417178205108e+00
8.000000000000000e-01 3.677727282233856e+00 1.127583598256075e+00
8.050000000000000e-01 3.770891105771243e+00 1.123909326969357e+00
8.100000000000001e-01 3.866411859002656e+00 1.120404488469010e+00
8.150000000000001e-01 3.964349245508326e+00 1.117079478341053e+00
8.200000000000001e-01 4.064764479342956e+00 1.113943713876528e+00
8.250000000000001e-01 4.167720323296481e+00 1.111004156652931e+00
8.300000000000001e-01 4.273281128122877e+00 1.108263701636488e+00
8.350000000000000e-01 4.381512872761445e+00 1.105719572097268e+00
8.400000000000000e-01 4.492483205575838e+00 1.103361903567136e+00
8.450000000000000e-01 4.606261486636447e+00 1.101172743471281e+00
8.500000000000000e-01 4.722918831072739e+00 1.099125740425013e+00
8.550000000000000e-01 4.842528153522501e+00 1.097186842597579e+00
8.600000000000000e-01 4.965164213705875e+00 1.095316323323096e+00
8.650000000000000e-01 5.090903663152626e+00 1.093472309613839e+00
8.700000000000000e-01 5.219825093111814e+00 1.091615612525804e+00
8.750000000000000e-01 5.352009083673925e+00 1.089715073913406e+00
8.800000000000000e-01 5.487538254136007e+00 1.087752092733225e+00
8.850000000000000e-01 5.626497314641444e+00 1.085722865240901e+00
8.900000000000000e-01 5.768973119126561e+00 1.083637439257225e+00
8.950000000000000e-01 5.915054719607133e+00 1.081515808010779e+00
9.000000000000000e-01 6.064833421838831e+00 1.079382392271826e+00
9.050000000000000e-01 6.218402842386253e+00 1.077260748439820e+00
9.100000000000000e-01 6.375858967136348e+00 1.075169956645591e+00
9.150000000000000e-01 6.537300211292723e+00 1.073123201746849e+00
9.200000000000000e-01 6.702827480888332e+00 1.071128151503087e+00
9.250000000000000e-01 6.872544235855034e+00 1.069188288119643e+00
9.300000000000000e-01 7.046556554689444e+00 1.067304406364602e+00
9.350000000000001e-01 7.224973200755413e+00 1.065475819225070e+00
9.400000000000001e-01 7.407905690264673e+00 1.063701143134310e+00
9.450000000000001e-01 7.595468361978146e+00 1.061978730365713e+00
9.500000000000001e-01 7.787778448671316e+00 1.060306874142367e+00
9.550000000000001e-01 7.984956150408610e+00 1.058683892693006e+00
9.600000000000000e-01 8.187124709672272e+00 1.057108158286396e+00
9.650000000000000e-01 8.394410488393007e+00 1.055578104597363e+00
9.700000000000000e-01 8.606943046930221e+00 1.054092226656795e+00
9.750000000000000e-01 8.824855225051540e+00 1.052649078644004e+00
9.800000000000000e-01 9.048283224961922e+00 1.051247271213847e+00
9.850000000000000e-01 9.277366696434507e+00 1.049885468833416e+00
9.900000000000000e-01 9.512248824096272e+00 1.048562387240417e+00
9.950000000000000e-01 9.753076416923058e+00 1.047276791040618e+00
1.000000000000000e+00 1.000000000000000e+01 1.046027491440250e+00
