0.000000000000000e+00 0.000000000000000e+00 1.000000000000000e+00
5.000000000000000e-03 3.369477419287315e-03 1.000001326828068e+00
1.000000000000000e-02 6.741060871647481e-03 1.000006680311789e+00
1.500000000000000e-02 1.011685770649257e-02 1.000015692450150e+00
2.000000000000000e-02 1.349897790673588e-02 1.000028308536395e+00
2.500000000000000e-02 1.688953540759990e-02 1.000044564932435e+00
3.000000000000000e-02 2.029064941789469e-02 1.000064566524724e+00
3.500000000000000e-02 2.370444574459234e-02 1.000088375850526e+00
4.000000000000000e-02 2.713305812152553e-02 1.000116038803990e+00
4.500000000000000e-02 3.057862954304063e-02 1.000147649983457e+00
5.000000000000000e-02 3.404331360343898e-02 1.000183343135322e+00
5.500000000000000e-02 3.752927584304335e-02 1.000223239523111e+00
6.000000000000000e-02 4.103869510173117e-02 1.000267444637295e+00
6.500000000000000e-02 4.457376488078044e-02 1.000316096529454e+00
7.000000000000001e-02 4.813669471387935e-02 1.000369384777366e+00
7.500000000000000e-02 5.172971154815675e-02 1.000427508709673e+00
8.000000000000000e-02 5.535506113609672e-02 1.000490660655392e+00
8.500000000000001e-02 5.901500943920686e-02 1.000559047253524e+00
9.000000000000000e-02 6.271184404431801e-02 1.000632888760165e+00
9.500000000000000e-02 6.644787559340060e-02 1.000712436588392e+00
1.000000000000000e-01 7.022543922779090e-02 1.000798002181840e+00
1.050000000000000e-01 7.404689604773053e-02 1.000889912815680e+00
1.100000000000000e-01 7.791463458813094e-02 1.000988503216145e+00
1.150000000000000e-01 8.183107231148547e-02 1.001094139302208e+00
1.200000000000000e-01 8.579865711886202e-02 1.001207184415973e+00
1.250000000000000e-01 8.981986887992111e-02 1.001328043815522e+00
1.300000000000000e-01 9.389722098291493e-02 1.001457159269135e+00
1.350000000000000e-01 9.803326190563690e-02 1.001595007066126e+00
1.400000000000000e-01 1.022305768083033e-01 1.001742119799430e+00
1.450000000000000e-01 1.064917891493625e-01 1.001899063494790e+00
1.500000000000000e-01 1.108195623252418e-01 1.002066460130818e+00
1.550000000000000e-01 1.152166013350572e-01 1.002244974200382e+00
1.600000000000000e-01 1.196856544713255e-01 1.002435326177767e+00
1.650000000000000e-01 1.242295150377370e-01 1.002638290633151e+00
1.700000000000000e-01 1.288510230950609e-01 1.002854703956944e+00
1.750000000000000e-01 1.335530672362758e-01 1.003085467906321e+00
1.800000000000000e-01 1.383385863920344e-01 1.003331555756406e+00
1.850000000000000e-01 1.432105716675912e-01 1.003594017926984e+00
1.900000000000000e-01 1.481720682123397e-01 1.003873988468354e+00
1.950000000000000e-01 1.532261771231311e-01 1.004172691912776e+00
2.000000000000000e-01 1.583760573825595e-01 1.004491450741053e+00
2.050000000000000e-01 1.636249278334301e-01 1.004831693441282e+00
2.100000000000000e-01 1.689760691906397e-01 1.005194963232273e+00
2.150000000000000e-01 1.744328260917313e-01 1.005582927494322e+00
2.200000000000000e-01 1.799986091874004e-01 1.005997387961077e+00
2.250000000000000e-01 1.856768972732633e-01 1.006440291725093e+00
2.300000000000000e-01 1.914712394642179e-01 1.006913743111976e+00
2.350000000000000e-01 1.973852574127551e-01 1.007420016479151e+00
2.400000000000000e-01 2.034226475726105e-01 1.007961569996238e+00
2.450000000000000e-01 2.095871835091678e-01 1.008541060464439e+00
2.500000000000000e-01 2.158827182580599e-01 1.009161359232010e+00
2.550000000000000e-01 2.223131867334419e-01 1.009825569261690e+00
2.600000000000000e-01 2.288826081874405e-01 1.010537043403703e+00
2.650000000000000e-01 2.355950887223172e-01 1.011299403924262e+00
2.700000000000000e-01 2.424548238569160e-01 1.012116563334299e+00
2.750000000000000e-01 2.494661011489995e-01 1.012992746555848e+00
2.800000000000000e-01 2.566333028751116e-01 1.013932514454001e+00
2.850000000000000e-01 2.639609087696434e-01 1.014940788749968e+00
2.900000000000000e-01 2.714534988248126e-01 1.016022878315125e+00
2.950000000000000e-01 2.791157561533084e-01 1.017184506826447e+00
3.000000000000000e-01 2.869524699153886e-01 1.018431841739636e+00
3.050000000000000e-01 2.949685383122613e-01 1.019771524506931e+00
3.100000000000000e-01 3.031689716476197e-01 1.021210701931097e+00
3.150000000000000e-01 3.115588954592450e-01 1.022757058504426e+00
3.200000000000000e-01 3.201435537226349e-01 1.024418849530775e+00
3.250000000000000e-01 3.289283121286580e-01 1.026204934768327e+00
3.300000000000000e-01 3.379186614372866e-01 1.028124812259564e+00
3.350000000000000e-01 3.471202209094989e-01 1.030188651931428e+00
3.400000000000000e-01 3.565387418195016e-01 1.032407328450920e+00
3.450000000000000e-01 3.661801110494620e-01 1.034792452707769e+00
3.500000000000000e-01 3.760503547690021e-01 1.037356401164066e+00
3.550000000000000e-01 3.861556422017504e-01 1.040112342158859e+00
3.600000000000000e-01 3.965022894813072e-01 1.043074258081095e+00
3.650000000000000e-01 4.070967635990345e-01 1.046256962124750e+00
3.700000000000000e-01 4.179456864461349e-01 1.049676108112800e+00
3.750000000000000e-01 4.290558389525505e-01 1.053348191619589e+00
3.800000000000000e-01 4.404341653252637e-01 1.057290540331811e+00
3.850000000000000e-01 4.520877773886537e-01 1.061521291265022e+00
3.900000000000000e-01 4.640239590296172e-01 1.066059352094043e+00
3.950000000000000e-01 4.762501707502353e-01 1.070924343461984e+00
4.000000000000000e-01 4.887740543308307e-01 1.076136518705187e+00
4.050000000000000e-01 5.016034376063282e-01 1.081716656974221e+00
4.100000000000000e-01 5.147463393589066e-01 1.087685925250996e+00
4.150000000000000e-01 5.282109743299990e-01 1.094065704270498e+00
4.200000000000000e-01 5.420057583547735e-01 1.100877372869673e+00
4.250000000000000e-01 5.561393136223041e-01 1.108142044830103e+00
4.300000000000000e-01 5.706204740647189e-01 1.115880251889596e+00
4.350000000000000e-01 5.854582908786964e-01 1.124111566316990e+00
4.400000000000000e-01 6.006620381827575e-01 1.132854156335463e+00
4.450000000000000e-01 6.162412188138907e-01 1.142124267821721e+00
4.500000000000000e-01 6.322055702671360e-01 1.151935626201603e+00
4.550000000000000e-01 6.485650707818353e-01 1.162298753430735e+00
4.600000000000000e-01 6.653299455783577e-01 1.173220196541115e+00
4.650000000000000e-01 6.825106732491932e-01 1.184701666625675e+00
4.700000000000000e-01 7.001179923084168e-01 1.196739090520673e+00
4.750000000000000e-01 7.181629079036070e-01 1.209321582043184e+00
4.800000000000000e-01 7.366566986944229e-01 1.222430345662659e+00
4.850000000000000e-01 7.556109239021327e-01 1.236037533124417e+00
4.900000000000000e-01 7.750374305345038e-01 1.250105082934801e+00
4.950000000000000e-01 7.949483607905672e-01 1.264583583789816e+00
5.000000000000000e-01 8.153561596498893e-01 1.279411215831413e+00
5.050000000000000e-01 8.362735826510871e-01 1.294512837632045e+00
5.100000000000000e-01 8.577137038644561e-01 1.309799301252200e+00
5.150000000000000e-01 8.796899240636907e-01 1.325167091319043e+00
5.200000000000000e-01 9.022159791018011e-01 1.340498394988308e+00
5.250000000000000e-01 9.253059484964714e-01 1.355661715396263e+00
5.300000000000000e-01 9.489742642302165e-01 1.370513138719971e+00
5.350000000000000e-01 9.732357197708378e-01 1.384898350806479e+00
5.400000000000000e-01 9.981054793178262e-01 1.398655470144633e+00
5.450000000000000e-01 1.023599087280478e+00 1.411618717183472e+00
5.500000000000000e-01 1.049732477993657e+00 1.423622874906462e+00
5.550000000000000e-01 1.076521985677273e+00 1.434508414373398e+00
5.600000000000001e-01 1.103984354645701e+00 1.444127067854176e+00
5.650000000000001e-01 1.132136749773522e+00 1.452347541873622e+00
5.700000000000001e-01 1.160996767224129e+00 1.459060987520320e+00
5.750000000000001e-01 1.190582445447902e+00 1.464185802188911e+00
5.800000000000000e-01 1.220912276456826e+00 1.467671340451235e+00
5.850000000000000e-01 1.252005217382601e+00 1.469500171179463e+00
5.900000000000000e-01 1.283880702325469e+00 1.469688632999947e+00
5.950000000000000e-01 1.316558654501151e+00 1.468285598735836e+00
6.000000000000000e-01 1.350059498693518e+00 1.465369539333777e+00
6.050000000000000e-01 1.384404174020732e+00 1.461044150354457e+00
6.100000000000000e-01 1.419614147022888e+00 1.455432941296628e+00
6.150000000000000e-01 1.455711425079295e+00 1.448673268735476e+00
6.200000000000000e-01 1.492718570163803e+00 1.440910309134982e+00
6.250000000000000e-01 1.530658712946775e+00 1.432291419856768e+00
6.300000000000000e-01 1.569555567252506e+00 1.422961241650700e+00
6.350000000000000e-01 1.609433444881138e+00 1.413057773172061e+00
6.400000000000000e-01 1.650317270804325e+00 1.402709519103081e+00
6.450000000000000e-01 1.692232598744148e+00 1.392033696215525e+00
6.500000000000000e-01 1.735205627145031e+00 1.381135388470232e+00
6.550000000000000e-01 1.779263215548615e+00 1.370107479131849e+00
6.600000000000000e-01 1.824432901381847e+00 1.359031155718720e+00
6.650000000000000e-01 1.870742917168772e+00 1.347976779434483e+00
6.700000000000000e-01 1.918222208176775e+00 1.337004929241656e+00
6.750000000000000e-01 1.966900450508319e+00 1.326167465496945e+00
6.800000000000000e-01 2.016808069649473e+00 1.315508502300489e+00
6.850000000000001e-01 2.067976259486829e+00 1.305065224865449e+00
6.900000000000001e-01 2.120437001804702e+00 1.294868532396635e+00
6.950000000000001e-01 2.174223086274785e+00 1.284943523356234e+00
7.000000000000001e-01 2.229368130950753e+00 1.275309865241041e+00
7.050000000000000e-01 2.285906603280654e+00 1.265982103531859e+00
7.100000000000000e-01 2.343873841650178e+00 1.256969964639181e+00
7.150000000000000e-01 2.403306077470301e+00 1.248278697554253e+00
7.200000000000000e-01 2.464240457823092e+00 1.239909481936911e+00
7.250000000000000e-01 2.526715068679855e+00 1.231859910608765e+00
7.300000000000000e-01 2.590768958706095e+00 1.224124535853587e+00
7.350000000000000e-01 2.656442163668210e+00 1.216695454744821e+00
7.400000000000000e-01 2.723775731457148e+00 1.209562900828804e+00
7.450000000000000e-01 2.792811747744667e+00 1.202715808326463e+00
7.500000000000000e-01 2.863593362288260e+00 1.196142319671003e+00
7.550000000000000e-01 2.936164815901156e+00 1.189830215823836e+00
7.600000000000000e-01 3.010571468104263e+00 1.183767259146307e+00
7.650000000000000e-01 3.086859825477351e+00 1.177941448522796e+00
7.700000000000000e-01 3.165077570727174e+00 1.172341194348068e+00
7.750000000000000e-01 3.245273592490716e+00 1.166955426079594e+00
7.800000000000000e-01 3.327498015892184e+00 1.161773647231672e+00
7.850000000000000e-01 3.411802233872832e+00 1.156785952438551e+00
7.900000000000000e-01 3.498238939313234e+00 1.151983019329050e+00
7.950000000000000e-01 3.586862157968046e+00 1.147356085270311e+00
8.000000000000000e-01 3.677727282233856e+00 1.142896916242419e+00
8.050000000000000e-01 3.770891105771243e+00 1.138597772649339e+00
8.100000000000001e-01 3.866411859002656e+00 1.134451374964688e+00
8.150000000000001e-01 3.964349245508326e+00 1.130450870776810e+00
8.200000000000001e-01 4.064764479342956e+00 1.126589803950208e+00
8.250000000000001e-01 4.167720323296481e+00 1.122862086131793e+00
8.300000000000001e-01 4.273281128122877e+00 1.119261970577463e+00
8.350000000000000e-01 4.381512872761445e+00 1.115784028160891e+00
8.400000000000000e-01 4.492483205575838e+00 1.112423125386931e+00
8.450000000000000e-01 4.606261486636447e+00 1.109174404228052e+00
8.500000000000000e-01 4.722918831072739e+00 1.106033263612719e+00
8.550000000000000e-01 4.842528153522501e+00 1.102995342409894e+00
8.600000000000000e-01 4.965164213705875e+00 1.100056503769477e+00
8.650000000000000e-01 5.090903663152626e+00 1.097212820693110e+00
8.700000000000000e-01 5.219825093111814e+00 1.094460562722895e+00
8.750000000000000e-01 5.352009083673925e+00 1.091796183647217e+00
8.800000000000000e-01 5.487538254136007e+00 1.089216310133195e+00
8.850000000000000e-01 5.626497314641444e+00 1.086717731204430e+00
8.900000000000000e-01 5.768973119126561e+00 1.084297388490826e+00
8.950000000000000e-01 5.915054719607133e+00 1.081952367184486e+00
9.000000000000000e-01 6.064833421838831e+00 1.079679887642081e+00
9.050000000000000e-01 6.218402842386253e+00 1.077477297579829e+00
9.100000000000000e-01 6.375858967136348e+00 1.075342064812318e+00
9.150000000000000e-01 6.537300211292723e+00 1.073271770490970e+00
9.200000000000000e-01 6.702827480888332e+00 1.071264102802038e+00
9.250000000000000e-01 6.872544235855034e+00 1.069316851087680e+00
9.300000000000000e-01 7.046556554689444e+00 1.067427900356974e+00
9.350000000000001e-01 7.224973200755413e+00 1.065595226156640e+00
9.400000000000001e-01 7.407905690264673e+00 1.063816889773970e+00
9.450000000000001e-01 7.595468361978146e+00 1.062091033746804e+00
9.500000000000001e-01 7.787778448671316e+00 1.060415877657594e+00
9.550000000000001e-01 7.984956150408610e+00 1.058789714190540e+00
9.600000000000000e-01 8.187124709672272e+00 1.057210905432560e+00
9.650000000000000e-01 8.394410488393007e+00 1.055677879400446e+00
9.700000000000000e-01 8.606943046930221e+00 1.054189126778038e+00
9.750000000000000e-01 8.824855225051540e+00 1.052743197848537e+00
9.800000000000000e-01 9.048283224961922e+00 1.051338699608301e+00
9.850000000000000e-01 9.277366696434507e+00 1.049974293049545e+00
9.900000000000000e-01 9.512248824096272e+00 1.048648690600371e+00
9.950000000000000e-01 9.753076416923058e+00 1.047360653711447e+00
1.000000000000000e+00 1.000000000000000e+01 1.046108990579493e+00
