0.000000000000000e+00 0.000000000000000e+00 1.000000000000000e+00
5.000000000000000e-03 3.369477419287315e-03 1.000013220998082e+00
1.000000000000000e-02 6.741060871647481e-03 1.000066121461293e+00
1.500000000000000e-02 1.011685770649257e-02 1.000154392159049e+00
2.000000000000000e-02 1.349897790673588e-02 1.000278303101810e+00
2.500000000000000e-02 1.688953540759990e-02 1.000438179584625e+00
3.000000000000000e-02 2.029064941789469e-02 1.000634438884121e+00
3.500000000000000e-02 2.370444574459234e-02 1.000867586603428e+00
4.000000000000000e-02 2.713305812152553e-02 1.001138199922851e+00
4.500000000000000e-02 3.057862954304063e-02 1.001446995929340e+00
5.000000000000000e-02 3.404331360343898e-02 1.001794817236203e+00
5.500000000000000e-02 3.752927584304335e-02 1.002182540590008e+00
6.000000000000000e-02 4.103869510173117e-02 1.002611152208739e+00
6.500000000000000e-02 4.457376488078044e-02 1.003081818303257e+00
7.000000000000001e-02 4.813669471387935e-02 1.003595771615384e+00
7.500000000000000e-02 5.172971154815675e-02 1.004154302492466e+00
8.000000000000000e-02 5.535506113609672e-02 1.004758907840884e+00
8.500000000000001e-02 5.901500943920686e-02 1.005411231173113e+00
9.000000000000000e-02 6.271184404431801e-02 1.006112931102180e+00
9.500000000000000e-02 6.644787559340060e-02 1.006865817933773e+00
1.000000000000000e-01 7.022543922779090e-02 1.007671959342763e+00
1.050000000000000e-01 7.404689604773053e-02 1.008533508223340e+00
1.100000000000000e-01 7.791463458813094e-02 1.009452672622929e+00
1.150000000000000e-01 8.183107231148547e-02 1.010431909867529e+00
1.200000000000000e-01 8.579865711886202e-02 1.011473902438879e+00
1.250000000000000e-01 8.981986887992111e-02 1.012581401971079e+00
1.300000000000000e-01 9.389722098291493e-02 1.013757336393940e+00
1.350000000000000e-01 9.803326190563690e-02 1.015004932467704e+00
1.400000000000000e-01 1.022305768083033e-01 1.016327580414466e+00
1.450000000000000e-01 1.064917891493625e-01 1.017728793955261e+00
1.500000000000000e-01 1.108195623252418e-01 1.019212399534944e+00
1.550000000000000e-01 1.152166013350572e-01 1.020782536135208e+00
1.600000000000000e-01 1.196856544713255e-01 1.022443480895661e+00
1.650000000000000e-01 1.242295150377370e-01 1.024199730899261e+00
1.700000000000000e-01 1.288510230950609e-01 1.026056210566696e+00
1.750000000000000e-01 1.335530672362758e-01 1.028018180760121e+00
1.800000000000000e-01 1.383385863920344e-01 1.030091071719101e+00
1.850000000000000e-01 1.432105716675912e-01 1.032280638018814e+00
1.900000000000000e-01 1.481720682123397e-01 1.034593166114806e+00
1.950000000000000e-01 1.532261771231311e-01 1.037035351389125e+00
2.000000000000000e-01 1.583760573825595e-01 1.039614138704817e+00
2.050000000000000e-01 1.636249278334301e-01 1.042336895931017e+00
2.100000000000000e-01 1.689760691906397e-01 1.045211638612487e+00
2.150000000000000e-01 1.744328260917313e-01 1.048246937560357e+00
2.200000000000000e-01 1.799986091874004e-01 1.051451759786945e+00
2.250000000000000e-01 1.856768972732633e-01 1.054835595742618e+00
2.300000000000000e-01 1.914712394642179e-01 1.058408691280266e+00
2.350000000000000e-01 1.973852574127551e-01 1.062182076435904e+00
2.400000000000000e-01 2.034226475726105e-01 1.066167478981813e+00
2.450000000000000e-01 2.095871835091678e-01 1.070377315555954e+00
2.500000000000000e-01 2.158827182580599e-01 1.074824805012296e+00
2.550000000000000e-01 2.223131867334419e-01 1.079524202345885e+00
2.600000000000000e-01 2.288826081874405e-01 1.084490963482790e+00
2.650000000000000e-01 2.355950887223172e-01 1.089741631613162e+00
2.700000000000000e-01 2.424548238569160e-01 1.095293772877659e+00
2.750000000000000e-01 2.494661011489995e-01 1.101166236223351e+00
2.800000000000000e-01 2.566333028751116e-01 1.107379379355197e+00
2.850000000000000e-01 2.639609087696434e-01 1.113955237146018e+00
2.900000000000000e-01 2.714534988248126e-01 1.120917782618033e+00
2.950000000000000e-01 2.791157561533084e-01 1.128292943275975e+00
3.000000000000000e-01 2.869524699153886e-01 1.136108699304458e+00
3.050000000000000e-01 2.949685383122613e-01 1.144395424953302e+00
3.100000000000000e-01 3.031689716476197e-01 1.153186053410406e+00
3.150000000000000e-01 3.115588954592450e-01 1.162516555176297e+00
3.200000000000000e-01 3.201435537226349e-01 1.172426317392637e+00
3.250000000000000e-01 3.289283121286580e-01 1.182958565598842e+00
3.300000000000000e-01 3.379186614372866e-01 1.194160943537692e+00
3.350000000000000e-01 3.471202209094989e-01 1.206086024916905e+00
3.400000000000000e-01 3.565387418195016e-01 1.218792087271176e+00
3.450000000000000e-01 3.661801110494620e-01 1.232343901373758e+00
3.500000000000000e-01 3.760503547690021e-01 1.246813782765071e+00
3.550000000000000e-01 3.861556422017504e-01 1.262282800747721e+00
3.600000000000000e-01 3.965022894813072e-01 1.278842288355992e+00
3.650000000000000e-01 4.070967635990345e-01 1.296595673173334e+00
3.700000000000000e-01 4.179456864461349e-01 1.315660750441103e+00
3.750000000000000e-01 4.290558389525505e-01 1.336172512595975e+00
3.800000000000000e-01 4.404341653252637e-01 1.358286714083671e+00
3.850000000000000e-01 4.520877773886537e-01 1.382184406213077e+00
3.900000000000000e-01 4.640239590296172e-01 1.408077773785833e+00
3.950000000000000e-01 4.762501707502353e-01 1.436217740683755e+00
4.000000000000000e-01 4.887740543308307e-01 1.466904017060216e+00
4.050000000000000e-01 5.016034376063282e-01 1.500498573267783e+00
4.100000000000000e-01 5.147463393589066e-01 1.537444013691706e+00
4.150000000000000e-01 5.282109743299990e-01 1.578289104033705e+00
4.200000000000000e-01 5.420057583547735e-01 1.623724988423298e+00
4.250000000000000e-01 5.561393136223041e-01 1.674637807352347e+00
4.300000000000000e-01 5.706204740647189e-01 1.732187244006786e+00
4.350000000000000e-01 5.854582908786964e-01 1.797927493607206e+00
4.400000000000000e-01 6.006620381827575e-01 1.874000450430489e+00
4.450000000000000e-01 6.162412188138907e-01 1.963457622488470e+00
4.500000000000000e-01 6.322055702671360e-01 2.070824112194915e+00
4.550000000000000e-01 6.485650707818353e-01 2.203146655262937e+00
4.600000000000000e-01 6.653299455783577e-01 2.372076822275016e+00
4.650000000000000e-01 6.825106732491932e-01 2.598301850528802e+00
4.700000000000000e-01 7.001179923084168e-01 2.921216229419706e+00
4.750000000000000e-01 7.181629079036070e-01 3.415151551946004e+00
4.800000000000000e-01 7.366566986944229e-01 4.154939902918901e+00
4.850000000000000e-01 7.556109239021327e-01 4.833350775313423e+00
4.900000000000000e-01 7.750374305345038e-01 4.647113336886088e+00
4.950000000000000e-01 7.949483607905672e-01 3.943596629156316e+00
5.000000000000000e-01 8.153561596498893e-01 3.402617329478048e+00
5.050000000000000e-01 8.362735826510871e-01 3.040780473197290e+00
5.100000000000000e-01 8.577137038644561e-01 2.777152563332211e+00
5.150000000000000e-01 8.796899240636907e-01 2.574734819741026e+00
5.200000000000000e-01 9.022159791018011e-01 2.414530852171684e+00
5.250000000000000e-01 9.253059484964714e-01 2.283531580463065e+00
5.300000000000000e-01 9.489742642302165e-01 2.174274382344814e+00
5.350000000000000e-01 9.732357197708378e-01 2.081477397786443e+00
5.400000000000000e-01 9.981054793178262e-01 2.001504911530799e+00
5.450000000000000e-01 1.023599087280478e+00 1.931785410660735e+00
5.500000000000000e-01 1.049732477993657e+00 1.870363793709724e+00
5.550000000000000e-01 1.076521985677273e+00 1.815798345679042e+00
5.600000000000001e-01 1.103984354645701e+00 1.766955514231693e+00
5.650000000000001e-01 1.132136749773522e+00 1.722951713924593e+00
5.700000000000001e-01 1.160996767224129e+00 1.683081726303155e+00
5.750000000000001e-01 1.190582445447902e+00 1.646772915408808e+00
5.800000000000000e-01 1.220912276456826e+00 1.613559209224718e+00
5.850000000000000e-01 1.252005217382601e+00 1.583053354336424e+00
5.900000000000000e-01 1.283880702325469e+00 1.554932851387473e+00
5.950000000000000e-01 1.316558654501151e+00 1.528925771983332e+00
6.000000000000000e-01 1.350059498693518e+00 1.504801188601352e+00
6.050000000000000e-01 1.384404174020732e+00 1.482361760041055e+00
6.100000000000000e-01 1.419614147022888e+00 1.461437470194697e+00
6.150000000000000e-01 1.455711425079295e+00 1.441881131732561e+00
6.200000000000000e-01 1.492718570163803e+00 1.423564499532161e+00
6.250000000000000e-01 1.530658712946775e+00 1.406375269636768e+00
6.300000000000000e-01 1.569555567252506e+00 1.390214612541270e+00
6.350000000000000e-01 1.609433444881138e+00 1.374995137186781e+00
6.400000000000000e-01 1.650317270804325e+00 1.360639235449788e+00
6.450000000000000e-01 1.692232598744148e+00 1.347077690821248e+00
6.500000000000000e-01 1.735205627145031e+00 1.334248523592294e+00
6.550000000000000e-01 1.779263215548615e+00 1.322096017965402e+00
6.600000000000000e-01 1.824432901381847e+00 1.310569899229233e+00
6.650000000000000e-01 1.870742917168772e+00 1.299624635376959e+00
6.700000000000000e-01 1.918222208176775e+00 1.289218840177848e+00
6.750000000000000e-01 1.966900450508319e+00 1.279314761602820e+00
6.800000000000000e-01 2.016808069649473e+00 1.269877841564304e+00
6.850000000000001e-01 2.067976259486829e+00 1.260876336152313e+00
6.900000000000001e-01 2.120437001804702e+00 1.252280987749077e+00
6.950000000000001e-01 2.174223086274785e+00 1.244064742214223e+00
7.000000000000001e-01 2.229368130950753e+00 1.236202505979370e+00
7.050000000000000e-01 2.285906603280654e+00 1.228670939244326e+00
7.100000000000000e-01 2.343873841650178e+00 1.221448282699996e+00
7.150000000000000e-01 2.403306077470301e+00 1.214514216303140e+00
7.200000000000000e-01 2.464240457823092e+00 1.207849749618741e+00
7.250000000000000e-01 2.526715068679855e+00 1.201437144118859e+00
7.300000000000000e-01 2.590768958706095e+00 1.195259868541227e+00
7.350000000000000e-01 2.656442163668210e+00 1.189302588892957e+00
7.400000000000000e-01 2.723775731457148e+00 1.183551194814306e+00
7.450000000000000e-01 2.792811747744667e+00 1.177992863623838e+00
7.500000000000000e-01 2.863593362288260e+00 1.172616162226706e+00
7.550000000000000e-01 2.936164815901156e+00 1.167411184918612e+00
7.600000000000000e-01 3.010571468104263e+00 1.162369721688634e+00
7.650000000000000e-01 3.086859825477351e+00 1.157485446703825e+00
7.700000000000000e-01 3.165077570727174e+00 1.152754110203092e+00
7.750000000000000e-01 3.245273592490716e+00 1.148173709300965e+00
7.800000000000000e-01 3.327498015892184e+00 1.143744604932533e+00
7.850000000000000e-01 3.411802233872832e+00 1.139469544660964e+00
7.900000000000000e-01 3.498238939313234e+00 1.135353546157150e+00
7.950000000000000e-01 3.586862157968046e+00 1.131403595984655e+00
8.000000000000000e-01 3.677727282233856e+00 1.127628124876176e+00
8.050000000000000e-01 3.770891105771243e+00 1.124036235222056e+00
8.100000000000001e-01 3.866411859002656e+00 1.120636679003537e+00
8.150000000000001e-01 3.964349245508326e+00 1.117436613647837e+00
8.200000000000001e-01 4.064764479342956e+00 1.114440197389086e+00
8.250000000000001e-01 4.167720323296481e+00 1.111647122724567e+00
8.300000000000001e-01 4.273281128122877e+00 1.109051224457572e+00
8.350000000000000e-01 4.381512872761445e+00 1.106639336255563e+00
8.400000000000000e-01 4.492483205575838e+00 1.104390607471905e+00
8.450000000000000e-01 4.606261486636447e+00 1.102276530833131e+00
8.500000000000000e-01 4.722918831072739e+00 1.100261958520821e+00
8.550000000000000e-01 4.842528153522501e+00 1.098307352968667e+00
8.600000000000000e-01 4.965164213705875e+00 1.096372350619237e+00
8.650000000000000e-01 5.090903663152626e+00 1.094420352531636e+00
8.700000000000000e-01 5.219825093111814e+00 1.092423348721051e+00
8.750000000000000e-01 5.352009083673925e+00 1.090365758490934e+00
8.800000000000000e-01 5.487538254136007e+00 1.088246045570356e+00
8.850000000000000e-01 5.626497314641444e+00 1.086075432954300e+00
8.900000000000000e-01 5.768973119126561e+00 1.083874040204411e+00
8.950000000000000e-01 5.915054719607133e+00 1.081665707346572e+00
9.000000000000000e-01 6.064833421838831e+00 1.079473139990777e+00
9.050000000000000e-01 6.218402842386253e+00 1.077314637378531e+00
9.100000000000000e-01 6.375858967136348e+00 1.075202830418103e+00
9.150000000000000e-01 6.537300211292723e+00 1.073145061166074e+00
9.200000000000000e-01 6.702827480888332e+00 1.071144640561971e+00
9.250000000000000e-01 6.872544235855034e+00 1.069202267960532e+00
9.300000000000000e-01 7.046556554689444e+00 1.067317185765741e+00
9.350000000000001e-01 7.224973200755413e+00 1.065487942276765e+00
9.400000000000001e-01 7.407905690264673e+00 1.063712818889974e+00
9.450000000000001e-01 7.595468361978146e+00 1.061990036578516e+00
9.500000000000001e-01 7.787778448671316e+00 1.060317842244402e+00
9.550000000000001e-01 7.984956150408610e+00 1.058694539216755e+00
9.600000000000000e-01 8.187124709672272e+00 1.057118495225975e+00
9.650000000000000e-01 8.394410488393007e+00 1.055588142475164e+00
9.700000000000000e-01 8.606943046930221e+00 1.054101975348772e+00
9.750000000000000e-01 8.824855225051540e+00 1.052658547590481e+00
9.800000000000000e-01 9.048283224961922e+00 1.051256469478971e+00
9.850000000000000e-01 9.277366696434507e+00 1.049894405130508e+00
9.900000000000000e-01 9.512248824096272e+00 1.048571069949797e+00
9.950000000000000e-01 9.753076416923058e+00 1.047285228225325e+00
1.000000000000000e+00 1.000000000000000e+01 1.046035690860706e+00
