0.000000000000000e+00 0.000000000000000e+00 1.000000000000000e+00
5.000000000000000e-03 3.369477419287315e-03 1.000013152056819e+00
1.000000000000000e-02 6.741060871647481e-03 1.000065809192577e+00
1.500000000000000e-02 1.011685770649257e-02 1.000153728772896e+00
2.000000000000000e-02 1.349897790673588e-02 1.000277114578600e+00
2.500000000000000e-02 1.688953540759990e-02 1.000436289839405e+00
3.000000000000000e-02 2.029064941789469e-02 1.000631702583204e+00
3.500000000000000e-02 2.370444574459234e-02 1.000863848352616e+00
4.000000000000000e-02 2.713305812152553e-02 1.001133291505409e+00
4.500000000000000e-02 3.057862954304063e-02 1.001440755841478e+00
5.000000000000000e-02 3.404331360343898e-02 1.001787077218489e+00
5.500000000000000e-02 3.752927584304335e-02 1.002173119398883e+00
6.000000000000000e-02 4.103869510173117e-02 1.002599873594990e+00
6.500000000000000e-02 4.457376488078044e-02 1.003068505600729e+00
7.000000000000001e-02 4.813669471387935e-02 1.003580229803776e+00
7.500000000000000e-02 5.172971154815675e-02 1.004136329942683e+00
8.000000000000000e-02 5.535506113609672e-02 1.004738307128288e+00
8.500000000000001e-02 5.901500943920686e-02 1.005387792249157e+00
9.000000000000000e-02 6.271184404431801e-02 1.006086428071703e+00
9.500000000000000e-02 6.644787559340060e-02 1.006836024546241e+00
1.000000000000000e-01 7.022543922779090e-02 1.007638641175019e+00
1.050000000000000e-01 7.404689604773053e-02 1.008496409197211e+00
1.100000000000000e-01 7.791463458813094e-02 1.009411529421294e+00
1.150000000000000e-01 8.183107231148547e-02 1.010386457817046e+00
1.200000000000000e-01 8.579865711886202e-02 1.011423854042254e+00
1.250000000000000e-01 8.981986887992111e-02 1.012526445986598e+00
1.300000000000000e-01 9.389722098291493e-02 1.013697159022377e+00
1.350000000000000e-01 9.803326190563690e-02 1.014939209675221e+00
1.400000000000000e-01 1.022305768083033e-01 1.016255955740543e+00
1.450000000000000e-01 1.064917891493625e-01 1.017650888735404e+00
1.500000000000000e-01 1.108195623252418e-01 1.019127828986478e+00
1.550000000000000e-01 1.152166013350572e-01 1.020690892916987e+00
1.600000000000000e-01 1.196856544713255e-01 1.022344320153133e+00
1.650000000000000e-01 1.242295150377370e-01 1.024092585081562e+00
1.700000000000000e-01 1.288510230950609e-01 1.025940596680569e+00
1.750000000000000e-01 1.335530672362758e-01 1.027893580970111e+00
1.800000000000000e-01 1.383385863920344e-01 1.029956924785973e+00
1.850000000000000e-01 1.432105716675912e-01 1.032136353983963e+00
1.900000000000000e-01 1.481720682123397e-01 1.034438128273713e+00
1.950000000000000e-01 1.532261771231311e-01 1.036868896352085e+00
2.000000000000000e-01 1.583760573825595e-01 1.039435547905483e+00
2.050000000000000e-01 1.636249278334301e-01 1.042145408322092e+00
2.100000000000000e-01 1.689760691906397e-01 1.045006454219819e+00
2.150000000000000e-01 1.744328260917313e-01 1.048027197716363e+00
2.200000000000000e-01 1.799986091874004e-01 1.051216530273448e+00
2.250000000000000e-01 1.856768972732633e-01 1.054583874543098e+00
2.300000000000000e-01 1.914712394642179e-01 1.058139419963582e+00
2.350000000000000e-01 1.973852574127551e-01 1.061894124272714e+00
2.400000000000000e-01 2.034226475726105e-01 1.065859613574942e+00
2.450000000000000e-01 2.095871835091678e-01 1.070048197410399e+00
2.500000000000000e-01 2.158827182580599e-01 1.074472999643169e+00
2.550000000000000e-01 2.223131867334419e-01 1.079148173972017e+00
2.600000000000000e-01 2.288826081874405e-01 1.084089050748233e+00
2.650000000000000e-01 2.355950887223172e-01 1.089312025241638e+00
2.700000000000000e-01 2.424548238569160e-01 1.094834496058747e+00
2.750000000000000e-01 2.494661011489995e-01 1.100675134453489e+00
2.800000000000000e-01 2.566333028751116e-01 1.106854117619297e+00
2.850000000000000e-01 2.639609087696434e-01 1.113393276933024e+00
2.900000000000000e-01 2.714534988248126e-01 1.120316345895270e+00
2.950000000000000e-01 2.791157561533084e-01 1.127648978823606e+00
3.000000000000000e-01 2.869524699153886e-01 1.135418839385300e+00
3.050000000000000e-01 2.949685383122613e-01 1.143655946665692e+00
3.100000000000000e-01 3.031689716476197e-01 1.152392838187343e+00
3.150000000000000e-01 3.115588954592450e-01 1.161665033849341e+00
3.200000000000000e-01 3.201435537226349e-01 1.171511409928616e+00
3.250000000000000e-01 3.289283121286580e-01 1.181974602169456e+00
3.300000000000000e-01 3.379186614372866e-01 1.193101571210067e+00
3.350000000000000e-01 3.471202209094989e-01 1.204944096235137e+00
3.400000000000000e-01 3.565387418195016e-01 1.217559524500809e+00
3.450000000000000e-01 3.661801110494620e-01 1.231011534455663e+00
3.500000000000000e-01 3.760503547690021e-01 1.245371149867978e+00
3.550000000000000e-01 3.861556422017504e-01 1.260717904284340e+00
3.600000000000000e-01 3.965022894813072e-01 1.277141291491076e+00
3.650000000000000e-01 4.070967635990345e-01 1.294742520533133e+00
3.700000000000000e-01 4.179456864461349e-01 1.313636688866671e+00
3.750000000000000e-01 4.290558389525505e-01 1.333955480067598e+00
3.800000000000000e-01 4.404341653252637e-01 1.355850552003985e+00
3.850000000000000e-01 4.520877773886537e-01 1.379497832256803e+00
3.900000000000000e-01 4.640239590296172e-01 1.405103025417324e+00
3.950000000000000e-01 4.762501707502353e-01 1.432908758656305e+00
4.000000000000000e-01 4.887740543308307e-01 1.463203975219037e+00
4.050000000000000e-01 5.016034376063282e-01 1.496336461644042e+00
4.100000000000000e-01 5.147463393589066e-01 1.532729821229782e+00
4.150000000000000e-01 5.282109743299990e-01 1.572906880223267e+00
4.200000000000000e-01 5.420057583547735e-01 1.617522605081615e+00
4.250000000000000e-01 5.561393136223041e-01 1.667411428220571e+00
4.300000000000000e-01 5.706204740647189e-01 1.723657005768111e+00
4.350000000000000e-01 5.854582908786964e-01 1.787697991045986e+00
4.400000000000000e-01 6.006620381827575e-01 1.861493678473411e+00
4.450000000000000e-01 6.162412188138907e-01 1.947793136460203e+00
4.500000000000000e-01 6.322055702671360e-01 2.050591104842250e+00
4.550000000000000e-01 6.485650707818353e-01 2.175936468414282e+00
4.600000000000000e-01 6.653299455783577e-01 2.333432771906315e+00
4.650000000000000e-01 6.825106732491932e-01 2.539102710943995e+00
4.700000000000000e-01 7.001179923084168e-01 2.820545209241395e+00
4.750000000000000e-01 7.181629079036070e-01 3.221863976608390e+00
4.800000000000000e-01 7.366566986944229e-01 3.774148258556419e+00
4.850000000000000e-01 7.556109239021327e-01 4.307979048488972e+00
4.900000000000000e-01 7.750374305345038e-01 4.337947180495471e+00
4.950000000000000e-01 7.949483607905672e-01 3.863319164578972e+00
5.000000000000000e-01 8.153561596498893e-01 3.378830754817478e+00
5.050000000000000e-01 8.362735826510871e-01 3.028501202600301e+00
5.100000000000000e-01 8.577137038644561e-01 2.771481401667461e+00
5.150000000000000e-01 8.796899240636907e-01 2.572350607527831e+00
5.200000000000000e-01 9.022159791018011e-01 2.413723659516838e+00
5.250000000000000e-01 9.253059484964714e-01 2.283889984996350e+00
5.300000000000000e-01 9.489742642302165e-01 2.175269621381135e+00
5.350000000000000e-01 9.732357197708378e-01 2.082919774986722e+00
5.400000000000000e-01 9.981054793178262e-01 2.003249404657710e+00
5.450000000000000e-01 1.023599087280478e+00 1.933723011938815e+00
5.500000000000000e-01 1.049732477993657e+00 1.872443919425001e+00
5.550000000000000e-01 1.076521985677273e+00 1.817969349533801e+00
5.600000000000001e-01 1.103984354645701e+00 1.769190209337451e+00
5.650000000000001e-01 1.132136749773522e+00 1.725227714840596e+00
5.700000000000001e-01 1.160996767224129e+00 1.685382629421246e+00
5.750000000000001e-01 1.190582445447902e+00 1.649087955250512e+00
5.800000000000000e-01 1.220912276456826e+00 1.615879091029445e+00
5.850000000000000e-01 1.252005217382601e+00 1.585371795143357e+00
5.900000000000000e-01 1.283880702325469e+00 1.557244608381125e+00
5.950000000000000e-01 1.316558654501151e+00 1.531226709592871e+00
6.000000000000000e-01 1.350059498693518e+00 1.507087943173583e+00
6.050000000000000e-01 1.384404174020732e+00 1.484631343029897e+00
6.100000000000000e-01 1.419614147022888e+00 1.463687250132069e+00
6.150000000000000e-01 1.455711425079295e+00 1.444108595444799e+00
6.200000000000000e-01 1.492718570163803e+00 1.425767186039532e+00
6.250000000000000e-01 1.530658712946775e+00 1.408550676691624e+00
6.300000000000000e-01 1.569555567252506e+00 1.392360119197516e+00
6.350000000000000e-01 1.609433444881138e+00 1.377107953803267e+00
6.400000000000000e-01 1.650317270804325e+00 1.362716349573920e+00
6.450000000000000e-01 1.692232598744148e+00 1.349115828417161e+00
6.500000000000000e-01 1.735205627145031e+00 1.336244114437942e+00
6.550000000000000e-01 1.779263215548615e+00 1.324045167724915e+00
6.600000000000000e-01 1.824432901381847e+00 1.312468368744049e+00
6.650000000000000e-01 1.870742917168772e+00 1.301467826893716e+00
6.700000000000000e-01 1.918222208176775e+00 1.291001792502035e+00
6.750000000000000e-01 1.966900450508319e+00 1.281032155650879e+00
6.800000000000000e-01 2.016808069649473e+00 1.271524018794045e+00
6.850000000000001e-01 2.067976259486829e+00 1.262445332898936e+00
6.900000000000001e-01 2.120437001804702e+00 1.253766589138174e+00
6.950000000000001e-01 2.174223086274785e+00 1.245460560063623e+00
7.000000000000001e-01 2.229368130950753e+00 1.237502085778127e+00
7.050000000000000e-01 2.285906603280654e+00 1.229867901940517e+00
7.100000000000000e-01 2.343873841650178e+00 1.222536507507737e+00
7.150000000000000e-01 2.403306077470301e+00 1.215488070924373e+00
7.200000000000000e-01 2.464240457823092e+00 1.208704373970189e+00
7.250000000000000e-01 2.526715068679855e+00 1.202168792592927e+00
7.300000000000000e-01 2.590768958706095e+00 1.195866313676081e+00
7.350000000000000e-01 2.656442163668210e+00 1.189783585681006e+00
7.400000000000000e-01 2.723775731457148e+00 1.183908999307738e+00
7.450000000000000e-01 2.792811747744667e+00 1.178232791602664e+00
7.500000000000000e-01 2.863593362288260e+00 1.172747163229722e+00
7.550000000000000e-01 2.936164815901156e+00 1.167446393971128e+00
7.600000000000000e-01 3.010571468104263e+00 1.162326936200389e+00
7.650000000000000e-01 3.086859825477351e+00 1.157387460628209e+00
7.700000000000000e-01 3.165077570727174e+00 1.152628823942916e+00
7.750000000000000e-01 3.245273592490716e+00 1.148053925223630e+00
7.800000000000000e-01 3.327498015892184e+00 1.143667418508937e+00
7.850000000000000e-01 3.411802233872832e+00 1.139475253850488e+00
7.900000000000000e-01 3.498238939313234e+00 1.135484029336638e+00
7.950000000000000e-01 3.586862157968046e+00 1.131700152011840e+00
8.000000000000000e-01 3.677727282233856e+00 1.128128825665803e+00
8.050000000000000e-01 3.770891105771243e+00 1.124772906962973e+00
8.100000000000001e-01 3.866411859002656e+00 1.121631697165954e+00
8.150000000000001e-01 3.964349245508326e+00 1.118699763900411e+00
8.200000000000001e-01 4.064764479342956e+00 1.115965915378353e+00
8.250000000000001e-01 4.167720323296481e+00 1.113412477805706e+00
8.300000000000001e-01 4.273281128122877e+00 1.111015054593126e+00
8.350000000000000e-01 4.381512872761445e+00 1.108742968751957e+00
8.400000000000000e-01 4.492483205575838e+00 1.106560590058532e+00
8.450000000000000e-01 4.606261486636447e+00 1.104429688030623e+00
8.500000000000000e-01 4.722918831072739e+00 1.102312780556342e+00
8.550000000000000e-01 4.842528153522501e+00 1.100177144298783e+00
8.600000000000000e-01 4.965164213705875e+00 1.097998780227083e+00
8.650000000000000e-01 5.090903663152626e+00 1.095765358219120e+00
8.700000000000000e-01 5.219825093111814e+00 1.093477213952550e+00
8.750000000000000e-01 5.352009083673925e+00 1.091145946923930e+00
8.800000000000000e-01 5.487538254136007e+00 1.088790937948220e+00
8.850000000000000e-01 5.626497314641444e+00 1.086434815903340e+00
8.900000000000000e-01 5.768973119126561e+00 1.084099189906136e+00
8.950000000000000e-01 5.915054719607133e+00 1.081801690956445e+00
9.000000000000000e-01 6.064833421838831e+00 1.079554724184610e+00
9.050000000000000e-01 6.218402842386253e+00 1.077365683511200e+00
9.100000000000000e-01 6.375858967136348e+00 1.075238016767126e+00
9.150000000000000e-01 6.537300211292723e+00 1.073172518045435e+00
9.200000000000000e-01 6.702827480888332e+00 1.071168437415419e+00
9.250000000000000e-01 6.872544235855034e+00 1.069224252959016e+00
9.300000000000000e-01 7.046556554689444e+00 1.067338126434987e+00
9.350000000000001e-01 7.224973200755413e+00 1.065508135890545e+00
9.400000000000001e-01 7.407905690264673e+00 1.063732378798301e+00
9.450000000000001e-01 7.595468361978146e+00 1.062009011061589e+00
9.500000000000001e-01 7.787778448671316e+00 1.060336258452822e+00
9.550000000000001e-01 7.984956150408610e+00 1.058712417715757e+00
9.600000000000000e-01 8.187124709672272e+00 1.057135854333370e+00
9.650000000000000e-01 8.394410488393007e+00 1.055604999444505e+00
9.700000000000000e-01 8.606943046930221e+00 1.054118346679766e+00
9.750000000000000e-01 8.824855225051540e+00 1.052674449121750e+00
9.800000000000000e-01 9.048283224961922e+00 1.051271916430869e+00
9.850000000000000e-01 9.277366696434507e+00 1.049909412136497e+00
9.900000000000000e-01 9.512248824096272e+00 1.048585651084394e+00
9.950000000000000e-01 9.753076416923058e+00 1.047299397030194e+00
1.000000000000000e+00 1.000000000000000e+01 1.046049460369241e+00
