0.000000000000000e+00 0.000000000000000e+00 1.000000000000000e+00
5.000000000000000e-03 3.369477419287315e-03 1.000012457142045e+00
1.000000000000000e-02 6.741060871647481e-03 1.000062402074103e+00
1.500000000000000e-02 1.011685770649257e-02 1.000145912545941e+00
2.000000000000000e-02 1.349897790673588e-02 1.000263055048618e+00
2.500000000000000e-02 1.688953540759990e-02 1.000414136289592e+00
3.000000000000000e-02 2.029064941789469e-02 1.000599608395806e+00
3.500000000000000e-02 2.370444574459234e-02 1.000819925406534e+00
4.000000000000000e-02 2.713305812152553e-02 1.001075663216143e+00
4.500000000000000e-02 3.057862954304063e-02 1.001367507522591e+00
5.000000000000000e-02 3.404331360343898e-02 1.001696173678960e+00
5.500000000000000e-02 3.752927584304335e-02 1.002062504018263e+00
6.000000000000000e-02 4.103869510173117e-02 1.002467503363146e+00
6.500000000000000e-02 4.457376488078044e-02 1.002912211860388e+00
7.000000000000001e-02 4.813669471387935e-02 1.003397739512844e+00
7.500000000000000e-02 5.172971154815675e-02 1.003925384091586e+00
8.000000000000000e-02 5.535506113609672e-02 1.004496547628975e+00
8.500000000000001e-02 5.901500943920686e-02 1.005112670376868e+00
9.000000000000000e-02 6.271184404431801e-02 1.005775367066917e+00
9.500000000000000e-02 6.644787559340060e-02 1.006486432762064e+00
1.000000000000000e-01 7.022543922779090e-02 1.007247699326860e+00
1.050000000000000e-01 7.404689604773053e-02 1.008061109844279e+00
1.100000000000000e-01 7.791463458813094e-02 1.008928867543029e+00
1.150000000000000e-01 8.183107231148547e-02 1.009853310222549e+00
1.200000000000000e-01 8.579865711886202e-02 1.010836805932349e+00
1.250000000000000e-01 8.981986887992111e-02 1.011881933098767e+00
1.300000000000000e-01 9.389722098291493e-02 1.012991557066369e+00
1.350000000000000e-01 9.803326190563690e-02 1.014168646337465e+00
1.400000000000000e-01 1.022305768083033e-01 1.015416264190327e+00
1.450000000000000e-01 1.064917891493625e-01 1.016737768179510e+00
1.500000000000000e-01 1.108195623252418e-01 1.018136794074174e+00
1.550000000000000e-01 1.152166013350572e-01 1.019617092922314e+00
1.600000000000000e-01 1.196856544713255e-01 1.021182609121358e+00
1.650000000000000e-01 1.242295150377370e-01 1.022837646000873e+00
1.700000000000000e-01 1.288510230950609e-01 1.024586789846478e+00
1.750000000000000e-01 1.335530672362758e-01 1.026434792349542e+00
1.800000000000000e-01 1.383385863920344e-01 1.028386693586107e+00
1.850000000000000e-01 1.432105716675912e-01 1.030447960825783e+00
1.900000000000000e-01 1.481720682123397e-01 1.032624401092508e+00
1.950000000000000e-01 1.532261771231311e-01 1.034922061249536e+00
2.000000000000000e-01 1.583760573825595e-01 1.037347347551443e+00
2.050000000000000e-01 1.636249278334301e-01 1.039907184655888e+00
2.100000000000000e-01 1.689760691906397e-01 1.042608976184300e+00
2.150000000000000e-01 1.744328260917313e-01 1.045460474143325e+00
2.200000000000000e-01 1.799986091874004e-01 1.048469828113016e+00
2.250000000000000e-01 1.856768972732633e-01 1.051645809799167e+00
2.300000000000000e-01 1.914712394642179e-01 1.054997905595815e+00
2.350000000000000e-01 1.973852574127551e-01 1.058536149371428e+00
2.400000000000000e-01 2.034226475726105e-01 1.062271038316684e+00
2.450000000000000e-01 2.095871835091678e-01 1.066213772936878e+00
2.500000000000000e-01 2.158827182580599e-01 1.070376482237740e+00
2.550000000000000e-01 2.223131867334419e-01 1.074772174584200e+00
2.600000000000000e-01 2.288826081874405e-01 1.079414686346758e+00
2.650000000000000e-01 2.355950887223172e-01 1.084318725961285e+00
2.700000000000000e-01 2.424548238569160e-01 1.089499923746285e+00
2.750000000000000e-01 2.494661011489995e-01 1.094975080595455e+00
2.800000000000000e-01 2.566333028751116e-01 1.100762416359032e+00
2.850000000000000e-01 2.639609087696434e-01 1.106881530420722e+00
2.900000000000000e-01 2.714534988248126e-01 1.113353492527476e+00
2.950000000000000e-01 2.791157561533084e-01 1.120200956924749e+00
3.000000000000000e-01 2.869524699153886e-01 1.127448186325934e+00
3.050000000000000e-01 2.949685383122613e-01 1.135121403316352e+00
3.100000000000000e-01 3.031689716476197e-01 1.143248952020229e+00
3.150000000000000e-01 3.115588954592450e-01 1.151861586822481e+00
3.200000000000000e-01 3.201435537226349e-01 1.160992788610378e+00
3.250000000000000e-01 3.289283121286580e-01 1.170678996946101e+00
3.300000000000000e-01 3.379186614372866e-01 1.180960027291092e+00
3.350000000000000e-01 3.471202209094989e-01 1.191879403635405e+00
3.400000000000000e-01 3.565387418195016e-01 1.203484872071976e+00
3.450000000000000e-01 3.661801110494620e-01 1.215828918847938e+00
3.500000000000000e-01 3.760503547690021e-01 1.228969434572046e+00
3.550000000000000e-01 3.861556422017504e-01 1.242970466971328e+00
3.600000000000000e-01 3.965022894813072e-01 1.257903128989296e+00
3.650000000000000e-01 4.070967635990345e-01 1.273846671498394e+00
3.700000000000000e-01 4.179456864461349e-01 1.290889770810161e+00
3.750000000000000e-01 4.290558389525505e-01 1.309132076845772e+00
3.800000000000000e-01 4.404341653252637e-01 1.328686088688117e+00
3.850000000000000e-01 4.520877773886537e-01 1.349679439866855e+00
3.900000000000000e-01 4.640239590296172e-01 1.372257701117995e+00
3.950000000000000e-01 4.762501707502353e-01 1.396587839962296e+00
4.000000000000000e-01 4.887740543308307e-01 1.422862518883102e+00
4.050000000000000e-01 5.016034376063282e-01 1.451305469500483e+00
4.100000000000000e-01 5.147463393589066e-01 1.482178252823007e+00
4.150000000000000e-01 5.282109743299990e-01 1.515788808768425e+00
4.200000000000000e-01 5.420057583547735e-01 1.552502313038892e+00
4.250000000000000e-01 5.561393136223041e-01 1.592754990197591e+00
4.300000000000000e-01 5.706204740647189e-01 1.637071652635071e+00
4.350000000000000e-01 5.854582908786964e-01 1.686087769870831e+00
4.400000000000000e-01 6.006620381827575e-01 1.740576621967792e+00
4.450000000000000e-01 6.162412188138907e-01 1.801481059167378e+00
4.500000000000000e-01 6.322055702671360e-01 1.869946376714888e+00
4.550000000000000e-01 6.485650707818353e-01 1.947342967263780e+00
4.600000000000000e-01 6.653299455783577e-01 2.035248148550366e+00
4.650000000000000e-01 6.825106732491932e-01 2.135311589568464e+00
4.700000000000000e-01 7.001179923084168e-01 2.248831521296490e+00
4.750000000000000e-01 7.181629079036070e-01 2.375690900730810e+00
4.800000000000000e-01 7.366566986944229e-01 2.512108730232709e+00
4.850000000000000e-01 7.556109239021327e-01 2.646956770677916e+00
4.900000000000000e-01 7.750374305345038e-01 2.758560829237945e+00
4.950000000000000e-01 7.949483607905672e-01 2.818339003406684e+00
5.000000000000000e-01 8.153561596498893e-01 2.806658403553749e+00
5.050000000000000e-01 8.362735826510871e-01 2.729451840112129e+00
5.100000000000000e-01 8.577137038644561e-01 2.613883209060961e+00
5.150000000000000e-01 8.796899240636907e-01 2.487788433172448e+00
5.200000000000000e-01 9.022159791018011e-01 2.367368207224380e+00
5.250000000000000e-01 9.253059484964714e-01 2.258558764788293e+00
5.300000000000000e-01 9.489742642302165e-01 2.162191934098596e+00
5.350000000000000e-01 9.732357197708378e-01 2.077267404331811e+00
5.400000000000000e-01 9.981054793178262e-01 2.002311449389375e+00
5.450000000000000e-01 1.023599087280478e+00 1.935865779377409e+00
5.500000000000000e-01 1.049732477993657e+00 1.876645897289125e+00
5.550000000000000e-01 1.076521985677273e+00 1.823569334701813e+00
5.600000000000001e-01 1.103984354645701e+00 1.775738557428580e+00
5.650000000000001e-01 1.132136749773522e+00 1.732412704546071e+00
5.700000000000001e-01 1.160996767224129e+00 1.692979419026973e+00
5.750000000000001e-01 1.190582445447902e+00 1.656930375068782e+00
5.800000000000000e-01 1.220912276456826e+00 1.623841213807359e+00
5.850000000000000e-01 1.252005217382601e+00 1.593355458970065e+00
5.900000000000000e-01 1.283880702325469e+00 1.565171740891096e+00
5.950000000000000e-01 1.316558654501151e+00 1.539033673240638e+00
6.000000000000000e-01 1.350059498693518e+00 1.514721816993247e+00
6.050000000000000e-01 1.384404174020732e+00 1.492047277478076e+00
6.100000000000000e-01 1.419614147022888e+00 1.470846578470467e+00
6.150000000000000e-01 1.455711425079295e+00 1.450977537207887e+00
6.200000000000000e-01 1.492718570163803e+00 1.432315927433170e+00
6.250000000000000e-01 1.530658712946775e+00 1.414752766224414e+00
6.300000000000000e-01 1.569555567252506e+00 1.398192097544939e+00
6.350000000000000e-01 1.609433444881138e+00 1.382549173759978e+00
6.400000000000000e-01 1.650317270804325e+00 1.367748957886422e+00
6.450000000000000e-01 1.692232598744148e+00 1.353724885697944e+00
6.500000000000000e-01 1.735205627145031e+00 1.340417839228858e+00
6.550000000000000e-01 1.779263215548615e+00 1.327775292628880e+00
6.600000000000000e-01 1.824432901381847e+00 1.315750598411444e+00
6.650000000000000e-01 1.870742917168772e+00 1.304302387435274e+00
6.700000000000000e-01 1.918222208176775e+00 1.293394059867717e+00
6.750000000000000e-01 1.966900450508319e+00 1.282993347221832e+00
6.800000000000000e-01 2.016808069649473e+00 1.273071927607673e+00
6.850000000000001e-01 2.067976259486829e+00 1.263605077830352e+00
6.900000000000001e-01 2.120437001804702e+00 1.254571347125397e+00
6.950000000000001e-01 2.174223086274785e+00 1.245952238358236e+00
7.000000000000001e-01 2.229368130950753e+00 1.237731883633211e+00
7.050000000000000e-01 2.285906603280654e+00 1.229896702646367e+00
7.100000000000000e-01 2.343873841650178e+00 1.222435033936399e+00
7.150000000000000e-01 2.403306077470301e+00 1.215336731558972e+00
7.200000000000000e-01 2.464240457823092e+00 1.208592722697628e+00
7.250000000000000e-01 2.526715068679855e+00 1.202194525339555e+00
7.300000000000000e-01 2.590768958706095e+00 1.196133729349109e+00
7.350000000000000e-01 2.656442163668210e+00 1.190401449005422e+00
7.400000000000000e-01 2.723775731457148e+00 1.184987760282771e+00
7.450000000000000e-01 2.792811747744667e+00 1.179881141838845e+00
7.500000000000000e-01 2.863593362288260e+00 1.175067944889634e+00
7.550000000000000e-01 2.936164815901156e+00 1.170531923970599e+00
7.600000000000000e-01 3.010571468104263e+00 1.166253868013674e+00
7.650000000000000e-01 3.086859825477351e+00 1.162211378927642e+00
7.700000000000000e-01 3.165077570727174e+00 1.158378852074451e+00
7.750000000000000e-01 3.245273592490716e+00 1.154727717788360e+00
7.800000000000000e-01 3.327498015892184e+00 1.151227002030987e+00
7.850000000000000e-01 3.411802233872832e+00 1.147844252341949e+00
7.900000000000000e-01 3.498238939313234e+00 1.144546846061625e+00
7.950000000000000e-01 3.586862157968046e+00 1.141303645559282e+00
8.000000000000000e-01 3.677727282233856e+00 1.138086888612826e+00
8.050000000000000e-01 3.770891105771243e+00 1.134874109990502e+00
8.100000000000001e-01 3.866411859002656e+00 1.131649806067088e+00
8.150000000000001e-01 3.964349245508326e+00 1.128406514272293e+00
8.200000000000001e-01 4.064764479342956e+00 1.125145020672081e+00
8.250000000000001e-01 4.167720323296481e+00 1.121873549774924e+00
8.300000000000001e-01 4.273281128122877e+00 1.118606009414429e+00
8.350000000000000e-01 4.381512872761445e+00 1.115359596420604e+00
8.400000000000000e-01 4.492483205575838e+00 1.112152230883040e+00
8.450000000000000e-01 4.606261486636447e+00 1.109000311986851e+00
8.500000000000000e-01 4.722918831072739e+00 1.105917165037146e+00
8.550000000000000e-01 4.842528153522501e+00 1.102912328706139e+00
8.600000000000000e-01 4.965164213705875e+00 1.099991602105318e+00
8.650000000000000e-01 5.090903663152626e+00 1.097157613836392e+00
8.700000000000000e-01 5.219825093111814e+00 1.094410627049454e+00
8.750000000000000e-01 5.352009083673925e+00 1.091749341567612e+00
8.800000000000000e-01 5.487538254136007e+00 1.089171549910124e+00
8.850000000000000e-01 5.626497314641444e+00 1.086674599600152e+00
8.900000000000000e-01 5.768973119126561e+00 1.084255679424815e+00
8.950000000000000e-01 5.915054719607133e+00 1.081911976028417e+00
9.000000000000000e-01 6.064833421838831e+00 1.079640748905609e+00
9.050000000000000e-01 6.218402842386253e+00 1.077439360522028e+00
9.100000000000000e-01 6.375858967136348e+00 1.075305284675209e+00
9.150000000000000e-01 6.537300211292723e+00 1.073236105572579e+00
9.200000000000000e-01 6.702827480888332e+00 1.071229513514463e+00
9.250000000000000e-01 6.872544235855034e+00 1.069283299631439e+00
9.300000000000000e-01 7.046556554689444e+00 1.067395350572450e+00
9.350000000000001e-01 7.224973200755413e+00 1.065563643424998e+00
9.400000000000001e-01 7.407905690264673e+00 1.063786240933676e+00
9.450000000000001e-01 7.595468361978146e+00 1.062061287017408e+00
9.500000000000001e-01 7.787778448671316e+00 1.060387002568670e+00
9.550000000000001e-01 7.984956150408610e+00 1.058761681515110e+00
9.600000000000000e-01 8.187124709672272e+00 1.057183687124612e+00
9.650000000000000e-01 8.394410488393007e+00 1.055651448536248e+00
9.700000000000000e-01 8.606943046930221e+00 1.054163457500979e+00
9.750000000000000e-01 8.824855225051540e+00 1.052718265317238e+00
9.800000000000000e-01 9.048283224961922e+00 1.051314479947781e+00
9.850000000000000e-01 9.277366696434507e+00 1.049950763305222e+00
9.900000000000000e-01 9.512248824096272e+00 1.048625828694708e+00
9.950000000000000e-01 9.753076416923058e+00 1.047338438403066e+00
1.000000000000000e+00 1.000000000000000e+01 1.046087401424592e+00
