0.000000000000000e+00 0.000000000000000e+00 1.000000000000000e+00
5.000000000000000e-03 3.369477419287315e-03 1.000013032219532e+00
1.000000000000000e-02 6.741060871647481e-03 1.000065264751812e+00
1.500000000000000e-02 1.011685770649257e-02 1.000152568949914e+00
2.000000000000000e-02 1.349897790673588e-02 1.000275037544630e+00
2.500000000000000e-02 1.688953540759990e-02 1.000432989651129e+00
3.000000000000000e-02 2.029064941789469e-02 1.000626922916331e+00
3.500000000000000e-02 2.370444574459234e-02 1.000857316711257e+00
4.000000000000000e-02 2.713305812152553e-02 1.001124716682902e+00
4.500000000000000e-02 3.057862954304063e-02 1.001429855956861e+00
5.000000000000000e-02 3.404331360343898e-02 1.001773555859441e+00
5.500000000000000e-02 3.752927584304335e-02 1.002156660992501e+00
6.000000000000000e-02 4.103869510173117e-02 1.002580172311189e+00
6.500000000000000e-02 4.457376488078044e-02 1.003045250614156e+00
7.000000000000001e-02 4.813669471387935e-02 1.003553079531742e+00
7.500000000000000e-02 5.172971154815675e-02 1.004104935656819e+00
8.000000000000000e-02 5.535506113609672e-02 1.004702323945153e+00
8.500000000000001e-02 5.901500943920686e-02 1.005346849662077e+00
9.000000000000000e-02 6.271184404431801e-02 1.006040133057560e+00
9.500000000000000e-02 6.644787559340060e-02 1.006783985600697e+00
1.000000000000000e-01 7.022543922779090e-02 1.007580446875810e+00
1.050000000000000e-01 7.404689604773053e-02 1.008431610153079e+00
1.100000000000000e-01 7.791463458813094e-02 1.009339668805059e+00
1.150000000000000e-01 8.183107231148547e-02 1.010307074809207e+00
1.200000000000000e-01 8.579865711886202e-02 1.011336444286437e+00
1.250000000000000e-01 8.981986887992111e-02 1.012430466947982e+00
1.300000000000000e-01 9.389722098291493e-02 1.013592065676175e+00
1.350000000000000e-01 9.803326190563690e-02 1.014824435042890e+00
1.400000000000000e-01 1.022305768083033e-01 1.016130876352484e+00
1.450000000000000e-01 1.064917891493625e-01 1.017514847082715e+00
1.500000000000000e-01 1.108195623252418e-01 1.018980155357086e+00
1.550000000000000e-01 1.152166013350572e-01 1.020530873772184e+00
1.600000000000000e-01 1.196856544713255e-01 1.022171179530159e+00
1.650000000000000e-01 1.242295150377370e-01 1.023905511954851e+00
1.700000000000000e-01 1.288510230950609e-01 1.025738749615048e+00
1.750000000000000e-01 1.335530672362758e-01 1.027676053905908e+00
1.800000000000000e-01 1.383385863920344e-01 1.029722740276088e+00
1.850000000000000e-01 1.432105716675912e-01 1.031884488632677e+00
1.900000000000000e-01 1.481720682123397e-01 1.034167508203192e+00
1.950000000000000e-01 1.532261771231311e-01 1.036578362820477e+00
2.000000000000000e-01 1.583760573825595e-01 1.039123850322390e+00
2.050000000000000e-01 1.636249278334301e-01 1.041811226437956e+00
2.100000000000000e-01 1.689760691906397e-01 1.044648397058680e+00
2.150000000000000e-01 1.744328260917313e-01 1.047643768476653e+00
2.200000000000000e-01 1.799986091874004e-01 1.050806103552652e+00
2.250000000000000e-01 1.856768972732633e-01 1.054144711700246e+00
2.300000000000000e-01 1.914712394642179e-01 1.057669684136505e+00
2.350000000000000e-01 1.973852574127551e-01 1.061391850095331e+00
2.400000000000000e-01 2.034226475726105e-01 1.065322658551222e+00
2.450000000000000e-01 2.095871835091678e-01 1.069474235955683e+00
2.500000000000000e-01 2.158827182580599e-01 1.073859545420355e+00
2.550000000000000e-01 2.223131867334419e-01 1.078492566337914e+00
2.600000000000000e-01 2.288826081874405e-01 1.083388408809285e+00
2.650000000000000e-01 2.355950887223172e-01 1.088563210599016e+00
2.700000000000000e-01 2.424548238569160e-01 1.094034083596541e+00
2.750000000000000e-01 2.494661011489995e-01 1.099819395746548e+00
2.800000000000000e-01 2.566333028751116e-01 1.105939015137807e+00
2.850000000000000e-01 2.639609087696434e-01 1.112414423549254e+00
2.900000000000000e-01 2.714534988248126e-01 1.119268941002075e+00
2.950000000000000e-01 2.791157561533084e-01 1.126527751396816e+00
3.000000000000000e-01 2.869524699153886e-01 1.134217975762228e+00
3.050000000000000e-01 2.949685383122613e-01 1.142369025170785e+00
3.100000000000000e-01 3.031689716476197e-01 1.151012761388318e+00
3.150000000000000e-01 3.115588954592450e-01 1.160183935117880e+00
3.200000000000000e-01 3.201435537226349e-01 1.169920550944320e+00
3.250000000000000e-01 3.289283121286580e-01 1.180264239379612e+00
3.300000000000000e-01 3.379186614372866e-01 1.191260797894377e+00
3.350000000000000e-01 3.471202209094989e-01 1.202960654829255e+00
3.400000000000000e-01 3.565387418195016e-01 1.215419578167394e+00
3.450000000000000e-01 3.661801110494620e-01 1.228699395074176e+00
3.500000000000000e-01 3.760503547690021e-01 1.242868943919695e+00
3.550000000000000e-01 3.861556422017504e-01 1.258005165019687e+00
3.600000000000000e-01 3.965022894813072e-01 1.274194452905244e+00
3.650000000000000e-01 4.070967635990345e-01 1.291534286647260e+00
3.700000000000000e-01 4.179456864461349e-01 1.310135239190024e+00
3.750000000000000e-01 4.290558389525505e-01 1.330123459835493e+00
3.800000000000000e-01 4.404341653252637e-01 1.351643775295216e+00
3.850000000000000e-01 4.520877773886537e-01 1.374863597803974e+00
3.900000000000000e-01 4.640239590296172e-01 1.399977902578873e+00
3.950000000000000e-01 4.762501707502353e-01 1.427215637814141e+00
4.000000000000000e-01 4.887740543308307e-01 1.456848080139214e+00
4.050000000000000e-01 5.016034376063282e-01 1.489199870384452e+00
4.100000000000000e-01 5.147463393589066e-01 1.524663800955481e+00
4.150000000000000e-01 5.282109743299990e-01 1.563720945781467e+00
4.200000000000000e-01 5.420057583547735e-01 1.606968543827588e+00
4.250000000000000e-01 5.561393136223041e-01 1.655159370821774e+00
4.300000000000000e-01 5.706204740647189e-01 1.709258522510028e+00
4.350000000000000e-01 5.854582908786964e-01 1.770527242636103e+00
4.400000000000000e-01 6.006620381827575e-01 1.840649871045773e+00
4.450000000000000e-01 6.162412188138907e-01 1.921931401722957e+00
4.500000000000000e-01 6.322055702671360e-01 2.017613522016172e+00
4.550000000000000e-01 6.485650707818353e-01 2.132392385632054e+00
4.600000000000000e-01 6.653299455783577e-01 2.273274106219115e+00
4.650000000000000e-01 6.825106732491932e-01 2.450927466981812e+00
4.700000000000000e-01 7.001179923084168e-01 2.681325868774367e+00
4.750000000000000e-01 7.181629079036070e-01 2.984741116462801e+00
4.800000000000000e-01 7.366566986944229e-01 3.366872751058660e+00
4.850000000000000e-01 7.556109239021327e-01 3.746130328427664e+00
4.900000000000000e-01 7.750374305345038e-01 3.891849577030793e+00
4.950000000000000e-01 7.949483607905672e-01 3.680423503717897e+00
5.000000000000000e-01 8.153561596498893e-01 3.320661768018167e+00
5.050000000000000e-01 8.362735826510871e-01 3.004045643560333e+00
5.100000000000000e-01 8.577137038644561e-01 2.758868562991637e+00
5.150000000000000e-01 8.796899240636907e-01 2.566222825093847e+00
5.200000000000000e-01 9.022159791018011e-01 2.410800492925146e+00
5.250000000000000e-01 9.253059484964714e-01 2.282877452989331e+00
5.300000000000000e-01 9.489742642302165e-01 2.175511356307029e+00
5.350000000000000e-01 9.732357197708378e-01 2.083949842373785e+00
5.400000000000000e-01 9.981054793178262e-01 2.004835282132265e+00
5.450000000000000e-01 1.023599087280478e+00 1.935690937972235e+00
5.500000000000000e-01 1.049732477993657e+00 1.874679722967290e+00
5.550000000000000e-01 1.076521985677273e+00 1.820397168785443e+00
5.600000000000001e-01 1.103984354645701e+00 1.771751549560053e+00
5.650000000000001e-01 1.132136749773522e+00 1.727882356710112e+00
5.700000000000001e-01 1.160996767224129e+00 1.688099499364688e+00
5.750000000000001e-01 1.190582445447902e+00 1.651843483882328e+00
5.800000000000000e-01 1.220912276456826e+00 1.618655173828919e+00
5.850000000000000e-01 1.252005217382601e+00 1.588153830342666e+00
5.900000000000000e-01 1.283880702325469e+00 1.560020882994545e+00
5.950000000000000e-01 1.316558654501151e+00 1.533987424870161e+00
6.000000000000000e-01 1.350059498693518e+00 1.509824733087655e+00
6.050000000000000e-01 1.384404174020732e+00 1.487336868215834e+00
6.100000000000000e-01 1.419614147022888e+00 1.466354862144013e+00
6.150000000000000e-01 1.455711425079295e+00 1.446732118885863e+00
6.200000000000000e-01 1.492718570163803e+00 1.428340725726396e+00
6.250000000000000e-01 1.530658712946775e+00 1.411068478518438e+00
6.300000000000000e-01 1.569555567252506e+00 1.394816461050042e+00
6.350000000000000e-01 1.609433444881138e+00 1.379497061236109e+00
6.400000000000000e-01 1.650317270804325e+00 1.365032335312906e+00
6.450000000000000e-01 1.692232598744148e+00 1.351352650651117e+00
6.500000000000000e-01 1.735205627145031e+00 1.338395554179795e+00
6.550000000000000e-01 1.779263215548615e+00 1.326104824893930e+00
6.600000000000000e-01 1.824432901381847e+00 1.314429677962498e+00
6.650000000000000e-01 1.870742917168772e+00 1.303324094948063e+00
6.700000000000000e-01 1.918222208176775e+00 1.292746260049718e+00
6.750000000000000e-01 1.966900450508319e+00 1.282658086560009e+00
6.800000000000000e-01 2.016808069649473e+00 1.273024821095885e+00
6.850000000000001e-01 2.067976259486829e+00 1.263814715827237e+00
6.900000000000001e-01 2.120437001804702e+00 1.254998761009505e+00
6.950000000000001e-01 2.174223086274785e+00 1.246550471704612e+00
7.000000000000001e-01 2.229368130950753e+00 1.238445723684984e+00
7.050000000000000e-01 2.285906603280654e+00 1.230662634160360e+00
7.100000000000000e-01 2.343873841650178e+00 1.223181483120662e+00
7.150000000000000e-01 2.403306077470301e+00 1.215984670705144e+00
7.200000000000000e-01 2.464240457823092e+00 1.209056705036390e+00
7.250000000000000e-01 2.526715068679855e+00 1.202384213358154e+00
7.300000000000000e-01 2.590768958706095e+00 1.195955967089194e+00
7.350000000000000e-01 2.656442163668210e+00 1.189762908626224e+00
7.400000000000000e-01 2.723775731457148e+00 1.183798164586376e+00
7.450000000000000e-01 2.792811747744667e+00 1.178057027008836e+00
7.500000000000000e-01 2.863593362288260e+00 1.172536881335185e+00
7.550000000000000e-01 2.936164815901156e+00 1.167237058401208e+00
7.600000000000000e-01 3.010571468104263e+00 1.162158587919038e+00
7.650000000000000e-01 3.086859825477351e+00 1.157303833686395e+00
7.700000000000000e-01 3.165077570727174e+00 1.152675996521292e+00
7.750000000000000e-01 3.245273592490716e+00 1.148278479860247e+00
7.800000000000000e-01 3.327498015892184e+00 1.144114124872964e+00
7.850000000000000e-01 3.411802233872832e+00 1.140184336316451e+00
7.900000000000000e-01 3.498238939313234e+00 1.136488136533921e+00
7.950000000000000e-01 3.586862157968046e+00 1.133021202489384e+00
8.000000000000000e-01 3.677727282233856e+00 1.129774959277973e+00
8.050000000000000e-01 3.770891105771243e+00 1.126735823050397e+00
8.100000000000001e-01 3.866411859002656e+00 1.123884706307567e+00
8.150000000000001e-01 3.964349245508326e+00 1.121196917445124e+00
8.200000000000001e-01 4.064764479342956e+00 1.118642599480103e+00
8.250000000000001e-01 4.167720323296481e+00 1.116187848461550e+00
8.300000000000001e-01 4.273281128122877e+00 1.113796608431450e+00
8.350000000000000e-01 4.381512872761445e+00 1.111433328886951e+00
8.400000000000000e-01 4.492483205575838e+00 1.109066176331920e+00
8.450000000000000e-01 4.606261486636447e+00 1.106670339868909e+00
8.500000000000000e-01 4.722918831072739e+00 1.104230752007359e+00
8.550000000000000e-01 4.842528153522501e+00 1.101743494980293e+00
8.600000000000000e-01 4.965164213705875e+00 1.099215386567687e+00
8.650000000000000e-01 5.090903663152626e+00 1.096661723316105e+00
8.700000000000000e-01 5.219825093111814e+00 1.094102729820308e+00
8.750000000000000e-01 5.352009083673925e+00 1.091559660374902e+00
8.800000000000000e-01 5.487538254136007e+00 1.089051530277323e+00
8.850000000000000e-01 5.626497314641444e+00 1.086593117096264e+00
8.900000000000000e-01 5.768973119126561e+00 1.084194357006776e+00
8.950000000000000e-01 5.915054719607133e+00 1.081860821001087e+00
9.000000000000000e-01 6.064833421838831e+00 1.079594754594566e+00
9.050000000000000e-01 6.218402842386253e+00 1.077396209304689e+00
9.100000000000000e-01 6.375858967136348e+00 1.075263976708136e+00
9.150000000000000e-01 6.537300211292723e+00 1.073196228754393e+00
9.200000000000000e-01 6.702827480888332e+00 1.071190894889251e+00
9.250000000000000e-01 6.872544235855034e+00 1.069245855523078e+00
9.300000000000000e-01 7.046556554689444e+00 1.067359028411095e+00
9.350000000000001e-01 7.224973200755413e+00 1.065528401296724e+00
9.400000000000001e-01 7.407905690264673e+00 1.063752041033386e+00
9.450000000000001e-01 7.595468361978146e+00 1.062028093708628e+00
9.500000000000001e-01 7.787778448671316e+00 1.060354781820804e+00
9.550000000000001e-01 7.984956150408610e+00 1.058730400714857e+00
9.600000000000000e-01 8.187124709672272e+00 1.057153314981740e+00
9.650000000000000e-01 8.394410488393007e+00 1.055621955013366e+00
9.700000000000000e-01 8.606943046930221e+00 1.054134813751167e+00
9.750000000000000e-01 8.824855225051540e+00 1.052690443626051e+00
9.800000000000000e-01 9.048283224961922e+00 1.051287453678759e+00
9.850000000000000e-01 9.277366696434507e+00 1.049924506848592e+00
9.900000000000000e-01 9.512248824096272e+00 1.048600317419031e+00
9.950000000000000e-01 9.753076416923058e+00 1.047313648609639e+00
1.000000000000000e+00 1.000000000000000e+01 1.046063310304415e+00
