0.000000000000000e+00 0.000000000000000e+00 1.000000000000000e+00
5.000000000000000e-03 3.369477419287315e-03 1.000006447504059e+00
1.000000000000000e-02 6.741060871647481e-03 1.000032262278986e+00
1.500000000000000e-02 1.011685770649257e-02 1.000075369408756e+00
2.000000000000000e-02 1.349897790673588e-02 1.000135877894868e+00
2.500000000000000e-02 1.688953540759990e-02 1.000213936079069e+00
3.000000000000000e-02 2.029064941789469e-02 1.000309730184149e+00
3.500000000000000e-02 2.370444574459234e-02 1.000423508043680e+00
4.000000000000000e-02 2.713305812152553e-02 1.000555582702940e+00
4.500000000000000e-02 3.057862954304063e-02 1.000706284928083e+00
5.000000000000000e-02 3.404331360343898e-02 1.000875967428329e+00
5.500000000000000e-02 3.752927584304335e-02 1.001065067518203e+00
6.000000000000000e-02 4.103869510173117e-02 1.001274101712372e+00
6.500000000000000e-02 4.457376488078044e-02 1.001503594625833e+00
7.000000000000001e-02 4.813669471387935e-02 1.001754093231206e+00
7.500000000000000e-02 5.172971154815675e-02 1.002026244859771e+00
8.000000000000000e-02 5.535506113609672e-02 1.002320783333020e+00
8.500000000000001e-02 5.901500943920686e-02 1.002638450082666e+00
9.000000000000000e-02 6.271184404431801e-02 1.002980014409182e+00
9.500000000000000e-02 6.644787559340060e-02 1.003346358690120e+00
1.000000000000000e-01 7.022543922779090e-02 1.003738464953509e+00
1.050000000000000e-01 7.404689604773053e-02 1.004157329127712e+00
1.100000000000000e-01 7.791463458813094e-02 1.004603974524348e+00
1.150000000000000e-01 8.183107231148547e-02 1.005079548843601e+00
1.200000000000000e-01 8.579865711886202e-02 1.005585328322463e+00
1.250000000000000e-01 8.981986887992111e-02 1.006122618204728e+00
1.300000000000000e-01 9.389722098291493e-02 1.006692739082360e+00
1.350000000000000e-01 9.803326190563690e-02 1.007297140965443e+00
1.400000000000000e-01 1.022305768083033e-01 1.007937447389819e+00
1.450000000000000e-01 1.064917891493625e-01 1.008615345404886e+00
1.500000000000000e-01 1.108195623252418e-01 1.009332526717579e+00
1.550000000000000e-01 1.152166013350572e-01 1.010090799119558e+00
1.600000000000000e-01 1.196856544713255e-01 1.010892173462326e+00
1.650000000000000e-01 1.242295150377370e-01 1.011738788853845e+00
1.700000000000000e-01 1.288510230950609e-01 1.012632839775065e+00
1.750000000000000e-01 1.335530672362758e-01 1.013576611465302e+00
1.800000000000000e-01 1.383385863920344e-01 1.014572530096515e+00
1.850000000000000e-01 1.432105716675912e-01 1.015623209527286e+00
1.900000000000000e-01 1.481720682123397e-01 1.016731482225734e+00
1.950000000000000e-01 1.532261771231311e-01 1.017900308579546e+00
2.000000000000000e-01 1.583760573825595e-01 1.019132707917109e+00
2.050000000000000e-01 1.636249278334301e-01 1.020431868831800e+00
2.100000000000000e-01 1.689760691906397e-01 1.021801211916955e+00
2.150000000000000e-01 1.744328260917313e-01 1.023244380188019e+00
2.200000000000000e-01 1.799986091874004e-01 1.024765299812153e+00
2.250000000000000e-01 1.856768972732633e-01 1.026368105312483e+00
2.300000000000000e-01 1.914712394642179e-01 1.028057086844726e+00
2.350000000000000e-01 1.973852574127551e-01 1.029836778457901e+00
2.400000000000000e-01 2.034226475726105e-01 1.031711904902672e+00
2.450000000000000e-01 2.095871835091678e-01 1.033687478752697e+00
2.500000000000000e-01 2.158827182580599e-01 1.035768820701169e+00
2.550000000000000e-01 2.223131867334419e-01 1.037961556972049e+00
2.600000000000000e-01 2.288826081874405e-01 1.040271679059696e+00
2.650000000000000e-01 2.355950887223172e-01 1.042705508848764e+00
2.700000000000000e-01 2.424548238569160e-01 1.045269753307267e+00
2.750000000000000e-01 2.494661011489995e-01 1.047971493308974e+00
2.800000000000000e-01 2.566333028751116e-01 1.050818222786761e+00
2.850000000000000e-01 2.639609087696434e-01 1.053817861490747e+00
2.900000000000000e-01 2.714534988248126e-01 1.056978785671482e+00
2.950000000000000e-01 2.791157561533084e-01 1.060309851983434e+00
3.000000000000000e-01 2.869524699153886e-01 1.063820426478616e+00
3.050000000000000e-01 2.949685383122613e-01 1.067520412969921e+00
3.100000000000000e-01 3.031689716476197e-01 1.071420283086024e+00
3.150000000000000e-01 3.115588954592450e-01 1.075531106915422e+00
3.200000000000000e-01 3.201435537226349e-01 1.079864584429495e+00
3.250000000000000e-01 3.289283121286580e-01 1.084433077287909e+00
3.300000000000000e-01 3.379186614372866e-01 1.089249640709350e+00
3.350000000000000e-01 3.471202209094989e-01 1.094328054908983e+00
3.400000000000000e-01 3.565387418195016e-01 1.099682855474126e+00
3.450000000000000e-01 3.661801110494620e-01 1.105329361860791e+00
3.500000000000000e-01 3.760503547690021e-01 1.111283702970066e+00
3.550000000000000e-01 3.861556422017504e-01 1.117562838485792e+00
3.600000000000000e-01 3.965022894813072e-01 1.124184574314734e+00
3.650000000000000e-01 4.070967635990345e-01 1.131167570052993e+00
3.700000000000000e-01 4.179456864461349e-01 1.138531335891440e+00
3.750000000000000e-01 4.290558389525505e-01 1.146296215748511e+00
3.800000000000000e-01 4.404341653252637e-01 1.154483352657234e+00
3.850000000000000e-01 4.520877773886537e-01 1.163114631506839e+00
3.900000000000000e-01 4.640239590296172e-01 1.172212593114883e+00
3.950000000000000e-01 4.762501707502353e-01 1.181800312245755e+00
4.000000000000000e-01 4.887740543308307e-01 1.191901230552873e+00
4.050000000000000e-01 5.016034376063282e-01 1.202538933458240e+00
4.100000000000000e-01 5.147463393589066e-01 1.213736857646035e+00
4.150000000000000e-01 5.282109743299990e-01 1.225517913091207e+00
4.200000000000000e-01 5.420057583547735e-01 1.237904000335584e+00
4.250000000000000e-01 5.561393136223041e-01 1.250915400053778e+00
4.300000000000000e-01 5.706204740647189e-01 1.264570007858062e+00
4.350000000000000e-01 5.854582908786964e-01 1.278882382897956e+00
4.400000000000000e-01 6.006620381827575e-01 1.293862574377132e+00
4.450000000000000e-01 6.162412188138907e-01 1.309514686117163e+00
4.500000000000000e-01 6.322055702671360e-01 1.325835136558268e+00
4.550000000000000e-01 6.485650707818353e-01 1.342810571406450e+00
4.600000000000000e-01 6.653299455783577e-01 1.360415390510500e+00
4.650000000000000e-01 6.825106732491932e-01 1.378608862401137e+00
4.700000000000000e-01 7.001179923084168e-01 1.397331823311306e+00
4.750000000000000e-01 7.181629079036070e-01 1.416502997738195e+00
4.800000000000000e-01 7.366566986944229e-01 1.436015041083932e+00
4.850000000000000e-01 7.556109239021327e-01 1.455730498257987e+00
4.900000000000000e-01 7.750374305345038e-01 1.475478000344065e+00
4.950000000000000e-01 7.949483607905672e-01 1.495049184403229e+00
5.000000000000000e-01 8.153561596498893e-01 1.514197008480189e+00
5.050000000000000e-01 8.362735826510871e-01 1.532636316481563e+00
5.100000000000000e-01 8.577137038644561e-01 1.550047632894193e+00
5.150000000000000e-01 8.796899240636907e-01 1.566085155867463e+00
5.200000000000000e-01 9.022159791018011e-01 1.580389672841057e+00
5.250000000000000e-01 9.253059484964714e-01 1.592606561991935e+00
5.300000000000000e-01 9.489742642302165e-01 1.602408144598212e+00
5.350000000000000e-01 9.732357197708378e-01 1.609518519297322e+00
5.400000000000000e-01 9.981054793178262e-01 1.613737897329692e+00
5.450000000000000e-01 1.023599087280478e+00 1.614962749714397e+00
5.500000000000000e-01 1.049732477993657e+00 1.613198150502130e+00
5.550000000000000e-01 1.076521985677273e+00 1.608559739302526e+00
5.600000000000001e-01 1.103984354645701e+00 1.601264570290708e+00
5.650000000000001e-01 1.132136749773522e+00 1.591612257268943e+00
5.700000000000001e-01 1.160996767224129e+00 1.579959603974788e+00
5.750000000000001e-01 1.190582445447902e+00 1.566692801851920e+00
5.800000000000000e-01 1.220912276456826e+00 1.552201119012676e+00
5.850000000000000e-01 1.252005217382601e+00 1.536855014403331e+00
5.900000000000000e-01 1.283880702325469e+00 1.520990236622155e+00
5.950000000000000e-01 1.316558654501151e+00 1.504898156032382e+00
6.000000000000000e-01 1.350059498693518e+00 1.488821622377072e+00
6.050000000000000e-01 1.384404174020732e+00 1.472955128459102e+00
6.100000000000000e-01 1.419614147022888e+00 1.457447933432021e+00
6.150000000000000e-01 1.455711425079295e+00 1.442408927912422e+00
6.200000000000000e-01 1.492718570163803e+00 1.427912276799782e+00
6.250000000000000e-01 1.530658712946775e+00 1.414003156872088e+00
6.300000000000000e-01 1.569555567252506e+00 1.400703157984071e+00
6.350000000000000e-01 1.609433444881138e+00 1.388015115045652e+00
6.400000000000000e-01 1.650317270804325e+00 1.375927279892758e+00
6.450000000000000e-01 1.692232598744148e+00 1.364416835201936e+00
6.500000000000000e-01 1.735205627145031e+00 1.353452807773387e+00
6.550000000000000e-01 1.779263215548615e+00 1.342998466509365e+00
6.600000000000000e-01 1.824432901381847e+00 1.333013299980721e+00
6.650000000000000e-01 1.870742917168772e+00 1.323454666027531e+00
6.700000000000000e-01 1.918222208176775e+00 1.314279195755730e+00
6.750000000000000e-01 1.966900450508319e+00 1.305444019383932e+00
6.800000000000000e-01 2.016808069649473e+00 1.296907863437555e+00
6.850000000000001e-01 2.067976259486829e+00 1.288632049000852e+00
6.900000000000001e-01 2.120437001804702e+00 1.280581400208131e+00
6.950000000000001e-01 2.174223086274785e+00 1.272725052175120e+00
7.000000000000001e-01 2.229368130950753e+00 1.265037129855857e+00
7.050000000000000e-01 2.285906603280654e+00 1.257497256043370e+00
7.100000000000000e-01 2.343873841650178e+00 1.250090840371350e+00
7.150000000000000e-01 2.403306077470301e+00 1.242809103990202e+00
7.200000000000000e-01 2.464240457823092e+00 1.235648807981995e+00
7.250000000000000e-01 2.526715068679855e+00 1.228611677307904e+00
7.300000000000000e-01 2.590768958706095e+00 1.221703543695305e+00
7.350000000000000e-01 2.656442163668210e+00 1.214933265598731e+00
7.400000000000000e-01 2.723775731457148e+00 1.208311514725718e+00
7.450000000000000e-01 2.792811747744667e+00 1.201849539735346e+00
7.500000000000000e-01 2.863593362288260e+00 1.195558023111523e+00
7.550000000000000e-01 2.936164815901156e+00 1.189446134475839e+00
7.600000000000000e-01 3.010571468104263e+00 1.183520854389069e+00
7.650000000000000e-01 3.086859825477351e+00 1.177786602557620e+00
7.700000000000000e-01 3.165077570727174e+00 1.172245161431916e+00
7.750000000000000e-01 3.245273592490716e+00 1.166895848981033e+00
7.800000000000000e-01 3.327498015892184e+00 1.161735869619477e+00
7.850000000000000e-01 3.411802233872832e+00 1.156760763044489e+00
7.900000000000000e-01 3.498238939313234e+00 1.151964876362676e+00
7.950000000000000e-01 3.586862157968046e+00 1.147341801360558e+00
8.000000000000000e-01 3.677727282233856e+00 1.142884740451615e+00
8.050000000000000e-01 3.770891105771243e+00 1.138586786168555e+00
8.100000000000001e-01 3.866411859002656e+00 1.134441116028674e+00
8.150000000000001e-01 3.964349245508326e+00 1.130441115300332e+00
8.200000000000001e-01 4.064764479342956e+00 1.126580444769693e+00
8.250000000000001e-01 4.167720323296481e+00 1.122853070509816e+00
8.300000000000001e-01 4.273281128122877e+00 1.119253269836520e+00
8.350000000000000e-01 4.381512872761445e+00 1.115775623845880e+00
8.400000000000000e-01 4.492483205575838e+00 1.112415003353489e+00
8.450000000000000e-01 4.606261486636447e+00 1.109166552269783e+00
8.500000000000000e-01 4.722918831072739e+00 1.106025670558304e+00
8.550000000000000e-01 4.842528153522501e+00 1.102987997787941e+00
8.600000000000000e-01 4.965164213705875e+00 1.100049397677709e+00
8.650000000000000e-01 5.090903663152626e+00 1.097205943736745e+00
8.700000000000000e-01 5.219825093111814e+00 1.094453905975806e+00
8.750000000000000e-01 5.352009083673925e+00 1.091789738621127e+00
8.800000000000000e-01 5.487538254136007e+00 1.089210068750484e+00
8.850000000000000e-01 5.626497314641444e+00 1.086711685773263e+00
8.900000000000000e-01 5.768973119126561e+00 1.084291531682160e+00
8.950000000000000e-01 5.915054719607133e+00 1.081946692010736e+00
9.000000000000000e-01 6.064833421838831e+00 1.079674387437312e+00
9.050000000000000e-01 6.218402842386253e+00 1.077471965981326e+00
9.100000000000000e-01 6.375858967136348e+00 1.075336895743435e+00
9.150000000000000e-01 6.537300211292723e+00 1.073266758145149e+00
9.200000000000000e-01 6.702827480888332e+00 1.071259241627903e+00
9.250000000000000e-01 6.872544235855034e+00 1.069312135775131e+00
9.300000000000000e-01 7.046556554689444e+00 1.067423325824190e+00
9.350000000000001e-01 7.224973200755413e+00 1.065590787537929e+00
9.400000000000001e-01 7.407905690264673e+00 1.063812582408403e+00
9.450000000000001e-01 7.595468361978146e+00 1.062086853167567e+00
9.500000000000001e-01 7.787778448671316e+00 1.060411819582014e+00
9.550000000000001e-01 7.984956150408610e+00 1.058785774510723e+00
9.600000000000000e-01 8.187124709672272e+00 1.057207080206612e+00
9.650000000000000e-01 8.394410488393007e+00 1.055674164844222e+00
9.700000000000000e-01 8.606943046930221e+00 1.054185519257388e+00
9.750000000000000e-01 8.824855225051540e+00 1.052739693872012e+00
9.800000000000000e-01 9.048283224961922e+00 1.051335295820288e+00
9.850000000000000e-01 9.277366696434507e+00 1.049970986223802e+00
9.900000000000000e-01 9.512248824096272e+00 1.048645477633930e+00
9.950000000000000e-01 9.753076416923058e+00 1.047357531618871e+00
1.000000000000000e+00 1.000000000000000e+01 1.046105956487448e+00
