0.000000000000000e+00 0.000000000000000e+00 1.000000000000000e+00
5.000000000000000e-03 3.369477419287315e-03 1.000001075886107e+00
1.000000000000000e-02 6.741060871647481e-03 1.000005343998268e+00
1.500000000000000e-02 1.011685770649257e-02 1.000012406189458e+00
2.000000000000000e-02 1.349897790673588e-02 1.000022368809414e+00
2.500000000000000e-02 1.688953540759990e-02 1.000035272132270e+00
3.000000000000000e-02 2.029064941789469e-02 1.000051113830948e+00
3.500000000000000e-02 2.370444574459234e-02 1.000069951996958e+00
4.000000000000000e-02 2.713305812152553e-02 1.000091886722001e+00
4.500000000000000e-02 3.057862954304063e-02 1.000116995880402e+00
5.000000000000000e-02 3.404331360343898e-02 1.000145342434753e+00
5.500000000000000e-02 3.752927584304335e-02 1.000177024093786e+00
6.000000000000000e-02 4.103869510173117e-02 1.000212183737729e+00
6.500000000000000e-02 4.457376488078044e-02 1.000250964519730e+00
7.000000000000001e-02 4.813669471387935e-02 1.000293493845581e+00
7.500000000000000e-02 5.172971154815675e-02 1.000339915943476e+00
8.000000000000000e-02 5.535506113609672e-02 1.000390399411342e+00
8.500000000000001e-02 5.901500943920686e-02 1.000445135927186e+00
9.000000000000000e-02 6.271184404431801e-02 1.000504362412090e+00
9.500000000000000e-02 6.644787559340060e-02 1.000568326899282e+00
1.000000000000000e-01 7.022543922779090e-02 1.000637271314546e+00
1.050000000000000e-01 7.404689604773053e-02 1.000711467024816e+00
1.100000000000000e-01 7.791463458813094e-02 1.000791187420043e+00
1.150000000000000e-01 8.183107231148547e-02 1.000876738801648e+00
1.200000000000000e-01 8.579865711886202e-02 1.000968464175341e+00
1.250000000000000e-01 8.981986887992111e-02 1.001066731197493e+00
1.300000000000000e-01 9.389722098291493e-02 1.001171954268771e+00
1.350000000000000e-01 9.803326190563690e-02 1.001284574034362e+00
1.400000000000000e-01 1.022305768083033e-01 1.001405075354102e+00
1.450000000000000e-01 1.064917891493625e-01 1.001533978355034e+00
1.500000000000000e-01 1.108195623252418e-01 1.001671848165799e+00
1.550000000000000e-01 1.152166013350572e-01 1.001819294856700e+00
1.600000000000000e-01 1.196856544713255e-01 1.001976979188059e+00
1.650000000000000e-01 1.242295150377370e-01 1.002145616113119e+00
1.700000000000000e-01 1.288510230950609e-01 1.002325979779142e+00
1.750000000000000e-01 1.335530672362758e-01 1.002518908431850e+00
1.800000000000000e-01 1.383385863920344e-01 1.002725309917072e+00
1.850000000000000e-01 1.432105716675912e-01 1.002946167573697e+00
1.900000000000000e-01 1.481720682123397e-01 1.003182546647735e+00
1.950000000000000e-01 1.532261771231311e-01 1.003435601241220e+00
2.000000000000000e-01 1.583760573825595e-01 1.003706581849227e+00
2.050000000000000e-01 1.636249278334301e-01 1.003996843528052e+00
2.100000000000000e-01 1.689760691906397e-01 1.004307854743056e+00
2.150000000000000e-01 1.744328260917313e-01 1.004641206945727e+00
2.200000000000000e-01 1.799986091874004e-01 1.004998624931846e+00
2.250000000000000e-01 1.856768972732633e-01 1.005381978034456e+00
2.300000000000000e-01 1.914712394642179e-01 1.005793292207022e+00
2.350000000000000e-01 1.973852574127551e-01 1.006234763053508e+00
2.400000000000000e-01 2.034226475726105e-01 1.006708769862962e+00
2.450000000000000e-01 2.095871835091678e-01 1.007217890706491e+00
2.500000000000000e-01 2.158827182580599e-01 1.007764918654058e+00
2.550000000000000e-01 2.223131867334419e-01 1.008352879167117e+00
2.600000000000000e-01 2.288826081874405e-01 1.008985048720637e+00
2.650000000000000e-01 2.355950887223172e-01 1.009664974704094e+00
2.700000000000000e-01 2.424548238569160e-01 1.010396496645524e+00
2.750000000000000e-01 2.494661011489995e-01 1.011183768795108e+00
2.800000000000000e-01 2.566333028751116e-01 1.012031284094891e+00
2.850000000000000e-01 2.639609087696434e-01 1.012943899548488e+00
2.900000000000000e-01 2.714534988248126e-01 1.013926862988625e+00
2.950000000000000e-01 2.791157561533084e-01 1.014985841220478e+00
3.000000000000000e-01 2.869524699153886e-01 1.016126949494387e+00
3.050000000000000e-01 2.949685383122613e-01 1.017356782231887e+00
3.100000000000000e-01 3.031689716476197e-01 1.018682444893275e+00
3.150000000000000e-01 3.115588954592450e-01 1.020111586832215e+00
3.200000000000000e-01 3.201435537226349e-01 1.021652434932077e+00
3.250000000000000e-01 3.289283121286580e-01 1.023313827758625e+00
3.300000000000000e-01 3.379186614372866e-01 1.025105249893037e+00
3.350000000000000e-01 3.471202209094989e-01 1.027036866026499e+00
3.400000000000000e-01 3.565387418195016e-01 1.029119554301248e+00
3.450000000000000e-01 3.661801110494620e-01 1.031364938271046e+00
3.500000000000000e-01 3.760503547690021e-01 1.033785416724789e+00
3.550000000000000e-01 3.861556422017504e-01 1.036394190468213e+00
3.600000000000000e-01 3.965022894813072e-01 1.039205284988181e+00
3.650000000000000e-01 4.070967635990345e-01 1.042233567729594e+00
3.700000000000000e-01 4.179456864461349e-01 1.045494758494288e+00
3.750000000000000e-01 4.290558389525505e-01 1.049005431222069e+00
3.800000000000000e-01 4.404341653252637e-01 1.052783005134360e+00
3.850000000000000e-01 4.520877773886537e-01 1.056845722909250e+00
3.900000000000000e-01 4.640239590296172e-01 1.061212613212119e+00
3.950000000000000e-01 4.762501707502353e-01 1.065903434528804e+00
4.000000000000000e-01 4.887740543308307e-01 1.070938596840193e+00
4.050000000000000e-01 5.016034376063282e-01 1.076339057242426e+00
4.100000000000000e-01 5.147463393589066e-01 1.082126185162657e+00
4.150000000000000e-01 5.282109743299990e-01 1.088321592358054e+00
4.200000000000000e-01 5.420057583547735e-01 1.094946922432469e+00
4.250000000000000e-01 5.561393136223041e-01 1.102023594185032e+00
4.300000000000000e-01 5.706204740647189e-01 1.109572492751280e+00
4.350000000000000e-01 5.854582908786964e-01 1.117613602254944e+00
4.400000000000000e-01 6.006620381827575e-01 1.126165573615771e+00
4.450000000000000e-01 6.162412188138907e-01 1.135245221330607e+00
4.500000000000000e-01 6.322055702671360e-01 1.144866943555290e+00
4.550000000000000e-01 6.485650707818353e-01 1.155042060778171e+00
4.600000000000000e-01 6.653299455783577e-01 1.165778069928869e+00
4.650000000000000e-01 6.825106732491932e-01 1.177077813065273e+00
4.700000000000000e-01 7.001179923084168e-01 1.188938563002758e+00
4.750000000000000e-01 7.181629079036070e-01 1.201351032575947e+00
4.800000000000000e-01 7.366566986944229e-01 1.214298319834947e+00
4.850000000000000e-01 7.556109239021327e-01 1.227754808528423e+00
4.900000000000000e-01 7.750374305345038e-01 1.241685051810669e+00
4.950000000000000e-01 7.949483607905672e-01 1.256042677222877e+00
5.000000000000000e-01 8.153561596498893e-01 1.270769362474444e+00
5.050000000000000e-01 8.362735826510871e-01 1.285793943993140e+00
5.100000000000000e-01 8.577137038644561e-01 1.301031732918172e+00
5.150000000000000e-01 8.796899240636907e-01 1.316384125080670e+00
5.200000000000000e-01 9.022159791018011e-01 1.331738600995719e+00
5.250000000000000e-01 9.253059484964714e-01 1.346969216934496e+00
5.300000000000000e-01 9.489742642302165e-01 1.361937686268582e+00
5.350000000000000e-01 9.732357197708378e-01 1.376495138720608e+00
5.400000000000000e-01 9.981054793178262e-01 1.390484621215911e+00
5.450000000000000e-01 1.023599087280478e+00 1.403744365605954e+00
5.500000000000000e-01 1.049732477993657e+00 1.416111794855111e+00
5.550000000000000e-01 1.076521985677273e+00 1.427428171765204e+00
5.600000000000001e-01 1.103984354645701e+00 1.437543717361079e+00
5.650000000000001e-01 1.132136749773522e+00 1.446322947525795e+00
5.700000000000001e-01 1.160996767224129e+00 1.453649907420018e+00
5.750000000000001e-01 1.190582445447902e+00 1.459432936703378e+00
5.800000000000000e-01 1.220912276456826e+00 1.463608587338909e+00
5.850000000000000e-01 1.252005217382601e+00 1.466144349137916e+00
5.900000000000000e-01 1.283880702325469e+00 1.467039918954649e+00
5.950000000000000e-01 1.316558654501151e+00 1.466326871584851e+00
6.000000000000000e-01 1.350059498693518e+00 1.464066739038240e+00
6.050000000000000e-01 1.384404174020732e+00 1.460347658372874e+00
6.100000000000000e-01 1.419614147022888e+00 1.455279882902393e+00
6.150000000000000e-01 1.455711425079295e+00 1.448990546636882e+00
6.200000000000000e-01 1.492718570163803e+00 1.441618114361173e+00
6.250000000000000e-01 1.530658712946775e+00 1.433306937088979e+00
6.300000000000000e-01 1.569555567252506e+00 1.424202272006723e+00
6.350000000000000e-01 1.609433444881138e+00 1.414446031960835e+00
6.400000000000000e-01 1.650317270804325e+00 1.404173419877466e+00
6.450000000000000e-01 1.692232598744148e+00 1.393510495428824e+00
6.500000000000000e-01 1.735205627145031e+00 1.382572628420432e+00
6.550000000000000e-01 1.779263215548615e+00 1.371463724408913e+00
6.600000000000000e-01 1.824432901381847e+00 1.360276066493346e+00
6.650000000000000e-01 1.870742917168772e+00 1.349090602251789e+00
6.700000000000000e-01 1.918222208176775e+00 1.337977512486925e+00
6.750000000000000e-01 1.966900450508319e+00 1.326996922973344e+00
6.800000000000000e-01 2.016808069649473e+00 1.316199655114428e+00
6.850000000000001e-01 2.067976259486829e+00 1.305627949722211e+00
6.900000000000001e-01 2.120437001804702e+00 1.295316134183008e+00
6.950000000000001e-01 2.174223086274785e+00 1.285291232517080e+00
7.000000000000001e-01 2.229368130950753e+00 1.275573537418293e+00
7.050000000000000e-01 2.285906603280654e+00 1.266177172271363e+00
7.100000000000000e-01 2.343873841650178e+00 1.257110670193374e+00
7.150000000000000e-01 2.403306077470301e+00 1.248377588613315e+00
7.200000000000000e-01 2.464240457823092e+00 1.239977165004611e+00
7.250000000000000e-01 2.526715068679855e+00 1.231905005605709e+00
7.300000000000000e-01 2.590768958706095e+00 1.224153787394453e+00
7.350000000000000e-01 2.656442163668210e+00 1.216713946394458e+00
7.400000000000000e-01 2.723775731457148e+00 1.209574323545006e+00
7.450000000000000e-01 2.792811747744667e+00 1.202722742593719e+00
7.500000000000000e-01 2.863593362288260e+00 1.196146501524960e+00
7.550000000000000e-01 2.936164815901156e+00 1.189832768105350e+00
7.600000000000000e-01 3.010571468104263e+00 1.183768879314131e+00
7.650000000000000e-01 3.086859825477351e+00 1.177942552165379e+00
7.700000000000000e-01 3.165077570727174e+00 1.172342018753043e+00
7.750000000000000e-01 3.245273592490716e+00 1.166956100963304e+00
7.800000000000000e-01 3.327498015892184e+00 1.161774240482626e+00
7.850000000000000e-01 3.411802233872832e+00 1.156786498133800e+00
7.900000000000000e-01 3.498238939313234e+00 1.151983533974976e+00
7.950000000000000e-01 3.586862157968046e+00 1.147356576704935e+00
8.000000000000000e-01 3.677727282233856e+00 1.142897388243993e+00
8.050000000000000e-01 3.770891105771243e+00 1.138598227186529e+00
8.100000000000001e-01 3.866411859002656e+00 1.134451813231478e+00
8.150000000000001e-01 3.964349245508326e+00 1.130451293640555e+00
8.200000000000001e-01 4.064764479342956e+00 1.126590212134458e+00
8.250000000000001e-01 4.167720323296481e+00 1.122862480287083e+00
8.300000000000001e-01 4.273281128122877e+00 1.119262351307911e+00
8.350000000000000e-01 4.381512872761445e+00 1.115784396034492e+00
8.400000000000000e-01 4.492483205575838e+00 1.112423480940195e+00
8.450000000000000e-01 4.606261486636447e+00 1.109174747968742e+00
8.500000000000000e-01 4.722918831072739e+00 1.106033596021925e+00
8.550000000000000e-01 4.842528153522501e+00 1.102995663943823e+00
8.600000000000000e-01 4.965164213705875e+00 1.100056814861068e+00
8.650000000000000e-01 5.090903663152626e+00 1.097213121753521e+00
8.700000000000000e-01 5.219825093111814e+00 1.094460854142874e+00
8.750000000000000e-01 5.352009083673925e+00 1.091796465798368e+00
8.800000000000000e-01 5.487538254136007e+00 1.089216583369147e+00
8.850000000000000e-01 5.626497314641444e+00 1.086717995861924e+00
8.900000000000000e-01 5.768973119126561e+00 1.084297644890720e+00
8.950000000000000e-01 5.915054719607133e+00 1.081952615632690e+00
9.000000000000000e-01 6.064833421838831e+00 1.079680128430422e+00
9.050000000000000e-01 6.218402842386253e+00 1.077477530986860e+00
9.100000000000000e-01 6.375858967136348e+00 1.075342291104068e+00
9.150000000000000e-01 6.537300211292723e+00 1.073271989921643e+00
9.200000000000000e-01 6.702827480888332e+00 1.071264315614666e+00
9.250000000000000e-01 6.872544235855034e+00 1.069317057514735e+00
9.300000000000000e-01 7.046556554689444e+00 1.067428100620930e+00
9.350000000000001e-01 7.224973200755413e+00 1.065595420470512e+00
9.400000000000001e-01 7.407905690264673e+00 1.063817078341806e+00
9.450000000000001e-01 7.595468361978146e+00 1.062091216764157e+00
9.500000000000001e-01 7.787778448671316e+00 1.060416055311952e+00
9.550000000000001e-01 7.984956150408610e+00 1.058789886661743e+00
9.600000000000000e-01 8.187124709672272e+00 1.057211072893177e+00
9.650000000000000e-01 8.394410488393007e+00 1.055678042016141e+00
9.700000000000000e-01 8.606943046930221e+00 1.054189284707910e+00
9.750000000000000e-01 8.824855225051540e+00 1.052743351245437e+00
9.800000000000000e-01 9.048283224961922e+00 1.051338848619133e+00
9.850000000000000e-01 9.277366696434507e+00 1.049974437815548e+00
9.900000000000000e-01 9.512248824096272e+00 1.048648831257389e+00
9.950000000000000e-01 9.753076416923058e+00 1.047360790390178e+00
1.000000000000000e+00 1.000000000000000e+01 1.046109123405726e+00
