0.000000000000000e+00 0.000000000000000e+00 1.000000000000000e+00
5.000000000000000e-03 3.369477419287315e-03 1.000010573629984e+00
1.000000000000000e-02 6.741060871647481e-03 1.000052778730700e+00
1.500000000000000e-02 1.011685770649257e-02 1.000123023147615e+00
2.000000000000000e-02 1.349897790673588e-02 1.000221731466887e+00
2.500000000000000e-02 1.688953540759990e-02 1.000349181668721e+00
3.000000000000000e-02 2.029064941789469e-02 1.000505558356256e+00
3.500000000000000e-02 2.370444574459234e-02 1.000691261218507e+00
4.000000000000000e-02 2.713305812152553e-02 1.000906844690411e+00
4.500000000000000e-02 3.057862954304063e-02 1.001152842135888e+00
5.000000000000000e-02 3.404331360343898e-02 1.001429835696715e+00
5.500000000000000e-02 3.752927584304335e-02 1.001738564528667e+00
6.000000000000000e-02 4.103869510173117e-02 1.002079846005532e+00
6.500000000000000e-02 4.457376488078044e-02 1.002454514775448e+00
7.000000000000001e-02 4.813669471387935e-02 1.002863526658773e+00
7.500000000000000e-02 5.172971154815675e-02 1.003307978520893e+00
8.000000000000000e-02 5.535506113609672e-02 1.003788997385290e+00
8.500000000000001e-02 5.901500943920686e-02 1.004307770493719e+00
9.000000000000000e-02 6.271184404431801e-02 1.004865668996904e+00
9.500000000000000e-02 6.644787559340060e-02 1.005464178707469e+00
1.000000000000000e-01 7.022543922779090e-02 1.006104791337171e+00
1.050000000000000e-01 7.404689604773053e-02 1.006789119041753e+00
1.100000000000000e-01 7.791463458813094e-02 1.007518997792509e+00
1.150000000000000e-01 8.183107231148547e-02 1.008296352073613e+00
1.200000000000000e-01 8.579865711886202e-02 1.009123124157302e+00
1.250000000000000e-01 8.981986887992111e-02 1.010001437428292e+00
1.300000000000000e-01 9.389722098291493e-02 1.010933656640109e+00
1.350000000000000e-01 9.803326190563690e-02 1.011922227118713e+00
1.400000000000000e-01 1.022305768083033e-01 1.012969649810009e+00
1.450000000000000e-01 1.064917891493625e-01 1.014078658011543e+00
1.500000000000000e-01 1.108195623252418e-01 1.015252243030000e+00
1.550000000000000e-01 1.152166013350572e-01 1.016493493087424e+00
1.600000000000000e-01 1.196856544713255e-01 1.017805593507935e+00
1.650000000000000e-01 1.242295150377370e-01 1.019192006083372e+00
1.700000000000000e-01 1.288510230950609e-01 1.020656492151733e+00
1.750000000000000e-01 1.335530672362758e-01 1.022202950983277e+00
1.800000000000000e-01 1.383385863920344e-01 1.023835406214720e+00
1.850000000000000e-01 1.432105716675912e-01 1.025558196460176e+00
1.900000000000000e-01 1.481720682123397e-01 1.027376042207793e+00
1.950000000000000e-01 1.532261771231311e-01 1.029293878674147e+00
2.000000000000000e-01 1.583760573825595e-01 1.031316782894681e+00
2.050000000000000e-01 1.636249278334301e-01 1.033450167181087e+00
2.100000000000000e-01 1.689760691906397e-01 1.035699925268419e+00
2.150000000000000e-01 1.744328260917313e-01 1.038072302700498e+00
2.200000000000000e-01 1.799986091874004e-01 1.040573771410764e+00
2.250000000000000e-01 1.856768972732633e-01 1.043211139457677e+00
2.300000000000000e-01 1.914712394642179e-01 1.045991694738413e+00
2.350000000000000e-01 1.973852574127551e-01 1.048923243027144e+00
2.400000000000000e-01 2.034226475726105e-01 1.052014111955263e+00
2.450000000000000e-01 2.095871835091678e-01 1.055273065006528e+00
2.500000000000000e-01 2.158827182580599e-01 1.058709240744323e+00
2.550000000000000e-01 2.223131867334419e-01 1.062332349405946e+00
2.600000000000000e-01 2.288826081874405e-01 1.066152830882658e+00
2.650000000000000e-01 2.355950887223172e-01 1.070181821142427e+00
2.700000000000000e-01 2.424548238569160e-01 1.074431222749507e+00
2.750000000000000e-01 2.494661011489995e-01 1.078913664260603e+00
2.800000000000000e-01 2.566333028751116e-01 1.083642439321671e+00
2.850000000000000e-01 2.639609087696434e-01 1.088631697849924e+00
2.900000000000000e-01 2.714534988248126e-01 1.093896443646527e+00
2.950000000000000e-01 2.791157561533084e-01 1.099452693262542e+00
3.000000000000000e-01 2.869524699153886e-01 1.105317580597804e+00
3.050000000000000e-01 2.949685383122613e-01 1.111509394229886e+00
3.100000000000000e-01 3.031689716476197e-01 1.118047727520481e+00
3.150000000000000e-01 3.115588954592450e-01 1.124953507994593e+00
3.200000000000000e-01 3.201435537226349e-01 1.132249149034176e+00
3.250000000000000e-01 3.289283121286580e-01 1.139958634235882e+00
3.300000000000000e-01 3.379186614372866e-01 1.148107669534316e+00
3.350000000000000e-01 3.471202209094989e-01 1.156723818657647e+00
3.400000000000000e-01 3.565387418195016e-01 1.165836670646938e+00
3.450000000000000e-01 3.661801110494620e-01 1.175478014841938e+00
3.500000000000000e-01 3.760503547690021e-01 1.185682036875428e+00
3.550000000000000e-01 3.861556422017504e-01 1.196485531258455e+00
3.600000000000000e-01 3.965022894813072e-01 1.207928134124178e+00
3.650000000000000e-01 4.070967635990345e-01 1.220052576007413e+00
3.700000000000000e-01 4.179456864461349e-01 1.232904955320972e+00
3.750000000000000e-01 4.290558389525505e-01 1.246535031756504e+00
3.800000000000000e-01 4.404341653252637e-01 1.260996537545206e+00
3.850000000000000e-01 4.520877773886537e-01 1.276347502175399e+00
3.900000000000000e-01 4.640239590296172e-01 1.292650582711004e+00
3.950000000000000e-01 4.762501707502353e-01 1.309973386607797e+00
4.000000000000000e-01 4.887740543308307e-01 1.328388766072460e+00
4.050000000000000e-01 5.016034376063282e-01 1.347975051301443e+00
4.100000000000000e-01 5.147463393589066e-01 1.368816172553015e+00
4.150000000000000e-01 5.282109743299990e-01 1.391001595281880e+00
4.200000000000000e-01 5.420057583547735e-01 1.414625954634321e+00
4.250000000000000e-01 5.561393136223041e-01 1.439788219916373e+00
4.300000000000000e-01 5.706204740647189e-01 1.466590138405703e+00
4.350000000000000e-01 5.854582908786964e-01 1.495133590452506e+00
4.400000000000000e-01 6.006620381827575e-01 1.525516320515020e+00
4.450000000000000e-01 6.162412188138907e-01 1.557825275744633e+00
4.500000000000000e-01 6.322055702671360e-01 1.592126470791251e+00
4.550000000000000e-01 6.485650707818353e-01 1.628449902606366e+00
4.600000000000000e-01 6.653299455783577e-01 1.666767596296251e+00
4.650000000000000e-01 6.825106732491932e-01 1.706962491546981e+00
4.700000000000000e-01 7.001179923084168e-01 1.748785870157161e+00
4.750000000000000e-01 7.181629079036070e-01 1.791801973063089e+00
4.800000000000000e-01 7.366566986944229e-01 1.835321387327508e+00
4.850000000000000e-01 7.556109239021327e-01 1.878331111786415e+00
4.900000000000000e-01 7.750374305345038e-01 1.919440073449109e+00
4.950000000000000e-01 7.949483607905672e-01 1.956873225626030e+00
5.000000000000000e-01 8.153561596498893e-01 1.988558725859362e+00
5.050000000000000e-01 8.362735826510871e-01 2.012346875951775e+00
5.100000000000000e-01 8.577137038644561e-01 2.026359908926007e+00
5.150000000000000e-01 8.796899240636907e-01 2.029398031747090e+00
5.200000000000000e-01 9.022159791018011e-01 2.021256798931738e+00
5.250000000000000e-01 9.253059484964714e-01 2.002808506234826e+00
5.300000000000000e-01 9.489742642302165e-01 1.975797015955629e+00
5.350000000000000e-01 9.732357197708378e-01 1.942435622562663e+00
5.400000000000000e-01 9.981054793178262e-01 1.904977674531479e+00
5.450000000000000e-01 1.023599087280478e+00 1.865401203377409e+00
5.500000000000000e-01 1.049732477993657e+00 1.825257374107526e+00
5.550000000000000e-01 1.076521985677273e+00 1.785654215024042e+00
5.600000000000001e-01 1.103984354645701e+00 1.747317385169850e+00
5.650000000000001e-01 1.132136749773522e+00 1.710677648861800e+00
5.700000000000001e-01 1.160996767224129e+00 1.675955276257802e+00
5.750000000000001e-01 1.190582445447902e+00 1.643229019181800e+00
5.800000000000000e-01 1.220912276456826e+00 1.612487491648396e+00
5.850000000000000e-01 1.252005217382601e+00 1.583665236774898e+00
5.900000000000000e-01 1.283880702325469e+00 1.556666988798978e+00
5.950000000000000e-01 1.316558654501151e+00 1.531383434828595e+00
6.000000000000000e-01 1.350059498693518e+00 1.507701113954676e+00
6.050000000000000e-01 1.384404174020732e+00 1.485508391823087e+00
6.100000000000000e-01 1.419614147022888e+00 1.464698867506623e+00
6.150000000000000e-01 1.455711425079295e+00 1.445173133433392e+00
6.200000000000000e-01 1.492718570163803e+00 1.426839499648797e+00
6.250000000000000e-01 1.530658712946775e+00 1.409614081378016e+00
6.300000000000000e-01 1.569555567252506e+00 1.393420506459639e+00
6.350000000000000e-01 1.609433444881138e+00 1.378189405293858e+00
6.400000000000000e-01 1.650317270804325e+00 1.363857784855720e+00
6.450000000000000e-01 1.692232598744148e+00 1.350368349135398e+00
6.500000000000000e-01 1.735205627145031e+00 1.337668803633405e+00
6.550000000000000e-01 1.779263215548615e+00 1.325711166263885e+00
6.600000000000000e-01 1.824432901381847e+00 1.314451097895208e+00
6.650000000000000e-01 1.870742917168772e+00 1.303847260617111e+00
6.700000000000000e-01 1.918222208176775e+00 1.293860709267839e+00
6.750000000000000e-01 1.966900450508319e+00 1.284454320895849e+00
6.800000000000000e-01 2.016808069649473e+00 1.275592267121916e+00
6.850000000000001e-01 2.067976259486829e+00 1.267239535481958e+00
6.900000000000001e-01 2.120437001804702e+00 1.259361507572907e+00
6.950000000000001e-01 2.174223086274785e+00 1.251923604055509e+00
7.000000000000001e-01 2.229368130950753e+00 1.244891009141241e+00
7.050000000000000e-01 2.285906603280654e+00 1.238228489877937e+00
7.100000000000000e-01 2.343873841650178e+00 1.231900327970791e+00
7.150000000000000e-01 2.403306077470301e+00 1.225870383429700e+00
7.200000000000000e-01 2.464240457823092e+00 1.220102309141468e+00
7.250000000000000e-01 2.526715068679855e+00 1.214559932364187e+00
7.300000000000000e-01 2.590768958706095e+00 1.209207811772773e+00
7.350000000000000e-01 2.656442163668210e+00 1.204011965736418e+00
7.400000000000000e-01 2.723775731457148e+00 1.198940748164562e+00
7.450000000000000e-01 2.792811747744667e+00 1.193965822868140e+00
7.500000000000000e-01 2.863593362288260e+00 1.189063158249613e+00
7.550000000000000e-01 2.936164815901156e+00 1.184213936133541e+00
7.600000000000000e-01 3.010571468104263e+00 1.179405249120447e+00
7.650000000000000e-01 3.086859825477351e+00 1.174630458845841e+00
7.700000000000000e-01 3.165077570727174e+00 1.169889110670091e+00
7.750000000000000e-01 3.245273592490716e+00 1.165186351634977e+00
7.800000000000000e-01 3.327498015892184e+00 1.160531873047980e+00
7.850000000000000e-01 3.411802233872832e+00 1.155938482726675e+00
7.900000000000000e-01 3.498238939313234e+00 1.151420484082186e+00
7.950000000000000e-01 3.586862157968046e+00 1.146992078782744e+00
8.000000000000000e-01 3.677727282233856e+00 1.142666003139702e+00
8.050000000000000e-01 3.770891105771243e+00 1.138452555549824e+00
8.100000000000001e-01 3.866411859002656e+00 1.134359087827382e+00
8.150000000000001e-01 3.964349245508326e+00 1.130389941225613e+00
8.200000000000001e-01 4.064764479342956e+00 1.126546733294456e+00
8.250000000000001e-01 4.167720323296481e+00 1.122828861302111e+00
8.300000000000001e-01 4.273281128122877e+00 1.119234085670417e+00
8.350000000000000e-01 4.381512872761445e+00 1.115759084474220e+00
8.400000000000000e-01 4.492483205575838e+00 1.112399912391849e+00
8.450000000000000e-01 4.606261486636447e+00 1.109152339315622e+00
8.500000000000000e-01 4.722918831072739e+00 1.106012074874123e+00
8.550000000000000e-01 4.842528153522501e+00 1.102974901868822e+00
8.600000000000000e-01 4.965164213705875e+00 1.100036746028206e+00
8.650000000000000e-01 5.090903663152626e+00 1.097193706128281e+00
8.700000000000000e-01 5.219825093111814e+00 1.094442062046472e+00
8.750000000000000e-01 5.352009083673925e+00 1.091778271891075e+00
8.800000000000000e-01 5.487538254136007e+00 1.089198964456543e+00
8.850000000000000e-01 5.626497314641444e+00 1.086700930127962e+00
8.900000000000000e-01 5.768973119126561e+00 1.084281111621727e+00
8.950000000000000e-01 5.915054719607133e+00 1.081936595098357e+00
9.000000000000000e-01 6.064833421838831e+00 1.079664601812837e+00
9.050000000000000e-01 6.218402842386253e+00 1.077462480324969e+00
9.100000000000000e-01 6.375858967136348e+00 1.075327699244498e+00
9.150000000000000e-01 6.537300211292723e+00 1.073257840473447e+00
9.200000000000000e-01 6.702827480888332e+00 1.071250592907226e+00
9.250000000000000e-01 6.872544235855034e+00 1.069303746558495e+00
9.300000000000000e-01 7.046556554689444e+00 1.067415187070715e+00
9.350000000000001e-01 7.224973200755413e+00 1.065582890591232e+00
9.400000000000001e-01 7.407905690264673e+00 1.063804918976373e+00
9.450000000000001e-01 7.595468361978146e+00 1.062079415303427e+00
9.500000000000001e-01 7.787778448671316e+00 1.060404599666571e+00
9.550000000000001e-01 7.984956150408610e+00 1.058778765235723e+00
9.600000000000000e-01 8.187124709672272e+00 1.057200274559115e+00
9.650000000000000e-01 8.394410488393007e+00 1.055667556091927e+00
9.700000000000000e-01 8.606943046930221e+00 1.054179100934838e+00
9.750000000000000e-01 8.824855225051540e+00 1.052733459767620e+00
9.800000000000000e-01 9.048283224961922e+00 1.051329239964124e+00
9.850000000000000e-01 9.277366696434507e+00 1.049965102876088e+00
9.900000000000000e-01 9.512248824096272e+00 1.048639761274203e+00
9.950000000000000e-01 9.753076416923058e+00 1.047351976935754e+00
1.000000000000000e+00 1.000000000000000e+01 1.046100558369006e+00
