0.000000000000000e+00 0.000000000000000e+00 4.928371904962514e-04
5.000000000000000e-03 3.369477419287315e-03 4.928568986216733e-04
1.000000000000000e-02 6.741060871647481e-03 4.929094409913071e-04
1.500000000000000e-02 1.011685770649257e-02 4.929970685909749e-04
2.000000000000000e-02 1.349897790673588e-02 4.931200923059584e-04
2.500000000000000e-02 1.688953540759990e-02 4.932788696814756e-04
3.000000000000000e-02 2.029064941789469e-02 4.934738188377520e-04
3.500000000000000e-02 2.370444574459234e-02 4.937054822504650e-04
4.000000000000000e-02 2.713305812152553e-02 4.939744956303139e-04
4.500000000000000e-02 3.057862954304063e-02 4.942816027618660e-04
5.000000000000000e-02 3.404331360343898e-02 4.946276794736092e-04
5.500000000000000e-02 3.752927584304335e-02 4.950136863700768e-04
6.000000000000000e-02 4.103869510173117e-02 4.954406829484720e-04
6.500000000000000e-02 4.457376488078044e-02 4.959098838001996e-04
7.000000000000001e-02 4.813669471387935e-02 4.964226213518200e-04
7.500000000000000e-02 5.172971154815675e-02 4.969803179005176e-04
8.000000000000000e-02 5.535506113609672e-02 4.975845587703792e-04
8.500000000000001e-02 5.901500943920686e-02 4.982370940000317e-04
9.000000000000000e-02 6.271184404431801e-02 4.989397688859614e-04
9.500000000000000e-02 6.644787559340060e-02 4.996945741459724e-04
1.000000000000000e-01 7.022543922779090e-02 5.005037224143120e-04
1.050000000000000e-01 7.404689604773053e-02 5.013695804783007e-04
1.100000000000000e-01 7.791463458813094e-02 5.022946352280436e-04
1.150000000000000e-01 8.183107231148547e-02 5.032815972355291e-04
1.200000000000000e-01 8.579865711886202e-02 5.043334229804999e-04
1.250000000000000e-01 8.981986887992111e-02 5.054532332541124e-04
1.300000000000000e-01 9.389722098291493e-02 5.066443518617557e-04
1.350000000000000e-01 9.803326190563690e-02 5.079103980506137e-04
1.400000000000000e-01 1.022305768083033e-01 5.092552474587305e-04
1.450000000000000e-01 1.064917891493625e-01 5.106829970762432e-04
1.500000000000000e-01 1.108195623252418e-01 5.121980629384271e-04
1.550000000000000e-01 1.152166013350572e-01 5.138052238935928e-04
1.600000000000000e-01 1.196856544713255e-01 5.155095532651798e-04
1.650000000000000e-01 1.242295150377370e-01 5.173164487006482e-04
1.700000000000000e-01 1.288510230950609e-01 5.192317589126947e-04
1.750000000000000e-01 1.335530672362758e-01 5.212617869216355e-04
1.800000000000000e-01 1.383385863920344e-01 5.234132230064890e-04
1.850000000000000e-01 1.432105716675912e-01 5.256932241916529e-04
1.900000000000000e-01 1.481720682123397e-01 5.281095577577519e-04
1.950000000000000e-01 1.532261771231311e-01 5.306705962075835e-04
2.000000000000000e-01 1.583760573825595e-01 5.333852643284203e-04
2.050000000000000e-01 1.636249278334301e-01 5.362631442184559e-04
2.100000000000000e-01 1.689760691906397e-01 5.393146420154254e-04
2.150000000000000e-01 1.744328260917313e-01 5.425510172572727e-04
2.200000000000000e-01 1.799986091874004e-01 5.459843574728739e-04
2.250000000000000e-01 1.856768972732633e-01 5.496276815737629e-04
2.300000000000000e-01 1.914712394642179e-01 5.534951262833043e-04
2.350000000000000e-01 1.973852574127551e-01 5.576020696526894e-04
2.400000000000000e-01 2.034226475726105e-01 5.619651934235289e-04
2.450000000000000e-01 2.095871835091678e-01 5.666025608048465e-04
2.500000000000000e-01 2.158827182580599e-01 5.715337738832429e-04
2.550000000000000e-01 2.223131867334419e-01 5.767802443611798e-04
2.600000000000000e-01 2.288826081874405e-01 5.823654551132673e-04
2.650000000000000e-01 2.355950887223172e-01 5.883150802453163e-04
2.700000000000000e-01 2.424548238569160e-01 5.946571460186120e-04
2.750000000000000e-01 2.494661011489995e-01 6.014223854998655e-04
2.800000000000000e-01 2.566333028751116e-01 6.086446183176544e-04
2.850000000000000e-01 2.639609087696434e-01 6.163611693065984e-04
2.900000000000000e-01 2.714534988248126e-01 6.246133859642582e-04
2.950000000000000e-01 2.791157561533084e-01 6.334470677318480e-04
3.000000000000000e-01 2.869524699153886e-01 6.429130124939519e-04
3.050000000000000e-01 2.949685383122613e-01 6.530677680360384e-04
3.100000000000000e-01 3.031689716476197e-01 6.639743911568559e-04
3.150000000000000e-01 3.115588954592450e-01 6.757035185173284e-04
3.200000000000000e-01 3.201435537226349e-01 6.883345283683225e-04
3.250000000000000e-01 3.289283121286580e-01 7.019569223754155e-04
3.300000000000000e-01 3.379186614372866e-01 7.166720228218384e-04
3.350000000000000e-01 3.471202209094989e-01 7.325949122093189e-04
3.400000000000000e-01 3.565387418195016e-01 7.498568804479473e-04
3.450000000000000e-01 3.661801110494620e-01 7.686083193416494e-04
3.500000000000000e-01 3.760503547690021e-01 7.890223365771710e-04
3.550000000000000e-01 3.861556422017504e-01 8.112991757983473e-04
3.600000000000000e-01 3.965022894813072e-01 8.356717405803100e-04
3.650000000000000e-01 4.070967635990345e-01 8.624125078003189e-04
3.700000000000000e-01 4.179456864461349e-01 8.918422821541813e-04
3.750000000000000e-01 4.290558389525505e-01 9.243413767284478e-04
3.800000000000000e-01 4.404341653252637e-01 9.603640491734228e-04
3.850000000000000e-01 4.520877773886537e-01 1.000457354036877e-03
3.900000000000000e-01 4.640239590296172e-01 1.045286075558118e-03
3.950000000000000e-01 4.762501707502353e-01 1.095666162262842e-03
4.000000000000000e-01 4.887740543308307e-01 1.152610256496134e-03
4.050000000000000e-01 5.016034376063282e-01 1.217390763243377e-03
4.100000000000000e-01 5.147463393589066e-01 1.291628904179928e-03
4.150000000000000e-01 5.282109743299990e-01 1.377423209631210e-03
4.200000000000000e-01 5.420057583547735e-01 1.477539525823306e-03
4.250000000000000e-01 5.561393136223041e-01 1.595700026420047e-03
4.300000000000000e-01 5.706204740647189e-01 1.737037442973687e-03
4.350000000000000e-01 5.854582908786964e-01 1.908836964964554e-03
4.400000000000000e-01 6.006620381827575e-01 2.121804923085554e-03
4.450000000000000e-01 6.162412188138907e-01 2.392362831799502e-03
4.500000000000000e-01 6.322055702671360e-01 2.747093810853553e-03
4.550000000000000e-01 6.485650707818353e-01 3.232163065884973e-03
4.600000000000000e-01 6.653299455783577e-01 3.935788629549537e-03
4.650000000000000e-01 6.825106732491932e-01 5.051516820578425e-03
4.700000000000000e-01 7.001179923084168e-01 7.106004387804434e-03
4.750000000000000e-01 7.181629079036070e-01 1.213842982175838e-02
4.800000000000000e-01 7.366566986944229e-01 3.207159968765079e-02
4.850000000000000e-01 7.556109239021327e-01 1.057398873101732e-01
4.900000000000000e-01 7.750374305345038e-01 1.945082895025511e-01
4.950000000000000e-01 7.949483607905672e-01 2.542129637880889e-01
5.000000000000000e-01 8.153561596498893e-01 3.013499038852233e-01
5.050000000000000e-01 8.362735826510871e-01 3.409252810466959e-01
5.100000000000000e-01 8.577137038644561e-01 3.753588587393726e-01
5.150000000000000e-01 8.796899240636907e-01 4.062010163055609e-01
5.200000000000000e-01 9.022159791018011e-01 4.340817252572156e-01
5.250000000000000e-01 9.253059484964714e-01 4.596895762921617e-01
5.300000000000000e-01 9.489742642302165e-01 4.833231488698951e-01
5.350000000000000e-01 9.732357197708378e-01 5.053279772975457e-01
5.400000000000000e-01 9.981054793178262e-01 5.258961721014892e-01
5.450000000000000e-01 1.023599087280478e+00 5.452175414704609e-01
5.500000000000000e-01 1.049732477993657e+00 5.634297335995900e-01
5.550000000000000e-01 1.076521985677273e+00 5.806476526078496e-01
5.600000000000001e-01 1.103984354645701e+00 5.969727190614749e-01
5.650000000000001e-01 1.132136749773522e+00 6.124821673278253e-01
5.700000000000001e-01 1.160996767224129e+00 6.272511614346309e-01
5.750000000000001e-01 1.190582445447902e+00 6.413367107184607e-01
5.800000000000000e-01 1.220912276456826e+00 6.547948553488087e-01
5.850000000000000e-01 1.252005217382601e+00 6.676705039393300e-01
5.900000000000000e-01 1.283880702325469e+00 6.800060961744356e-01
5.950000000000000e-01 1.316558654501151e+00 6.918382349711671e-01
6.000000000000000e-01 1.350059498693518e+00 7.031999676037570e-01
6.050000000000000e-01 1.384404174020732e+00 7.141215052793223e-01
6.100000000000000e-01 1.419614147022888e+00 7.246295062116926e-01
6.150000000000000e-01 1.455711425079295e+00 7.347489988834789e-01
6.200000000000000e-01 1.492718570163803e+00 7.445022008574295e-01
6.250000000000000e-01 1.530658712946775e+00 7.539099598799435e-01
6.300000000000000e-01 1.569555567252506e+00 7.629912010087657e-01
6.350000000000000e-01 1.609433444881138e+00 7.717635019602769e-01
6.400000000000000e-01 1.650317270804325e+00 7.802431585204229e-01
6.450000000000000e-01 1.692232598744148e+00 7.884452378019786e-01
6.500000000000000e-01 1.735205627145031e+00 7.963838533772543e-01
6.550000000000000e-01 1.779263215548615e+00 8.040721109268325e-01
6.600000000000000e-01 1.824432901381847e+00 8.115223117901801e-01
6.650000000000000e-01 1.870742917168772e+00 8.187459629455276e-01
6.700000000000000e-01 1.918222208176775e+00 8.257538673801195e-01
6.750000000000000e-01 1.966900450508319e+00 8.325561805322885e-01
6.800000000000000e-01 2.016808069649473e+00 8.391624475608082e-01
6.850000000000001e-01 2.067976259486829e+00 8.455816555647838e-01
6.900000000000001e-01 2.120437001804702e+00 8.518222590031900e-01
6.950000000000001e-01 2.174223086274785e+00 8.578922113624804e-01
7.000000000000001e-01 2.229368130950753e+00 8.637989850309614e-01
7.050000000000000e-01 2.285906603280654e+00 8.695495868794644e-01
7.100000000000000e-01 2.343873841650178e+00 8.751505687626795e-01
7.150000000000000e-01 2.403306077470301e+00 8.806080317396039e-01
7.200000000000000e-01 2.464240457823092e+00 8.859276257356821e-01
7.250000000000000e-01 2.526715068679855e+00 8.911145437858073e-01
7.300000000000000e-01 2.590768958706095e+00 8.961735116046137e-01
7.350000000000000e-01 2.656442163668210e+00 9.011087727281731e-01
7.400000000000000e-01 2.723775731457148e+00 9.059240698554073e-01
7.450000000000000e-01 2.792811747744667e+00 9.106226233694416e-01
7.500000000000000e-01 2.863593362288260e+00 9.152071084354922e-01
7.550000000000000e-01 2.936164815901156e+00 9.196796327539323e-01
7.600000000000000e-01 3.010571468104263e+00 9.240417178885948e-01
7.650000000000000e-01 3.086859825477351e+00 9.282942882122158e-01
7.700000000000000e-01 3.165077570727174e+00 9.324376729164917e-01
7.750000000000000e-01 3.245273592490716e+00 9.364716282317161e-01
7.800000000000000e-01 3.327498015892184e+00 9.403953889499975e-01
7.850000000000000e-01 3.411802233872832e+00 9.442077604233463e-01
7.900000000000000e-01 3.498238939313234e+00 9.479072641155394e-01
7.950000000000000e-01 3.586862157968046e+00 9.514923509924936e-01
8.000000000000000e-01 3.677727282233856e+00 9.549616967489758e-01
8.050000000000000e-01 3.770891105771243e+00 9.583145898988965e-01
8.100000000000001e-01 3.866411859002656e+00 9.615514164392036e-01
8.150000000000001e-01 3.964349245508326e+00 9.646742313893848e-01
8.200000000000001e-01 4.064764479342956e+00 9.676873868463671e-01
8.250000000000001e-01 4.167720323296481e+00 9.705981583426794e-01
8.300000000000001e-01 4.273281128122877e+00 9.734172787991785e-01
8.350000000000000e-01 4.381512872761445e+00 9.761592588653482e-01
8.400000000000000e-01 4.492483205575838e+00 9.788423539404183e-01
8.450000000000000e-01 4.606261486636447e+00 9.814880410980198e-01
8.500000000000000e-01 4.722918831072739e+00 9.841198998890536e-01
8.550000000000000e-01 4.842528153522501e+00 9.867618538616273e-01
8.600000000000000e-01 4.965164213705875e+00 9.894358235265358e-01
8.650000000000000e-01 5.090903663152626e+00 9.921589511517703e-01
8.700000000000000e-01 5.219825093111814e+00 9.949406603743510e-01
8.750000000000000e-01 5.352009083673925e+00 9.977799138278316e-01
8.800000000000000e-01 5.487538254136007e+00 1.000663180712252e+00
8.850000000000000e-01 5.626497314641444e+00 1.003563849987460e+00
8.900000000000000e-01 5.768973119126561e+00 1.006443984947718e+00
8.950000000000000e-01 5.915054719607133e+00 1.009259070512929e+00
9.000000000000000e-01 6.064833421838831e+00 1.011965462019264e+00
9.050000000000000e-01 6.218402842386253e+00 1.014528800050664e+00
9.100000000000000e-01 6.375858967136348e+00 1.016930570418190e+00
9.150000000000000e-01 6.537300211292723e+00 1.019170263545656e+00
9.200000000000000e-01 6.702827480888332e+00 1.021262412385023e+00
9.250000000000000e-01 6.872544235855034e+00 1.023230122829157e+00
9.300000000000000e-01 7.046556554689444e+00 1.025098035691900e+00
9.350000000000001e-01 7.224973200755413e+00 1.026887249957735e+00
9.400000000000001e-01 7.407905690264673e+00 1.028613174340964e+00
9.450000000000001e-01 7.595468361978146e+00 1.030285763746300e+00
9.500000000000001e-01 7.787778448671316e+00 1.031910933733314e+00
9.550000000000001e-01 7.984956150408610e+00 1.033492113546966e+00
9.600000000000000e-01 8.187124709672272e+00 1.035031415199364e+00
9.650000000000000e-01 8.394410488393007e+00 1.036530333088426e+00
9.700000000000000e-01 8.606943046930221e+00 1.037990094709973e+00
9.750000000000000e-01 8.824855225051540e+00 1.039411811950947e+00
9.800000000000000e-01 9.048283224961922e+00 1.040796538399053e+00
9.850000000000000e-01 9.277366696434507e+00 1.042145288945150e+00
9.900000000000000e-01 9.512248824096272e+00 1.043459046259306e+00
9.950000000000000e-01 9.753076416923058e+00 1.044738763243337e+00
1.000000000000000e+00 1.000000000000000e+01 1.045985364368827e+00
