0.000000000000000e+00 0.000000000000000e+00 2.271751662749962e-02
5.000000000000000e-03 3.369477419287315e-03 2.271832302342414e-02
1.000000000000000e-02 6.741060871647481e-03 2.272047111229560e-02
1.500000000000000e-02 1.011685770649257e-02 2.272405079211040e-02
2.000000000000000e-02 1.349897790673588e-02 2.272907714050514e-02
2.500000000000000e-02 1.688953540759990e-02 2.273556487345411e-02
3.000000000000000e-02 2.029064941789469e-02 2.274352920191982e-02
3.500000000000000e-02 2.370444574459234e-02 2.275299241978119e-02
4.000000000000000e-02 2.713305812152553e-02 2.276398107860482e-02
4.500000000000000e-02 3.057862954304063e-02 2.277652418708776e-02
5.000000000000000e-02 3.404331360343898e-02 2.279065654104254e-02
5.500000000000000e-02 3.752927584304335e-02 2.280641792252307e-02
6.000000000000000e-02 4.103869510173117e-02 2.282385061158302e-02
6.500000000000000e-02 4.457376488078044e-02 2.284300200042442e-02
7.000000000000001e-02 4.813669471387935e-02 2.286392647389807e-02
7.500000000000000e-02 5.172971154815675e-02 2.288668227859296e-02
8.000000000000000e-02 5.535506113609672e-02 2.291133129640104e-02
8.500000000000001e-02 5.901500943920686e-02 2.293794263270974e-02
9.000000000000000e-02 6.271184404431801e-02 2.296659203233886e-02
9.500000000000000e-02 6.644787559340060e-02 2.299735928665327e-02
1.000000000000000e-01 7.022543922779090e-02 2.303033059555561e-02
1.050000000000000e-01 7.404689604773053e-02 2.306560070765920e-02
1.100000000000000e-01 7.791463458813094e-02 2.310327033872391e-02
1.150000000000000e-01 8.183107231148547e-02 2.314344599865557e-02
1.200000000000000e-01 8.579865711886202e-02 2.318624391510276e-02
1.250000000000000e-01 8.981986887992111e-02 2.323178968684950e-02
1.300000000000000e-01 9.389722098291493e-02 2.328021515065771e-02
1.350000000000000e-01 9.803326190563690e-02 2.333166090067938e-02
1.400000000000000e-01 1.022305768083033e-01 2.338628040809019e-02
1.450000000000000e-01 1.064917891493625e-01 2.344423771365051e-02
1.500000000000000e-01 1.108195623252418e-01 2.350570492461557e-02
1.550000000000000e-01 1.152166013350572e-01 2.357086658153234e-02
1.600000000000000e-01 1.196856544713255e-01 2.363992339918097e-02
1.650000000000000e-01 1.242295150377370e-01 2.371308912794426e-02
1.700000000000000e-01 1.288510230950609e-01 2.379058889596622e-02
1.750000000000000e-01 1.335530672362758e-01 2.387266456845252e-02
1.800000000000000e-01 1.383385863920344e-01 2.395957857385544e-02
1.850000000000000e-01 1.432105716675912e-01 2.405161082492838e-02
1.900000000000000e-01 1.481720682123397e-01 2.414905734665076e-02
1.950000000000000e-01 1.532261771231311e-01 2.425223618131598e-02
2.000000000000000e-01 1.583760573825595e-01 2.436149237399222e-02
2.050000000000000e-01 1.636249278334301e-01 2.447719579793589e-02
2.100000000000000e-01 1.689760691906397e-01 2.459973949244935e-02
2.150000000000000e-01 1.744328260917313e-01 2.472954542944511e-02
2.200000000000000e-01 1.799986091874004e-01 2.486707124178911e-02
2.250000000000000e-01 1.856768972732633e-01 2.501281086512516e-02
2.300000000000000e-01 1.914712394642179e-01 2.516729391509964e-02
2.350000000000000e-01 1.973852574127551e-01 2.533108947858716e-02
2.400000000000000e-01 2.034226475726105e-01 2.550481223962648e-02
2.450000000000000e-01 2.095871835091678e-01 2.568912900170187e-02
2.500000000000000e-01 2.158827182580599e-01 2.588476436279868e-02
2.550000000000000e-01 2.223131867334419e-01 2.609250223149690e-02
2.600000000000000e-01 2.288826081874405e-01 2.631318856285762e-02
2.650000000000000e-01 2.355950887223172e-01 2.654774209453723e-02
2.700000000000000e-01 2.424548238569160e-01 2.679716508517568e-02
2.750000000000000e-01 2.494661011489995e-01 2.706255152864968e-02
2.800000000000000e-01 2.566333028751116e-01 2.734509883173379e-02
2.850000000000000e-01 2.639609087696434e-01 2.764611612305386e-02
2.900000000000000e-01 2.714534988248126e-01 2.796703418432518e-02
2.950000000000000e-01 2.791157561533084e-01 2.830942322169540e-02
3.000000000000000e-01 2.869524699153886e-01 2.867500755662913e-02
3.050000000000000e-01 2.949685383122613e-01 2.906568816254867e-02
3.100000000000000e-01 3.031689716476197e-01 2.948356580105547e-02
3.150000000000000e-01 3.115588954592450e-01 2.993096628967264e-02
3.200000000000000e-01 3.201435537226349e-01 3.041047252907297e-02
3.250000000000000e-01 3.289283121286580e-01 3.092495772526427e-02
3.300000000000000e-01 3.379186614372866e-01 3.147762791888300e-02
3.350000000000000e-01 3.471202209094989e-01 3.207206907885704e-02
3.400000000000000e-01 3.565387418195016e-01 3.271230461797474e-02
3.450000000000000e-01 3.661801110494620e-01 3.340286220858269e-02
3.500000000000000e-01 3.760503547690021e-01 3.414885381980422e-02
3.550000000000000e-01 3.861556422017504e-01 3.495607079319075e-02
3.600000000000000e-01 3.965022894813072e-01 3.583109791215276e-02
3.650000000000000e-01 4.070967635990345e-01 3.678145063194191e-02
3.700000000000000e-01 4.179456864461349e-01 3.781574115288449e-02
3.750000000000000e-01 4.290558389525505e-01 3.894388042124804e-02
3.800000000000000e-01 4.404341653252637e-01 4.017732522922633e-02
3.850000000000000e-01 4.520877773886537e-01 4.152938223765771e-02
3.900000000000000e-01 4.640239590296172e-01 4.301558430504972e-02
3.950000000000000e-01 4.762501707502353e-01 4.465415924184546e-02
4.000000000000000e-01 4.887740543308307e-01 4.646661746228194e-02
4.050000000000000e-01 5.016034376063282e-01 4.847849355361970e-02
4.100000000000000e-01 5.147463393589066e-01 5.072028831038494e-02
4.150000000000000e-01 5.282109743299990e-01 5.322867332618566e-02
4.200000000000000e-01 5.420057583547735e-01 5.604804111715776e-02
4.250000000000000e-01 5.561393136223041e-01 5.923251152235937e-02
4.300000000000000e-01 5.706204740647189e-01 6.284854130890730e-02
4.350000000000000e-01 5.854582908786964e-01 6.697832918536591e-02
4.400000000000000e-01 6.006620381827575e-01 7.172426056089741e-02
4.450000000000000e-01 6.162412188138907e-01 7.721468529433100e-02
4.500000000000000e-01 6.322055702671360e-01 8.361133830573410e-02
4.550000000000000e-01 6.485650707818353e-01 9.111862541493618e-02
4.600000000000000e-01 6.653299455783577e-01 9.999464249509168e-02
4.650000000000000e-01 6.825106732491932e-01 1.105628351526973e-01
4.700000000000000e-01 7.001179923084168e-01 1.232210002148183e-01
4.750000000000000e-01 7.181629079036070e-01 1.384398935834290e-01
4.800000000000000e-01 7.366566986944229e-01 1.567361916984490e-01
4.850000000000000e-01 7.556109239021327e-01 1.785954730076047e-01
4.900000000000000e-01 7.750374305345038e-01 2.043196615977264e-01
4.950000000000000e-01 7.949483607905672e-01 2.338030056269499e-01
5.000000000000000e-01 8.153561596498893e-01 2.663232985465054e-01
5.050000000000000e-01 8.362735826510871e-01 3.005295978087947e-01
5.100000000000000e-01 8.577137038644561e-01 3.347641189145685e-01
5.150000000000000e-01 8.796899240636907e-01 3.675898119634914e-01
5.200000000000000e-01 9.022159791018011e-01 3.981665377720509e-01
5.250000000000000e-01 9.253059484964714e-01 4.262624659125603e-01
5.300000000000000e-01 9.489742642302165e-01 4.520245934163194e-01
5.350000000000000e-01 9.732357197708378e-01 4.757431057576318e-01
5.400000000000000e-01 9.981054793178262e-01 4.977166009593227e-01
5.450000000000000e-01 1.023599087280478e+00 5.182023570411448e-01
5.500000000000000e-01 1.049732477993657e+00 5.374081178554858e-01
5.550000000000000e-01 1.076521985677273e+00 5.554982171977024e-01
5.600000000000001e-01 1.103984354645701e+00 5.726026965887164e-01
5.650000000000001e-01 1.132136749773522e+00 5.888255692586689e-01
5.700000000000001e-01 1.160996767224129e+00 6.042513066501839e-01
5.750000000000001e-01 1.190582445447902e+00 6.189496557136260e-01
5.800000000000000e-01 1.220912276456826e+00 6.329791514940880e-01
5.850000000000000e-01 1.252005217382601e+00 6.463896768781018e-01
5.900000000000000e-01 1.283880702325469e+00 6.592243458745597e-01
5.950000000000000e-01 1.316558654501151e+00 6.715209111111510e-01
6.000000000000000e-01 1.350059498693518e+00 6.833128359950112e-01
6.050000000000000e-01 1.384404174020732e+00 6.946301284468512e-01
6.100000000000000e-01 1.419614147022888e+00 7.055000028850185e-01
6.150000000000000e-01 1.455711425079295e+00 7.159474164405866e-01
6.200000000000000e-01 1.492718570163803e+00 7.259955112451869e-01
6.250000000000000e-01 1.530658712946775e+00 7.356659848915587e-01
6.300000000000000e-01 1.569555567252506e+00 7.449794043398934e-01
6.350000000000000e-01 1.609433444881138e+00 7.539554736446832e-01
6.400000000000000e-01 1.650317270804325e+00 7.626132622623706e-01
6.450000000000000e-01 1.692232598744148e+00 7.709713979562900e-01
6.500000000000000e-01 1.735205627145031e+00 7.790482261844878e-01
6.550000000000000e-01 1.779263215548615e+00 7.868619361849293e-01
6.600000000000000e-01 1.824432901381847e+00 7.944306526787364e-01
6.650000000000000e-01 1.870742917168772e+00 8.017724911595382e-01
6.700000000000000e-01 1.918222208176775e+00 8.089055741195428e-01
6.750000000000000e-01 1.966900450508319e+00 8.158480052907916e-01
6.800000000000000e-01 2.016808069649473e+00 8.226177990699849e-01
6.850000000000001e-01 2.067976259486829e+00 8.292327627629182e-01
6.900000000000001e-01 2.120437001804702e+00 8.357103301407190e-01
6.950000000000001e-01 2.174223086274785e+00 8.420673460504307e-01
7.000000000000001e-01 2.229368130950753e+00 8.483198034725110e-01
7.050000000000000e-01 2.285906603280654e+00 8.544825364814853e-01
7.100000000000000e-01 2.343873841650178e+00 8.605688750768270e-01
7.150000000000000e-01 2.403306077470301e+00 8.665902708716529e-01
7.200000000000000e-01 2.464240457823092e+00 8.725559062494773e-01
7.250000000000000e-01 2.526715068679855e+00 8.784723039312904e-01
7.300000000000000e-01 2.590768958706095e+00 8.843429590158941e-01
7.350000000000000e-01 2.656442163668210e+00 8.901680214371686e-01
7.400000000000000e-01 2.723775731457148e+00 8.959440631597445e-01
7.450000000000000e-01 2.792811747744667e+00 9.016639706384676e-01
7.500000000000000e-01 2.863593362288260e+00 9.073170078147117e-01
7.550000000000000e-01 2.936164815901156e+00 9.128890961409394e-01
7.600000000000000e-01 3.010571468104263e+00 9.183633529077081e-01
7.650000000000000e-01 3.086859825477351e+00 9.237209140406258e-01
7.700000000000000e-01 3.165077570727174e+00 9.289420393949213e-01
7.750000000000000e-01 3.245273592490716e+00 9.340074561781225e-01
7.800000000000000e-01 3.327498015892184e+00 9.388998423880686e-01
7.850000000000000e-01 3.411802233872832e+00 9.436052961529194e-01
7.900000000000000e-01 3.498238939313234e+00 9.481145942384722e-01
7.950000000000000e-01 3.586862157968046e+00 9.524240329454283e-01
8.000000000000000e-01 3.677727282233856e+00 9.565356829793501e-01
8.050000000000000e-01 3.770891105771243e+00 9.604569800574019e-01
8.100000000000001e-01 3.866411859002656e+00 9.641996994300264e-01
8.150000000000001e-01 3.964349245508326e+00 9.677784915326194e-01
8.200000000000001e-01 4.064764479342956e+00 9.712092467478397e-01
8.250000000000001e-01 4.167720323296481e+00 9.745075784896456e-01
8.300000000000001e-01 4.273281128122877e+00 9.776876585580795e-01
8.350000000000000e-01 4.381512872761445e+00 9.807615282954542e-01
8.400000000000000e-01 4.492483205575838e+00 9.837388836078944e-01
8.450000000000000e-01 4.606261486636447e+00 9.866272322705498e-01
8.500000000000000e-01 4.722918831072739e+00 9.894322730144218e-01
8.550000000000000e-01 4.842528153522501e+00 9.921583495088573e-01
8.600000000000000e-01 4.965164213705875e+00 9.948088717235585e-01
8.650000000000000e-01 5.090903663152626e+00 9.973866484677042e-01
8.700000000000000e-01 5.219825093111814e+00 9.998941186601854e-01
8.750000000000000e-01 5.352009083673925e+00 1.002333495713269e+00
8.800000000000000e-01 5.487538254136007e+00 1.004706849519337e+00
8.850000000000000e-01 5.626497314641444e+00 1.007016149425974e+00
8.900000000000000e-01 5.768973119126561e+00 1.009263285561711e+00
8.950000000000000e-01 5.915054719607133e+00 1.011450079367435e+00
9.000000000000000e-01 6.064833421838831e+00 1.013578289236726e+00
9.050000000000000e-01 6.218402842386253e+00 1.015649614104583e+00
9.100000000000000e-01 6.375858967136348e+00 1.017665696205492e+00
9.150000000000000e-01 6.537300211292723e+00 1.019628123474813e+00
9.200000000000000e-01 6.702827480888332e+00 1.021538431762398e+00
9.250000000000000e-01 6.872544235855034e+00 1.023398106916132e+00
9.300000000000000e-01 7.046556554689444e+00 1.025208586756512e+00
9.350000000000001e-01 7.224973200755413e+00 1.026971262952372e+00
9.400000000000001e-01 7.407905690264673e+00 1.028687482804561e+00
9.450000000000001e-01 7.595468361978146e+00 1.030358550943350e+00
9.500000000000001e-01 7.787778448671316e+00 1.031985730944750e+00
9.550000000000001e-01 7.984956150408610e+00 1.033570246870552e+00
9.600000000000000e-01 8.187124709672272e+00 1.035113284736543e+00
9.650000000000000e-01 8.394410488393007e+00 1.036615993913047e+00
9.700000000000000e-01 8.606943046930221e+00 1.038079488461659e+00
9.750000000000000e-01 8.824855225051540e+00 1.039504848411755e+00
9.800000000000000e-01 9.048283224961922e+00 1.040893120980143e+00
9.850000000000000e-01 9.277366696434507e+00 1.042245321736986e+00
9.900000000000000e-01 9.512248824096272e+00 1.043562435720910e+00
9.950000000000000e-01 9.753076416923058e+00 1.044845418506045e+00
1.000000000000000e+00 1.000000000000000e+01 1.046095197223544e+00
