0.000000000000000e+00 0.000000000000000e+00 2.211025095427226e-01
5.000000000000000e-03 3.369477419287315e-03 2.211027657855221e-01
1.000000000000000e-02 6.741060871647481e-03 2.211034535819279e-01
1.500000000000000e-02 1.011685770649257e-02 2.211046090778706e-01
2.000000000000000e-02 1.349897790673588e-02 2.211062332647143e-01
2.500000000000000e-02 1.688953540759990e-02 2.211083334350911e-01
3.000000000000000e-02 2.029064941789469e-02 2.211109244140142e-01
3.500000000000000e-02 2.370444574459234e-02 2.211140195389580e-01
4.000000000000000e-02 2.713305812152553e-02 2.211176304258642e-01
4.500000000000000e-02 3.057862954304063e-02 2.211217743060801e-01
5.000000000000000e-02 3.404331360343898e-02 2.211264775889872e-01
5.500000000000000e-02 3.752927584304335e-02 2.211317682088295e-01
6.000000000000000e-02 4.103869510173117e-02 2.211376727782796e-01
6.500000000000000e-02 4.457376488078044e-02 2.211442223891864e-01
7.000000000000001e-02 4.813669471387935e-02 2.211514489411395e-01
7.500000000000000e-02 5.172971154815675e-02 2.211593888901550e-01
8.000000000000000e-02 5.535506113609672e-02 2.211680852750793e-01
8.500000000000001e-02 5.901500943920686e-02 2.211775844501153e-01
9.000000000000000e-02 6.271184404431801e-02 2.211879398601060e-01
9.500000000000000e-02 6.644787559340060e-02 2.211992091828628e-01
1.000000000000000e-01 7.022543922779090e-02 2.212114566186419e-01
1.050000000000000e-01 7.404689604773053e-02 2.212247522092645e-01
1.100000000000000e-01 7.791463458813094e-02 2.212391729457647e-01
1.150000000000000e-01 8.183107231148547e-02 2.212548031194637e-01
1.200000000000000e-01 8.579865711886202e-02 2.212717350978262e-01
1.250000000000000e-01 8.981986887992111e-02 2.212900700157365e-01
1.300000000000000e-01 9.389722098291493e-02 2.213099185895055e-01
1.350000000000000e-01 9.803326190563690e-02 2.213314019876675e-01
1.400000000000000e-01 1.022305768083033e-01 2.213546527911679e-01
1.450000000000000e-01 1.064917891493625e-01 2.213798160433438e-01
1.500000000000000e-01 1.108195623252418e-01 2.214070504006476e-01
1.550000000000000e-01 1.152166013350572e-01 2.214365293927423e-01
1.600000000000000e-01 1.196856544713255e-01 2.214684428021075e-01
1.650000000000000e-01 1.242295150377370e-01 2.215029981739023e-01
1.700000000000000e-01 1.288510230950609e-01 2.215404224677683e-01
1.750000000000000e-01 1.335530672362758e-01 2.215809638642005e-01
1.800000000000000e-01 1.383385863920344e-01 2.216248937391571e-01
1.850000000000000e-01 1.432105716675912e-01 2.216725088216771e-01
1.900000000000000e-01 1.481720682123397e-01 2.217241335504591e-01
1.950000000000000e-01 1.532261771231311e-01 2.217801226466106e-01
2.000000000000000e-01 1.583760573825595e-01 2.218408639211145e-01
2.050000000000000e-01 1.636249278334301e-01 2.219067813369714e-01
2.100000000000000e-01 1.689760691906397e-01 2.219783383474793e-01
2.150000000000000e-01 1.744328260917313e-01 2.220560415336920e-01
2.200000000000000e-01 1.799986091874004e-01 2.221404445657602e-01
2.250000000000000e-01 1.856768972732633e-01 2.222321525146128e-01
2.300000000000000e-01 1.914712394642179e-01 2.223318265422667e-01
2.350000000000000e-01 1.973852574127551e-01 2.224401890009677e-01
2.400000000000000e-01 2.034226475726105e-01 2.225580289733627e-01
2.450000000000000e-01 2.095871835091678e-01 2.226862082879755e-01
2.500000000000000e-01 2.158827182580599e-01 2.228256680464035e-01
2.550000000000000e-01 2.223131867334419e-01 2.229774357008681e-01
2.600000000000000e-01 2.288826081874405e-01 2.231426327230284e-01
2.650000000000000e-01 2.355950887223172e-01 2.233224829072958e-01
2.700000000000000e-01 2.424548238569160e-01 2.235183213542637e-01
2.750000000000000e-01 2.494661011489995e-01 2.237316041822738e-01
2.800000000000000e-01 2.566333028751116e-01 2.239639190175660e-01
2.850000000000000e-01 2.639609087696434e-01 2.242169963158931e-01
2.900000000000000e-01 2.714534988248126e-01 2.244927215708895e-01
2.950000000000000e-01 2.791157561533084e-01 2.247931484668616e-01
3.000000000000000e-01 2.869524699153886e-01 2.251205130359666e-01
3.050000000000000e-01 2.949685383122613e-01 2.254772488819415e-01
3.100000000000000e-01 3.031689716476197e-01 2.258660035345921e-01
3.150000000000000e-01 3.115588954592450e-01 2.262896560010761e-01
3.200000000000000e-01 3.201435537226349e-01 2.267513355815713e-01
3.250000000000000e-01 3.289283121286580e-01 2.272544420180819e-01
3.300000000000000e-01 3.379186614372866e-01 2.278026670458088e-01
3.350000000000000e-01 3.471202209094989e-01 2.284000174165200e-01
3.400000000000000e-01 3.565387418195016e-01 2.290508394625070e-01
3.450000000000000e-01 3.661801110494620e-01 2.297598452677452e-01
3.500000000000000e-01 3.760503547690021e-01 2.305321405094423e-01
3.550000000000000e-01 3.861556422017504e-01 2.313732540278442e-01
3.600000000000000e-01 3.965022894813072e-01 2.322891691743993e-01
3.650000000000000e-01 4.070967635990345e-01 2.332863569774709e-01
3.700000000000000e-01 4.179456864461349e-01 2.343718111498406e-01
3.750000000000000e-01 4.290558389525505e-01 2.355530849421321e-01
3.800000000000000e-01 4.404341653252637e-01 2.368383298196142e-01
3.850000000000000e-01 4.520877773886537e-01 2.382363359048662e-01
3.900000000000000e-01 4.640239590296172e-01 2.397565740833593e-01
3.950000000000000e-01 4.762501707502353e-01 2.414092396104913e-01
4.000000000000000e-01 4.887740543308307e-01 2.432052969838332e-01
4.050000000000000e-01 5.016034376063282e-01 2.451565257494513e-01
4.100000000000000e-01 5.147463393589066e-01 2.472755667916268e-01
4.150000000000000e-01 5.282109743299990e-01 2.495759685057406e-01
4.200000000000000e-01 5.420057583547735e-01 2.520722320683498e-01
4.250000000000000e-01 5.561393136223041e-01 2.547798547895256e-01
4.300000000000000e-01 5.706204740647189e-01 2.577153702525264e-01
4.350000000000000e-01 5.854582908786964e-01 2.608963836064221e-01
4.400000000000000e-01 6.006620381827575e-01 2.643415999696189e-01
4.450000000000000e-01 6.162412188138907e-01 2.680708434178266e-01
4.500000000000000e-01 6.322055702671360e-01 2.721050634614057e-01
4.550000000000000e-01 6.485650707818353e-01 2.764663252590008e-01
4.600000000000000e-01 6.653299455783577e-01 2.811777790657516e-01
4.650000000000000e-01 6.825106732491932e-01 2.862636035804200e-01
4.700000000000000e-01 7.001179923084168e-01 2.917489169514291e-01
4.750000000000000e-01 7.181629079036070e-01 2.976596482558344e-01
4.800000000000000e-01 7.366566986944229e-01 3.040223613254295e-01
4.850000000000000e-01 7.556109239021327e-01 3.108640219334139e-01
4.900000000000000e-01 7.750374305345038e-01 3.182116986781161e-01
4.950000000000000e-01 7.949483607905672e-01 3.260921875506792e-01
5.000000000000000e-01 8.153561596498893e-01 3.345315503392433e-01
5.050000000000000e-01 8.362735826510871e-01 3.435545579379059e-01
5.100000000000000e-01 8.577137038644561e-01 3.531840315734400e-01
5.150000000000000e-01 8.796899240636907e-01 3.634400782465376e-01
5.200000000000000e-01 9.022159791018011e-01 3.743392216222443e-01
5.250000000000000e-01 9.253059484964714e-01 3.858934364709806e-01
5.300000000000000e-01 9.489742642302165e-01 3.981091037244010e-01
5.350000000000000e-01 9.732357197708378e-01 4.109859142390736e-01
5.400000000000000e-01 9.981054793178262e-01 4.245157621203812e-01
5.450000000000000e-01 1.023599087280478e+00 4.386816821982592e-01
5.500000000000000e-01 1.049732477993657e+00 4.534568997107304e-01
5.550000000000000e-01 1.076521985677273e+00 4.688040716545619e-01
5.600000000000001e-01 1.103984354645701e+00 4.846748063649708e-01
5.650000000000001e-01 1.132136749773522e+00 5.010095482198395e-01
5.700000000000001e-01 1.160996767224129e+00 5.177379056240533e-01
5.750000000000001e-01 1.190582445447902e+00 5.347794810125395e-01
5.800000000000000e-01 1.220912276456826e+00 5.520452312090870e-01
5.850000000000000e-01 1.252005217382601e+00 5.694393465883658e-01
5.900000000000000e-01 1.283880702325469e+00 5.868615916430141e-01
5.950000000000000e-01 1.316558654501151e+00 6.042100031136587e-01
6.000000000000000e-01 1.350059498693518e+00 6.213838012503342e-01
6.050000000000000e-01 1.384404174020732e+00 6.382863414191542e-01
6.100000000000000e-01 1.419614147022888e+00 6.548279221004160e-01
6.150000000000000e-01 1.455711425079295e+00 6.709282736936294e-01
6.200000000000000e-01 1.492718570163803e+00 6.865185795703396e-01
6.250000000000000e-01 1.530658712946775e+00 7.015429225211094e-01
6.300000000000000e-01 1.569555567252506e+00 7.159590999391352e-01
6.350000000000000e-01 1.609433444881138e+00 7.297388027329372e-01
6.400000000000000e-01 1.650317270804325e+00 7.428671996275011e-01
6.450000000000000e-01 1.692232598744148e+00 7.553420054901380e-01
6.500000000000000e-01 1.735205627145031e+00 7.671721371854692e-01
6.550000000000000e-01 1.779263215548615e+00 7.783760730338647e-01
6.600000000000000e-01 1.824432901381847e+00 7.889800337244735e-01
6.650000000000000e-01 1.870742917168772e+00 7.990160959547529e-01
6.700000000000000e-01 1.918222208176775e+00 8.085203377640242e-01
6.750000000000000e-01 1.966900450508319e+00 8.175310987911917e-01
6.800000000000000e-01 2.016808069649473e+00 8.260874212173607e-01
6.850000000000001e-01 2.067976259486829e+00 8.342277190671300e-01
6.900000000000001e-01 2.120437001804702e+00 8.419887055389571e-01
6.950000000000001e-01 2.174223086274785e+00 8.494045906349704e-01
7.000000000000001e-01 2.229368130950753e+00 8.565065450964710e-01
7.050000000000000e-01 2.285906603280654e+00 8.633224121648799e-01
7.100000000000000e-01 2.343873841650178e+00 8.698766367121044e-01
7.150000000000000e-01 2.403306077470301e+00 8.761903725324902e-01
7.200000000000000e-01 2.464240457823092e+00 8.822817235964461e-01
7.250000000000000e-01 2.526715068679855e+00 8.881660740416136e-01
7.300000000000000e-01 2.590768958706095e+00 8.938564644082851e-01
7.350000000000000e-01 2.656442163668210e+00 8.993639774707964e-01
7.400000000000000e-01 2.723775731457148e+00 9.046981049927106e-01
7.450000000000000e-01 2.792811747744667e+00 9.098670756745755e-01
7.500000000000000e-01 2.863593362288260e+00 9.148781333145910e-01
7.550000000000000e-01 2.936164815901156e+00 9.197377618066537e-01
7.600000000000000e-01 3.010571468104263e+00 9.244518594268067e-01
7.650000000000000e-01 3.086859825477351e+00 9.290258686586679e-01
7.700000000000000e-01 3.165077570727174e+00 9.334648696823572e-01
7.750000000000000e-01 3.245273592490716e+00 9.377736459578678e-01
7.800000000000000e-01 3.327498015892184e+00 9.419567295611267e-01
7.850000000000000e-01 3.411802233872832e+00 9.460184325754993e-01
7.900000000000000e-01 3.498238939313234e+00 9.499628693162075e-01
7.950000000000000e-01 3.586862157968046e+00 9.537939727533444e-01
8.000000000000000e-01 3.677727282233856e+00 9.575155073503364e-01
8.050000000000000e-01 3.770891105771243e+00 9.611310796901882e-01
8.100000000000001e-01 3.866411859002656e+00 9.646441476933368e-01
8.150000000000001e-01 3.964349245508326e+00 9.680580288777259e-01
8.200000000000001e-01 4.064764479342956e+00 9.713759079080294e-01
8.250000000000001e-01 4.167720323296481e+00 9.746008435712393e-01
8.300000000000001e-01 4.273281128122877e+00 9.777357752600777e-01
8.350000000000000e-01 4.381512872761445e+00 9.807835290183999e-01
8.400000000000000e-01 4.492483205575838e+00 9.837468231893464e-01
8.450000000000000e-01 4.606261486636447e+00 9.866282736999105e-01
8.500000000000000e-01 4.722918831072739e+00 9.894303990112757e-01
8.550000000000000e-01 4.842528153522501e+00 9.921556247611486e-01
8.600000000000000e-01 4.965164213705875e+00 9.948062881217953e-01
8.650000000000000e-01 5.090903663152626e+00 9.973846418953011e-01
8.700000000000000e-01 5.219825093111814e+00 9.998928583656450e-01
8.750000000000000e-01 5.352009083673925e+00 1.002333032925447e+00
8.800000000000000e-01 5.487538254136007e+00 1.004707187493697e+00
8.850000000000000e-01 5.626497314641444e+00 1.007017273739373e+00
8.900000000000000e-01 5.768973119126561e+00 1.009265176124605e+00
8.950000000000000e-01 5.915054719607133e+00 1.011452714779882e+00
9.000000000000000e-01 6.064833421838831e+00 1.013581648222799e+00
9.050000000000000e-01 6.218402842386253e+00 1.015653675930891e+00
9.100000000000000e-01 6.375858967136348e+00 1.017670440778242e+00
9.150000000000000e-01 6.537300211292723e+00 1.019633531344841e+00
9.200000000000000e-01 6.702827480888332e+00 1.021544484106891e+00
9.250000000000000e-01 6.872544235855034e+00 1.023404785515694e+00
9.300000000000000e-01 7.046556554689444e+00 1.025215873972145e+00
9.350000000000001e-01 7.224973200755413e+00 1.026979141703315e+00
9.400000000000001e-01 7.407905690264673e+00 1.028695936547157e+00
9.450000000000001e-01 7.595468361978146e+00 1.030367563650899e+00
9.500000000000001e-01 7.787778448671316e+00 1.031995287088303e+00
9.550000000000001e-01 7.984956150408610e+00 1.033580331400593e+00
9.600000000000000e-01 8.187124709672272e+00 1.035123883065507e+00
9.650000000000000e-01 8.394410488393007e+00 1.036627091898626e+00
9.700000000000000e-01 8.606943046930221e+00 1.038091072390853e+00
9.750000000000000e-01 8.824855225051540e+00 1.039516904985624e+00
9.800000000000000e-01 9.048283224961922e+00 1.040905637299228e+00
9.850000000000000e-01 9.277366696434507e+00 1.042258285287356e+00
9.900000000000000e-01 9.512248824096272e+00 1.043575834360807e+00
9.950000000000000e-01 9.753076416923058e+00 1.044859240453089e+00
1.000000000000000e+00 1.000000000000000e+01 1.046109431042477e+00
