0.000000000000000e+00 0.000000000000000e+00 3.560806914497421e-02
5.000000000000000e-03 3.369477419287315e-03 3.560923795848793e-02
1.000000000000000e-02 6.741060871647481e-03 3.561236215870960e-02
1.500000000000000e-02 1.011685770649257e-02 3.561758555567806e-02
2.000000000000000e-02 1.349897790673588e-02 3.562491639634246e-02
2.500000000000000e-02 1.688953540759990e-02 3.563437365412904e-02
3.000000000000000e-02 2.029064941789469e-02 3.564598571750117e-02
3.500000000000000e-02 2.370444574459234e-02 3.565978292313209e-02
4.000000000000000e-02 2.713305812152553e-02 3.567580190940857e-02
4.500000000000000e-02 3.057862954304063e-02 3.569408772021788e-02
5.000000000000000e-02 3.404331360343898e-02 3.571468944117504e-02
5.500000000000000e-02 3.752927584304335e-02 3.573766158140962e-02
6.000000000000000e-02 4.103869510173117e-02 3.576306834714899e-02
6.500000000000000e-02 4.457376488078044e-02 3.579098040135534e-02
7.000000000000001e-02 4.813669471387935e-02 3.582147216757426e-02
7.500000000000000e-02 5.172971154815675e-02 3.585462674531249e-02
8.000000000000000e-02 5.535506113609672e-02 3.589053776388105e-02
8.500000000000001e-02 5.901500943920686e-02 3.592930449280342e-02
9.000000000000000e-02 6.271184404431801e-02 3.597103231462058e-02
9.500000000000000e-02 6.644787559340060e-02 3.601583801720189e-02
1.000000000000000e-01 7.022543922779090e-02 3.606384852245431e-02
1.050000000000000e-01 7.404689604773053e-02 3.611519723513047e-02
1.100000000000000e-01 7.791463458813094e-02 3.617002769972109e-02
1.150000000000000e-01 8.183107231148547e-02 3.622849692114385e-02
1.200000000000000e-01 8.579865711886202e-02 3.629077172644422e-02
1.250000000000000e-01 8.981986887992111e-02 3.635702804577067e-02
1.300000000000000e-01 9.389722098291493e-02 3.642745661592701e-02
1.350000000000000e-01 9.803326190563690e-02 3.650226360559553e-02
1.400000000000000e-01 1.022305768083033e-01 3.658166602737543e-02
1.450000000000000e-01 1.064917891493625e-01 3.666589396084673e-02
1.500000000000000e-01 1.108195623252418e-01 3.675519716476298e-02
1.550000000000000e-01 1.152166013350572e-01 3.684984380905574e-02
1.600000000000000e-01 1.196856544713255e-01 3.695011590107185e-02
1.650000000000000e-01 1.242295150377370e-01 3.705631340591155e-02
1.700000000000000e-01 1.288510230950609e-01 3.716876143304870e-02
1.750000000000000e-01 1.335530672362758e-01 3.728780860936005e-02
1.800000000000000e-01 1.383385863920344e-01 3.741382279029454e-02
1.850000000000000e-01 1.432105716675912e-01 3.754719565492554e-02
1.900000000000000e-01 1.481720682123397e-01 3.768835061196249e-02
1.950000000000000e-01 1.532261771231311e-01 3.783774284358424e-02
2.000000000000000e-01 1.583760573825595e-01 3.799585590713294e-02
2.050000000000000e-01 1.636249278334301e-01 3.816320490010854e-02
2.100000000000000e-01 1.689760691906397e-01 3.834034409805188e-02
2.150000000000000e-01 1.744328260917313e-01 3.852787149729583e-02
2.200000000000000e-01 1.799986091874004e-01 3.872642943648835e-02
2.250000000000000e-01 1.856768972732633e-01 3.893670437711644e-02
2.300000000000000e-01 1.914712394642179e-01 3.915943053554777e-02
2.350000000000000e-01 1.973852574127551e-01 3.939540049211662e-02
2.400000000000000e-01 2.034226475726105e-01 3.964547446426555e-02
2.450000000000000e-01 2.095871835091678e-01 3.991057979527556e-02
2.500000000000000e-01 2.158827182580599e-01 4.019171176345065e-02
2.550000000000000e-01 2.223131867334419e-01 4.048994378844843e-02
2.600000000000000e-01 2.288826081874405e-01 4.080643720479233e-02
2.650000000000000e-01 2.355950887223172e-01 4.114245229097783e-02
2.700000000000000e-01 2.424548238569160e-01 4.149936234486829e-02
2.750000000000000e-01 2.494661011489995e-01 4.187865915795802e-02
2.800000000000000e-01 2.566333028751116e-01 4.228196223588936e-02
2.850000000000000e-01 2.639609087696434e-01 4.271103504303680e-02
2.900000000000000e-01 2.714534988248126e-01 4.316779656034340e-02
2.950000000000000e-01 2.791157561533084e-01 4.365434474107741e-02
3.000000000000000e-01 2.869524699153886e-01 4.417297687175115e-02
3.050000000000000e-01 2.949685383122613e-01 4.472621304472335e-02
3.100000000000000e-01 3.031689716476197e-01 4.531682528729089e-02
3.150000000000000e-01 3.115588954592450e-01 4.594786529527328e-02
3.200000000000000e-01 3.201435537226349e-01 4.662270185006043e-02
3.250000000000000e-01 3.289283121286580e-01 4.734505928345663e-02
3.300000000000000e-01 3.379186614372866e-01 4.811906554447187e-02
3.350000000000000e-01 3.471202209094989e-01 4.894930576136861e-02
3.400000000000000e-01 3.565387418195016e-01 4.984088589303442e-02
3.450000000000000e-01 3.661801110494620e-01 5.079950626349644e-02
3.500000000000000e-01 3.760503547690021e-01 5.183154795852751e-02
3.550000000000000e-01 3.861556422017504e-01 5.294417407866431e-02
3.600000000000000e-01 3.965022894813072e-01 5.414544908681295e-02
3.650000000000000e-01 4.070967635990345e-01 5.544447987163513e-02
3.700000000000000e-01 4.179456864461349e-01 5.685158313651964e-02
3.750000000000000e-01 4.290558389525505e-01 5.837848474688042e-02
3.800000000000000e-01 4.404341653252637e-01 6.003855803395407e-02
3.850000000000000e-01 4.520877773886537e-01 6.184710973355487e-02
3.900000000000000e-01 4.640239590296172e-01 6.382172435378523e-02
3.950000000000000e-01 4.762501707502353e-01 6.598268040416379e-02
4.000000000000000e-01 4.887740543308307e-01 6.835345519713185e-02
4.050000000000000e-01 5.016034376063282e-01 7.096133896604181e-02
4.100000000000000e-01 5.147463393589066e-01 7.383818392723043e-02
4.150000000000000e-01 5.282109743299990e-01 7.702131967155908e-02
4.200000000000000e-01 5.420057583547735e-01 8.055467275422137e-02
4.250000000000000e-01 5.561393136223041e-01 8.449013504379210e-02
4.300000000000000e-01 5.706204740647189e-01 8.888923104121560e-02
4.350000000000000e-01 5.854582908786964e-01 9.382513633182864e-02
4.400000000000000e-01 6.006620381827575e-01 9.938509233718397e-02
4.450000000000000e-01 6.162412188138907e-01 1.056732366825084e-01
4.500000000000000e-01 6.322055702671360e-01 1.128138058459807e-01
4.550000000000000e-01 6.485650707818353e-01 1.209545361958871e-01
4.600000000000000e-01 6.653299455783577e-01 1.302698401693068e-01
4.650000000000000e-01 6.825106732491932e-01 1.409628903619674e-01
4.700000000000000e-01 7.001179923084168e-01 1.532650112789814e-01
4.750000000000000e-01 7.181629079036070e-01 1.674296878973769e-01
4.800000000000000e-01 7.366566986944229e-01 1.837171453309305e-01
4.850000000000000e-01 7.556109239021327e-01 2.023643889278857e-01
4.900000000000000e-01 7.750374305345038e-01 2.235362854402666e-01
4.950000000000000e-01 7.949483607905672e-01 2.472582969624617e-01
5.000000000000000e-01 8.153561596498893e-01 2.733433010707882e-01
5.050000000000000e-01 8.362735826510871e-01 3.013416519006887e-01
5.100000000000000e-01 8.577137038644561e-01 3.305535704631192e-01
5.150000000000000e-01 8.796899240636907e-01 3.601274887647730e-01
5.200000000000000e-01 9.022159791018011e-01 3.892223071784929e-01
5.250000000000000e-01 9.253059484964714e-01 4.171658253251322e-01
5.300000000000000e-01 9.489742642302165e-01 4.435407153232773e-01
5.350000000000000e-01 9.732357197708378e-01 4.681781183747660e-01
5.400000000000000e-01 9.981054793178262e-01 4.910912222557875e-01
5.450000000000000e-01 1.023599087280478e+00 5.123963066473044e-01
5.500000000000000e-01 1.049732477993657e+00 5.322511964340758e-01
5.550000000000000e-01 1.076521985677273e+00 5.508181942841019e-01
5.600000000000001e-01 1.103984354645701e+00 5.682462597016681e-01
5.650000000000001e-01 1.132136749773522e+00 5.846648437233434e-01
5.700000000000001e-01 1.160996767224129e+00 6.001836224181879e-01
5.750000000000001e-01 1.190582445447902e+00 6.148946996784050e-01
5.800000000000000e-01 1.220912276456826e+00 6.288755129115327e-01
5.850000000000000e-01 1.252005217382601e+00 6.421916457442169e-01
5.900000000000000e-01 1.283880702325469e+00 6.548992548090067e-01
5.950000000000000e-01 1.316558654501151e+00 6.670470526573993e-01
6.000000000000000e-01 1.350059498693518e+00 6.786778848689495e-01
6.050000000000000e-01 1.384404174020732e+00 6.898299691076359e-01
6.100000000000000e-01 1.419614147022888e+00 7.005378646908986e-01
6.150000000000000e-01 1.455711425079295e+00 7.108332313453544e-01
6.200000000000000e-01 1.492718570163803e+00 7.207454234601357e-01
6.250000000000000e-01 1.530658712946775e+00 7.303019546838254e-01
6.300000000000000e-01 1.569555567252506e+00 7.395288582505263e-01
6.350000000000000e-01 1.609433444881138e+00 7.484509610915988e-01
6.400000000000000e-01 1.650317270804325e+00 7.570920843475528e-01
6.450000000000000e-01 1.692232598744148e+00 7.654751789975472e-01
6.500000000000000e-01 1.735205627145031e+00 7.736224026454668e-01
6.550000000000000e-01 1.779263215548615e+00 7.815551417692526e-01
6.600000000000000e-01 1.824432901381847e+00 7.892939827419988e-01
6.650000000000000e-01 1.870742917168772e+00 7.968586345119953e-01
6.700000000000000e-01 1.918222208176775e+00 8.042678058736972e-01
6.750000000000000e-01 1.966900450508319e+00 8.115390407017978e-01
6.800000000000000e-01 2.016808069649473e+00 8.186885153213438e-01
6.850000000000001e-01 2.067976259486829e+00 8.257308033469630e-01
6.900000000000001e-01 2.120437001804702e+00 8.326786148740767e-01
6.950000000000001e-01 2.174223086274785e+00 8.395425189007862e-01
7.000000000000001e-01 2.229368130950753e+00 8.463306603711895e-01
7.050000000000000e-01 2.285906603280654e+00 8.530484863191838e-01
7.100000000000000e-01 2.343873841650178e+00 8.596984992656452e-01
7.150000000000000e-01 2.403306077470301e+00 8.662800601784137e-01
7.200000000000000e-01 2.464240457823092e+00 8.727892676453670e-01
7.250000000000000e-01 2.526715068679855e+00 8.792189438411817e-01
7.300000000000000e-01 2.590768958706095e+00 8.855587603963846e-01
7.350000000000000e-01 2.656442163668210e+00 8.917955369514969e-01
7.400000000000000e-01 2.723775731457148e+00 8.979137401298738e-01
7.450000000000000e-01 2.792811747744667e+00 9.038961988419696e-01
7.500000000000000e-01 2.863593362288260e+00 9.097250315527242e-01
7.550000000000000e-01 2.936164815901156e+00 9.153827519605139e-01
7.600000000000000e-01 3.010571468104263e+00 9.208534833862856e-01
7.650000000000000e-01 3.086859825477351e+00 9.261241743769427e-01
7.700000000000000e-01 3.165077570727174e+00 9.311856775233252e-01
7.750000000000000e-01 3.245273592490716e+00 9.360335415153772e-01
7.800000000000000e-01 3.327498015892184e+00 9.406683832894405e-01
7.850000000000000e-01 3.411802233872832e+00 9.450957574689137e-01
7.900000000000000e-01 3.498238939313234e+00 9.493255190628765e-01
7.950000000000000e-01 3.586862157968046e+00 9.533707663602879e-01
8.000000000000000e-01 3.677727282233856e+00 9.572465302773264e-01
8.050000000000000e-01 3.770891105771243e+00 9.609684204652517e-01
8.100000000000001e-01 3.866411859002656e+00 9.645514332281110e-01
8.150000000000001e-01 3.964349245508326e+00 9.680090735601030e-01
8.200000000000001e-01 4.064764479342956e+00 9.713528608663151e-01
8.250000000000001e-01 4.167720323296481e+00 9.745922013529297e-01
8.300000000000001e-01 4.273281128122877e+00 9.777345441686264e-01
8.350000000000000e-01 4.381512872761445e+00 9.807857071882864e-01
8.400000000000000e-01 4.492483205575838e+00 9.837502620703201e-01
8.450000000000000e-01 4.606261486636447e+00 9.866318960913866e-01
8.500000000000000e-01 4.722918831072739e+00 9.894337050425216e-01
8.550000000000000e-01 4.842528153522501e+00 9.921584041412067e-01
8.600000000000000e-01 4.965164213705875e+00 9.948084654562269e-01
8.650000000000000e-01 5.090903663152626e+00 9.973861999311228e-01
8.700000000000000e-01 5.219825093111814e+00 9.998938028496360e-01
8.750000000000000e-01 5.352009083673925e+00 1.002333377773763e+00
8.800000000000000e-01 5.487538254136007e+00 1.004706949034197e+00
8.850000000000000e-01 5.626497314641444e+00 1.007016468664294e+00
8.900000000000000e-01 5.768973119126561e+00 1.009263820832132e+00
8.950000000000000e-01 5.915054719607133e+00 1.011450825191115e+00
9.000000000000000e-01 6.064833421838831e+00 1.013579239747022e+00
9.050000000000000e-01 6.218402842386253e+00 1.015650763472564e+00
9.100000000000000e-01 6.375858967136348e+00 1.017667038754136e+00
9.150000000000000e-01 6.537300211292723e+00 1.019629653702805e+00
9.200000000000000e-01 6.702827480888332e+00 1.021540144344237e+00
9.250000000000000e-01 6.872544235855034e+00 1.023399996696777e+00
9.300000000000000e-01 7.046556554689444e+00 1.025210648745092e+00
9.350000000000001e-01 7.224973200755413e+00 1.026973492315953e+00
9.400000000000001e-01 7.407905690264673e+00 1.028689874862177e+00
9.450000000000001e-01 7.595468361978146e+00 1.030361101160302e+00
9.500000000000001e-01 7.787778448671316e+00 1.031988434927172e+00
9.550000000000001e-01 7.984956150408610e+00 1.033573100360229e+00
9.600000000000000e-01 8.187124709672272e+00 1.035116283605965e+00
9.650000000000000e-01 8.394410488393007e+00 1.036619134160686e+00
9.700000000000000e-01 8.606943046930221e+00 1.038082766207455e+00
9.750000000000000e-01 8.824855225051540e+00 1.039508259892803e+00
9.800000000000000e-01 9.048283224961922e+00 1.040896662546569e+00
9.850000000000000e-01 9.277366696434507e+00 1.042248989847996e+00
9.900000000000000e-01 9.512248824096272e+00 1.043566226941016e+00
9.950000000000000e-01 9.753076416923058e+00 1.044849329501440e+00
1.000000000000000e+00 1.000000000000000e+01 1.046099224758640e+00
