0.000000000000000e+00 0.000000000000000e+00 1.140704837751460e-04
5.000000000000000e-03 3.369477419287315e-03 1.140750553447153e-04
1.000000000000000e-02 6.741060871647481e-03 1.140872409645935e-04
1.500000000000000e-02 1.011685770649257e-02 1.141075598260273e-04
2.000000000000000e-02 1.349897790673588e-02 1.141360869561549e-04
2.500000000000000e-02 1.688953540759990e-02 1.141729059258791e-04
3.000000000000000e-02 2.029064941789469e-02 1.142181122460878e-04
3.500000000000000e-02 2.370444574459234e-02 1.142718319762431e-04
4.000000000000000e-02 2.713305812152553e-02 1.143342131701475e-04
4.500000000000000e-02 3.057862954304063e-02 1.144054278374103e-04
5.000000000000000e-02 3.404331360343898e-02 1.144856790853407e-04
5.500000000000000e-02 3.752927584304335e-02 1.145751902864405e-04
6.000000000000000e-02 4.103869510173117e-02 1.146742068639273e-04
6.500000000000000e-02 4.457376488078044e-02 1.147830100928672e-04
7.000000000000001e-02 4.813669471387935e-02 1.149019096116490e-04
7.500000000000000e-02 5.172971154815675e-02 1.150312356053824e-04
8.000000000000000e-02 5.535506113609672e-02 1.151713551683057e-04
8.500000000000001e-02 5.901500943920686e-02 1.153226742482613e-04
9.000000000000000e-02 6.271184404431801e-02 1.154856214823886e-04
9.500000000000000e-02 6.644787559340060e-02 1.156606584254243e-04
1.000000000000000e-01 7.022543922779090e-02 1.158482979945401e-04
1.050000000000000e-01 7.404689604773053e-02 1.160490897055306e-04
1.100000000000000e-01 7.791463458813094e-02 1.162636105892426e-04
1.150000000000000e-01 8.183107231148547e-02 1.164924889166503e-04
1.200000000000000e-01 8.579865711886202e-02 1.167364107930626e-04
1.250000000000000e-01 8.981986887992111e-02 1.169961008527684e-04
1.300000000000000e-01 9.389722098291493e-02 1.172723298133875e-04
1.350000000000000e-01 9.803326190563690e-02 1.175659368891043e-04
1.400000000000000e-01 1.022305768083033e-01 1.178778219544078e-04
1.450000000000000e-01 1.064917891493625e-01 1.182089360463708e-04
1.500000000000000e-01 1.108195623252418e-01 1.185603031434828e-04
1.550000000000000e-01 1.152166013350572e-01 1.189330319155760e-04
1.600000000000000e-01 1.196856544713255e-01 1.193283004187910e-04
1.650000000000000e-01 1.242295150377370e-01 1.197473613873551e-04
1.700000000000000e-01 1.288510230950609e-01 1.201915714153343e-04
1.750000000000000e-01 1.335530672362758e-01 1.206623933216451e-04
1.800000000000000e-01 1.383385863920344e-01 1.211613806255573e-04
1.850000000000000e-01 1.432105716675912e-01 1.216901944835263e-04
1.900000000000000e-01 1.481720682123397e-01 1.222506370963375e-04
1.950000000000000e-01 1.532261771231311e-01 1.228446520220233e-04
2.000000000000000e-01 1.583760573825595e-01 1.234743118420936e-04
2.050000000000000e-01 1.636249278334301e-01 1.241418411264883e-04
2.100000000000000e-01 1.689760691906397e-01 1.248496550939600e-04
2.150000000000000e-01 1.744328260917313e-01 1.256003679102459e-04
2.200000000000000e-01 1.799986091874004e-01 1.263967871586459e-04
2.250000000000000e-01 1.856768972732633e-01 1.272419364345766e-04
2.300000000000000e-01 1.914712394642179e-01 1.281390980066116e-04
2.350000000000000e-01 1.973852574127551e-01 1.290918429266442e-04
2.400000000000000e-01 2.034226475726105e-01 1.301040465792584e-04
2.450000000000000e-01 2.095871835091678e-01 1.311799057324532e-04
2.500000000000000e-01 2.158827182580599e-01 1.323239740903691e-04
2.550000000000000e-01 2.223131867334419e-01 1.335412258237414e-04
2.600000000000000e-01 2.288826081874405e-01 1.348371171994388e-04
2.650000000000000e-01 2.355950887223172e-01 1.362176148449945e-04
2.700000000000000e-01 2.424548238569160e-01 1.376892333755979e-04
2.750000000000000e-01 2.494661011489995e-01 1.392591171607657e-04
2.800000000000000e-01 2.566333028751116e-01 1.409351280963672e-04
2.850000000000000e-01 2.639609087696434e-01 1.427259440566238e-04
2.900000000000000e-01 2.714534988248126e-01 1.446411799634014e-04
2.950000000000000e-01 2.791157561533084e-01 1.466914879384545e-04
3.000000000000000e-01 2.869524699153886e-01 1.488886853412102e-04
3.050000000000000e-01 2.949685383122613e-01 1.512459294825531e-04
3.100000000000000e-01 3.031689716476197e-01 1.537778947715510e-04
3.150000000000000e-01 3.115588954592450e-01 1.565010229547469e-04
3.200000000000000e-01 3.201435537226349e-01 1.594337942930957e-04
3.250000000000000e-01 3.289283121286580e-01 1.625970510121231e-04
3.300000000000000e-01 3.379186614372866e-01 1.660143941039514e-04
3.350000000000000e-01 3.471202209094989e-01 1.697126373195661e-04
3.400000000000000e-01 3.565387418195016e-01 1.737223800718885e-04
3.450000000000000e-01 3.661801110494620e-01 1.780786853926069e-04
3.500000000000000e-01 3.760503547690021e-01 1.828219269845956e-04
3.550000000000000e-01 3.861556422017504e-01 1.879988257891370e-04
3.600000000000000e-01 3.965022894813072e-01 1.936637464183011e-04
3.650000000000000e-01 4.070967635990345e-01 1.998803208759012e-04
3.700000000000000e-01 4.179456864461349e-01 2.067235064822752e-04
3.750000000000000e-01 4.290558389525505e-01 2.142822165518474e-04
3.800000000000000e-01 4.404341653252637e-01 2.226627206445901e-04
3.850000000000000e-01 4.520877773886537e-01 2.319930901753247e-04
3.900000000000000e-01 4.640239590296172e-01 2.424290855950140e-04
3.950000000000000e-01 4.762501707502353e-01 2.541620627557169e-04
4.000000000000000e-01 4.887740543308307e-01 2.674297575878159e-04
4.050000000000000e-01 5.016034376063282e-01 2.825312542856209e-04
4.100000000000000e-01 5.147463393589066e-01 2.998481679402890e-04
4.150000000000000e-01 5.282109743299990e-01 3.198752879351204e-04
4.200000000000000e-01 5.420057583547735e-01 3.432660318154636e-04
4.250000000000000e-01 5.561393136223041e-01 3.709018387718462e-04
4.300000000000000e-01 5.706204740647189e-01 4.040017234058308e-04
4.350000000000000e-01 5.854582908786964e-01 4.443022074540909e-04
4.400000000000000e-01 6.006620381827575e-01 4.943671837263062e-04
4.450000000000000e-01 6.162412188138907e-01 5.581533828847722e-04
4.500000000000000e-01 6.322055702671360e-01 6.421201318925356e-04
4.550000000000000e-01 6.485650707818353e-01 7.576229359719378e-04
4.600000000000000e-01 6.653299455783577e-01 9.267837452237630e-04
4.650000000000000e-01 6.825106732491932e-01 1.199857137330494e-03
4.700000000000000e-01 7.001179923084168e-01 1.724994401483527e-03
4.750000000000000e-01 7.181629079036070e-01 3.250065052667155e-03
4.800000000000000e-01 7.366566986944229e-01 1.588685655052158e-02
4.850000000000000e-01 7.556109239021327e-01 1.028885527899250e-01
4.900000000000000e-01 7.750374305345038e-01 1.997940717137887e-01
4.950000000000000e-01 7.949483607905672e-01 2.604447713019220e-01
5.000000000000000e-01 8.153561596498893e-01 3.077628045823059e-01
5.050000000000000e-01 8.362735826510871e-01 3.473696157445598e-01
5.100000000000000e-01 8.577137038644561e-01 3.819837209405879e-01
5.150000000000000e-01 8.796899240636907e-01 4.128647832391018e-01
5.200000000000000e-01 9.022159791018011e-01 4.408709651796583e-01
5.250000000000000e-01 9.253059484964714e-01 4.665341821901531e-01
5.300000000000000e-01 9.489742642302165e-01 4.902516891241180e-01
5.350000000000000e-01 9.732357197708378e-01 5.123093462819853e-01
5.400000000000000e-01 9.981054793178262e-01 5.329318224020477e-01
5.450000000000000e-01 1.023599087280478e+00 5.522925510077081e-01
5.500000000000000e-01 1.049732477993657e+00 5.705362752946782e-01
5.550000000000000e-01 1.076521985677273e+00 5.877759235552292e-01
5.600000000000001e-01 1.103984354645701e+00 6.041134975174052e-01
5.650000000000001e-01 1.132136749773522e+00 6.196262783007616e-01
5.700000000000001e-01 1.160996767224129e+00 6.343904902918355e-01
5.750000000000001e-01 1.190582445447902e+00 6.484614861215990e-01
5.800000000000000e-01 1.220912276456826e+00 6.618981483401641e-01
5.850000000000000e-01 1.252005217382601e+00 6.747421788972877e-01
5.900000000000000e-01 1.283880702325469e+00 6.870396904782328e-01
5.950000000000000e-01 1.316558654501151e+00 6.988239023759780e-01
6.000000000000000e-01 1.350059498693518e+00 7.101309842694452e-01
6.050000000000000e-01 1.384404174020732e+00 7.209888065510570e-01
6.100000000000000e-01 1.419614147022888e+00 7.314257013936696e-01
6.150000000000000e-01 1.455711425079295e+00 7.414658953589143e-01
6.200000000000000e-01 1.492718570163803e+00 7.511317253062342e-01
6.250000000000000e-01 1.530658712946775e+00 7.604445132808381e-01
6.300000000000000e-01 1.569555567252506e+00 7.694222920616945e-01
6.350000000000000e-01 1.609433444881138e+00 7.780836884504303e-01
6.400000000000000e-01 1.650317270804325e+00 7.864438724104675e-01
6.450000000000000e-01 1.692232598744148e+00 7.945188499117234e-01
6.500000000000000e-01 1.735205627145031e+00 8.023219522713636e-01
6.550000000000000e-01 1.779263215548615e+00 8.098667768120519e-01
6.600000000000000e-01 1.824432901381847e+00 8.171653490354827e-01
6.650000000000000e-01 1.870742917168772e+00 8.242292809607155e-01
6.700000000000000e-01 1.918222208176775e+00 8.310694506179235e-01
6.750000000000000e-01 1.966900450508319e+00 8.376959977197743e-01
6.800000000000000e-01 2.016808069649473e+00 8.441186821063386e-01
6.850000000000001e-01 2.067976259486829e+00 8.503465826512954e-01
6.900000000000001e-01 2.120437001804702e+00 8.563884308522861e-01
6.950000000000001e-01 2.174223086274785e+00 8.622524701735943e-01
7.000000000000001e-01 2.229368130950753e+00 8.679465729523763e-01
7.050000000000000e-01 2.285906603280654e+00 8.734782555169358e-01
7.100000000000000e-01 2.343873841650178e+00 8.788546955085420e-01
7.150000000000000e-01 2.403306077470301e+00 8.840827681809459e-01
7.200000000000000e-01 2.464240457823092e+00 8.891690649193210e-01
7.250000000000000e-01 2.526715068679855e+00 8.941199042867914e-01
7.300000000000000e-01 2.590768958706095e+00 8.989413560480000e-01
7.350000000000000e-01 2.656442163668210e+00 9.036392428103236e-01
7.400000000000000e-01 2.723775731457148e+00 9.082191516366339e-01
7.450000000000000e-01 2.792811747744667e+00 9.126864346175583e-01
7.500000000000000e-01 2.863593362288260e+00 9.170462062103446e-01
7.550000000000000e-01 2.936164815901156e+00 9.213033370208373e-01
7.600000000000000e-01 3.010571468104263e+00 9.254624398451186e-01
7.650000000000000e-01 3.086859825477351e+00 9.295278512065013e-01
7.700000000000000e-01 3.165077570727174e+00 9.335036051507196e-01
7.750000000000000e-01 3.245273592490716e+00 9.373934000352718e-01
7.800000000000000e-01 3.327498015892184e+00 9.412005573492955e-01
7.850000000000000e-01 3.411802233872832e+00 9.449279723589262e-01
7.900000000000000e-01 3.498238939313234e+00 9.485780567437476e-01
7.950000000000000e-01 3.586862157968046e+00 9.521526738397356e-01
8.000000000000000e-01 3.677727282233856e+00 9.556530682568832e-01
8.050000000000000e-01 3.770891105771243e+00 9.590797929970499e-01
8.100000000000001e-01 3.866411859002656e+00 9.624326391566674e-01
8.150000000000001e-01 3.964349245508326e+00 9.657105762795362e-01
8.200000000000001e-01 4.064764479342956e+00 9.689117155247974e-01
8.250000000000001e-01 4.167720323296481e+00 9.720333125779802e-01
8.300000000000001e-01 4.273281128122877e+00 9.750718331746896e-01
8.350000000000000e-01 4.381512872761445e+00 9.780231116482732e-01
8.400000000000000e-01 4.492483205575838e+00 9.808826395843210e-01
8.450000000000000e-01 4.606261486636447e+00 9.836460241652031e-01
8.500000000000000e-01 4.722918831072739e+00 9.863096528498091e-01
8.550000000000000e-01 4.842528153522501e+00 9.888715871115236e-01
8.600000000000000e-01 4.965164213705875e+00 9.913326686538392e-01
8.650000000000000e-01 5.090903663152626e+00 9.936977485270035e-01
8.700000000000000e-01 5.219825093111814e+00 9.959768562303332e-01
8.750000000000000e-01 5.352009083673925e+00 9.981860342409912e-01
8.800000000000000e-01 5.487538254136007e+00 1.000347490978772e+00
8.850000000000000e-01 5.626497314641444e+00 1.002488711463254e+00
8.900000000000000e-01 5.768973119126561e+00 1.004640278096246e+00
8.950000000000000e-01 5.915054719607133e+00 1.006832399620731e+00
9.000000000000000e-01 6.064833421838831e+00 1.009090393408333e+00
9.050000000000000e-01 6.218402842386253e+00 1.011429506007520e+00
9.100000000000000e-01 6.375858967136348e+00 1.013849672222064e+00
9.150000000000000e-01 6.537300211292723e+00 1.016331462547930e+00
9.200000000000000e-01 6.702827480888332e+00 1.018835424690784e+00
9.250000000000000e-01 6.872544235855034e+00 1.021307201022194e+00
9.300000000000000e-01 7.046556554689444e+00 1.023688902958350e+00
9.350000000000001e-01 7.224973200755413e+00 1.025933519885551e+00
9.400000000000001e-01 7.407905690264673e+00 1.028016259382435e+00
9.450000000000001e-01 7.595468361978146e+00 1.029937590174588e+00
9.500000000000001e-01 7.787778448671316e+00 1.031717350224516e+00
9.550000000000001e-01 7.984956150408610e+00 1.033384098555663e+00
9.600000000000000e-01 8.187124709672272e+00 1.034965356993178e+00
9.650000000000000e-01 8.394410488393007e+00 1.036482186950191e+00
9.700000000000000e-01 8.606943046930221e+00 1.037948211860379e+00
9.750000000000000e-01 8.824855225051540e+00 1.039371216873298e+00
9.800000000000000e-01 9.048283224961922e+00 1.040755360386459e+00
9.850000000000000e-01 9.277366696434507e+00 1.042102919851225e+00
9.900000000000000e-01 9.512248824096272e+00 1.043415328654434e+00
9.950000000000000e-01 9.753076416923058e+00 1.044693682335317e+00
1.000000000000000e+00 1.000000000000000e+01 1.045938944231038e+00
