0.000000000000000e+00 0.000000000000000e+00 1.198546283891676e-04
5.000000000000000e-03 3.369477419287315e-03 1.198594316228449e-04
1.000000000000000e-02 6.741060871647481e-03 1.198722347811819e-04
1.500000000000000e-02 1.011685770649257e-02 1.198935834072724e-04
2.000000000000000e-02 1.349897790673588e-02 1.199235562888122e-04
2.500000000000000e-02 1.688953540759990e-02 1.199622412227346e-04
3.000000000000000e-02 2.029064941789469e-02 1.200097385811032e-04
3.500000000000000e-02 2.370444574459234e-02 1.200661808081385e-04
4.000000000000000e-02 2.713305812152553e-02 1.201317234515933e-04
4.500000000000000e-02 3.057862954304063e-02 1.202065472452046e-04
5.000000000000000e-02 3.404331360343898e-02 1.202908655896750e-04
5.500000000000000e-02 3.752927584304335e-02 1.203849131688368e-04
6.000000000000000e-02 4.103869510173117e-02 1.204889478474497e-04
6.500000000000000e-02 4.457376488078044e-02 1.206032651611004e-04
7.000000000000001e-02 4.813669471387935e-02 1.207281904309468e-04
7.500000000000000e-02 5.172971154815675e-02 1.208640705700633e-04
8.000000000000000e-02 5.535506113609672e-02 1.210112912845272e-04
8.500000000000001e-02 5.901500943920686e-02 1.211702790937669e-04
9.000000000000000e-02 6.271184404431801e-02 1.213414843471608e-04
9.500000000000000e-02 6.644787559340060e-02 1.215253919915805e-04
1.000000000000000e-01 7.022543922779090e-02 1.217225409413446e-04
1.050000000000000e-01 7.404689604773053e-02 1.219335085516372e-04
1.100000000000000e-01 7.791463458813094e-02 1.221589010914999e-04
1.150000000000000e-01 8.183107231148547e-02 1.223993786764029e-04
1.200000000000000e-01 8.579865711886202e-02 1.226556621757404e-04
1.250000000000000e-01 8.981986887992111e-02 1.229285129338796e-04
1.300000000000000e-01 9.389722098291493e-02 1.232187407282734e-04
1.350000000000000e-01 9.803326190563690e-02 1.235272273049463e-04
1.400000000000000e-01 1.022305768083033e-01 1.238549181268787e-04
1.450000000000000e-01 1.064917891493625e-01 1.242028124145364e-04
1.500000000000000e-01 1.108195623252418e-01 1.245719860417954e-04
1.550000000000000e-01 1.152166013350572e-01 1.249636038581923e-04
1.600000000000000e-01 1.196856544713255e-01 1.253789035996736e-04
1.650000000000000e-01 1.242295150377370e-01 1.258192014723495e-04
1.700000000000000e-01 1.288510230950609e-01 1.262859228168752e-04
1.750000000000000e-01 1.335530672362758e-01 1.267806045696155e-04
1.800000000000000e-01 1.383385863920344e-01 1.273048789503758e-04
1.850000000000000e-01 1.432105716675912e-01 1.278604912796604e-04
1.900000000000000e-01 1.481720682123397e-01 1.284493350776224e-04
1.950000000000000e-01 1.532261771231311e-01 1.290734523709451e-04
2.000000000000000e-01 1.583760573825595e-01 1.297350207342571e-04
2.050000000000000e-01 1.636249278334301e-01 1.304363774394861e-04
2.100000000000000e-01 1.689760691906397e-01 1.311800600761175e-04
2.150000000000000e-01 1.744328260917313e-01 1.319688152479673e-04
2.200000000000000e-01 1.799986091874004e-01 1.328055927577310e-04
2.250000000000000e-01 1.856768972732633e-01 1.336935693668528e-04
2.300000000000000e-01 1.914712394642179e-01 1.346361936273271e-04
2.350000000000000e-01 1.973852574127551e-01 1.356372174964731e-04
2.400000000000000e-01 2.034226475726105e-01 1.367007126582050e-04
2.450000000000000e-01 2.095871835091678e-01 1.378310884520018e-04
2.500000000000000e-01 2.158827182580599e-01 1.390331292412960e-04
2.550000000000000e-01 2.223131867334419e-01 1.403120611530427e-04
2.600000000000000e-01 2.288826081874405e-01 1.416736168165239e-04
2.650000000000000e-01 2.355950887223172e-01 1.431240650537414e-04
2.700000000000000e-01 2.424548238569160e-01 1.446702504085134e-04
2.750000000000000e-01 2.494661011489995e-01 1.463196790641173e-04
2.800000000000000e-01 2.566333028751116e-01 1.480806110678662e-04
2.850000000000000e-01 2.639609087696434e-01 1.499621637525985e-04
2.900000000000000e-01 2.714534988248126e-01 1.519744389260514e-04
2.950000000000000e-01 2.791157561533084e-01 1.541286280896568e-04
3.000000000000000e-01 2.869524699153886e-01 1.564371469459280e-04
3.050000000000000e-01 2.949685383122613e-01 1.589138189599528e-04
3.100000000000000e-01 3.031689716476197e-01 1.615740614673682e-04
3.150000000000000e-01 3.115588954592450e-01 1.644351485675745e-04
3.200000000000000e-01 3.201435537226349e-01 1.675164960175845e-04
3.250000000000000e-01 3.289283121286580e-01 1.708400010301274e-04
3.300000000000000e-01 3.379186614372866e-01 1.744304591378557e-04
3.350000000000000e-01 3.471202209094989e-01 1.783160411316802e-04
3.400000000000000e-01 3.565387418195016e-01 1.825288949185570e-04
3.450000000000000e-01 3.661801110494620e-01 1.871058577374884e-04
3.500000000000000e-01 3.760503547690021e-01 1.920893460076789e-04
3.550000000000000e-01 3.861556422017504e-01 1.975284442578225e-04
3.600000000000000e-01 3.965022894813072e-01 2.034802670331671e-04
3.650000000000000e-01 4.070967635990345e-01 2.100116646027492e-04
3.700000000000000e-01 4.179456864461349e-01 2.172013847685509e-04
3.750000000000000e-01 4.290558389525505e-01 2.251428363040383e-04
3.800000000000000e-01 4.404341653252637e-01 2.339476607520252e-04
3.850000000000000e-01 4.520877773886537e-01 2.437504022437244e-04
3.900000000000000e-01 4.640239590296172e-01 2.547146914806686e-04
3.950000000000000e-01 4.762501707502353e-01 2.670415505248811e-04
4.000000000000000e-01 4.887740543308307e-01 2.809807206809784e-04
4.050000000000000e-01 5.016034376063282e-01 2.968463841774335e-04
4.100000000000000e-01 5.147463393589066e-01 3.150394124335003e-04
4.150000000000000e-01 5.282109743299990e-01 3.360795498550249e-04
4.200000000000000e-01 5.420057583547735e-01 3.606531505462244e-04
4.250000000000000e-01 5.561393136223041e-01 3.896860531943312e-04
4.300000000000000e-01 5.706204740647189e-01 4.244586238072840e-04
4.350000000000000e-01 5.854582908786964e-01 4.667946878348835e-04
4.400000000000000e-01 6.006620381827575e-01 5.193868616890089e-04
4.450000000000000e-01 6.162412188138907e-01 5.863901692989913e-04
4.500000000000000e-01 6.322055702671360e-01 6.745868406092660e-04
4.550000000000000e-01 6.485650707818353e-01 7.958979675783319e-04
4.600000000000000e-01 6.653299455783577e-01 9.735408763733210e-04
4.650000000000000e-01 6.825106732491932e-01 1.260231186770842e-03
4.700000000000000e-01 7.001179923084168e-01 1.811168549656284e-03
4.750000000000000e-01 7.181629079036070e-01 3.404940703336561e-03
4.800000000000000e-01 7.366566986944229e-01 1.627078406376933e-02
4.850000000000000e-01 7.556109239021327e-01 1.029212071452322e-01
4.900000000000000e-01 7.750374305345038e-01 1.996366270796202e-01
4.950000000000000e-01 7.949483607905672e-01 2.602804233010301e-01
5.000000000000000e-01 8.153561596498893e-01 3.076065410302930e-01
5.050000000000000e-01 8.362735826510871e-01 3.472103098597569e-01
5.100000000000000e-01 8.577137038644561e-01 3.818239579670122e-01
5.150000000000000e-01 8.796899240636907e-01 4.127017512869588e-01
5.200000000000000e-01 9.022159791018011e-01 4.407056373172640e-01
5.250000000000000e-01 9.253059484964714e-01 4.663658031424249e-01
5.300000000000000e-01 9.489742642302165e-01 4.900808375198346e-01
5.350000000000000e-01 9.732357197708378e-01 5.121358636673402e-01
5.400000000000000e-01 9.981054793178262e-01 5.327561492894635e-01
5.450000000000000e-01 1.023599087280478e+00 5.521147375915559e-01
5.500000000000000e-01 1.049732477993657e+00 5.703566515782675e-01
5.550000000000000e-01 1.076521985677273e+00 5.875946523446792e-01
5.600000000000001e-01 1.103984354645701e+00 6.039307820280178e-01
5.650000000000001e-01 1.132136749773522e+00 6.194423790931014e-01
5.700000000000001e-01 1.160996767224129e+00 6.342054816335678e-01
5.750000000000001e-01 1.190582445447902e+00 6.482757217848899e-01
5.800000000000000e-01 1.220912276456826e+00 6.617116006474356e-01
5.850000000000000e-01 1.252005217382601e+00 6.745552740562627e-01
5.900000000000000e-01 1.283880702325469e+00 6.868523502710858e-01
5.950000000000000e-01 1.316558654501151e+00 6.986365821668059e-01
6.000000000000000e-01 1.350059498693518e+00 7.099436163367453e-01
6.050000000000000e-01 1.384404174020732e+00 7.208018183166700e-01
6.100000000000000e-01 1.419614147022888e+00 7.312390888218202e-01
6.150000000000000e-01 1.455711425079295e+00 7.412800074593096e-01
6.200000000000000e-01 1.492718570163803e+00 7.509466528029792e-01
6.250000000000000e-01 1.530658712946775e+00 7.602605061639724e-01
6.300000000000000e-01 1.569555567252506e+00 7.692395370487747e-01
6.350000000000000e-01 1.609433444881138e+00 7.779023568272855e-01
6.400000000000000e-01 1.650317270804325e+00 7.862642190499882e-01
6.450000000000000e-01 1.692232598744148e+00 7.943410166541413e-01
6.500000000000000e-01 1.735205627145031e+00 8.021462177177073e-01
6.550000000000000e-01 1.779263215548615e+00 8.096933025183058e-01
6.600000000000000e-01 1.824432901381847e+00 8.169944004344706e-01
6.650000000000000e-01 1.870742917168772e+00 8.240610632578864e-01
6.700000000000000e-01 1.918222208176775e+00 8.309042078318771e-01
6.750000000000000e-01 1.966900450508319e+00 8.375339731688145e-01
6.800000000000000e-01 2.016808069649473e+00 8.439601153324583e-01
6.850000000000001e-01 2.067976259486829e+00 8.501917360677866e-01
6.900000000000001e-01 2.120437001804702e+00 8.562375573245387e-01
6.950000000000001e-01 2.174223086274785e+00 8.621058385996853e-01
7.000000000000001e-01 2.229368130950753e+00 8.678044524303158e-01
7.050000000000000e-01 2.285906603280654e+00 8.733409197151984e-01
7.100000000000000e-01 2.343873841650178e+00 8.787224222876762e-01
7.150000000000000e-01 2.403306077470301e+00 8.839558350623851e-01
7.200000000000000e-01 2.464240457823092e+00 8.890477494745288e-01
7.250000000000000e-01 2.526715068679855e+00 8.940044805612098e-01
7.300000000000000e-01 2.590768958706095e+00 8.988320912179306e-01
7.350000000000000e-01 2.656442163668210e+00 9.035363939881617e-01
7.400000000000000e-01 2.723775731457148e+00 9.081229605251272e-01
7.450000000000000e-01 2.792811747744667e+00 9.125971222965947e-01
7.500000000000000e-01 2.863593362288260e+00 9.169639663569075e-01
7.550000000000000e-01 2.936164815901156e+00 9.212283280862267e-01
7.600000000000000e-01 3.010571468104263e+00 9.253947760467515e-01
7.650000000000000e-01 3.086859825477351e+00 9.294675920178592e-01
7.700000000000000e-01 3.165077570727174e+00 9.334507434403273e-01
7.750000000000000e-01 3.245273592490716e+00 9.373478486843250e-01
7.800000000000000e-01 3.327498015892184e+00 9.411621344691415e-01
7.850000000000000e-01 3.411802233872832e+00 9.448963852603309e-01
7.900000000000000e-01 3.498238939313234e+00 9.485528849927708e-01
7.950000000000000e-01 3.586862157968046e+00 9.521333519980365e-01
8.000000000000000e-01 3.677727282233856e+00 9.556388692488148e-01
8.050000000000000e-01 3.770891105771243e+00 9.590698135022372e-01
8.100000000000001e-01 3.866411859002656e+00 9.624257890573773e-01
8.150000000000001e-01 3.964349245508326e+00 9.657055750552813e-01
8.200000000000001e-01 4.064764479342956e+00 9.689070994737254e-01
8.250000000000001e-01 4.167720323296481e+00 9.720274578505745e-01
8.300000000000001e-01 4.273281128122877e+00 9.750630009149082e-01
8.350000000000000e-01 4.381512872761445e+00 9.780095226638965e-01
8.400000000000000e-01 4.492483205575838e+00 9.808625861245094e-01
8.450000000000000e-01 4.606261486636447e+00 9.836180251139657e-01
8.500000000000000e-01 4.722918831072739e+00 9.862726551662717e-01
8.550000000000000e-01 4.842528153522501e+00 9.888252082568046e-01
8.600000000000000e-01 4.965164213705875e+00 9.912774600152583e-01
8.650000000000000e-01 5.090903663152626e+00 9.936354407045475e-01
8.700000000000000e-01 5.219825093111814e+00 9.959105289836871e-01
8.750000000000000e-01 5.352009083673925e+00 9.981201415676089e-01
8.800000000000000e-01 5.487538254136007e+00 1.000287671269453e+00
8.850000000000000e-01 5.626497314641444e+00 1.002441335314304e+00
8.900000000000000e-01 5.768973119126561e+00 1.004611736772046e+00
8.950000000000000e-01 5.915054719607133e+00 1.006828194704772e+00
9.000000000000000e-01 6.064833421838831e+00 1.009114123078378e+00
9.050000000000000e-01 6.218402842386253e+00 1.011481868395645e+00
9.100000000000000e-01 6.375858967136348e+00 1.013927683856225e+00
9.150000000000000e-01 6.537300211292723e+00 1.016428234971092e+00
9.200000000000000e-01 6.702827480888332e+00 1.018940912556006e+00
9.250000000000000e-01 6.872544235855034e+00 1.021410094722079e+00
9.300000000000000e-01 7.046556554689444e+00 1.023779242212596e+00
9.350000000000001e-01 7.224973200755413e+00 1.026005015796166e+00
9.400000000000001e-01 7.407905690264673e+00 1.028067283210405e+00
9.450000000000001e-01 7.595468361978146e+00 1.029970480481271e+00
9.500000000000001e-01 7.787778448671316e+00 1.031736611146405e+00
9.550000000000001e-01 7.984956150408610e+00 1.033394509676722e+00
9.600000000000000e-01 8.187124709672272e+00 1.034970758912208e+00
9.650000000000000e-01 8.394410488393007e+00 1.036485109031910e+00
9.700000000000000e-01 8.606943046930221e+00 1.037950065353410e+00
9.750000000000000e-01 8.824855225051540e+00 1.039372680501494e+00
9.800000000000000e-01 9.048283224961922e+00 1.040756718442239e+00
9.850000000000000e-01 9.277366696434507e+00 1.042104276401484e+00
9.900000000000000e-01 9.512248824096272e+00 1.043416716869377e+00
9.950000000000000e-01 9.753076416923058e+00 1.044695110919091e+00
1.000000000000000e+00 1.000000000000000e+01 1.045940414608520e+00
