0.000000000000000e+00 0.000000000000000e+00 5.976947035408528e-03
5.000000000000000e-03 3.369477419287315e-03 5.977177906362527e-03
1.000000000000000e-02 6.741060871647481e-03 5.977795341977516e-03
1.500000000000000e-02 1.011685770649257e-02 5.978828226705478e-03
2.000000000000000e-02 1.349897790673588e-02 5.980277840723314e-03
2.500000000000000e-02 1.688953540759990e-02 5.982147814200110e-03
3.000000000000000e-02 2.029064941789469e-02 5.984444128330771e-03
3.500000000000000e-02 2.370444574459234e-02 5.987172994924411e-03
4.000000000000000e-02 2.713305812152553e-02 5.990341566656644e-03
4.500000000000000e-02 3.057862954304063e-02 5.993958897527137e-03
5.000000000000000e-02 3.404331360343898e-02 5.998035116032406e-03
5.500000000000000e-02 3.752927584304335e-02 6.002581199126416e-03
6.000000000000000e-02 4.103869510173117e-02 6.007609946211327e-03
6.500000000000000e-02 4.457376488078044e-02 6.013135739396853e-03
7.000000000000001e-02 4.813669471387935e-02 6.019173756865782e-03
7.500000000000000e-02 5.172971154815675e-02 6.025740716405211e-03
8.000000000000000e-02 5.535506113609672e-02 6.032855564919972e-03
8.500000000000001e-02 5.901500943920686e-02 6.040538572841028e-03
9.000000000000000e-02 6.271184404431801e-02 6.048811151456282e-03
9.500000000000000e-02 6.644787559340060e-02 6.057696977527881e-03
1.000000000000000e-01 7.022543922779090e-02 6.067221934806332e-03
1.050000000000000e-01 7.404689604773053e-02 6.077413294662576e-03
1.100000000000000e-01 7.791463458813094e-02 6.088300388033771e-03
1.150000000000000e-01 8.183107231148547e-02 6.099915323727500e-03
1.200000000000000e-01 8.579865711886202e-02 6.112292257121107e-03
1.250000000000000e-01 8.981986887992111e-02 6.125467339131774e-03
1.300000000000000e-01 9.389722098291493e-02 6.139479915208543e-03
1.350000000000000e-01 9.803326190563690e-02 6.154372444592143e-03
1.400000000000000e-01 1.022305768083033e-01 6.170189613738772e-03
1.450000000000000e-01 1.064917891493625e-01 6.186979164436901e-03
1.500000000000000e-01 1.108195623252418e-01 6.204793123775188e-03
1.550000000000000e-01 1.152166013350572e-01 6.223687118029194e-03
1.600000000000000e-01 1.196856544713255e-01 6.243719762781466e-03
1.650000000000000e-01 1.242295150377370e-01 6.264954069289022e-03
1.700000000000000e-01 1.288510230950609e-01 6.287458507658496e-03
1.750000000000000e-01 1.335530672362758e-01 6.311306116995609e-03
1.800000000000000e-01 1.383385863920344e-01 6.336574250131913e-03
1.850000000000000e-01 1.432105716675912e-01 6.363346287488796e-03
1.900000000000000e-01 1.481720682123397e-01 6.391712711019874e-03
1.950000000000000e-01 1.532261771231311e-01 6.421770292321563e-03
2.000000000000000e-01 1.583760573825595e-01 6.453622007592525e-03
2.050000000000000e-01 1.636249278334301e-01 6.487378986151838e-03
2.100000000000000e-01 1.689760691906397e-01 6.523161999567569e-03
2.150000000000000e-01 1.744328260917313e-01 6.561100951414043e-03
2.200000000000000e-01 1.799986091874004e-01 6.601334750947931e-03
2.250000000000000e-01 1.856768972732633e-01 6.644013415410423e-03
2.300000000000000e-01 1.914712394642179e-01 6.689300314525626e-03
2.350000000000000e-01 1.973852574127551e-01 6.737372524587955e-03
2.400000000000000e-01 2.034226475726105e-01 6.788420993349577e-03
2.450000000000000e-01 2.095871835091678e-01 6.842652360728579e-03
2.500000000000000e-01 2.158827182580599e-01 6.900291473825795e-03
2.550000000000000e-01 2.223131867334419e-01 6.961583715205116e-03
2.600000000000000e-01 2.288826081874405e-01 7.026797200738415e-03
2.650000000000000e-01 2.355950887223172e-01 7.096224196227368e-03
2.700000000000000e-01 2.424548238569160e-01 7.170183007115524e-03
2.750000000000000e-01 2.494661011489995e-01 7.249022329073462e-03
2.800000000000000e-01 2.566333028751116e-01 7.333125846026481e-03
2.850000000000000e-01 2.639609087696434e-01 7.422916086423921e-03
2.900000000000000e-01 2.714534988248126e-01 7.518859620741131e-03
2.950000000000000e-01 2.791157561533084e-01 7.621471851262045e-03
3.000000000000000e-01 2.869524699153886e-01 7.731322551398990e-03
3.050000000000000e-01 2.949685383122613e-01 7.849044327517384e-03
3.100000000000000e-01 3.031689716476197e-01 7.975340797583460e-03
3.150000000000000e-01 3.115588954592450e-01 8.110997713815798e-03
3.200000000000000e-01 3.201435537226349e-01 8.256895341207757e-03
3.250000000000000e-01 3.289283121286580e-01 8.414022559620026e-03
3.300000000000000e-01 3.379186614372866e-01 8.583494495945913e-03
3.350000000000000e-01 3.471202209094989e-01 8.766572371699506e-03
3.400000000000000e-01 3.565387418195016e-01 8.964688438213367e-03
3.450000000000000e-01 3.661801110494620e-01 9.179475273973912e-03
3.500000000000000e-01 3.760503547690021e-01 9.412801980295368e-03
3.550000000000000e-01 3.861556422017504e-01 9.666818087221567e-03
3.600000000000000e-01 3.965022894813072e-01 9.944007804966001e-03
3.650000000000000e-01 4.070967635990345e-01 1.024725717597255e-02
3.700000000000000e-01 4.179456864461349e-01 1.057993802960518e-02
3.750000000000000e-01 4.290558389525505e-01 1.094601373296781e-02
3.800000000000000e-01 4.404341653252637e-01 1.135017364569426e-02
3.850000000000000e-01 4.520877773886537e-01 1.179800572572052e-02
3.900000000000000e-01 4.640239590296172e-01 1.229622047086204e-02
3.950000000000000e-01 4.762501707502353e-01 1.285294481387071e-02
4.000000000000000e-01 4.887740543308307e-01 1.347811267749887e-02
4.050000000000000e-01 5.016034376063282e-01 1.418399112721156e-02
4.100000000000000e-01 5.147463393589066e-01 1.498589991985970e-02
4.150000000000000e-01 5.282109743299990e-01 1.590321193653387e-02
4.200000000000000e-01 5.420057583547735e-01 1.696076979510057e-02
4.250000000000000e-01 5.561393136223041e-01 1.819093283869237e-02
4.300000000000000e-01 5.706204740647189e-01 1.963660245420126e-02
4.350000000000000e-01 5.854582908786964e-01 2.135580711617652e-02
4.400000000000000e-01 6.006620381827575e-01 2.342884885679519e-02
4.450000000000000e-01 6.162412188138907e-01 2.596979471468608e-02
4.500000000000000e-01 6.322055702671360e-01 2.914559914719026e-02
4.550000000000000e-01 6.485650707818353e-01 3.320911355860254e-02
4.600000000000000e-01 6.653299455783577e-01 3.855819572393990e-02
4.650000000000000e-01 6.825106732491932e-01 4.584476396321394e-02
4.700000000000000e-01 7.001179923084168e-01 5.617692901935095e-02
4.750000000000000e-01 7.181629079036070e-01 7.146645433706963e-02
4.800000000000000e-01 7.366566986944229e-01 9.483305361665234e-02
4.850000000000000e-01 7.556109239021327e-01 1.301663893405969e-01
4.900000000000000e-01 7.750374305345038e-01 1.784340209314906e-01
4.950000000000000e-01 7.949483607905672e-01 2.322346292989034e-01
5.000000000000000e-01 8.153561596498893e-01 2.808339586392690e-01
5.050000000000000e-01 8.362735826510871e-01 3.212251602490889e-01
5.100000000000000e-01 8.577137038644561e-01 3.558299651966176e-01
5.150000000000000e-01 8.796899240636907e-01 3.866383244961225e-01
5.200000000000000e-01 9.022159791018011e-01 4.145834827254704e-01
5.250000000000000e-01 9.253059484964714e-01 4.402468787981123e-01
5.300000000000000e-01 9.489742642302165e-01 4.640399553969914e-01
5.350000000000000e-01 9.732357197708378e-01 4.862456041968391e-01
5.400000000000000e-01 9.981054793178262e-01 5.070788633854961e-01
5.450000000000000e-01 1.023599087280478e+00 5.267086543256216e-01
5.500000000000000e-01 1.049732477993657e+00 5.452692749704763e-01
5.550000000000000e-01 1.076521985677273e+00 5.628712750942866e-01
5.600000000000001e-01 1.103984354645701e+00 5.796067599623350e-01
5.650000000000001e-01 1.132136749773522e+00 5.955535160407439e-01
5.700000000000001e-01 1.160996767224129e+00 6.107781570294663e-01
5.750000000000001e-01 1.190582445447902e+00 6.253382059145294e-01
5.800000000000000e-01 1.220912276456826e+00 6.392837853814480e-01
5.850000000000000e-01 1.252005217382601e+00 6.526588915614159e-01
5.900000000000000e-01 1.283880702325469e+00 6.655023767808097e-01
5.950000000000000e-01 1.316558654501151e+00 6.778487426364794e-01
6.000000000000000e-01 1.350059498693518e+00 6.897287687831717e-01
6.050000000000000e-01 1.384404174020732e+00 7.011700244661609e-01
6.100000000000000e-01 1.419614147022888e+00 7.121972882618515e-01
6.150000000000000e-01 1.455711425079295e+00 7.228328945968910e-01
6.200000000000000e-01 1.492718570163803e+00 7.330970235717017e-01
6.250000000000000e-01 1.530658712946775e+00 7.430079453719624e-01
6.300000000000000e-01 1.569555567252506e+00 7.525822286583940e-01
6.350000000000000e-01 1.609433444881138e+00 7.618349204825703e-01
6.400000000000000e-01 1.650317270804325e+00 7.707797038325693e-01
6.450000000000000e-01 1.692232598744148e+00 7.794290380038303e-01
6.500000000000000e-01 1.735205627145031e+00 7.877942862509307e-01
6.550000000000000e-01 1.779263215548615e+00 7.958858346551957e-01
6.600000000000000e-01 1.824432901381847e+00 8.037132057616370e-01
6.650000000000000e-01 1.870742917168772e+00 8.112851702423708e-01
6.700000000000000e-01 1.918222208176775e+00 8.186098595956192e-01
6.750000000000000e-01 1.966900450508319e+00 8.256948826405995e-01
6.800000000000000e-01 2.016808069649473e+00 8.325474482704959e-01
6.850000000000001e-01 2.067976259486829e+00 8.391744965234786e-01
6.900000000000001e-01 2.120437001804702e+00 8.455828394642850e-01
6.950000000000001e-01 2.174223086274785e+00 8.517793125709371e-01
7.000000000000001e-01 2.229368130950753e+00 8.577709362275198e-01
7.050000000000000e-01 2.285906603280654e+00 8.635650854777330e-01
7.100000000000000e-01 2.343873841650178e+00 8.691696643592930e-01
7.150000000000000e-01 2.403306077470301e+00 8.745932789184281e-01
7.200000000000000e-01 2.464240457823092e+00 8.798454004570467e-01
7.250000000000000e-01 2.526715068679855e+00 8.849365078312996e-01
7.300000000000000e-01 2.590768958706095e+00 8.898781949308638e-01
7.350000000000000e-01 2.656442163668210e+00 8.946832271502020e-01
7.400000000000000e-01 2.723775731457148e+00 8.993655291210926e-01
7.450000000000000e-01 2.792811747744667e+00 9.039400856516219e-01
7.500000000000000e-01 2.863593362288260e+00 9.084227391272447e-01
7.550000000000000e-01 2.936164815901156e+00 9.128298698959103e-01
7.600000000000000e-01 3.010571468104263e+00 9.171779515516595e-01
7.650000000000000e-01 3.086859825477351e+00 9.214829805520127e-01
7.700000000000000e-01 3.165077570727174e+00 9.257597891300571e-01
7.750000000000000e-01 3.245273592490716e+00 9.300212618396566e-01
7.800000000000000e-01 3.327498015892184e+00 9.342774892386160e-01
7.850000000000000e-01 3.411802233872832e+00 9.385349072594571e-01
7.900000000000000e-01 3.498238939313234e+00 9.427954878867770e-01
7.950000000000000e-01 3.586862157968046e+00 9.470560657136431e-01
8.000000000000000e-01 3.677727282233856e+00 9.513079046925123e-01
8.050000000000000e-01 3.770891105771243e+00 9.555366267334496e-01
8.100000000000001e-01 3.866411859002656e+00 9.597226316891394e-01
8.150000000000001e-01 3.964349245508326e+00 9.638421240607991e-01
8.200000000000001e-01 4.064764479342956e+00 9.678688078213934e-01
8.250000000000001e-01 4.167720323296481e+00 9.717762011625807e-01
8.300000000000001e-01 4.273281128122877e+00 9.755403581922774e-01
8.350000000000000e-01 4.381512872761445e+00 9.791425985877914e-01
8.400000000000000e-01 4.492483205575838e+00 9.825717113069827e-01
8.450000000000000e-01 4.606261486636447e+00 9.858251026527671e-01
8.500000000000000e-01 4.722918831072739e+00 9.889085555407772e-01
8.550000000000000e-01 4.842528153522501e+00 9.918346235537573e-01
8.600000000000000e-01 4.965164213705875e+00 9.946200735234876e-01
8.650000000000000e-01 5.090903663152626e+00 9.972830474965679e-01
8.700000000000000e-01 5.219825093111814e+00 9.998406258584707e-01
8.750000000000000e-01 5.352009083673925e+00 1.002307246432386e+00
8.800000000000000e-01 5.487538254136007e+00 1.004694091912731e+00
8.850000000000000e-01 5.626497314641444e+00 1.007009259141311e+00
8.900000000000000e-01 5.768973119126561e+00 1.009258374554400e+00
8.950000000000000e-01 5.915054719607133e+00 1.011445331519051e+00
9.000000000000000e-01 6.064833421838831e+00 1.013572934839249e+00
9.050000000000000e-01 6.218402842386253e+00 1.015643364972193e+00
9.100000000000000e-01 6.375858967136348e+00 1.017658465905759e+00
9.150000000000000e-01 6.537300211292723e+00 1.019619902311225e+00
9.200000000000000e-01 6.702827480888332e+00 1.021529236261452e+00
9.250000000000000e-01 6.872544235855034e+00 1.023387961354224e+00
9.300000000000000e-01 7.046556554689444e+00 1.025197517049106e+00
9.350000000000001e-01 7.224973200755413e+00 1.026959294835594e+00
9.400000000000001e-01 7.407905690264673e+00 1.028674641360490e+00
9.450000000000001e-01 7.595468361978146e+00 1.030344860504613e+00
9.500000000000001e-01 7.787778448671316e+00 1.031971215095213e+00
9.550000000000001e-01 7.984956150408610e+00 1.033554928467287e+00
9.600000000000000e-01 8.187124709672272e+00 1.035097185935282e+00
9.650000000000000e-01 8.394410488393007e+00 1.036599136193346e+00
9.700000000000000e-01 8.606943046930221e+00 1.038061892651090e+00
9.750000000000000e-01 8.824855225051540e+00 1.039486534709050e+00
9.800000000000000e-01 9.048283224961922e+00 1.040874108977340e+00
9.850000000000000e-01 9.277366696434507e+00 1.042225630440610e+00
9.900000000000000e-01 9.512248824096272e+00 1.043542083572261e+00
9.950000000000000e-01 9.753076416923058e+00 1.044824423400620e+00
1.000000000000000e+00 1.000000000000000e+01 1.046073576529655e+00
