0.000000000000000e+00 0.000000000000000e+00 2.548684448404515e-03
5.000000000000000e-03 3.369477419287315e-03 2.548785049934972e-03
1.000000000000000e-02 6.741060871647481e-03 2.549053589743248e-03
1.500000000000000e-02 1.011685770649257e-02 2.549501990134284e-03
2.000000000000000e-02 1.349897790673588e-02 2.550131422855494e-03
2.500000000000000e-02 1.688953540759990e-02 2.550943618129618e-03
3.000000000000000e-02 2.029064941789469e-02 2.551940912359778e-03
3.500000000000000e-02 2.370444574459234e-02 2.553126047550027e-03
4.000000000000000e-02 2.713305812152553e-02 2.554502198819351e-03
4.500000000000000e-02 3.057862954304063e-02 2.556073229989292e-03
5.000000000000000e-02 3.404331360343898e-02 2.557843607635557e-03
5.500000000000000e-02 3.752927584304335e-02 2.559818172347964e-03
6.000000000000000e-02 4.103869510173117e-02 2.562002389021667e-03
6.500000000000000e-02 4.457376488078044e-02 2.564402507032897e-03
7.000000000000001e-02 4.813669471387935e-02 2.567025252814609e-03
7.500000000000000e-02 5.172971154815675e-02 2.569877871383990e-03
8.000000000000000e-02 5.535506113609672e-02 2.572968535291151e-03
8.500000000000001e-02 5.901500943920686e-02 2.576306162444182e-03
9.000000000000000e-02 6.271184404431801e-02 2.579900112298852e-03
9.500000000000000e-02 6.644787559340060e-02 2.583760592350412e-03
1.000000000000000e-01 7.022543922779090e-02 2.587898923369847e-03
1.050000000000000e-01 7.404689604773053e-02 2.592327116544335e-03
1.100000000000000e-01 7.791463458813094e-02 2.597057871152182e-03
1.150000000000000e-01 8.183107231148547e-02 2.602105090835153e-03
1.200000000000000e-01 8.579865711886202e-02 2.607483811975959e-03
1.250000000000000e-01 8.981986887992111e-02 2.613209882736460e-03
1.300000000000000e-01 9.389722098291493e-02 2.619300326257662e-03
1.350000000000000e-01 9.803326190563690e-02 2.625773651885701e-03
1.400000000000000e-01 1.022305768083033e-01 2.632649529308114e-03
1.450000000000000e-01 1.064917891493625e-01 2.639948806404414e-03
1.500000000000000e-01 1.108195623252418e-01 2.647694083025904e-03
1.550000000000000e-01 1.152166013350572e-01 2.655909723437710e-03
1.600000000000000e-01 1.196856544713255e-01 2.664621478655124e-03
1.650000000000000e-01 1.242295150377370e-01 2.673856841955475e-03
1.700000000000000e-01 1.288510230950609e-01 2.683645682703039e-03
1.750000000000000e-01 1.335530672362758e-01 2.694020071152950e-03
1.800000000000000e-01 1.383385863920344e-01 2.705013971912802e-03
1.850000000000000e-01 1.432105716675912e-01 2.716663822230615e-03
1.900000000000000e-01 1.481720682123397e-01 2.729009212454163e-03
1.950000000000000e-01 1.532261771231311e-01 2.742092692238792e-03
2.000000000000000e-01 1.583760573825595e-01 2.755959542578165e-03
2.050000000000000e-01 1.636249278334301e-01 2.770658471112809e-03
2.100000000000000e-01 1.689760691906397e-01 2.786242431852167e-03
2.150000000000000e-01 1.744328260917313e-01 2.802768600207747e-03
2.200000000000000e-01 1.799986091874004e-01 2.820298227574698e-03
2.250000000000000e-01 1.856768972732633e-01 2.838897339095911e-03
2.300000000000000e-01 1.914712394642179e-01 2.858637734739287e-03
2.350000000000000e-01 1.973852574127551e-01 2.879597431509642e-03
2.400000000000000e-01 2.034226475726105e-01 2.901860859801409e-03
2.450000000000000e-01 2.095871835091678e-01 2.925519400491605e-03
2.500000000000000e-01 2.158827182580599e-01 2.950672309091493e-03
2.550000000000000e-01 2.223131867334419e-01 2.977427983977454e-03
2.600000000000000e-01 2.288826081874405e-01 3.005905169230931e-03
2.650000000000000e-01 2.355950887223172e-01 3.036233537403467e-03
2.700000000000000e-01 2.424548238569160e-01 3.068554489563075e-03
2.750000000000000e-01 2.494661011489995e-01 3.103023018388687e-03
2.800000000000000e-01 2.566333028751116e-01 3.139809682073284e-03
2.850000000000000e-01 2.639609087696434e-01 3.179102568588788e-03
2.900000000000000e-01 2.714534988248126e-01 3.221109800749506e-03
2.950000000000000e-01 2.791157561533084e-01 3.266061669413079e-03
3.000000000000000e-01 2.869524699153886e-01 3.314213270238005e-03
3.050000000000000e-01 2.949685383122613e-01 3.365848288055089e-03
3.100000000000000e-01 3.031689716476197e-01 3.421282745531040e-03
3.150000000000000e-01 3.115588954592450e-01 3.480870236417325e-03
3.200000000000000e-01 3.201435537226349e-01 3.545007647104147e-03
3.250000000000000e-01 3.289283121286580e-01 3.614141852679686e-03
3.300000000000000e-01 3.379186614372866e-01 3.688777997783523e-03
3.350000000000000e-01 3.471202209094989e-01 3.769488901248561e-03
3.400000000000000e-01 3.565387418195016e-01 3.856926906970613e-03
3.450000000000000e-01 3.661801110494620e-01 3.951837862723643e-03
3.500000000000000e-01 3.760503547690021e-01 4.055078505278602e-03
3.550000000000000e-01 3.861556422017504e-01 4.167637655556373e-03
3.600000000000000e-01 3.965022894813072e-01 4.290662592308296e-03
3.650000000000000e-01 4.070967635990345e-01 4.425491919733628e-03
3.700000000000000e-01 4.179456864461349e-01 4.573696983888366e-03
3.750000000000000e-01 4.290558389525505e-01 4.737134485966570e-03
3.800000000000000e-01 4.404341653252637e-01 4.918014012645116e-03
3.850000000000000e-01 4.520877773886537e-01 5.118985642769651e-03
3.900000000000000e-01 4.640239590296172e-01 5.343254952211824e-03
3.950000000000000e-01 4.762501707502353e-01 5.594735947188429e-03
4.000000000000000e-01 4.887740543308307e-01 5.878257349000732e-03
4.050000000000000e-01 5.016034376063282e-01 6.199845253233039e-03
4.100000000000000e-01 5.147463393589066e-01 6.567117272748976e-03
4.150000000000000e-01 5.282109743299990e-01 6.989842987014197e-03
4.200000000000000e-01 5.420057583547735e-01 7.480758599922418e-03
4.250000000000000e-01 5.561393136223041e-01 8.056781014441591e-03
4.300000000000000e-01 5.706204740647189e-01 8.740869447340496e-03
4.350000000000000e-01 5.854582908786964e-01 9.564975257805662e-03
4.400000000000000e-01 6.006620381827575e-01 1.057489822881798e-02
4.450000000000000e-01 6.162412188138907e-01 1.183864906326630e-02
4.500000000000000e-01 6.322055702671360e-01 1.346164019362684e-02
4.550000000000000e-01 6.485650707818353e-01 1.561610823568298e-02
4.600000000000000e-01 6.653299455783577e-01 1.860267341056560e-02
4.650000000000000e-01 6.825106732491932e-01 2.299144439301114e-02
4.700000000000000e-01 7.001179923084168e-01 2.997909653360336e-02
4.750000000000000e-01 7.181629079036070e-01 4.235758170939974e-02
4.800000000000000e-01 7.366566986944229e-01 6.683491163080869e-02
4.850000000000000e-01 7.556109239021327e-01 1.147494269837525e-01
4.900000000000000e-01 7.750374305345038e-01 1.831213318109959e-01
4.950000000000000e-01 7.949483607905672e-01 2.440292928402813e-01
5.000000000000000e-01 8.153561596498893e-01 2.902135603205220e-01
5.050000000000000e-01 8.362735826510871e-01 3.289962210133432e-01
5.100000000000000e-01 8.577137038644561e-01 3.632343798431482e-01
5.150000000000000e-01 8.796899240636907e-01 3.937994649963981e-01
5.200000000000000e-01 9.022159791018011e-01 4.216105702157571e-01
5.250000000000000e-01 9.253059484964714e-01 4.471710302062462e-01
5.300000000000000e-01 9.489742642302165e-01 4.708356746452905e-01
5.350000000000000e-01 9.732357197708378e-01 4.929026966217316e-01
5.400000000000000e-01 9.981054793178262e-01 5.135748007446248e-01
5.450000000000000e-01 1.023599087280478e+00 5.330266858759898e-01
5.500000000000000e-01 1.049732477993657e+00 5.513954149897389e-01
5.550000000000000e-01 1.076521985677273e+00 5.687932074322352e-01
5.600000000000001e-01 1.103984354645701e+00 5.853160430884320e-01
5.650000000000001e-01 1.132136749773522e+00 6.010433990228378e-01
5.700000000000001e-01 1.160996767224129e+00 6.160444075060115e-01
5.750000000000001e-01 1.190582445447902e+00 6.303785109987013e-01
5.800000000000000e-01 1.220912276456826e+00 6.440975701589136e-01
5.850000000000000e-01 1.252005217382601e+00 6.572473245912783e-01
5.900000000000000e-01 1.283880702325469e+00 6.698681306076165e-01
5.950000000000000e-01 1.316558654501151e+00 6.819960028455089e-01
6.000000000000000e-01 1.350059498693518e+00 6.936631523748090e-01
6.050000000000000e-01 1.384404174020732e+00 7.048985505912017e-01
6.100000000000000e-01 1.419614147022888e+00 7.157283696963468e-01
6.150000000000000e-01 1.455711425079295e+00 7.261763223879381e-01
6.200000000000000e-01 1.492718570163803e+00 7.362639710403323e-01
6.250000000000000e-01 1.530658712946775e+00 7.460109678419408e-01
6.300000000000000e-01 1.569555567252506e+00 7.554352631724549e-01
6.350000000000000e-01 1.609433444881138e+00 7.645532798037250e-01
6.400000000000000e-01 1.650317270804325e+00 7.733800588209881e-01
6.450000000000000e-01 1.692232598744148e+00 7.819293843955830e-01
6.500000000000000e-01 1.735205627145031e+00 7.902138890311756e-01
6.550000000000000e-01 1.779263215548615e+00 7.982451434809144e-01
6.600000000000000e-01 1.824432901381847e+00 8.060337336864896e-01
6.650000000000000e-01 1.870742917168772e+00 8.135893270658371e-01
6.700000000000000e-01 1.918222208176775e+00 8.209207303616681e-01
6.750000000000000e-01 1.966900450508319e+00 8.280359410135302e-01
6.800000000000000e-01 2.016808069649473e+00 8.349421940785194e-01
6.850000000000001e-01 2.067976259486829e+00 8.416460067591996e-01
6.900000000000001e-01 2.120437001804702e+00 8.481532227414029e-01
6.950000000000001e-01 2.174223086274785e+00 8.544690587553131e-01
7.000000000000001e-01 2.229368130950753e+00 8.605981560359515e-01
7.050000000000000e-01 2.285906603280654e+00 8.665446396635356e-01
7.100000000000000e-01 2.343873841650178e+00 8.723121890739933e-01
7.150000000000000e-01 2.403306077470301e+00 8.779041232989671e-01
7.200000000000000e-01 2.464240457823092e+00 8.833235046509818e-01
7.250000000000000e-01 2.526715068679855e+00 8.885732645118092e-01
7.300000000000000e-01 2.590768958706095e+00 8.936563544746432e-01
7.350000000000000e-01 2.656442163668210e+00 8.985759251621581e-01
7.400000000000000e-01 2.723775731457148e+00 9.033355333930591e-01
7.450000000000000e-01 2.792811747744667e+00 9.079393757911841e-01
7.500000000000000e-01 2.863593362288260e+00 9.123925432464526e-01
7.550000000000000e-01 2.936164815901156e+00 9.167012857625824e-01
7.600000000000000e-01 3.010571468104263e+00 9.208732712572120e-01
7.650000000000000e-01 3.086859825477351e+00 9.249178151823128e-01
7.700000000000000e-01 3.165077570727174e+00 9.288460511221021e-01
7.750000000000000e-01 3.245273592490716e+00 9.326710068844442e-01
7.800000000000000e-01 3.327498015892184e+00 9.364075473928956e-01
7.850000000000000e-01 3.411802233872832e+00 9.400721463471124e-01
7.900000000000000e-01 3.498238939313234e+00 9.436824543633954e-01
7.950000000000000e-01 3.586862157968046e+00 9.472566428157665e-01
8.000000000000000e-01 3.677727282233856e+00 9.508125198412051e-01
8.050000000000000e-01 3.770891105771243e+00 9.543664373307763e-01
8.100000000000001e-01 3.866411859002656e+00 9.579320343863679e-01
8.150000000000001e-01 3.964349245508326e+00 9.615188930096941e-01
8.200000000000001e-01 4.064764479342956e+00 9.651312152407115e-01
8.250000000000001e-01 4.167720323296481e+00 9.687666673487885e-01
8.300000000000001e-01 4.273281128122877e+00 9.724155757599905e-01
8.350000000000000e-01 4.381512872761445e+00 9.760606980532098e-01
8.400000000000000e-01 4.492483205575838e+00 9.796778163655535e-01
8.450000000000000e-01 4.606261486636447e+00 9.832373746513087e-01
8.500000000000000e-01 4.722918831072739e+00 9.867072520262128e-01
8.550000000000000e-01 4.842528153522501e+00 9.900564928952394e-01
8.600000000000000e-01 4.965164213705875e+00 9.932594337936534e-01
8.650000000000000e-01 5.090903663152626e+00 9.962993219058520e-01
8.700000000000000e-01 5.219825093111814e+00 9.991704292456848e-01
8.750000000000000e-01 5.352009083673925e+00 1.001877986841629e+00
8.800000000000000e-01 5.487538254136007e+00 1.004435941363097e+00
8.850000000000000e-01 5.626497314641444e+00 1.006863278710382e+00
8.900000000000000e-01 5.768973119126561e+00 1.009180090314739e+00
8.950000000000000e-01 5.915054719607133e+00 1.011404470423192e+00
9.000000000000000e-01 6.064833421838831e+00 1.013550823259189e+00
9.050000000000000e-01 6.218402842386253e+00 1.015629542699844e+00
9.100000000000000e-01 6.375858967136348e+00 1.017647609965469e+00
9.150000000000000e-01 6.537300211292723e+00 1.019609556239775e+00
9.200000000000000e-01 6.702827480888332e+00 1.021518378632985e+00
9.250000000000000e-01 6.872544235855034e+00 1.023376217429310e+00
9.300000000000000e-01 7.046556554689444e+00 1.025184774816405e+00
9.350000000000001e-01 7.224973200755413e+00 1.026945538415338e+00
9.400000000000001e-01 7.407905690264673e+00 1.028659886304832e+00
9.450000000000001e-01 7.595468361978146e+00 1.030329131241670e+00
9.500000000000001e-01 7.787778448671316e+00 1.031954537863470e+00
9.550000000000001e-01 7.984956150408610e+00 1.033537329334876e+00
9.600000000000000e-01 8.187124709672272e+00 1.035078690314874e+00
9.650000000000000e-01 8.394410488393007e+00 1.036579768751763e+00
9.700000000000000e-01 8.606943046930221e+00 1.038041677312028e+00
9.750000000000000e-01 8.824855225051540e+00 1.039465494674898e+00
9.800000000000000e-01 9.048283224961922e+00 1.040852266753778e+00
9.850000000000000e-01 9.277366696434507e+00 1.042203007860817e+00
9.900000000000000e-01 9.512248824096272e+00 1.043518701820184e+00
9.950000000000000e-01 9.753076416923058e+00 1.044800303033288e+00
1.000000000000000e+00 1.000000000000000e+01 1.046048737498551e+00
