0.000000000000000e+00 0.000000000000000e+00 3.253723490693185e-04
5.000000000000000e-03 3.369477419287315e-03 3.253853734369897e-04
1.000000000000000e-02 6.741060871647481e-03 3.254200937007618e-04
1.500000000000000e-02 1.011685770649257e-02 3.254779935528801e-04
2.000000000000000e-02 1.349897790673588e-02 3.255592822807259e-04
2.500000000000000e-02 1.688953540759990e-02 3.256641970107870e-04
3.000000000000000e-02 2.029064941789469e-02 3.257930121247054e-04
3.500000000000000e-02 2.370444574459234e-02 3.259460864154930e-04
4.000000000000000e-02 2.713305812152553e-02 3.261238407678687e-04
4.500000000000000e-02 3.057862954304063e-02 3.263267660413717e-04
5.000000000000000e-02 3.404331360343898e-02 3.265554409776357e-04
5.500000000000000e-02 3.752927584304335e-02 3.268105011111453e-04
6.000000000000000e-02 4.103869510173117e-02 3.270926461680540e-04
6.500000000000000e-02 4.457376488078044e-02 3.274026782272829e-04
7.000000000000001e-02 4.813669471387935e-02 3.277414785762921e-04
7.500000000000000e-02 5.172971154815675e-02 3.281099874861804e-04
8.000000000000000e-02 5.535506113609672e-02 3.285092518015338e-04
8.500000000000001e-02 5.901500943920686e-02 3.289404280723652e-04
9.000000000000000e-02 6.271184404431801e-02 3.294047365477801e-04
9.500000000000000e-02 6.644787559340060e-02 3.299034925177025e-04
1.000000000000000e-01 7.022543922779090e-02 3.304381578075516e-04
1.050000000000000e-01 7.404689604773053e-02 3.310102972024875e-04
1.100000000000000e-01 7.791463458813094e-02 3.316215543851131e-04
1.150000000000000e-01 8.183107231148547e-02 3.322737200361737e-04
1.200000000000000e-01 8.579865711886202e-02 3.329687483969236e-04
1.250000000000000e-01 8.981986887992111e-02 3.337087028143334e-04
1.300000000000000e-01 9.389722098291493e-02 3.344957794786660e-04
1.350000000000000e-01 9.803326190563690e-02 3.353323698022039e-04
1.400000000000000e-01 1.022305768083033e-01 3.362210361785177e-04
1.450000000000000e-01 1.064917891493625e-01 3.371644870256168e-04
1.500000000000000e-01 1.108195623252418e-01 3.381656402299251e-04
1.550000000000000e-01 1.152166013350572e-01 3.392276541554339e-04
1.600000000000000e-01 1.196856544713255e-01 3.403538831598142e-04
1.650000000000000e-01 1.242295150377370e-01 3.415478952008689e-04
1.700000000000000e-01 1.288510230950609e-01 3.428135553453391e-04
1.750000000000000e-01 1.335530672362758e-01 3.441550299986119e-04
1.800000000000000e-01 1.383385863920344e-01 3.455767425993526e-04
1.850000000000000e-01 1.432105716675912e-01 3.470834242118368e-04
1.900000000000000e-01 1.481720682123397e-01 3.486802085503964e-04
1.950000000000000e-01 1.532261771231311e-01 3.503726305614278e-04
2.000000000000000e-01 1.583760573825595e-01 3.521665913394624e-04
2.050000000000000e-01 1.636249278334301e-01 3.540684257333358e-04
2.100000000000000e-01 1.689760691906397e-01 3.560850125389359e-04
2.150000000000000e-01 1.744328260917313e-01 3.582237958246563e-04
2.200000000000000e-01 1.799986091874004e-01 3.604927685881095e-04
2.250000000000000e-01 1.856768972732633e-01 3.629005392840888e-04
2.300000000000000e-01 1.914712394642179e-01 3.654564542900418e-04
2.350000000000000e-01 1.973852574127551e-01 3.681706814314131e-04
2.400000000000000e-01 2.034226475726105e-01 3.710542525896101e-04
2.450000000000000e-01 2.095871835091678e-01 3.741191138026802e-04
2.500000000000000e-01 2.158827182580599e-01 3.773782280445524e-04
2.550000000000000e-01 2.223131867334419e-01 3.808457551099582e-04
2.600000000000000e-01 2.288826081874405e-01 3.845372257199231e-04
2.650000000000000e-01 2.355950887223172e-01 3.884696213847484e-04
2.700000000000000e-01 2.424548238569160e-01 3.926614811264711e-04
2.750000000000000e-01 2.494661011489995e-01 3.971331352134586e-04
2.800000000000000e-01 2.566333028751116e-01 4.019069557182816e-04
2.850000000000000e-01 2.639609087696434e-01 4.070076349277569e-04
2.900000000000000e-01 2.714534988248126e-01 4.124625286617193e-04
2.950000000000000e-01 2.791157561533084e-01 4.183019407018095e-04
3.000000000000000e-01 2.869524699153886e-01 4.245594855933228e-04
3.050000000000000e-01 2.949685383122613e-01 4.312725857777178e-04
3.100000000000000e-01 3.031689716476197e-01 4.384829746299806e-04
3.150000000000000e-01 3.115588954592450e-01 4.462374065307802e-04
3.200000000000000e-01 3.201435537226349e-01 4.545884268061088e-04
3.250000000000000e-01 3.289283121286580e-01 4.635952886975117e-04
3.300000000000000e-01 3.379186614372866e-01 4.733250790076334e-04
3.350000000000000e-01 3.471202209094989e-01 4.838540051792534e-04
3.400000000000000e-01 3.565387418195016e-01 4.952690193340311e-04
3.450000000000000e-01 3.661801110494620e-01 5.076697395874445e-04
3.500000000000000e-01 3.760503547690021e-01 5.211708496964721e-04
3.550000000000000e-01 3.861556422017504e-01 5.359050346900110e-04
3.600000000000000e-01 3.965022894813072e-01 5.520266509340886e-04
3.650000000000000e-01 4.070967635990345e-01 5.697163208521796e-04
3.700000000000000e-01 4.179456864461349e-01 5.891867535867160e-04
3.750000000000000e-01 4.290558389525505e-01 6.106901818488645e-04
3.800000000000000e-01 4.404341653252637e-01 6.345279688384239e-04
3.850000000000000e-01 4.520877773886537e-01 6.610631606758593e-04
3.900000000000000e-01 4.640239590296172e-01 6.907370972970199e-04
3.950000000000000e-01 4.762501707502353e-01 7.240917025051462e-04
4.000000000000000e-01 4.887740543308307e-01 7.617998607330911e-04
4.050000000000000e-01 5.016034376063282e-01 8.047075328357795e-04
4.100000000000000e-01 5.147463393589066e-01 8.538932846666073e-04
4.150000000000000e-01 5.282109743299990e-01 9.107542800931203e-04
4.200000000000000e-01 5.420057583547735e-01 9.771336212637232e-04
4.250000000000000e-01 5.561393136223041e-01 1.055514364924790e-03
4.300000000000000e-01 5.706204740647189e-01 1.149325072792423e-03
4.350000000000000e-01 5.854582908786964e-01 1.263440128320624e-03
4.400000000000000e-01 6.006620381827575e-01 1.405038031897910e-03
4.450000000000000e-01 6.162412188138907e-01 1.585159835187476e-03
4.500000000000000e-01 6.322055702671360e-01 1.821746808795164e-03
4.550000000000000e-01 6.485650707818353e-01 2.146128142827162e-03
4.600000000000000e-01 6.653299455783577e-01 2.618689156192241e-03
4.650000000000000e-01 6.825106732491932e-01 3.373954724425293e-03
4.700000000000000e-01 7.001179923084168e-01 4.790395817665830e-03
4.750000000000000e-01 7.181629079036070e-01 8.477233802060009e-03
4.800000000000000e-01 7.366566986944229e-01 2.634554872890706e-02
4.850000000000000e-01 7.556109239021327e-01 1.046369260173227e-01
4.900000000000000e-01 7.750374305345038e-01 1.961423877461111e-01
4.950000000000000e-01 7.949483607905672e-01 2.562477685199255e-01
5.000000000000000e-01 8.153561596498893e-01 3.036171825459997e-01
5.050000000000000e-01 8.362735826510871e-01 3.431582822742035e-01
5.100000000000000e-01 8.577137038644561e-01 3.776923436667017e-01
5.150000000000000e-01 8.796899240636907e-01 4.085252332810044e-01
5.200000000000000e-01 9.022159791018011e-01 4.364495434327667e-01
5.250000000000000e-01 9.253059484964714e-01 4.620673923114555e-01
5.300000000000000e-01 9.489742642302165e-01 4.857200053848675e-01
5.350000000000000e-01 9.732357197708378e-01 5.077374429211490e-01
5.400000000000000e-01 9.981054793178262e-01 5.283116028711717e-01
5.450000000000000e-01 1.023599087280478e+00 5.476400398946576e-01
5.500000000000000e-01 1.049732477993657e+00 5.658497667318850e-01
5.550000000000000e-01 1.076521985677273e+00 5.830668755953422e-01
5.600000000000001e-01 1.103984354645701e+00 5.993832176324050e-01
5.650000000000001e-01 1.132136749773522e+00 6.148840703030958e-01
5.700000000000001e-01 1.160996767224129e+00 6.296389456649972e-01
5.750000000000001e-01 1.190582445447902e+00 6.437087909625174e-01
5.800000000000000e-01 1.220912276456826e+00 6.571475412486425e-01
5.850000000000000e-01 1.252005217382601e+00 6.700010265135612e-01
5.900000000000000e-01 1.283880702325469e+00 6.823117929041549e-01
5.950000000000000e-01 1.316558654501151e+00 6.941158416267533e-01
6.000000000000000e-01 1.350059498693518e+00 7.054471833334615e-01
6.050000000000000e-01 1.384404174020732e+00 7.163351004753166e-01
6.100000000000000e-01 1.419614147022888e+00 7.268071267390791e-01
6.150000000000000e-01 1.455711425079295e+00 7.368876936127322e-01
6.200000000000000e-01 1.492718570163803e+00 7.465994201838649e-01
6.250000000000000e-01 1.530658712946775e+00 7.559630250323602e-01
6.300000000000000e-01 1.569555567252506e+00 7.649974346663914e-01
6.350000000000000e-01 1.609433444881138e+00 7.737203730766364e-01
6.400000000000000e-01 1.650317270804325e+00 7.821480037567954e-01
6.450000000000000e-01 1.692232598744148e+00 7.902955714505885e-01
6.500000000000000e-01 1.735205627145031e+00 7.981771247078100e-01
6.550000000000000e-01 1.779263215548615e+00 8.058058719813066e-01
6.600000000000000e-01 1.824432901381847e+00 8.131941602269479e-01
6.650000000000000e-01 1.870742917168772e+00 8.203535583794945e-01
6.700000000000000e-01 1.918222208176775e+00 8.272949826936732e-01
6.750000000000000e-01 1.966900450508319e+00 8.340286798313541e-01
6.800000000000000e-01 2.016808069649473e+00 8.405643464234470e-01
6.850000000000001e-01 2.067976259486829e+00 8.469111284746094e-01
6.900000000000001e-01 2.120437001804702e+00 8.530776822784506e-01
6.950000000000001e-01 2.174223086274785e+00 8.590722013986734e-01
7.000000000000001e-01 2.229368130950753e+00 8.649024404010961e-01
7.050000000000000e-01 2.285906603280654e+00 8.705757425610393e-01
7.100000000000000e-01 2.343873841650178e+00 8.760990513851984e-01
7.150000000000000e-01 2.403306077470301e+00 8.814789252494513e-01
7.200000000000000e-01 2.464240457823092e+00 8.867215425003820e-01
7.250000000000000e-01 2.526715068679855e+00 8.918327030983736e-01
7.300000000000000e-01 2.590768958706095e+00 8.968178248659727e-01
7.350000000000000e-01 2.656442163668210e+00 9.016819341109870e-01
7.400000000000000e-01 2.723775731457148e+00 9.064296512622313e-01
7.450000000000000e-01 2.792811747744667e+00 9.110651709794440e-01
7.500000000000000e-01 2.863593362288260e+00 9.155922372616991e-01
7.550000000000000e-01 2.936164815901156e+00 9.200141138775282e-01
7.600000000000000e-01 3.010571468104263e+00 9.243335509951371e-01
7.650000000000000e-01 3.086859825477351e+00 9.285527494279135e-01
7.700000000000000e-01 3.165077570727174e+00 9.326733246886906e-01
7.750000000000000e-01 3.245273592490716e+00 9.366962741490773e-01
7.800000000000000e-01 3.327498015892184e+00 9.406219520438528e-01
7.850000000000000e-01 3.411802233872832e+00 9.444500589220823e-01
7.900000000000000e-01 3.498238939313234e+00 9.481796544527564e-01
7.950000000000000e-01 3.586862157968046e+00 9.518092052526147e-01
8.000000000000000e-01 3.677727282233856e+00 9.553366824084398e-01
8.050000000000000e-01 3.770891105771243e+00 9.587597261794545e-01
8.100000000000001e-01 3.866411859002656e+00 9.620758973561503e-01
8.150000000000001e-01 3.964349245508326e+00 9.652830347066694e-01
8.200000000000001e-01 4.064764479342956e+00 9.683797337187696e-01
8.250000000000001e-01 4.167720323296481e+00 9.713659508842466e-01
8.300000000000001e-01 4.273281128122877e+00 9.742437176762802e-01
8.350000000000000e-01 4.381512872761445e+00 9.770179170312197e-01
8.400000000000000e-01 4.492483205575838e+00 9.796970327827724e-01
8.450000000000000e-01 4.606261486636447e+00 9.822937358415730e-01
8.500000000000000e-01 4.722918831072739e+00 9.848251333953306e-01
8.550000000000000e-01 4.842528153522501e+00 9.873124930026420e-01
8.600000000000000e-01 4.965164213705875e+00 9.897802736430020e-01
8.650000000000000e-01 5.090903663152626e+00 9.922543625533559e-01
8.700000000000000e-01 5.219825093111814e+00 9.947595345824960e-01
8.750000000000000e-01 5.352009083673925e+00 9.973162957071120e-01
8.800000000000000e-01 5.487538254136007e+00 9.999374008097497e-01
8.850000000000000e-01 5.626497314641444e+00 1.002624452086917e+00
8.900000000000000e-01 5.768973119126561e+00 1.005365181208886e+00
8.950000000000000e-01 5.915054719607133e+00 1.008132358119107e+00
9.000000000000000e-01 6.064833421838831e+00 1.010885547352592e+00
9.050000000000000e-01 6.218402842386253e+00 1.013576625164071e+00
9.100000000000000e-01 6.375858967136348e+00 1.016158655050430e+00
9.150000000000000e-01 6.537300211292723e+00 1.018595758441139e+00
9.200000000000000e-01 6.702827480888332e+00 1.020870322452216e+00
9.250000000000000e-01 6.872544235855034e+00 1.022984578449686e+00
9.300000000000000e-01 7.046556554689444e+00 1.024956210134989e+00
9.350000000000001e-01 7.224973200755413e+00 1.026810506124576e+00
9.400000000000001e-01 7.407905690264673e+00 1.028572720148369e+00
9.450000000000001e-01 7.595468361978146e+00 1.030263254457558e+00
9.500000000000001e-01 7.787778448671316e+00 1.031896202884690e+00
9.550000000000001e-01 7.984956150408610e+00 1.033480212902347e+00
9.600000000000000e-01 8.187124709672272e+00 1.035020218421266e+00
9.650000000000000e-01 8.394410488393007e+00 1.036519033213912e+00
9.700000000000000e-01 8.606943046930221e+00 1.037978424437399e+00
9.750000000000000e-01 8.824855225051540e+00 1.039399698522052e+00
9.800000000000000e-01 9.048283224961922e+00 1.040783971088170e+00
9.850000000000000e-01 9.277366696434507e+00 1.042132274458932e+00
9.900000000000000e-01 9.512248824096272e+00 1.043445595475803e+00
9.950000000000000e-01 9.753076416923058e+00 1.044724887722911e+00
1.000000000000000e+00 1.000000000000000e+01 1.045971075535741e+00
