0.000000000000000e+00 0.000000000000000e+00 9.142095108596071e-04
5.000000000000000e-03 3.369477419287315e-03 9.142459744266591e-04
1.000000000000000e-02 6.741060871647481e-03 9.143432100706031e-04
1.500000000000000e-02 1.011685770649257e-02 9.145054119308597e-04
2.000000000000000e-02 1.349897790673588e-02 9.147331264812887e-04
2.500000000000000e-02 1.688953540759990e-02 9.150270088788818e-04
3.000000000000000e-02 2.029064941789469e-02 9.153878470884343e-04
3.500000000000000e-02 2.370444574459234e-02 9.158166427075300e-04
4.000000000000000e-02 2.713305812152553e-02 9.163145664285597e-04
4.500000000000000e-02 3.057862954304063e-02 9.168829993460779e-04
5.000000000000000e-02 3.404331360343898e-02 9.175235621578768e-04
5.500000000000000e-02 3.752927584304335e-02 9.182380271452726e-04
6.000000000000000e-02 4.103869510173117e-02 9.190283581219221e-04
6.500000000000000e-02 4.457376488078044e-02 9.198968064873219e-04
7.000000000000001e-02 4.813669471387935e-02 9.208458320716464e-04
7.500000000000000e-02 5.172971154815675e-02 9.218780643351467e-04
8.000000000000000e-02 5.535506113609672e-02 9.229964424737414e-04
8.500000000000001e-02 5.901500943920686e-02 9.242042040144696e-04
9.000000000000000e-02 6.271184404431801e-02 9.255047578524845e-04
9.500000000000000e-02 6.644787559340060e-02 9.269017896935366e-04
1.000000000000000e-01 7.022543922779090e-02 9.283993961044378e-04
1.050000000000000e-01 7.404689604773053e-02 9.300019511688222e-04
1.100000000000000e-01 7.791463458813094e-02 9.317140551776764e-04
1.150000000000000e-01 8.183107231148547e-02 9.335407279154770e-04
1.200000000000000e-01 8.579865711886202e-02 9.354874361450215e-04
1.250000000000000e-01 8.981986887992111e-02 9.375599473329196e-04
1.300000000000000e-01 9.389722098291493e-02 9.397644143312557e-04
1.350000000000000e-01 9.803326190563690e-02 9.421075363263832e-04
1.400000000000000e-01 1.022305768083033e-01 9.445964757375146e-04
1.450000000000000e-01 1.064917891493625e-01 9.472388068496946e-04
1.500000000000000e-01 1.108195623252418e-01 9.500427040116445e-04
1.550000000000000e-01 1.152166013350572e-01 9.530170073606603e-04
1.600000000000000e-01 1.196856544713255e-01 9.561710921906922e-04
1.650000000000000e-01 1.242295150377370e-01 9.595149394663976e-04
1.700000000000000e-01 1.288510230950609e-01 9.630593714060185e-04
1.750000000000000e-01 1.335530672362758e-01 9.668160425921994e-04
1.800000000000000e-01 1.383385863920344e-01 9.707973165814284e-04
1.850000000000000e-01 1.432105716675912e-01 9.750164266836415e-04
1.900000000000000e-01 1.481720682123397e-01 9.794877394989675e-04
1.950000000000000e-01 1.532261771231311e-01 9.842267321343112e-04
2.000000000000000e-01 1.583760573825595e-01 9.892498956053479e-04
2.050000000000000e-01 1.636249278334301e-01 9.945749418788213e-04
2.100000000000000e-01 1.689760691906397e-01 1.000221111707302e-03
2.150000000000000e-01 1.744328260917313e-01 1.006209215290177e-03
2.200000000000000e-01 1.799986091874004e-01 1.012561582557523e-03
2.250000000000000e-01 1.856768972732633e-01 1.019302267377419e-03
2.300000000000000e-01 1.914712394642179e-01 1.026457397392832e-03
2.350000000000000e-01 1.973852574127551e-01 1.034055388766189e-03
2.400000000000000e-01 2.034226475726105e-01 1.042127051753723e-03
2.450000000000000e-01 2.095871835091678e-01 1.050705744259453e-03
2.500000000000000e-01 2.158827182580599e-01 1.059827672069703e-03
2.550000000000000e-01 2.223131867334419e-01 1.069532382427908e-03
2.600000000000000e-01 2.288826081874405e-01 1.079863238724548e-03
2.650000000000000e-01 2.355950887223172e-01 1.090867639272441e-03
2.700000000000000e-01 2.424548238569160e-01 1.102597312644561e-03
2.750000000000000e-01 2.494661011489995e-01 1.115108978288608e-03
2.800000000000000e-01 2.566333028751116e-01 1.128465052019796e-03
2.850000000000000e-01 2.639609087696434e-01 1.142734407959649e-03
2.900000000000000e-01 2.714534988248126e-01 1.157993326101215e-03
2.950000000000000e-01 2.791157561533084e-01 1.174326281537155e-03
3.000000000000000e-01 2.869524699153886e-01 1.191826943900523e-03
3.050000000000000e-01 2.949685383122613e-01 1.210599563937153e-03
3.100000000000000e-01 3.031689716476197e-01 1.230760368288923e-03
3.150000000000000e-01 3.115588954592450e-01 1.252439523555678e-03
3.200000000000000e-01 3.201435537226349e-01 1.275783269992720e-03
3.250000000000000e-01 3.289283121286580e-01 1.300956451157285e-03
3.300000000000000e-01 3.379186614372866e-01 1.328145625233153e-03
3.350000000000000e-01 3.471202209094989e-01 1.357562616037895e-03
3.400000000000000e-01 3.565387418195016e-01 1.389448992317488e-03
3.450000000000000e-01 3.661801110494620e-01 1.424081362711648e-03
3.500000000000000e-01 3.760503547690021e-01 1.461777981681247e-03
3.550000000000000e-01 3.861556422017504e-01 1.502906823560080e-03
3.600000000000000e-01 3.965022894813072e-01 1.547895664103188e-03
3.650000000000000e-01 4.070967635990345e-01 1.597244686790672e-03
3.700000000000000e-01 4.179456864461349e-01 1.651542430275202e-03
3.750000000000000e-01 4.290558389525505e-01 1.711486132962949e-03
3.800000000000000e-01 4.404341653252637e-01 1.777907969483010e-03
3.850000000000000e-01 4.520877773886537e-01 1.851809266494755e-03
3.900000000000000e-01 4.640239590296172e-01 1.934405684929204e-03
3.950000000000000e-01 4.762501707502353e-01 2.027187704219712e-03
4.000000000000000e-01 4.887740543308307e-01 2.132002824922217e-03
4.050000000000000e-01 5.016034376063282e-01 2.251169182065909e-03
4.100000000000000e-01 5.147463393589066e-01 2.387635552086857e-03
4.150000000000000e-01 5.282109743299990e-01 2.545211520200771e-03
4.200000000000000e-01 5.420057583547735e-01 2.728906624797156e-03
4.250000000000000e-01 5.561393136223041e-01 2.945444015863094e-03
4.300000000000000e-01 5.706204740647189e-01 3.204063585163896e-03
4.350000000000000e-01 5.854582908786964e-01 3.517825365729410e-03
4.400000000000000e-01 6.006620381827575e-01 3.905820481128516e-03
4.450000000000000e-01 6.162412188138907e-01 4.397127311559732e-03
4.500000000000000e-01 6.322055702671360e-01 5.038372065919762e-03
4.550000000000000e-01 6.485650707818353e-01 5.909430633840129e-03
4.600000000000000e-01 6.653299455783577e-01 7.159766999101412e-03
4.650000000000000e-01 6.825106732491932e-01 9.105711454468285e-03
4.700000000000000e-01 7.001179923084168e-01 1.254836391427117e-02
4.750000000000000e-01 7.181629079036070e-01 2.011093566318193e-02
4.800000000000000e-01 7.366566986944229e-01 4.264254609794488e-02
4.850000000000000e-01 7.556109239021327e-01 1.076498544832492e-01
4.900000000000000e-01 7.750374305345038e-01 1.915638954793022e-01
4.950000000000000e-01 7.949483607905672e-01 2.509902751140910e-01
5.000000000000000e-01 8.153561596498893e-01 2.973141787588109e-01
5.050000000000000e-01 8.362735826510871e-01 3.369510267881189e-01
5.100000000000000e-01 8.577137038644561e-01 3.712424368754591e-01
5.150000000000000e-01 8.796899240636907e-01 4.020242676460576e-01
5.200000000000000e-01 9.022159791018011e-01 4.298893701334351e-01
5.250000000000000e-01 9.253059484964714e-01 4.554493051570985e-01
5.300000000000000e-01 9.489742642302165e-01 4.790939345761843e-01
5.350000000000000e-01 9.732357197708378e-01 5.010847858019458e-01
5.400000000000000e-01 9.981054793178262e-01 5.216719957583533e-01
5.450000000000000e-01 1.023599087280478e+00 5.410065647562444e-01
5.500000000000000e-01 1.049732477993657e+00 5.592454348673446e-01
5.550000000000000e-01 1.076521985677273e+00 5.764954286930815e-01
5.600000000000001e-01 1.103984354645701e+00 5.928573014855845e-01
5.650000000000001e-01 1.132136749773522e+00 6.084123058001226e-01
5.700000000000001e-01 1.160996767224129e+00 6.232295163138528e-01
5.750000000000001e-01 1.190582445447902e+00 6.373712865342399e-01
5.800000000000000e-01 1.220912276456826e+00 6.508889254454331e-01
5.850000000000000e-01 1.252005217382601e+00 6.638302528524077e-01
5.900000000000000e-01 1.283880702325469e+00 6.762357548707194e-01
5.950000000000000e-01 1.316558654501151e+00 6.881425831296122e-01
6.000000000000000e-01 1.350059498693518e+00 6.995836549614257e-01
6.050000000000000e-01 1.384404174020732e+00 7.105886268265545e-01
6.100000000000000e-01 1.419614147022888e+00 7.211845760500204e-01
6.150000000000000e-01 1.455711425079295e+00 7.313958792342298e-01
6.200000000000000e-01 1.492718570163803e+00 7.412450057183104e-01
6.250000000000000e-01 1.530658712946775e+00 7.507524209150145e-01
6.300000000000000e-01 1.569555567252506e+00 7.599370002841683e-01
6.350000000000000e-01 1.609433444881138e+00 7.688161406301276e-01
6.400000000000000e-01 1.650317270804325e+00 7.774059132441434e-01
6.450000000000000e-01 1.692232598744148e+00 7.857212294594427e-01
6.500000000000000e-01 1.735205627145031e+00 7.937759190997256e-01
6.550000000000000e-01 1.779263215548615e+00 8.015828513675559e-01
6.600000000000000e-01 1.824432901381847e+00 8.091540049234212e-01
6.650000000000000e-01 1.870742917168772e+00 8.165005416136540e-01
6.700000000000000e-01 1.918222208176775e+00 8.236328660839546e-01
6.750000000000000e-01 1.966900450508319e+00 8.305606735209240e-01
6.800000000000000e-01 2.016808069649473e+00 8.372929919977611e-01
6.850000000000001e-01 2.067976259486829e+00 8.438382147534214e-01
6.900000000000001e-01 2.120437001804702e+00 8.502041265967725e-01
6.950000000000001e-01 2.174223086274785e+00 8.563979235679559e-01
7.000000000000001e-01 2.229368130950753e+00 8.624262268570587e-01
7.050000000000000e-01 2.285906603280654e+00 8.682950917013496e-01
7.100000000000000e-01 2.343873841650178e+00 8.740100118143033e-01
7.150000000000000e-01 2.403306077470301e+00 8.795759203147985e-01
7.200000000000000e-01 2.464240457823092e+00 8.849971881777042e-01
7.250000000000000e-01 2.526715068679855e+00 8.902776216072246e-01
7.300000000000000e-01 2.590768958706095e+00 8.954204601407212e-01
7.350000000000000e-01 2.656442163668210e+00 9.004283778426875e-01
7.400000000000000e-01 2.723775731457148e+00 9.053034906512585e-01
7.450000000000000e-01 2.792811747744667e+00 9.100473737889482e-01
7.500000000000000e-01 2.863593362288260e+00 9.146610941480503e-01
7.550000000000000e-01 2.936164815901156e+00 9.191452636662074e-01
7.600000000000000e-01 3.010571468104263e+00 9.235001208329945e-01
7.650000000000000e-01 3.086859825477351e+00 9.277256484522449e-01
7.700000000000000e-01 3.165077570727174e+00 9.318217363598016e-01
7.750000000000000e-01 3.245273592490716e+00 9.357883975502256e-01
7.800000000000000e-01 3.327498015892184e+00 9.396260445227714e-01
7.850000000000000e-01 3.411802233872832e+00 9.433358288930511e-01
7.900000000000000e-01 3.498238939313234e+00 9.469200406215401e-01
7.950000000000000e-01 3.586862157968046e+00 9.503825528644602e-01
8.000000000000000e-01 3.677727282233856e+00 9.537292842034246e-01
8.050000000000000e-01 3.770891105771243e+00 9.569686325447037e-01
8.100000000000001e-01 3.866411859002656e+00 9.601118163287149e-01
8.150000000000001e-01 3.964349245508326e+00 9.631730424807969e-01
8.200000000000001e-01 4.064764479342956e+00 9.661694117637597e-01
8.250000000000001e-01 4.167720323296481e+00 9.691204759887380e-01
8.300000000000001e-01 4.273281128122877e+00 9.720473813275212e-01
8.350000000000000e-01 4.381512872761445e+00 9.749715687278311e-01
8.400000000000000e-01 4.492483205575838e+00 9.779130552369937e-01
8.450000000000000e-01 4.606261486636447e+00 9.808883854779854e-01
8.500000000000000e-01 4.722918831072739e+00 9.839084135491258e-01
8.550000000000000e-01 4.842528153522501e+00 9.869761464084527e-01
8.600000000000000e-01 4.965164213705875e+00 9.900849570239514e-01
8.650000000000000e-01 5.090903663152626e+00 9.932175759416250e-01
8.700000000000000e-01 5.219825093111814e+00 9.963463802416520e-01
8.750000000000000e-01 5.352009083673925e+00 9.994355182319550e-01
8.800000000000000e-01 5.487538254136007e+00 1.002445153227443e+00
8.850000000000000e-01 5.626497314641444e+00 1.005337454537100e+00
8.900000000000000e-01 5.768973119126561e+00 1.008083057719974e+00
8.950000000000000e-01 5.915054719607133e+00 1.010666058655921e+00
9.000000000000000e-01 6.064833421838831e+00 1.013085775912570e+00
9.050000000000000e-01 6.218402842386253e+00 1.015354666417352e+00
9.100000000000000e-01 6.375858967136348e+00 1.017493359104344e+00
9.150000000000000e-01 6.537300211292723e+00 1.019524846218366e+00
9.200000000000000e-01 6.702827480888332e+00 1.021469841063129e+00
9.250000000000000e-01 6.872544235855034e+00 1.023344350869286e+00
9.300000000000000e-01 7.046556554689444e+00 1.025159350965618e+00
9.350000000000001e-01 7.224973200755413e+00 1.026921739882791e+00
9.400000000000001e-01 7.407905690264673e+00 1.028635682102838e+00
9.450000000000001e-01 7.595468361978146e+00 1.030303765295250e+00
9.500000000000001e-01 7.787778448671316e+00 1.031927774491027e+00
9.550000000000001e-01 7.984956150408610e+00 1.033509122622076e+00
9.600000000000000e-01 8.187124709672272e+00 1.035049055924510e+00
9.650000000000000e-01 8.394410488393007e+00 1.036548739716262e+00
9.700000000000000e-01 8.606943046930221e+00 1.038009290432909e+00
9.750000000000000e-01 8.824855225051540e+00 1.039431786794314e+00
9.800000000000000e-01 9.048283224961922e+00 1.040817273858716e+00
9.850000000000000e-01 9.277366696434507e+00 1.042166764912611e+00
9.900000000000000e-01 9.512248824096272e+00 1.043481242749555e+00
9.950000000000000e-01 9.753076416923058e+00 1.044761660768364e+00
1.000000000000000e+00 1.000000000000000e+01 1.046008943997826e+00
