0.000000000000000e+00 0.000000000000000e+00 2.167074710240128e-01
5.000000000000000e-03 3.369477419287315e-03 2.167079016959318e-01
1.000000000000000e-02 6.741060871647481e-03 2.167090422969352e-01
1.500000000000000e-02 1.011685770649257e-02 2.167109328624505e-01
2.000000000000000e-02 1.349897790673588e-02 2.167135929003245e-01
2.500000000000000e-02 1.688953540759990e-02 2.167170371128555e-01
3.000000000000000e-02 2.029064941789469e-02 2.167212719497966e-01
3.500000000000000e-02 2.370444574459234e-02 2.167263117549355e-01
4.000000000000000e-02 2.713305812152553e-02 2.167321817412250e-01
4.500000000000000e-02 3.057862954304063e-02 2.167389082442716e-01
5.000000000000000e-02 3.404331360343898e-02 2.167465155988376e-01
5.500000000000000e-02 3.752927584304335e-02 2.167550318150075e-01
6.000000000000000e-02 4.103869510173117e-02 2.167644909344426e-01
6.500000000000000e-02 4.457376488078044e-02 2.167749322826875e-01
7.000000000000001e-02 4.813669471387935e-02 2.167864038658293e-01
7.500000000000000e-02 5.172971154815675e-02 2.167989572394329e-01
8.000000000000000e-02 5.535506113609672e-02 2.168126429813381e-01
8.500000000000001e-02 5.901500943920686e-02 2.168275185046254e-01
9.000000000000000e-02 6.271184404431801e-02 2.168436443104972e-01
9.500000000000000e-02 6.644787559340060e-02 2.168610874633537e-01
1.000000000000000e-01 7.022543922779090e-02 2.168799241276148e-01
1.050000000000000e-01 7.404689604773053e-02 2.169002361226082e-01
1.100000000000000e-01 7.791463458813094e-02 2.169221152680577e-01
1.150000000000000e-01 8.183107231148547e-02 2.169456603081097e-01
1.200000000000000e-01 8.579865711886202e-02 2.169709797488226e-01
1.250000000000000e-01 8.981986887992111e-02 2.169981911164472e-01
1.300000000000000e-01 9.389722098291493e-02 2.170274224926557e-01
1.350000000000000e-01 9.803326190563690e-02 2.170588130330071e-01
1.400000000000000e-01 1.022305768083033e-01 2.170925140983157e-01
1.450000000000000e-01 1.064917891493625e-01 2.171286902466082e-01
1.500000000000000e-01 1.108195623252418e-01 2.171675204115759e-01
1.550000000000000e-01 1.152166013350572e-01 2.172091991517530e-01
1.600000000000000e-01 1.196856544713255e-01 2.172539380267235e-01
1.650000000000000e-01 1.242295150377370e-01 2.173019670958100e-01
1.700000000000000e-01 1.288510230950609e-01 2.173535365560315e-01
1.750000000000000e-01 1.335530672362758e-01 2.174089185303683e-01
1.800000000000000e-01 1.383385863920344e-01 2.174684090202390e-01
1.850000000000000e-01 1.432105716675912e-01 2.175323300366065e-01
1.900000000000000e-01 1.481720682123397e-01 2.176010319254208e-01
1.950000000000000e-01 1.532261771231311e-01 2.176748959043236e-01
2.000000000000000e-01 1.583760573825595e-01 2.177543368288873e-01
2.050000000000000e-01 1.636249278334301e-01 2.178398062080890e-01
2.100000000000000e-01 1.689760691906397e-01 2.179317954902502e-01
2.150000000000000e-01 1.744328260917313e-01 2.180308396422877e-01
2.200000000000000e-01 1.799986091874004e-01 2.181375210468372e-01
2.250000000000000e-01 1.856768972732633e-01 2.182524737436245e-01
2.300000000000000e-01 1.914712394642179e-01 2.183763880433681e-01
2.350000000000000e-01 1.973852574127551e-01 2.185100155445060e-01
2.400000000000000e-01 2.034226475726105e-01 2.186541745851470e-01
2.450000000000000e-01 2.095871835091678e-01 2.188097561648507e-01
2.500000000000000e-01 2.158827182580599e-01 2.189777303731391e-01
2.550000000000000e-01 2.223131867334419e-01 2.191591533640319e-01
2.600000000000000e-01 2.288826081874405e-01 2.193551749183775e-01
2.650000000000000e-01 2.355950887223172e-01 2.195670466383048e-01
2.700000000000000e-01 2.424548238569160e-01 2.197961308207552e-01
2.750000000000000e-01 2.494661011489995e-01 2.200439100597426e-01
2.800000000000000e-01 2.566333028751116e-01 2.203119976297339e-01
2.850000000000000e-01 2.639609087696434e-01 2.206021487053145e-01
2.900000000000000e-01 2.714534988248126e-01 2.209162724750919e-01
2.950000000000000e-01 2.791157561533084e-01 2.212564452105693e-01
3.000000000000000e-01 2.869524699153886e-01 2.216249243534504e-01
3.050000000000000e-01 2.949685383122613e-01 2.220241636874911e-01
3.100000000000000e-01 3.031689716476197e-01 2.224568296635324e-01
3.150000000000000e-01 3.115588954592450e-01 2.229258189486745e-01
3.200000000000000e-01 3.201435537226349e-01 2.234342772726003e-01
3.250000000000000e-01 3.289283121286580e-01 2.239856196457314e-01
3.300000000000000e-01 3.379186614372866e-01 2.245835520250577e-01
3.350000000000000e-01 3.471202209094989e-01 2.252320945039680e-01
3.400000000000000e-01 3.565387418195016e-01 2.259356061019871e-01
3.450000000000000e-01 3.661801110494620e-01 2.266988112287303e-01
3.500000000000000e-01 3.760503547690021e-01 2.275268278932469e-01
3.550000000000000e-01 3.861556422017504e-01 2.284251977247831e-01
3.600000000000000e-01 3.965022894813072e-01 2.293999178632572e-01
3.650000000000000e-01 4.070967635990345e-01 2.304574747666666e-01
3.700000000000000e-01 4.179456864461349e-01 2.316048799672745e-01
3.750000000000000e-01 4.290558389525505e-01 2.328497077875718e-01
3.800000000000000e-01 4.404341653252637e-01 2.342001349991758e-01
3.850000000000000e-01 4.520877773886537e-01 2.356649823711561e-01
3.900000000000000e-01 4.640239590296172e-01 2.372537580064655e-01
3.950000000000000e-01 4.762501707502353e-01 2.389767023033916e-01
4.000000000000000e-01 4.887740543308307e-01 2.408448342997862e-01
4.050000000000000e-01 5.016034376063282e-01 2.428699990571572e-01
4.100000000000000e-01 5.147463393589066e-01 2.450649156145680e-01
4.150000000000000e-01 5.282109743299990e-01 2.474432248828735e-01
4.200000000000000e-01 5.420057583547735e-01 2.500195366513534e-01
4.250000000000000e-01 5.561393136223041e-01 2.528094746335587e-01
4.300000000000000e-01 5.706204740647189e-01 2.558297181785147e-01
4.350000000000000e-01 5.854582908786964e-01 2.590980389079374e-01
4.400000000000000e-01 6.006620381827575e-01 2.626333301000285e-01
4.450000000000000e-01 6.162412188138907e-01 2.664556261160848e-01
4.500000000000000e-01 6.322055702671360e-01 2.705861085490921e-01
4.550000000000000e-01 6.485650707818353e-01 2.750470950576634e-01
4.600000000000000e-01 6.653299455783577e-01 2.798620060326711e-01
4.650000000000000e-01 6.825106732491932e-01 2.850553033336684e-01
4.700000000000000e-01 7.001179923084168e-01 2.906523943448494e-01
4.750000000000000e-01 7.181629079036070e-01 2.966794935692829e-01
4.800000000000000e-01 7.366566986944229e-01 3.031634329613782e-01
4.850000000000000e-01 7.556109239021327e-01 3.101314112768969e-01
4.900000000000000e-01 7.750374305345038e-01 3.176106720214906e-01
4.950000000000000e-01 7.949483607905672e-01 3.256280992735437e-01
5.000000000000000e-01 8.153561596498893e-01 3.342097209692991e-01
5.050000000000000e-01 8.362735826510871e-01 3.433801104483279e-01
5.100000000000000e-01 8.577137038644561e-01 3.531616794970533e-01
5.150000000000000e-01 8.796899240636907e-01 3.635738601622645e-01
5.200000000000000e-01 9.022159791018011e-01 3.746321785969592e-01
5.250000000000000e-01 9.253059484964714e-01 3.863472324438428e-01
5.300000000000000e-01 9.489742642302165e-01 3.987235938974181e-01
5.350000000000000e-01 9.732357197708378e-01 4.117586734775239e-01
5.400000000000000e-01 9.981054793178262e-01 4.254415941437308e-01
5.450000000000000e-01 1.023599087280478e+00 4.397521405795861e-01
5.500000000000000e-01 1.049732477993657e+00 4.546598625372069e-01
5.550000000000000e-01 1.076521985677273e+00 4.701234216871754e-01
5.600000000000001e-01 1.103984354645701e+00 4.860902756443938e-01
5.650000000000001e-01 1.132136749773522e+00 5.024967878501754e-01
5.700000000000001e-01 1.160996767224129e+00 5.192688354349270e-01
5.750000000000001e-01 1.190582445447902e+00 5.363229580010070e-01
5.800000000000000e-01 1.220912276456826e+00 5.535680494029530e-01
5.850000000000000e-01 1.252005217382601e+00 5.709075454938570e-01
5.900000000000000e-01 1.283880702325469e+00 5.882420093112858e-01
5.950000000000000e-01 1.316558654501151e+00 6.054719688415805e-01
6.000000000000000e-01 1.350059498693518e+00 6.225008291707063e-01
6.050000000000000e-01 1.384404174020732e+00 6.392376668769102e-01
6.100000000000000e-01 1.419614147022888e+00 6.555997232038618e-01
6.150000000000000e-01 1.455711425079295e+00 6.715144430248668e-01
6.200000000000000e-01 1.492718570163803e+00 6.869209539506889e-01
6.250000000000000e-01 1.530658712946775e+00 7.017709362584847e-01
6.300000000000000e-01 1.569555567252506e+00 7.160288906148334e-01
6.350000000000000e-01 1.609433444881138e+00 7.296718587118791e-01
6.400000000000000e-01 1.650317270804325e+00 7.426886863134912e-01
6.450000000000000e-01 1.692232598744148e+00 7.550789365068981e-01
6.500000000000000e-01 1.735205627145031e+00 7.668515640811967e-01
6.550000000000000e-01 1.779263215548615e+00 7.780234532280916e-01
6.600000000000000e-01 1.824432901381847e+00 7.886179047389497e-01
6.650000000000000e-01 1.870742917168772e+00 7.986631401569353e-01
6.700000000000000e-01 1.918222208176775e+00 8.081908726478531e-01
6.750000000000000e-01 1.966900450508319e+00 8.172349799784331e-01
6.800000000000000e-01 2.016808069649473e+00 8.258303047168818e-01
6.850000000000001e-01 2.067976259486829e+00 8.340116001018065e-01
6.900000000000001e-01 2.120437001804702e+00 8.418126356548330e-01
6.950000000000001e-01 2.174223086274785e+00 8.492654729657632e-01
7.000000000000001e-01 2.229368130950753e+00 8.563999178127206e-01
7.050000000000000e-01 2.285906603280654e+00 8.632431491270864e-01
7.100000000000000e-01 2.343873841650178e+00 8.698195182337929e-01
7.150000000000000e-01 2.403306077470301e+00 8.761505039210193e-01
7.200000000000000e-01 2.464240457823092e+00 8.822548012969226e-01
7.250000000000000e-01 2.526715068679855e+00 8.881485162853806e-01
7.300000000000000e-01 2.590768958706095e+00 8.938454340180136e-01
7.350000000000000e-01 2.656442163668210e+00 8.993573288726429e-01
7.400000000000000e-01 2.723775731457148e+00 9.046942864949045e-01
7.450000000000000e-01 2.792811747744667e+00 9.098650132752711e-01
7.500000000000000e-01 2.863593362288260e+00 9.148771154922155e-01
7.550000000000000e-01 2.936164815901156e+00 9.197373375564614e-01
7.600000000000000e-01 3.010571468104263e+00 9.244517554579996e-01
7.650000000000000e-01 3.086859825477351e+00 9.290259268545611e-01
7.700000000000000e-01 3.165077570727174e+00 9.334650028517402e-01
7.750000000000000e-01 3.245273592490716e+00 9.377738083930430e-01
7.800000000000000e-01 3.327498015892184e+00 9.419568985785184e-01
7.850000000000000e-01 3.411802233872832e+00 9.460185976016168e-01
7.900000000000000e-01 3.498238939313234e+00 9.499630258028562e-01
7.950000000000000e-01 3.586862157968046e+00 9.537941189808674e-01
8.000000000000000e-01 3.677727282233856e+00 9.575156428468010e-01
8.050000000000000e-01 3.770891105771243e+00 9.611312044967684e-01
8.100000000000001e-01 3.866411859002656e+00 9.646442620441836e-01
8.150000000000001e-01 3.964349245508326e+00 9.680581330695586e-01
8.200000000000001e-01 4.064764479342956e+00 9.713760022507409e-01
8.250000000000001e-01 4.167720323296481e+00 9.746009283707181e-01
8.300000000000001e-01 4.273281128122877e+00 9.777358508129169e-01
8.350000000000000e-01 4.381512872761445e+00 9.807835956106642e-01
8.400000000000000e-01 4.492483205575838e+00 9.837468810965996e-01
8.450000000000000e-01 4.606261486636447e+00 9.866283231875916e-01
8.500000000000000e-01 4.722918831072739e+00 9.894304403351458e-01
8.550000000000000e-01 4.842528153522501e+00 9.921556581677339e-01
8.600000000000000e-01 4.965164213705875e+00 9.948063138488074e-01
8.650000000000000e-01 5.090903663152626e+00 9.973846601720365e-01
8.700000000000000e-01 5.219825093111814e+00 9.998928694133594e-01
8.750000000000000e-01 5.352009083673925e+00 1.002333036957709e+00
8.800000000000000e-01 5.487538254136007e+00 1.004707184716721e+00
8.850000000000000e-01 5.626497314641444e+00 1.007017264352337e+00
8.900000000000000e-01 5.768973119126561e+00 1.009265160319945e+00
8.950000000000000e-01 5.915054719607133e+00 1.011452692743577e+00
9.000000000000000e-01 6.064833421838831e+00 1.013581620134637e+00
9.050000000000000e-01 6.218402842386253e+00 1.015653641964720e+00
9.100000000000000e-01 6.375858967136348e+00 1.017670401102211e+00
9.150000000000000e-01 6.537300211292723e+00 1.019633486121629e+00
9.200000000000000e-01 6.702827480888332e+00 1.021544433493919e+00
9.250000000000000e-01 6.872544235855034e+00 1.023404729665337e+00
9.300000000000000e-01 7.046556554689444e+00 1.025215813031921e+00
9.350000000000001e-01 7.224973200755413e+00 1.026979075816074e+00
9.400000000000001e-01 7.407905690264673e+00 1.028695865851256e+00
9.450000000000001e-01 7.595468361978146e+00 1.030367488280371e+00
9.500000000000001e-01 7.787778448671316e+00 1.031995207173020e+00
9.550000000000001e-01 7.984956150408610e+00 1.033580247066416e+00
9.600000000000000e-01 8.187124709672272e+00 1.035123794434433e+00
9.650000000000000e-01 8.394410488393007e+00 1.036626999088930e+00
9.700000000000000e-01 8.606943046930221e+00 1.038090975517218e+00
9.750000000000000e-01 8.824855225051540e+00 1.039516804159270e+00
9.800000000000000e-01 9.048283224961922e+00 1.040905532628036e+00
9.850000000000000e-01 9.277366696434507e+00 1.042258176875980e+00
9.900000000000000e-01 9.512248824096272e+00 1.043575722310790e+00
9.950000000000000e-01 9.753076416923058e+00 1.044859124862968e+00
1.000000000000000e+00 1.000000000000000e+01 1.046109312007887e+00
