0.000000000000000e+00 0.000000000000000e+00 8.869018281065147e-02
5.000000000000000e-03 3.369477419287315e-03 8.869228567993567e-02
1.000000000000000e-02 6.741060871647481e-03 8.869788383579590e-02
1.500000000000000e-02 1.011685770649257e-02 8.870720460551224e-02
2.000000000000000e-02 1.349897790673588e-02 8.872028881122110e-02
2.500000000000000e-02 1.688953540759990e-02 8.873717964033773e-02
3.000000000000000e-02 2.029064941789469e-02 8.875791367373505e-02
3.500000000000000e-02 2.370444574459234e-02 8.878254138834452e-02
4.000000000000000e-02 2.713305812152553e-02 8.881113290752431e-02
4.500000000000000e-02 3.057862954304063e-02 8.884376666967825e-02
5.000000000000000e-02 3.404331360343898e-02 8.888052497575319e-02
5.500000000000000e-02 3.752927584304335e-02 8.892150323313706e-02
6.000000000000000e-02 4.103869510173117e-02 8.896681447815445e-02
6.500000000000000e-02 4.457376488078044e-02 8.901658068259621e-02
7.000000000000001e-02 4.813669471387935e-02 8.907093000499017e-02
7.500000000000000e-02 5.172971154815675e-02 8.913000655187515e-02
8.000000000000000e-02 5.535506113609672e-02 8.919397295118943e-02
8.500000000000001e-02 5.901500943920686e-02 8.926300104094138e-02
9.000000000000000e-02 6.271184404431801e-02 8.933727149566516e-02
9.500000000000000e-02 6.644787559340060e-02 8.941698430121948e-02
1.000000000000000e-01 7.022543922779090e-02 8.950235950302143e-02
1.050000000000000e-01 7.404689604773053e-02 8.959362792589570e-02
1.100000000000000e-01 7.791463458813094e-02 8.969103253171311e-02
1.150000000000000e-01 8.183107231148547e-02 8.979483917981351e-02
1.200000000000000e-01 8.579865711886202e-02 8.990533678438910e-02
1.250000000000000e-01 8.981986887992111e-02 9.002282812349030e-02
1.300000000000000e-01 9.389722098291493e-02 9.014763140278696e-02
1.350000000000000e-01 9.803326190563690e-02 9.028009185012412e-02
1.400000000000000e-01 1.022305768083033e-01 9.042058336143764e-02
1.450000000000000e-01 1.064917891493625e-01 9.056949869643692e-02
1.500000000000000e-01 1.108195623252418e-01 9.072724893950693e-02
1.550000000000000e-01 1.152166013350572e-01 9.089427676384071e-02
1.600000000000000e-01 1.196856544713255e-01 9.107106237304302e-02
1.650000000000000e-01 1.242295150377370e-01 9.125811313046378e-02
1.700000000000000e-01 1.288510230950609e-01 9.145595855445812e-02
1.750000000000000e-01 1.335530672362758e-01 9.166516396124000e-02
1.800000000000000e-01 1.383385863920344e-01 9.188634203218099e-02
1.850000000000000e-01 1.432105716675912e-01 9.212014604173971e-02
1.900000000000000e-01 1.481720682123397e-01 9.236726281856518e-02
1.950000000000000e-01 1.532261771231311e-01 9.262841992236867e-02
2.000000000000000e-01 1.583760573825595e-01 9.290439523137085e-02
2.050000000000000e-01 1.636249278334301e-01 9.319602307033802e-02
2.100000000000000e-01 1.689760691906397e-01 9.350419884093825e-02
2.150000000000000e-01 1.744328260917313e-01 9.382987362866643e-02
2.200000000000000e-01 1.799986091874004e-01 9.417405025762368e-02
2.250000000000000e-01 1.856768972732633e-01 9.453779893362599e-02
2.300000000000000e-01 1.914712394642179e-01 9.492226992528441e-02
2.350000000000000e-01 1.973852574127551e-01 9.532869570215748e-02
2.400000000000000e-01 2.034226475726105e-01 9.575840122063779e-02
2.450000000000000e-01 2.095871835091678e-01 9.621280298467116e-02
2.500000000000000e-01 2.158827182580599e-01 9.669340829182774e-02
2.550000000000000e-01 2.223131867334419e-01 9.720183213454915e-02
2.600000000000000e-01 2.288826081874405e-01 9.773979986664477e-02
2.650000000000000e-01 2.355950887223172e-01 9.830916464351896e-02
2.700000000000000e-01 2.424548238569160e-01 9.891191988236303e-02
2.750000000000000e-01 2.494661011489995e-01 9.955020855667260e-02
2.800000000000000e-01 2.566333028751116e-01 1.002263411867004e-01
2.850000000000000e-01 2.639609087696434e-01 1.009428051162218e-01
2.900000000000000e-01 2.714534988248126e-01 1.017022843167418e-01
2.950000000000000e-01 2.791157561533084e-01 1.025076744526230e-01
3.000000000000000e-01 2.869524699153886e-01 1.033621046142542e-01
3.050000000000000e-01 2.949685383122613e-01 1.042689587446247e-01
3.100000000000000e-01 3.031689716476197e-01 1.052319011285778e-01
3.150000000000000e-01 3.115588954592450e-01 1.062549040240848e-01
3.200000000000000e-01 3.201435537226349e-01 1.073422788654125e-01
3.250000000000000e-01 3.289283121286580e-01 1.084987109516581e-01
3.300000000000000e-01 3.379186614372866e-01 1.097292983030175e-01
3.350000000000000e-01 3.471202209094989e-01 1.110395951351305e-01
3.400000000000000e-01 3.565387418195016e-01 1.124356605904663e-01
3.450000000000000e-01 3.661801110494620e-01 1.139241134012910e-01
3.500000000000000e-01 3.760503547690021e-01 1.155121932624108e-01
3.550000000000000e-01 3.861556422017504e-01 1.172078297840908e-01
3.600000000000000e-01 3.965022894813072e-01 1.190197200032262e-01
3.650000000000000e-01 4.070967635990345e-01 1.209574155437495e-01
3.700000000000000e-01 4.179456864461349e-01 1.230314206355527e-01
3.750000000000000e-01 4.290558389525505e-01 1.252533023195408e-01
3.800000000000000e-01 4.404341653252637e-01 1.276358142775960e-01
3.850000000000000e-01 4.520877773886537e-01 1.301930358185133e-01
3.900000000000000e-01 4.640239590296172e-01 1.329405276065551e-01
3.950000000000000e-01 4.762501707502353e-01 1.358955057114954e-01
4.000000000000000e-01 4.887740543308307e-01 1.390770354485678e-01
4.050000000000000e-01 5.016034376063282e-01 1.425062462064436e-01
4.100000000000000e-01 5.147463393589066e-01 1.462065679490673e-01
4.150000000000000e-01 5.282109743299990e-01 1.502039892061126e-01
4.200000000000000e-01 5.420057583547735e-01 1.545273349730641e-01
4.250000000000000e-01 5.561393136223041e-01 1.592085607984270e-01
4.300000000000000e-01 5.706204740647189e-01 1.642830561330429e-01
4.350000000000000e-01 5.854582908786964e-01 1.697899453425003e-01
4.400000000000000e-01 6.006620381827575e-01 1.757723681037279e-01
4.450000000000000e-01 6.162412188138907e-01 1.822777115567081e-01
4.500000000000000e-01 6.322055702671360e-01 1.893577537873954e-01
4.550000000000000e-01 6.485650707818353e-01 1.970686611724693e-01
4.600000000000000e-01 6.653299455783577e-01 2.054707601719393e-01
4.650000000000000e-01 6.825106732491932e-01 2.146279771988753e-01
4.700000000000000e-01 7.001179923084168e-01 2.246068093249783e-01
4.750000000000000e-01 7.181629079036070e-01 2.354746571971285e-01
4.800000000000000e-01 7.366566986944229e-01 2.472973269184622e-01
4.850000000000000e-01 7.556109239021327e-01 2.601355028495450e-01
4.900000000000000e-01 7.750374305345038e-01 2.740400287890605e-01
4.950000000000000e-01 7.949483607905672e-01 2.890459385395958e-01
5.000000000000000e-01 8.153561596498893e-01 3.051653788242693e-01
5.050000000000000e-01 8.362735826510871e-01 3.223798882587183e-01
5.100000000000000e-01 8.577137038644561e-01 3.406329229971325e-01
5.150000000000000e-01 8.796899240636907e-01 3.598239774777892e-01
5.200000000000000e-01 9.022159791018011e-01 3.798059785800792e-01
5.250000000000000e-01 9.253059484964714e-01 4.003876083677702e-01
5.300000000000000e-01 9.489742642302165e-01 4.213416273712224e-01
5.350000000000000e-01 9.732357197708378e-01 4.424190837506189e-01
5.400000000000000e-01 9.981054793178262e-01 4.633677563978261e-01
5.450000000000000e-01 1.023599087280478e+00 4.839518328501306e-01
5.500000000000000e-01 1.049732477993657e+00 5.039692694603788e-01
5.550000000000000e-01 1.076521985677273e+00 5.232638380446190e-01
5.600000000000001e-01 1.103984354645701e+00 5.417303317767661e-01
5.650000000000001e-01 1.132136749773522e+00 5.593131644124786e-01
5.700000000000001e-01 1.160996767224129e+00 5.759999729045998e-01
5.750000000000001e-01 1.190582445447902e+00 5.918124420476235e-01
5.800000000000000e-01 1.220912276456826e+00 6.067964368282442e-01
5.850000000000000e-01 1.252005217382601e+00 6.210129475902096e-01
5.900000000000000e-01 1.283880702325469e+00 6.345306617429155e-01
5.950000000000000e-01 1.316558654501151e+00 6.474204016235795e-01
6.000000000000000e-01 1.350059498693518e+00 6.597512976217753e-01
6.050000000000000e-01 1.384404174020732e+00 6.715883853568386e-01
6.100000000000000e-01 1.419614147022888e+00 6.829912696601376e-01
6.150000000000000e-01 1.455711425079295e+00 6.940135278758912e-01
6.200000000000000e-01 1.492718570163803e+00 7.047025868735411e-01
6.250000000000000e-01 1.530658712946775e+00 7.150998757498469e-01
6.300000000000000e-01 1.569555567252506e+00 7.252411164702325e-01
6.350000000000000e-01 1.609433444881138e+00 7.351566630448790e-01
6.400000000000000e-01 1.650317270804325e+00 7.448718361011168e-01
6.450000000000000e-01 1.692232598744148e+00 7.544072256733879e-01
6.500000000000000e-01 1.735205627145031e+00 7.637789529927378e-01
6.550000000000000e-01 1.779263215548615e+00 7.729988941941844e-01
6.600000000000000e-01 1.824432901381847e+00 7.820748769510928e-01
6.650000000000000e-01 1.870742917168772e+00 7.910108664052101e-01
6.700000000000000e-01 1.918222208176775e+00 7.998071602506103e-01
6.750000000000000e-01 1.966900450508319e+00 8.084606148948198e-01
6.800000000000000e-01 2.016808069649473e+00 8.169649253343688e-01
6.850000000000001e-01 2.067976259486829e+00 8.253109805001150e-01
6.900000000000001e-01 2.120437001804702e+00 8.334873128632773e-01
6.950000000000001e-01 2.174223086274785e+00 8.414806554361594e-01
7.000000000000001e-01 2.229368130950753e+00 8.492766103973788e-01
7.050000000000000e-01 2.285906603280654e+00 8.568604211665091e-01
7.100000000000000e-01 2.343873841650178e+00 8.642178241911997e-01
7.150000000000000e-01 2.403306077470301e+00 8.713359392224524e-01
7.200000000000000e-01 2.464240457823092e+00 8.782041397422544e-01
7.250000000000000e-01 2.526715068679855e+00 8.848148317809363e-01
7.300000000000000e-01 2.590768958706095e+00 8.911640634967644e-01
7.350000000000000e-01 2.656442163668210e+00 8.972518931679118e-01
7.400000000000000e-01 2.723775731457148e+00 9.030824617694275e-01
7.450000000000000e-01 2.792811747744667e+00 9.086637475206467e-01
7.500000000000000e-01 2.863593362288260e+00 9.140070197807396e-01
7.550000000000000e-01 2.936164815901156e+00 9.191260514199553e-01
7.600000000000000e-01 3.010571468104263e+00 9.240361835708326e-01
7.650000000000000e-01 3.086859825477351e+00 9.287533563418298e-01
7.700000000000000e-01 3.165077570727174e+00 9.332932186499661e-01
7.750000000000000e-01 3.245273592490716e+00 9.376704096852748e-01
7.800000000000000e-01 3.327498015892184e+00 9.418980687009091e-01
7.850000000000000e-01 3.411802233872832e+00 9.459875875815441e-01
7.900000000000000e-01 3.498238939313234e+00 9.499485817731622e-01
7.950000000000000e-01 3.586862157968046e+00 9.537890275920120e-01
8.000000000000000e-01 3.677727282233856e+00 9.575155016623271e-01
8.050000000000000e-01 3.770891105771243e+00 9.611334607308734e-01
8.100000000000001e-01 3.866411859002656e+00 9.646475132616535e-01
8.150000000000001e-01 3.964349245508326e+00 9.680616522489109e-01
8.200000000000001e-01 4.064764479342956e+00 9.713794361941741e-01
8.250000000000001e-01 4.167720323296481e+00 9.746041185622613e-01
8.300000000000001e-01 4.273281128122877e+00 9.777387339114076e-01
8.350000000000000e-01 4.381512872761445e+00 9.807861518031296e-01
8.400000000000000e-01 4.492483205575838e+00 9.837491090810814e-01
8.450000000000000e-01 4.606261486636447e+00 9.866302288819884e-01
8.500000000000000e-01 4.722918831072739e+00 9.894320321395982e-01
8.550000000000000e-01 4.842528153522501e+00 9.921569451235108e-01
8.600000000000000e-01 4.965164213705875e+00 9.948073049809331e-01
8.650000000000000e-01 5.090903663152626e+00 9.973853642784947e-01
8.700000000000000e-01 5.219825093111814e+00 9.998932950093794e-01
8.750000000000000e-01 5.352009083673925e+00 1.002333192269305e+00
8.800000000000000e-01 5.487538254136007e+00 1.004707077688251e+00
8.850000000000000e-01 5.626497314641444e+00 1.007016902657364e+00
8.900000000000000e-01 5.768973119126561e+00 1.009264551372428e+00
8.950000000000000e-01 5.915054719607133e+00 1.011451843708671e+00
9.000000000000000e-01 6.064833421838831e+00 1.013580537938966e+00
9.050000000000000e-01 6.218402842386253e+00 1.015652333306113e+00
9.100000000000000e-01 6.375858967136348e+00 1.017668872458945e+00
9.150000000000000e-01 6.537300211292723e+00 1.019631743761188e+00
9.200000000000000e-01 6.702827480888332e+00 1.021542483481324e+00
9.250000000000000e-01 6.872544235855034e+00 1.023402577871051e+00
9.300000000000000e-01 7.046556554689444e+00 1.025213465139375e+00
9.350000000000001e-01 7.224973200755413e+00 1.026976537328820e+00
9.400000000000001e-01 7.407905690264673e+00 1.028693142099784e+00
9.450000000000001e-01 7.595468361978146e+00 1.030364584428601e+00
9.500000000000001e-01 7.787778448671316e+00 1.031992128224487e+00
9.550000000000001e-01 7.984956150408610e+00 1.033576997870176e+00
9.600000000000000e-01 8.187124709672272e+00 1.035120379690696e+00
9.650000000000000e-01 8.394410488393007e+00 1.036623423354437e+00
9.700000000000000e-01 8.606943046930221e+00 1.038087243210382e+00
9.750000000000000e-01 8.824855225051540e+00 1.039512919565090e+00
9.800000000000000e-01 9.048283224961922e+00 1.040901499902791e+00
9.850000000000000e-01 9.277366696434507e+00 1.042254000051730e+00
9.900000000000000e-01 9.512248824096272e+00 1.043571405299674e+00
9.950000000000000e-01 9.753076416923058e+00 1.044854671461331e+00
1.000000000000000e+00 1.000000000000000e+01 1.046104725900227e+00
