0.000000000000000e+00 0.000000000000000e+00 6.777305311081208e-02
5.000000000000000e-03 3.369477419287315e-03 6.777490121947170e-02
1.000000000000000e-02 6.741060871647481e-03 6.777982216265784e-02
1.500000000000000e-02 1.011685770649257e-02 6.778801814583599e-02
2.000000000000000e-02 1.349897790673588e-02 6.779952527434541e-02
2.500000000000000e-02 1.688953540759990e-02 6.781437946847954e-02
3.000000000000000e-02 2.029064941789469e-02 6.783261252036613e-02
3.500000000000000e-02 2.370444574459234e-02 6.785427159606978e-02
4.000000000000000e-02 2.713305812152553e-02 6.787941922574318e-02
4.500000000000000e-02 3.057862954304063e-02 6.790812233222973e-02
5.000000000000000e-02 3.404331360343898e-02 6.794045423411031e-02
5.500000000000000e-02 3.752927584304335e-02 6.797650243555450e-02
6.000000000000000e-02 4.103869510173117e-02 6.801636606398713e-02
6.500000000000000e-02 4.457376488078044e-02 6.806015037307758e-02
7.000000000000001e-02 4.813669471387935e-02 6.810797135241961e-02
7.500000000000000e-02 5.172971154815675e-02 6.815996018490081e-02
8.000000000000000e-02 5.535506113609672e-02 6.821625823399609e-02
8.500000000000001e-02 5.901500943920686e-02 6.827701507434063e-02
9.000000000000000e-02 6.271184404431801e-02 6.834239557773214e-02
9.500000000000000e-02 6.644787559340060e-02 6.841258095769071e-02
1.000000000000000e-01 7.022543922779090e-02 6.848776209682689e-02
1.050000000000000e-01 7.404689604773053e-02 6.856814143330726e-02
1.100000000000000e-01 7.791463458813094e-02 6.865394149098415e-02
1.150000000000000e-01 8.183107231148547e-02 6.874540273760479e-02
1.200000000000000e-01 8.579865711886202e-02 6.884277638313514e-02
1.250000000000000e-01 8.981986887992111e-02 6.894632940110194e-02
1.300000000000000e-01 9.389722098291493e-02 6.905635375732362e-02
1.350000000000000e-01 9.803326190563690e-02 6.917316240058977e-02
1.400000000000000e-01 1.022305768083033e-01 6.929708203431374e-02
1.450000000000000e-01 1.064917891493625e-01 6.942845977801165e-02
1.500000000000000e-01 1.108195623252418e-01 6.956767313072357e-02
1.550000000000000e-01 1.152166013350572e-01 6.971512603776642e-02
1.600000000000000e-01 1.196856544713255e-01 6.987124164036652e-02
1.650000000000000e-01 1.242295150377370e-01 7.003646854408166e-02
1.700000000000000e-01 1.288510230950609e-01 7.021129155948953e-02
1.750000000000000e-01 1.335530672362758e-01 7.039623064605148e-02
1.800000000000000e-01 1.383385863920344e-01 7.059183473589677e-02
1.850000000000000e-01 1.432105716675912e-01 7.079868452841424e-02
1.900000000000000e-01 1.481720682123397e-01 7.101740169677609e-02
1.950000000000000e-01 1.532261771231311e-01 7.124865470166897e-02
2.000000000000000e-01 1.583760573825595e-01 7.149315870682769e-02
2.050000000000000e-01 1.636249278334301e-01 7.175167187685264e-02
2.100000000000000e-01 1.689760691906397e-01 7.202499688644567e-02
2.150000000000000e-01 1.744328260917313e-01 7.231399472630767e-02
2.200000000000000e-01 1.799986091874004e-01 7.261959623543929e-02
2.250000000000000e-01 1.856768972732633e-01 7.294279732854635e-02
2.300000000000000e-01 1.914712394642179e-01 7.328465603179121e-02
2.350000000000000e-01 1.973852574127551e-01 7.364630222415762e-02
2.400000000000000e-01 2.034226475726105e-01 7.402894553462769e-02
2.450000000000000e-01 2.095871835091678e-01 7.443388674503400e-02
2.500000000000000e-01 2.158827182580599e-01 7.486253257087666e-02
2.550000000000000e-01 2.223131867334419e-01 7.531639489602021e-02
2.600000000000000e-01 2.288826081874405e-01 7.579709570211889e-02
2.650000000000000e-01 2.355950887223172e-01 7.630637982793485e-02
2.700000000000000e-01 2.424548238569160e-01 7.684611892779081e-02
2.750000000000000e-01 2.494661011489995e-01 7.741833292869567e-02
2.800000000000000e-01 2.566333028751116e-01 7.802520307708639e-02
2.850000000000000e-01 2.639609087696434e-01 7.866908809369226e-02
2.900000000000000e-01 2.714534988248126e-01 7.935254511063274e-02
2.950000000000000e-01 2.791157561533084e-01 8.007834441300873e-02
3.000000000000000e-01 2.869524699153886e-01 8.084949467277136e-02
3.050000000000000e-01 2.949685383122613e-01 8.166926373985287e-02
3.100000000000000e-01 3.031689716476197e-01 8.254120786896715e-02
3.150000000000000e-01 3.115588954592450e-01 8.346920109612198e-02
3.200000000000000e-01 3.201435537226349e-01 8.445747061181536e-02
3.250000000000000e-01 3.289283121286580e-01 8.551063555992022e-02
3.300000000000000e-01 3.379186614372866e-01 8.663375149380283e-02
3.350000000000000e-01 3.471202209094989e-01 8.783236044679020e-02
3.400000000000000e-01 3.565387418195016e-01 8.911254783846581e-02
3.450000000000000e-01 3.661801110494620e-01 9.048100707783116e-02
3.500000000000000e-01 3.760503547690021e-01 9.194511309659673e-02
3.550000000000000e-01 3.861556422017504e-01 9.351300615022677e-02
3.600000000000000e-01 3.965022894813072e-01 9.519368746962380e-02
3.650000000000000e-01 4.070967635990345e-01 9.699712858150203e-02
3.700000000000000e-01 4.179456864461349e-01 9.893439639827643e-02
3.750000000000000e-01 4.290558389525505e-01 1.010177964902033e-01
3.800000000000000e-01 4.404341653252637e-01 1.032610372975929e-01
3.850000000000000e-01 4.520877773886537e-01 1.056794184104584e-01
3.900000000000000e-01 4.640239590296172e-01 1.082900464231493e-01
3.950000000000000e-01 4.762501707502353e-01 1.111120822356021e-01
4.000000000000000e-01 4.887740543308307e-01 1.141670239751501e-01
4.050000000000000e-01 5.016034376063282e-01 1.174790298780036e-01
4.100000000000000e-01 5.147463393589066e-01 1.210752853769545e-01
4.150000000000000e-01 5.282109743299990e-01 1.249864181027943e-01
4.200000000000000e-01 5.420057583547735e-01 1.292469632310398e-01
4.250000000000000e-01 5.561393136223041e-01 1.338958791538440e-01
4.300000000000000e-01 5.706204740647189e-01 1.389771091766141e-01
4.350000000000000e-01 5.854582908786964e-01 1.445401778777981e-01
4.400000000000000e-01 6.006620381827575e-01 1.506407995728486e-01
4.450000000000000e-01 6.162412188138907e-01 1.573414591206987e-01
4.500000000000000e-01 6.322055702671360e-01 1.647118996453458e-01
4.550000000000000e-01 6.485650707818353e-01 1.728294146177732e-01
4.600000000000000e-01 6.653299455783577e-01 1.817787899706010e-01
4.650000000000000e-01 6.825106732491932e-01 1.916516731272418e-01
4.700000000000000e-01 7.001179923084168e-01 2.025450606380534e-01
4.750000000000000e-01 7.181629079036070e-01 2.145585022366210e-01
4.800000000000000e-01 7.366566986944229e-01 2.277895380441074e-01
4.850000000000000e-01 7.556109239021327e-01 2.423268616534608e-01
4.900000000000000e-01 7.750374305345038e-01 2.582408103822388e-01
4.950000000000000e-01 7.949483607905672e-01 2.755711306172564e-01
5.000000000000000e-01 8.153561596498893e-01 2.943126589962625e-01
5.050000000000000e-01 8.362735826510871e-01 3.144006351654668e-01
5.100000000000000e-01 8.577137038644561e-01 3.356986568246048e-01
5.150000000000000e-01 8.796899240636907e-01 3.579933191007088e-01
5.200000000000000e-01 9.022159791018011e-01 3.809995673680462e-01
5.250000000000000e-01 9.253059484964714e-01 4.043790052757901e-01
5.300000000000000e-01 9.489742642302165e-01 4.277698123598223e-01
5.350000000000000e-01 9.732357197708378e-01 4.508227337552668e-01
5.400000000000000e-01 9.981054793178262e-01 4.732349088979209e-01
5.450000000000000e-01 1.023599087280478e+00 4.947737955986494e-01
5.500000000000000e-01 1.049732477993657e+00 5.152870309552471e-01
5.550000000000000e-01 1.076521985677273e+00 5.346988170850440e-01
5.600000000000001e-01 1.103984354645701e+00 5.529969677059643e-01
5.650000000000001e-01 1.132136749773522e+00 5.702158934827015e-01
5.700000000000001e-01 1.160996767224129e+00 5.864198901613872e-01
5.750000000000001e-01 1.190582445447902e+00 6.016892815408438e-01
5.800000000000000e-01 1.220912276456826e+00 6.161102831479419e-01
5.850000000000000e-01 1.252005217382601e+00 6.297683605392772e-01
5.900000000000000e-01 1.283880702325469e+00 6.427443630907141e-01
5.950000000000000e-01 1.316558654501151e+00 6.551126243036820e-01
6.000000000000000e-01 1.350059498693518e+00 6.669403297374636e-01
6.050000000000000e-01 1.384404174020732e+00 6.782876263812159e-01
6.100000000000000e-01 1.419614147022888e+00 6.892081122371837e-01
6.150000000000000e-01 1.455711425079295e+00 6.997494759948296e-01
6.200000000000000e-01 1.492718570163803e+00 7.099541506768613e-01
6.250000000000000e-01 1.530658712946775e+00 7.198599079219581e-01
6.300000000000000e-01 1.569555567252506e+00 7.295003591487796e-01
6.350000000000000e-01 1.609433444881138e+00 7.389053534410480e-01
6.400000000000000e-01 1.650317270804325e+00 7.481012751897865e-01
6.450000000000000e-01 1.692232598744148e+00 7.571112513169377e-01
6.500000000000000e-01 1.735205627145031e+00 7.659552809997681e-01
6.550000000000000e-01 1.779263215548615e+00 7.746503020020750e-01
6.600000000000000e-01 1.824432901381847e+00 7.832102081327419e-01
6.650000000000000e-01 1.870742917168772e+00 7.916458326886510e-01
6.700000000000000e-01 1.918222208176775e+00 7.999649133860145e-01
6.750000000000000e-01 1.966900450508319e+00 8.081720554080339e-01
6.800000000000000e-01 2.016808069649473e+00 8.162687107832439e-01
6.850000000000001e-01 2.067976259486829e+00 8.242531941748944e-01
6.900000000000001e-01 2.120437001804702e+00 8.321207569471478e-01
6.950000000000001e-01 2.174223086274785e+00 8.398637425256185e-01
7.000000000000001e-01 2.229368130950753e+00 8.474718458359407e-01
7.050000000000000e-01 2.285906603280654e+00 8.549324970621808e-01
7.100000000000000e-01 2.343873841650178e+00 8.622313841176265e-01
7.150000000000000e-01 2.403306077470301e+00 8.693531181775976e-01
7.200000000000000e-01 2.464240457823092e+00 8.762820319201451e-01
7.250000000000000e-01 2.526715068679855e+00 8.830030811117568e-01
7.300000000000000e-01 2.590768958706095e+00 8.895027984641454e-01
7.350000000000000e-01 2.656442163668210e+00 8.957702274067519e-01
7.400000000000000e-01 2.723775731457148e+00 9.017977471443366e-01
7.450000000000000e-01 2.792811747744667e+00 9.075816944493892e-01
7.500000000000000e-01 2.863593362288260e+00 9.131226968570085e-01
7.550000000000000e-01 2.936164815901156e+00 9.184256586965399e-01
7.600000000000000e-01 3.010571468104263e+00 9.234993840483134e-01
7.650000000000000e-01 3.086859825477351e+00 9.283558727245480e-01
7.700000000000000e-01 3.165077570727174e+00 9.330093761539832e-01
7.750000000000000e-01 3.245273592490716e+00 9.374753375455791e-01
7.800000000000000e-01 3.327498015892184e+00 9.417693551032217e-01
7.850000000000000e-01 3.411802233872832e+00 9.459062942545258e-01
7.900000000000000e-01 3.498238939313234e+00 9.498996381787765e-01
7.950000000000000e-01 3.586862157968046e+00 9.537611152681633e-01
8.000000000000000e-01 3.677727282233856e+00 9.575005907261608e-01
8.050000000000000e-01 3.770891105771243e+00 9.611261694419305e-01
8.100000000000001e-01 3.866411859002656e+00 9.646444359983352e-01
8.150000000000001e-01 3.964349245508326e+00 9.680607562291550e-01
8.200000000000001e-01 4.064764479342956e+00 9.713795786273354e-01
8.250000000000001e-01 4.167720323296481e+00 9.746046956029059e-01
8.300000000000001e-01 4.273281128122877e+00 9.777394466036703e-01
8.350000000000000e-01 4.381512872761445e+00 9.807868622371156e-01
8.400000000000000e-01 4.492483205575838e+00 9.837497586895543e-01
8.450000000000000e-01 4.606261486636447e+00 9.866307954969047e-01
8.500000000000000e-01 4.722918831072739e+00 9.894325090997098e-01
8.550000000000000e-01 4.842528153522501e+00 9.921573318694773e-01
8.600000000000000e-01 4.965164213705875e+00 9.948076031415960e-01
8.650000000000000e-01 5.090903663152626e+00 9.973855761678162e-01
8.700000000000000e-01 5.219825093111814e+00 9.998934230954648e-01
8.750000000000000e-01 5.352009083673925e+00 1.002333239003309e+00
8.800000000000000e-01 5.487538254136007e+00 1.004707045455474e+00
8.850000000000000e-01 5.626497314641444e+00 1.007016793766295e+00
8.900000000000000e-01 5.768973119126561e+00 1.009264368054484e+00
8.950000000000000e-01 5.915054719607133e+00 1.011451588120605e+00
9.000000000000000e-01 6.064833421838831e+00 1.013580212165771e+00
9.050000000000000e-01 6.218402842386253e+00 1.015651939363923e+00
9.100000000000000e-01 6.375858967136348e+00 1.017668412297806e+00
9.150000000000000e-01 6.537300211292723e+00 1.019631219267698e+00
9.200000000000000e-01 6.702827480888332e+00 1.021541896481135e+00
9.250000000000000e-01 6.872544235855034e+00 1.023401930131254e+00
9.300000000000000e-01 7.046556554689444e+00 1.025212758370762e+00
9.350000000000001e-01 7.224973200755413e+00 1.026975773188038e+00
9.400000000000001e-01 7.407905690264673e+00 1.028692322191386e+00
9.450000000000001e-01 7.595468361978146e+00 1.030363710306999e+00
9.500000000000001e-01 7.787778448671316e+00 1.031991201395819e+00
9.550000000000001e-01 7.984956150408610e+00 1.033576019794080e+00
9.600000000000000e-01 8.187124709672272e+00 1.035119351782003e+00
9.650000000000000e-01 8.394410488393007e+00 1.036622346984794e+00
9.700000000000000e-01 8.606943046930221e+00 1.038086119709798e+00
9.750000000000000e-01 8.824855225051540e+00 1.039511750223413e+00
9.800000000000000e-01 9.048283224961922e+00 1.040900285971126e+00
9.850000000000000e-01 9.277366696434507e+00 1.042252742743786e+00
9.900000000000000e-01 9.512248824096272e+00 1.043570105793068e+00
9.950000000000000e-01 9.753076416923058e+00 1.044853330898821e+00
1.000000000000000e+00 1.000000000000000e+01 1.046103345390904e+00
