0.000000000000000e+00 0.000000000000000e+00 9.036246941223827e-02
5.000000000000000e-03 3.369477419287315e-03 9.036458471620670e-02
1.000000000000000e-02 6.741060871647481e-03 9.037021812702979e-02
1.500000000000000e-02 1.011685770649257e-02 9.037960188223386e-02
2.000000000000000e-02 1.349897790673588e-02 9.039277535851535e-02
2.500000000000000e-02 1.688953540759990e-02 9.040977997822874e-02
3.000000000000000e-02 2.029064941789469e-02 9.043065276843407e-02
3.500000000000000e-02 2.370444574459234e-02 9.045544602854876e-02
4.000000000000000e-02 2.713305812152553e-02 9.048423052730191e-02
4.500000000000000e-02 3.057862954304063e-02 9.051708375658417e-02
5.000000000000000e-02 3.404331360343898e-02 9.055408833653381e-02
5.500000000000000e-02 3.752927584304335e-02 9.059534170819539e-02
6.000000000000000e-02 4.103869510173117e-02 9.064095754420408e-02
6.500000000000000e-02 4.457376488078044e-02 9.069105706416447e-02
7.000000000000001e-02 4.813669471387935e-02 9.074576957418669e-02
7.500000000000000e-02 5.172971154815675e-02 9.080524158987145e-02
8.000000000000000e-02 5.535506113609672e-02 9.086963602735455e-02
8.500000000000001e-02 5.901500943920686e-02 9.093912417829997e-02
9.000000000000000e-02 6.271184404431801e-02 9.101388876265414e-02
9.500000000000000e-02 6.644787559340060e-02 9.109413255254779e-02
1.000000000000000e-01 7.022543922779090e-02 9.118007569821500e-02
1.050000000000000e-01 7.404689604773053e-02 9.127194873846599e-02
1.100000000000000e-01 7.791463458813094e-02 9.136999737813851e-02
1.150000000000000e-01 8.183107231148547e-02 9.147449068677191e-02
1.200000000000000e-01 8.579865711886202e-02 9.158571783647187e-02
1.250000000000000e-01 8.981986887992111e-02 9.170398157146395e-02
1.300000000000000e-01 9.389722098291493e-02 9.182960322843757e-02
1.350000000000000e-01 9.803326190563690e-02 9.196293178427760e-02
1.400000000000000e-01 1.022305768083033e-01 9.210434201894080e-02
1.450000000000000e-01 1.064917891493625e-01 9.225422691534127e-02
1.500000000000000e-01 1.108195623252418e-01 9.241300057966674e-02
1.550000000000000e-01 1.152166013350572e-01 9.258110994268666e-02
1.600000000000000e-01 1.196856544713255e-01 9.275903747139709e-02
1.650000000000000e-01 1.242295150377370e-01 9.294729140005258e-02
1.700000000000000e-01 1.288510230950609e-01 9.314640336801097e-02
1.750000000000000e-01 1.335530672362758e-01 9.335694274658794e-02
1.800000000000000e-01 1.383385863920344e-01 9.357952669843748e-02
1.850000000000000e-01 1.432105716675912e-01 9.381481130453861e-02
1.900000000000000e-01 1.481720682123397e-01 9.406348439389610e-02
1.950000000000000e-01 1.532261771231311e-01 9.432627596632571e-02
2.000000000000000e-01 1.583760573825595e-01 9.460396959811157e-02
2.050000000000000e-01 1.636249278334301e-01 9.489740512344295e-02
2.100000000000000e-01 1.689760691906397e-01 9.520748074625880e-02
2.150000000000000e-01 1.744328260917313e-01 9.553514979364736e-02
2.200000000000000e-01 1.799986091874004e-01 9.588141805856179e-02
2.250000000000000e-01 1.856768972732633e-01 9.624735980419412e-02
2.300000000000000e-01 1.914712394642179e-01 9.663413153996918e-02
2.350000000000000e-01 1.973852574127551e-01 9.704297176822113e-02
2.400000000000000e-01 2.034226475726105e-01 9.747520961590343e-02
2.450000000000000e-01 2.095871835091678e-01 9.793226558251435e-02
2.500000000000000e-01 2.158827182580599e-01 9.841565012052293e-02
2.550000000000000e-01 2.223131867334419e-01 9.892698166267118e-02
2.600000000000000e-01 2.288826081874405e-01 9.946799009854436e-02
2.650000000000000e-01 2.355950887223172e-01 1.000405330100470e-01
2.700000000000000e-01 2.424548238569160e-01 1.006466087773374e-01
2.750000000000000e-01 2.494661011489995e-01 1.012883649892160e-01
2.800000000000000e-01 2.566333028751116e-01 1.019681164147391e-01
2.850000000000000e-01 2.639609087696434e-01 1.026883542991527e-01
2.900000000000000e-01 2.714534988248126e-01 1.034517658628975e-01
2.950000000000000e-01 2.791157561533084e-01 1.042612495269463e-01
3.000000000000000e-01 2.869524699153886e-01 1.051199363418205e-01
3.050000000000000e-01 2.949685383122613e-01 1.060312113745020e-01
3.100000000000000e-01 3.031689716476197e-01 1.069987389165492e-01
3.150000000000000e-01 3.115588954592450e-01 1.080264898952331e-01
3.200000000000000e-01 3.201435537226349e-01 1.091187727470353e-01
3.250000000000000e-01 3.289283121286580e-01 1.102802677411980e-01
3.300000000000000e-01 3.379186614372866e-01 1.115160653862295e-01
3.350000000000000e-01 3.471202209094989e-01 1.128317093715017e-01
3.400000000000000e-01 3.565387418195016e-01 1.142332446587675e-01
3.450000000000000e-01 3.661801110494620e-01 1.157272713793943e-01
3.500000000000000e-01 3.760503547690021e-01 1.173210052892040e-01
3.550000000000000e-01 3.861556422017504e-01 1.190223456211074e-01
3.600000000000000e-01 3.965022894813072e-01 1.208399512769714e-01
3.650000000000000e-01 4.070967635990345e-01 1.227833264059967e-01
3.700000000000000e-01 4.179456864461349e-01 1.248629165266926e-01
3.750000000000000e-01 4.290558389525505e-01 1.270902164580043e-01
3.800000000000000e-01 4.404341653252637e-01 1.294778914249508e-01
3.850000000000000e-01 4.520877773886537e-01 1.320399127835677e-01
3.900000000000000e-01 4.640239590296172e-01 1.347917098514007e-01
3.950000000000000e-01 4.762501707502353e-01 1.377503393070757e-01
4.000000000000000e-01 4.887740543308307e-01 1.409346734972612e-01
4.050000000000000e-01 5.016034376063282e-01 1.443656087062477e-01
4.100000000000000e-01 5.147463393589066e-01 1.480662939232390e-01
4.150000000000000e-01 5.282109743299990e-01 1.520623797734108e-01
4.200000000000000e-01 5.420057583547735e-01 1.563822859046342e-01
4.250000000000000e-01 5.561393136223041e-01 1.610574830272646e-01
4.300000000000000e-01 5.706204740647189e-01 1.661227826980267e-01
4.350000000000000e-01 5.854582908786964e-01 1.716166234341707e-01
4.400000000000000e-01 6.006620381827575e-01 1.775813353428931e-01
4.450000000000000e-01 6.162412188138907e-01 1.840633565388324e-01
4.500000000000000e-01 6.322055702671360e-01 1.911133624887369e-01
4.550000000000000e-01 6.485650707818353e-01 1.987862533364992e-01
4.600000000000000e-01 6.653299455783577e-01 2.071409236501229e-01
4.650000000000000e-01 6.825106732491932e-01 2.162397138285334e-01
4.700000000000000e-01 7.001179923084168e-01 2.261474136701218e-01
4.750000000000000e-01 7.181629079036070e-01 2.369296595134477e-01
4.800000000000000e-01 7.366566986944229e-01 2.486505436258887e-01
4.850000000000000e-01 7.556109239021327e-01 2.613692501028507e-01
4.900000000000000e-01 7.750374305345038e-01 2.751355641271740e-01
4.950000000000000e-01 7.949483607905672e-01 2.899841963012781e-01
5.000000000000000e-01 8.153561596498893e-01 3.059280487137678e-01
5.050000000000000e-01 8.362735826510871e-01 3.229508436566537e-01
5.100000000000000e-01 8.577137038644561e-01 3.409999297722253e-01
5.150000000000000e-01 8.796899240636907e-01 3.599805085854483e-01
5.200000000000000e-01 9.022159791018011e-01 3.797528461403620e-01
5.250000000000000e-01 9.253059484964714e-01 4.001340460339724e-01
5.300000000000000e-01 9.489742642302165e-01 4.209054658815529e-01
5.350000000000000e-01 9.732357197708378e-01 4.418258001879296e-01
5.400000000000000e-01 9.981054793178262e-01 4.626484314886588e-01
5.450000000000000e-01 1.023599087280478e+00 4.831403432239093e-01
5.500000000000000e-01 1.049732477993657e+00 5.030992558522414e-01
5.550000000000000e-01 1.076521985677273e+00 5.223660315978996e-01
5.600000000000001e-01 1.103984354645701e+00 5.408306753036605e-01
5.650000000000001e-01 1.132136749773522e+00 5.584319080250194e-01
5.700000000000001e-01 1.160996767224129e+00 5.751516670310781e-01
5.750000000000001e-01 1.190582445447902e+00 5.910065827578426e-01
5.800000000000000e-01 1.220912276456826e+00 6.060384653713621e-01
5.850000000000000e-01 1.252005217382601e+00 6.203053428784555e-01
5.900000000000000e-01 1.283880702325469e+00 6.338739450722006e-01
5.950000000000000e-01 1.316558654501151e+00 6.468139574044650e-01
6.000000000000000e-01 1.350059498693518e+00 6.591939801761262e-01
6.050000000000000e-01 1.384404174020732e+00 6.710789238287891e-01
6.100000000000000e-01 1.419614147022888e+00 6.825285040321166e-01
6.150000000000000e-01 1.455711425079295e+00 6.935965154461184e-01
6.200000000000000e-01 1.492718570163803e+00 7.043306165145425e-01
6.250000000000000e-01 1.530658712946775e+00 7.147724213716159e-01
6.300000000000000e-01 1.569555567252506e+00 7.249577541874737e-01
6.350000000000000e-01 1.609433444881138e+00 7.349169701098375e-01
6.400000000000000e-01 1.650317270804325e+00 7.446752843691690e-01
6.450000000000000e-01 1.692232598744148e+00 7.542530783809949e-01
6.500000000000000e-01 1.735205627145031e+00 7.636661708564819e-01
6.550000000000000e-01 1.779263215548615e+00 7.729260550837225e-01
6.600000000000000e-01 1.824432901381847e+00 7.820401124095853e-01
6.650000000000000e-01 1.870742917168772e+00 7.910118178472146e-01
6.700000000000000e-01 1.918222208176775e+00 7.998409575281640e-01
6.750000000000000e-01 1.966900450508319e+00 8.085238798669147e-01
6.800000000000000e-01 2.016808069649473e+00 8.170538028923320e-01
6.850000000000001e-01 2.067976259486829e+00 8.254211989923271e-01
6.900000000000001e-01 2.120437001804702e+00 8.336142748502108e-01
6.950000000000001e-01 2.174223086274785e+00 8.416195580589502e-01
7.000000000000001e-01 2.229368130950753e+00 8.494225923095645e-01
7.050000000000000e-01 2.285906603280654e+00 8.570087300370164e-01
7.100000000000000e-01 2.343873841650178e+00 8.643639954897763e-01
7.150000000000000e-01 2.403306077470301e+00 8.714759738011204e-01
7.200000000000000e-01 2.464240457823092e+00 8.783346652671786e-01
7.250000000000000e-01 2.526715068679855e+00 8.849332320861047e-01
7.300000000000000e-01 2.590768958706095e+00 8.912685610970786e-01
7.350000000000000e-01 2.656442163668210e+00 8.973415738725367e-01
7.400000000000000e-01 2.723775731457148e+00 9.031572364607702e-01
7.450000000000000e-01 2.792811747744667e+00 9.087242539617099e-01
7.500000000000000e-01 2.863593362288260e+00 9.140544754497271e-01
7.550000000000000e-01 2.936164815901156e+00 9.191620751889281e-01
7.600000000000000e-01 3.010571468104263e+00 9.240626079990896e-01
7.650000000000000e-01 3.086859825477351e+00 9.287720524828411e-01
7.700000000000000e-01 3.165077570727174e+00 9.333059515312829e-01
7.750000000000000e-01 3.245273592490716e+00 9.376787359455950e-01
7.800000000000000e-01 3.327498015892184e+00 9.419032798952772e-01
7.850000000000000e-01 3.411802233872832e+00 9.459906952401537e-01
7.900000000000000e-01 3.498238939313234e+00 9.499503349310306e-01
7.950000000000000e-01 3.586862157968046e+00 9.537899509774949e-01
8.000000000000000e-01 3.677727282233856e+00 9.575159429807295e-01
8.050000000000000e-01 3.770891105771243e+00 9.611336377699331e-01
8.100000000000001e-01 3.866411859002656e+00 9.646475548185292e-01
8.150000000000001e-01 3.964349245508326e+00 9.680616301253990e-01
8.200000000000001e-01 4.064764479342956e+00 9.713793880389879e-01
8.250000000000001e-01 4.167720323296481e+00 9.746040628793660e-01
8.300000000000001e-01 4.273281128122877e+00 9.777386791729298e-01
8.350000000000000e-01 4.381512872761445e+00 9.807861015734579e-01
8.400000000000000e-01 4.492483205575838e+00 9.837490646872408e-01
8.450000000000000e-01 4.606261486636447e+00 9.866301907034293e-01
8.500000000000000e-01 4.722918831072739e+00 9.894320001852155e-01
8.550000000000000e-01 4.842528153522501e+00 9.921569192704689e-01
8.600000000000000e-01 4.965164213705875e+00 9.948072850659377e-01
8.650000000000000e-01 5.090903663152626e+00 9.973853501298757e-01
8.700000000000000e-01 5.219825093111814e+00 9.998932864573619e-01
8.750000000000000e-01 5.352009083673925e+00 1.002333189148903e+00
8.800000000000000e-01 5.487538254136007e+00 1.004707079839888e+00
8.850000000000000e-01 5.626497314641444e+00 1.007016909926845e+00
8.900000000000000e-01 5.768973119126561e+00 1.009264563610764e+00
8.950000000000000e-01 5.915054719607133e+00 1.011451860771871e+00
9.000000000000000e-01 6.064833421838831e+00 1.013580559687832e+00
9.050000000000000e-01 6.218402842386253e+00 1.015652359606044e+00
9.100000000000000e-01 6.375858967136348e+00 1.017668903179753e+00
9.150000000000000e-01 6.537300211292723e+00 1.019631778776921e+00
9.200000000000000e-01 6.702827480888332e+00 1.021542522670098e+00
9.250000000000000e-01 6.872544235855034e+00 1.023402621114892e+00
9.300000000000000e-01 7.046556554689444e+00 1.025213512324067e+00
9.350000000000001e-01 7.224973200755413e+00 1.026976588343764e+00
9.400000000000001e-01 7.407905690264673e+00 1.028693196837858e+00
9.450000000000001e-01 7.595468361978146e+00 1.030364642786027e+00
9.500000000000001e-01 7.787778448671316e+00 1.031992190100715e+00
9.550000000000001e-01 7.984956150408610e+00 1.033577063167758e+00
9.600000000000000e-01 8.187124709672272e+00 1.035120448315175e+00
9.650000000000000e-01 8.394410488393007e+00 1.036623495214240e+00
9.700000000000000e-01 8.606943046930221e+00 1.038087318216716e+00
9.750000000000000e-01 8.824855225051540e+00 1.039512997631842e+00
9.800000000000000e-01 9.048283224961922e+00 1.040901580946435e+00
9.850000000000000e-01 9.277366696434507e+00 1.042254083991237e+00
9.900000000000000e-01 9.512248824096272e+00 1.043571492056425e+00
9.950000000000000e-01 9.753076416923058e+00 1.044854760959034e+00
1.000000000000000e+00 1.000000000000000e+01 1.046104818064838e+00
