0.000000000000000e+00 0.000000000000000e+00 1.760369588634107e-04
5.000000000000000e-03 3.369477419287315e-03 1.760440114924922e-04
1.000000000000000e-02 6.741060871647481e-03 1.760628109617296e-04
1.500000000000000e-02 1.011685770649257e-02 1.760941589151596e-04
2.000000000000000e-02 1.349897790673588e-02 1.761381704255213e-04
2.500000000000000e-02 1.688953540759990e-02 1.761949742738512e-04
3.000000000000000e-02 2.029064941789469e-02 1.762647181495069e-04
3.500000000000000e-02 2.370444574459234e-02 1.763475964729871e-04
4.000000000000000e-02 2.713305812152553e-02 1.764438375089437e-04
4.500000000000000e-02 3.057862954304063e-02 1.765537067414089e-04
5.000000000000000e-02 3.404331360343898e-02 1.766775175218927e-04
5.500000000000000e-02 3.752927584304335e-02 1.768156143202833e-04
6.000000000000000e-02 4.103869510173117e-02 1.769683758317677e-04
6.500000000000000e-02 4.457376488078044e-02 1.771362360952443e-04
7.000000000000001e-02 4.813669471387935e-02 1.773196726625919e-04
7.500000000000000e-02 5.172971154815675e-02 1.775191948488727e-04
8.000000000000000e-02 5.535506113609672e-02 1.777353691272520e-04
8.500000000000001e-02 5.901500943920686e-02 1.779688217622007e-04
9.000000000000000e-02 6.271184404431801e-02 1.782202138747784e-04
9.500000000000000e-02 6.644787559340060e-02 1.784902575595608e-04
1.000000000000000e-01 7.022543922779090e-02 1.787797441833992e-04
1.050000000000000e-01 7.404689604773053e-02 1.790895213742496e-04
1.100000000000000e-01 7.791463458813094e-02 1.794204792816810e-04
1.150000000000000e-01 8.183107231148547e-02 1.797735872605784e-04
1.200000000000000e-01 8.579865711886202e-02 1.801499037062442e-04
1.250000000000000e-01 8.981986887992111e-02 1.805505463496401e-04
1.300000000000000e-01 9.389722098291493e-02 1.809767042499828e-04
1.350000000000000e-01 9.803326190563690e-02 1.814296721514823e-04
1.400000000000000e-01 1.022305768083033e-01 1.819108380999558e-04
1.450000000000000e-01 1.064917891493625e-01 1.824216691077145e-04
1.500000000000000e-01 1.108195623252418e-01 1.829637449683474e-04
1.550000000000000e-01 1.152166013350572e-01 1.835387760093630e-04
1.600000000000000e-01 1.196856544713255e-01 1.841485793427175e-04
1.650000000000000e-01 1.242295150377370e-01 1.847950874137196e-04
1.700000000000000e-01 1.288510230950609e-01 1.854803930808132e-04
1.750000000000000e-01 1.335530672362758e-01 1.862067528812544e-04
1.800000000000000e-01 1.383385863920344e-01 1.869765630654355e-04
1.850000000000000e-01 1.432105716675912e-01 1.877923860833370e-04
1.900000000000000e-01 1.481720682123397e-01 1.886570021030250e-04
1.950000000000000e-01 1.532261771231311e-01 1.895734091399452e-04
2.000000000000000e-01 1.583760573825595e-01 1.905448040339880e-04
2.050000000000000e-01 1.636249278334301e-01 1.915746182113182e-04
2.100000000000000e-01 1.689760691906397e-01 1.926665773374045e-04
2.150000000000000e-01 1.744328260917313e-01 1.938247137648445e-04
2.200000000000000e-01 1.799986091874004e-01 1.950533579099732e-04
2.250000000000000e-01 1.856768972732633e-01 1.963571734385725e-04
2.300000000000000e-01 1.914712394642179e-01 1.977412232229992e-04
2.350000000000000e-01 1.973852574127551e-01 1.992110154502094e-04
2.400000000000000e-01 2.034226475726105e-01 2.007725273507649e-04
2.450000000000000e-01 2.095871835091678e-01 2.024322317335158e-04
2.500000000000000e-01 2.158827182580599e-01 2.041971520602036e-04
2.550000000000000e-01 2.223131867334419e-01 2.060749602876611e-04
2.600000000000000e-01 2.288826081874405e-01 2.080740717209107e-04
2.650000000000000e-01 2.355950887223172e-01 2.102036885139515e-04
2.700000000000000e-01 2.424548238569160e-01 2.124738576430896e-04
2.750000000000000e-01 2.494661011489995e-01 2.148955971697057e-04
2.800000000000000e-01 2.566333028751116e-01 2.174810317234561e-04
2.850000000000000e-01 2.639609087696434e-01 2.202435440692385e-04
2.900000000000000e-01 2.714534988248126e-01 2.231979616382825e-04
2.950000000000000e-01 2.791157561533084e-01 2.263607108950924e-04
3.000000000000000e-01 2.869524699153886e-01 2.297500145611271e-04
3.050000000000000e-01 2.949685383122613e-01 2.333861610529324e-04
3.100000000000000e-01 3.031689716476197e-01 2.372917775162967e-04
3.150000000000000e-01 3.115588954592450e-01 2.414922154385696e-04
3.200000000000000e-01 3.201435537226349e-01 2.460159685940302e-04
3.250000000000000e-01 3.289283121286580e-01 2.508951713425211e-04
3.300000000000000e-01 3.379186614372866e-01 2.561662100428176e-04
3.350000000000000e-01 3.471202209094989e-01 2.618704224645371e-04
3.400000000000000e-01 3.565387418195016e-01 2.680549803683442e-04
3.450000000000000e-01 3.661801110494620e-01 2.747739338450993e-04
3.500000000000000e-01 3.760503547690021e-01 2.820895159988525e-04
3.550000000000000e-01 3.861556422017504e-01 2.900737393943314e-04
3.600000000000000e-01 3.965022894813072e-01 2.988103924973780e-04
3.650000000000000e-01 4.070967635990345e-01 3.083975398375626e-04
3.700000000000000e-01 4.179456864461349e-01 3.189506903254936e-04
3.750000000000000e-01 4.290558389525505e-01 3.306068467809619e-04
3.800000000000000e-01 4.404341653252637e-01 3.435297392604244e-04
3.850000000000000e-01 4.520877773886537e-01 3.579166660676844e-04
3.900000000000000e-01 4.640239590296172e-01 3.740075512630220e-04
3.950000000000000e-01 4.762501707502353e-01 3.920971059414284e-04
4.000000000000000e-01 4.887740543308307e-01 4.125514125207895e-04
4.050000000000000e-01 5.016034376063282e-01 4.358309354309619e-04
4.100000000000000e-01 5.147463393589066e-01 4.625230741078548e-04
4.150000000000000e-01 5.282109743299990e-01 4.933892361470987e-04
4.200000000000000e-01 5.420057583547735e-01 5.294346285610475e-04
4.250000000000000e-01 5.561393136223041e-01 5.720147460871043e-04
4.300000000000000e-01 5.706204740647189e-01 6.230033715736371e-04
4.350000000000000e-01 5.854582908786964e-01 6.850682644079762e-04
4.400000000000000e-01 6.006620381827575e-01 7.621454129109970e-04
4.450000000000000e-01 6.162412188138907e-01 8.603032614075019e-04
4.500000000000000e-01 6.322055702671360e-01 9.894355197182160e-04
4.550000000000000e-01 6.485650707818353e-01 1.166902118490018e-03
4.600000000000000e-01 6.653299455783577e-01 1.426419508772138e-03
4.650000000000000e-01 6.825106732491932e-01 1.844150181729530e-03
4.700000000000000e-01 7.001179923084168e-01 2.641460842783916e-03
4.750000000000000e-01 7.181629079036070e-01 4.870155130185686e-03
4.800000000000000e-01 7.366566986944229e-01 1.959761997106628e-02
4.850000000000000e-01 7.556109239021327e-01 1.033603956737430e-01
4.900000000000000e-01 7.750374305345038e-01 1.983604624545274e-01
4.950000000000000e-01 7.949483607905672e-01 2.588924352371137e-01
5.000000000000000e-01 8.153561596498893e-01 3.062753955537488e-01
5.050000000000000e-01 8.362735826510871e-01 3.458505517206321e-01
5.100000000000000e-01 8.577137038644561e-01 3.804542073233731e-01
5.150000000000000e-01 8.796899240636907e-01 4.113064704065008e-01
5.200000000000000e-01 9.022159791018011e-01 4.392879721954673e-01
5.250000000000000e-01 9.253059484964714e-01 4.649256696106580e-01
5.300000000000000e-01 9.489742642302165e-01 4.886189923724006e-01
5.350000000000000e-01 9.732357197708378e-01 5.106554062822372e-01
5.400000000000000e-01 9.981054793178262e-01 5.312575150770610e-01
5.450000000000000e-01 1.023599087280478e+00 5.506014694851490e-01
5.500000000000000e-01 1.049732477993657e+00 5.688289378386133e-01
5.550000000000000e-01 1.076521985677273e+00 5.860560826701092e-01
5.600000000000001e-01 1.103984354645701e+00 6.023811865700248e-01
5.650000000000001e-01 1.132136749773522e+00 6.178854665205123e-01
5.700000000000001e-01 1.160996767224129e+00 6.326408024994924e-01
5.750000000000001e-01 1.190582445447902e+00 6.467070966655041e-01
5.800000000000000e-01 1.220912276456826e+00 6.601385591154810e-01
5.850000000000000e-01 1.252005217382601e+00 6.729815478057960e-01
5.900000000000000e-01 1.283880702325469e+00 6.852777708264591e-01
5.950000000000000e-01 1.316558654501151e+00 6.970644771027674e-01
6.000000000000000e-01 1.350059498693518e+00 7.083743846363050e-01
6.050000000000000e-01 1.384404174020732e+00 7.192381222657727e-01
6.100000000000000e-01 1.419614147022888e+00 7.296820162900819e-01
6.150000000000000e-01 1.455711425079295e+00 7.397315048792795e-01
6.200000000000000e-01 1.492718570163803e+00 7.494084357041954e-01
6.250000000000000e-01 1.530658712946775e+00 7.587340094075473e-01
6.300000000000000e-01 1.569555567252506e+00 7.677268793122258e-01
6.350000000000000e-01 1.609433444881138e+00 7.764048143115978e-01
6.400000000000000e-01 1.650317270804325e+00 7.847840187511432e-01
6.450000000000000e-01 1.692232598744148e+00 7.928795901071011e-01
6.500000000000000e-01 1.735205627145031e+00 8.007056832168131e-01
6.550000000000000e-01 1.779263215548615e+00 8.082753835118278e-01
6.600000000000000e-01 1.824432901381847e+00 8.156010737097162e-01
6.650000000000000e-01 1.870742917168772e+00 8.226942980266649e-01
6.700000000000000e-01 1.918222208176775e+00 8.295659516440846e-01
6.750000000000000e-01 1.966900450508319e+00 8.362263189761421e-01
6.800000000000000e-01 2.016808069649473e+00 8.426850937411942e-01
6.850000000000001e-01 2.067976259486829e+00 8.489514823207804e-01
6.900000000000001e-01 2.120437001804702e+00 8.550342043762724e-01
6.950000000000001e-01 2.174223086274785e+00 8.609415476756133e-01
7.000000000000001e-01 2.229368130950753e+00 8.666814086360486e-01
7.050000000000000e-01 2.285906603280654e+00 8.722612998563279e-01
7.100000000000000e-01 2.343873841650178e+00 8.776883981057102e-01
7.150000000000000e-01 2.403306077470301e+00 8.829695464833726e-01
7.200000000000000e-01 2.464240457823092e+00 8.881112807657380e-01
7.250000000000000e-01 2.526715068679855e+00 8.931198381111769e-01
7.300000000000000e-01 2.590768958706095e+00 8.980011640932227e-01
7.350000000000000e-01 2.656442163668210e+00 9.027609180711650e-01
7.400000000000000e-01 2.723775731457148e+00 9.074044696222799e-01
7.450000000000000e-01 2.792811747744667e+00 9.119368931455587e-01
7.500000000000000e-01 2.863593362288260e+00 9.163629550768939e-01
7.550000000000000e-01 2.936164815901156e+00 9.206870959877105e-01
7.600000000000000e-01 3.010571468104263e+00 9.249134062588623e-01
7.650000000000000e-01 3.086859825477351e+00 9.290455951239777e-01
7.700000000000000e-01 3.165077570727174e+00 9.330869531293285e-01
7.750000000000000e-01 3.245273592490716e+00 9.370403079926206e-01
7.800000000000000e-01 3.327498015892184e+00 9.409079745855513e-01
7.850000000000000e-01 3.411802233872832e+00 9.446917002904079e-01
7.900000000000000e-01 3.498238939313234e+00 9.483926080873646e-01
7.950000000000000e-01 3.586862157968046e+00 9.520111411877680e-01
8.000000000000000e-01 3.677727282233856e+00 9.555470149891557e-01
8.050000000000000e-01 3.770891105771243e+00 9.589991848259913e-01
8.100000000000001e-01 3.866411859002656e+00 9.623658415784428e-01
8.150000000000001e-01 3.964349245508326e+00 9.656444514292564e-01
8.200000000000001e-01 4.064764479342956e+00 9.688318607568518e-01
8.250000000000001e-01 4.167720323296481e+00 9.719244922423921e-01
8.300000000000001e-01 4.273281128122877e+00 9.749186622748649e-01
8.350000000000000e-01 4.381512872761445e+00 9.778110496524233e-01
8.400000000000000e-01 4.492483205575838e+00 9.805993385983931e-01
8.450000000000000e-01 4.606261486636447e+00 9.832830414130815e-01
8.500000000000000e-01 4.722918831072739e+00 9.858644702733863e-01
8.550000000000000e-01 4.842528153522501e+00 9.883497689342139e-01
8.600000000000000e-01 4.965164213705875e+00 9.907498421069557e-01
8.650000000000000e-01 5.090903663152626e+00 9.930809527117243e-01
8.700000000000000e-01 5.219825093111814e+00 9.953647133836302e-01
8.750000000000000e-01 5.352009083673925e+00 9.976272009416794e-01
8.800000000000000e-01 5.487538254136007e+00 9.998970070328720e-01
8.850000000000000e-01 5.626497314641444e+00 1.002202217541953e+00
8.900000000000000e-01 5.768973119126561e+00 1.004566522295905e+00
8.950000000000000e-01 5.915054719607133e+00 1.007004807008466e+00
9.000000000000000e-01 6.064833421838831e+00 1.009518729906952e+00
9.050000000000000e-01 6.218402842386253e+00 1.012093162398398e+00
9.100000000000000e-01 6.375858967136348e+00 1.014695022791416e+00
9.150000000000000e-01 6.537300211292723e+00 1.017276391698896e+00
9.200000000000000e-01 6.702827480888332e+00 1.019782883562017e+00
9.250000000000000e-01 6.872544235855034e+00 1.022165731228162e+00
9.300000000000000e-01 7.046556554689444e+00 1.024393256805636e+00
9.350000000000001e-01 7.224973200755413e+00 1.026456742202034e+00
9.400000000000001e-01 7.407905690264673e+00 1.028368331030570e+00
9.450000000000001e-01 7.595468361978146e+00 1.030152837682902e+00
9.500000000000001e-01 7.787778448671316e+00 1.031838066661902e+00
9.550000000000001e-01 7.984956150408610e+00 1.033447778589028e+00
9.600000000000000e-01 8.187124709672272e+00 1.034998840194589e+00
9.650000000000000e-01 8.394410488393007e+00 1.036501656417131e+00
9.700000000000000e-01 8.606943046930221e+00 1.037962059854223e+00
9.750000000000000e-01 8.824855225051540e+00 1.039383230633759e+00
9.800000000000000e-01 9.048283224961922e+00 1.040767037087013e+00
9.850000000000000e-01 9.277366696434507e+00 1.042114777375723e+00
9.900000000000000e-01 9.512248824096272e+00 1.043427521105766e+00
9.950000000000000e-01 9.753076416923058e+00 1.044706244625055e+00
1.000000000000000e+00 1.000000000000000e+01 1.045951877503363e+00
