0.000000000000000e+00 0.000000000000000e+00 6.645439947397268e-02
5.000000000000000e-03 3.369477419287315e-03 6.645622740071074e-02
1.000000000000000e-02 6.741060871647481e-03 6.646109398640250e-02
1.500000000000000e-02 1.011685770649257e-02 6.646919800206433e-02
2.000000000000000e-02 1.349897790673588e-02 6.648057547209638e-02
2.500000000000000e-02 1.688953540759990e-02 6.649526293965190e-02
3.000000000000000e-02 2.029064941789469e-02 6.651329187066747e-02
3.500000000000000e-02 2.370444574459234e-02 6.653470796389027e-02
4.000000000000000e-02 2.713305812152553e-02 6.655957318303649e-02
4.500000000000000e-02 3.057862954304063e-02 6.658795470957980e-02
5.000000000000000e-02 3.404331360343898e-02 6.661992472896769e-02
5.500000000000000e-02 3.752927584304335e-02 6.665556888702287e-02
6.000000000000000e-02 4.103869510173117e-02 6.669498590686154e-02
6.500000000000000e-02 4.457376488078044e-02 6.673828077949347e-02
7.000000000000001e-02 4.813669471387935e-02 6.678556737339467e-02
7.500000000000000e-02 5.172971154815675e-02 6.683697477069171e-02
8.000000000000000e-02 5.535506113609672e-02 6.689264395166813e-02
8.500000000000001e-02 5.901500943920686e-02 6.695272350133320e-02
9.000000000000000e-02 6.271184404431801e-02 6.701737535222671e-02
9.500000000000000e-02 6.644787559340060e-02 6.708677843152480e-02
1.000000000000000e-01 7.022543922779090e-02 6.716112293545497e-02
1.050000000000000e-01 7.404689604773053e-02 6.724060946478967e-02
1.100000000000000e-01 7.791463458813094e-02 6.732545696194953e-02
1.150000000000000e-01 8.183107231148547e-02 6.741590333468551e-02
1.200000000000000e-01 8.579865711886202e-02 6.751219853259431e-02
1.250000000000000e-01 8.981986887992111e-02 6.761460683544054e-02
1.300000000000000e-01 9.389722098291493e-02 6.772341599670811e-02
1.350000000000000e-01 9.803326190563690e-02 6.783893588849750e-02
1.400000000000000e-01 1.022305768083033e-01 6.796149125780329e-02
1.450000000000000e-01 1.064917891493625e-01 6.809142576346158e-02
1.500000000000000e-01 1.108195623252418e-01 6.822911188229350e-02
1.550000000000000e-01 1.152166013350572e-01 6.837494957987242e-02
1.600000000000000e-01 1.196856544713255e-01 6.852935930916673e-02
1.650000000000000e-01 1.242295150377370e-01 6.869278562290071e-02
1.700000000000000e-01 1.288510230950609e-01 6.886570727766393e-02
1.750000000000000e-01 1.335530672362758e-01 6.904863883454337e-02
1.800000000000000e-01 1.383385863920344e-01 6.924212558606883e-02
1.850000000000000e-01 1.432105716675912e-01 6.944674375657771e-02
1.900000000000000e-01 1.481720682123397e-01 6.966310807485879e-02
1.950000000000000e-01 1.532261771231311e-01 6.989187981869632e-02
2.000000000000000e-01 1.583760573825595e-01 7.013376863693070e-02
2.050000000000000e-01 1.636249278334301e-01 7.038952732816203e-02
2.100000000000000e-01 1.689760691906397e-01 7.065995163663659e-02
2.150000000000000e-01 1.744328260917313e-01 7.094589437890884e-02
2.200000000000000e-01 1.799986091874004e-01 7.124827770035662e-02
2.250000000000000e-01 1.856768972732633e-01 7.156808927892758e-02
2.300000000000000e-01 1.914712394642179e-01 7.190637999306006e-02
2.350000000000000e-01 1.973852574127551e-01 7.226427184397237e-02
2.400000000000000e-01 2.034226475726105e-01 7.264296448062048e-02
2.450000000000000e-01 2.095871835091678e-01 7.304374794522854e-02
2.500000000000000e-01 2.158827182580599e-01 7.346801785672832e-02
2.550000000000000e-01 2.223131867334419e-01 7.391727487622261e-02
2.600000000000000e-01 2.288826081874405e-01 7.439313055068661e-02
2.650000000000000e-01 2.355950887223172e-01 7.489731874719305e-02
2.700000000000000e-01 2.424548238569160e-01 7.543169943419471e-02
2.750000000000000e-01 2.494661011489995e-01 7.599828027747424e-02
2.800000000000000e-01 2.566333028751116e-01 7.659922915066558e-02
2.850000000000000e-01 2.639609087696434e-01 7.723689106116997e-02
2.900000000000000e-01 2.714534988248126e-01 7.791380890607769e-02
2.950000000000000e-01 2.791157561533084e-01 7.863273844847261e-02
3.000000000000000e-01 2.869524699153886e-01 7.939667367974035e-02
3.050000000000000e-01 2.949685383122613e-01 8.020886754927793e-02
3.100000000000000e-01 3.031689716476197e-01 8.107286141174473e-02
3.150000000000000e-01 3.115588954592450e-01 8.199251442849163e-02
3.200000000000000e-01 3.201435537226349e-01 8.297203919027871e-02
3.250000000000000e-01 3.289283121286580e-01 8.401604071488915e-02
3.300000000000000e-01 3.379186614372866e-01 8.512956123316952e-02
3.350000000000000e-01 3.471202209094989e-01 8.631813063997866e-02
3.400000000000000e-01 3.565387418195016e-01 8.758782389747256e-02
3.450000000000000e-01 3.661801110494620e-01 8.894532625388973e-02
3.500000000000000e-01 3.760503547690021e-01 9.039800755098713e-02
3.550000000000000e-01 3.861556422017504e-01 9.195400699193855e-02
3.600000000000000e-01 3.965022894813072e-01 9.362233000144513e-02
3.650000000000000e-01 4.070967635990345e-01 9.541295905466277e-02
3.700000000000000e-01 4.179456864461349e-01 9.733698064956460e-02
3.750000000000000e-01 4.290558389525505e-01 9.940673092708877e-02
3.800000000000000e-01 4.404341653252637e-01 1.016359628109201e-01
3.850000000000000e-01 4.520877773886537e-01 1.040400379357312e-01
3.900000000000000e-01 4.640239590296172e-01 1.066361470463412e-01
3.950000000000000e-01 4.762501707502353e-01 1.094435629545442e-01
4.000000000000000e-01 4.887740543308307e-01 1.124839304900902e-01
4.050000000000000e-01 5.016034376063282e-01 1.157815981018235e-01
4.100000000000000e-01 5.147463393589066e-01 1.193639957319255e-01
4.150000000000000e-01 5.282109743299990e-01 1.232620631072447e-01
4.200000000000000e-01 5.420057583547735e-01 1.275107313671744e-01
4.250000000000000e-01 5.561393136223041e-01 1.321494585208899e-01
4.300000000000000e-01 5.706204740647189e-01 1.372228149142189e-01
4.350000000000000e-01 5.854582908786964e-01 1.427811076835531e-01
4.400000000000000e-01 6.006620381827575e-01 1.488810216402390e-01
4.450000000000000e-01 6.162412188138907e-01 1.555862361619250e-01
4.500000000000000e-01 6.322055702671360e-01 1.629679508111764e-01
4.550000000000000e-01 6.485650707818353e-01 1.711052132802034e-01
4.600000000000000e-01 6.653299455783577e-01 1.800848883387876e-01
4.650000000000000e-01 6.825106732491932e-01 1.900010330021154e-01
4.700000000000000e-01 7.001179923084168e-01 2.009533515501959e-01
4.750000000000000e-01 7.181629079036070e-01 2.130443023779848e-01
4.800000000000000e-01 7.366566986944229e-01 2.263743400458286e-01
4.850000000000000e-01 7.556109239021327e-01 2.410347486109691e-01
4.900000000000000e-01 7.750374305345038e-01 2.570976392488127e-01
4.950000000000000e-01 7.949483607905672e-01 2.746030626559807e-01
5.000000000000000e-01 8.153561596498893e-01 2.935439434419373e-01
5.050000000000000e-01 8.362735826510871e-01 3.138507158800293e-01
5.100000000000000e-01 8.577137038644561e-01 3.353789394730542e-01
5.150000000000000e-01 8.796899240636907e-01 3.579042502883860e-01
5.200000000000000e-01 9.022159791018011e-01 3.811288919464970e-01
5.250000000000000e-01 9.253059484964714e-01 4.047019928218571e-01
5.300000000000000e-01 9.489742642302165e-01 4.282517712349100e-01
5.350000000000000e-01 9.732357197708378e-01 4.514233817787123e-01
5.400000000000000e-01 9.981054793178262e-01 4.739134975775483e-01
5.450000000000000e-01 1.023599087280478e+00 4.954936636060562e-01
5.500000000000000e-01 1.049732477993657e+00 5.160186022971303e-01
5.550000000000000e-01 1.076521985677273e+00 5.354207260040119e-01
5.600000000000001e-01 1.103984354645701e+00 5.536956077625096e-01
5.650000000000001e-01 1.132136749773522e+00 5.708840038347882e-01
5.700000000000001e-01 1.160996767224129e+00 5.870547937055351e-01
5.750000000000001e-01 1.190582445447902e+00 6.022912116030702e-01
5.800000000000000e-01 1.220912276456826e+00 6.166810234301487e-01
5.850000000000000e-01 1.252005217382601e+00 6.303102601507279e-01
5.900000000000000e-01 1.283880702325469e+00 6.432596946476017e-01
5.950000000000000e-01 1.316558654501151e+00 6.556032144984220e-01
6.000000000000000e-01 1.350059498693518e+00 6.674073866128331e-01
6.050000000000000e-01 1.384404174020732e+00 6.787316980856661e-01
6.100000000000000e-01 1.419614147022888e+00 6.896291273794595e-01
6.150000000000000e-01 1.455711425079295e+00 7.001468303984086e-01
6.200000000000000e-01 1.492718570163803e+00 7.103268172582941e-01
6.250000000000000e-01 1.530658712946775e+00 7.202065552180031e-01
6.300000000000000e-01 1.569555567252506e+00 7.298194700726881e-01
6.350000000000000e-01 1.609433444881138e+00 7.391953397561715e-01
6.400000000000000e-01 1.650317270804325e+00 7.483605855310960e-01
6.450000000000000e-01 1.692232598744148e+00 7.573384718485848e-01
6.500000000000000e-01 1.735205627145031e+00 7.661492283323137e-01
6.550000000000000e-01 1.779263215548615e+00 7.748101080639807e-01
6.600000000000000e-01 1.824432901381847e+00 7.833353964710797e-01
6.650000000000000e-01 1.870742917168772e+00 7.917363852769823e-01
6.700000000000000e-01 1.918222208176775e+00 8.000213265170041e-01
6.750000000000000e-01 1.966900450508319e+00 8.081953826987520e-01
6.800000000000000e-01 2.016808069649473e+00 8.162605907738815e-01
6.850000000000001e-01 2.067976259486829e+00 8.242158595210823e-01
6.900000000000001e-01 2.120437001804702e+00 8.320570218812755e-01
6.950000000000001e-01 2.174223086274785e+00 8.397769652144664e-01
7.000000000000001e-01 2.229368130950753e+00 8.473658626424544e-01
7.050000000000000e-01 2.285906603280654e+00 8.548115266974344e-01
7.100000000000000e-01 2.343873841650178e+00 8.620999014002074e-01
7.150000000000000e-01 2.403306077470301e+00 8.692156996914575e-01
7.200000000000000e-01 2.464240457823092e+00 8.761431792325389e-01
7.250000000000000e-01 2.526715068679855e+00 8.828670311226039e-01
7.300000000000000e-01 2.590768958706095e+00 8.893733343812522e-01
7.350000000000000e-01 2.656442163668210e+00 8.956505069853572e-01
7.400000000000000e-01 2.723775731457148e+00 9.016901662349949e-01
7.450000000000000e-01 2.792811747744667e+00 9.074878026583454e-01
7.500000000000000e-01 2.863593362288260e+00 9.130431776975612e-01
7.550000000000000e-01 2.936164815901156e+00 9.183603791457835e-01
7.600000000000000e-01 3.010571468104263e+00 9.234475089446706e-01
7.650000000000000e-01 3.086859825477351e+00 9.283160297662260e-01
7.700000000000000e-01 3.165077570727174e+00 9.329798495913828e-01
7.750000000000000e-01 3.245273592490716e+00 9.374542649415952e-01
7.800000000000000e-01 3.327498015892184e+00 9.417549027735029e-01
7.850000000000000e-01 3.411802233872832e+00 9.458967928722692e-01
7.900000000000000e-01 3.498238939313234e+00 9.498936689392725e-01
7.950000000000000e-01 3.586862157968046e+00 9.537575466086263e-01
8.000000000000000e-01 3.677727282233856e+00 9.574985735642181e-01
8.050000000000000e-01 3.770891105771243e+00 9.611251036551067e-01
8.100000000000001e-01 3.866411859002656e+00 9.646439219715491e-01
8.150000000000001e-01 3.964349245508326e+00 9.680605433739993e-01
8.200000000000001e-01 4.064764479342956e+00 9.713795191090665e-01
8.250000000000001e-01 4.167720323296481e+00 9.746047074899113e-01
8.300000000000001e-01 4.273281128122877e+00 9.777394873297069e-01
8.350000000000000e-01 4.381512872761445e+00 9.807869111400619e-01
8.400000000000000e-01 4.492483205575838e+00 9.837498064560319e-01
8.450000000000000e-01 4.606261486636447e+00 9.866308382829364e-01
8.500000000000000e-01 4.722918831072739e+00 9.894325455090939e-01
8.550000000000000e-01 4.842528153522501e+00 9.921573615203244e-01
8.600000000000000e-01 4.965164213705875e+00 9.948076260387881e-01
8.650000000000000e-01 5.090903663152626e+00 9.973855924497143e-01
8.700000000000000e-01 5.219825093111814e+00 9.998934329398106e-01
8.750000000000000e-01 5.352009083673925e+00 1.002333242595173e+00
8.800000000000000e-01 5.487538254136007e+00 1.004707042977356e+00
8.850000000000000e-01 5.626497314641444e+00 1.007016785395444e+00
8.900000000000000e-01 5.768973119126561e+00 1.009264353962388e+00
8.950000000000000e-01 5.915054719607133e+00 1.011451568473045e+00
9.000000000000000e-01 6.064833421838831e+00 1.013580187123020e+00
9.050000000000000e-01 6.218402842386253e+00 1.015651909080963e+00
9.100000000000000e-01 6.375858967136348e+00 1.017668376924537e+00
9.150000000000000e-01 6.537300211292723e+00 1.019631178949145e+00
9.200000000000000e-01 6.702827480888332e+00 1.021541851357638e+00
9.250000000000000e-01 6.872544235855034e+00 1.023401880338650e+00
9.300000000000000e-01 7.046556554689444e+00 1.025212704040560e+00
9.350000000000001e-01 7.224973200755413e+00 1.026975714447586e+00
9.400000000000001e-01 7.407905690264673e+00 1.028692259164027e+00
9.450000000000001e-01 7.595468361978146e+00 1.030363643112223e+00
9.500000000000001e-01 7.787778448671316e+00 1.031991130149403e+00
9.550000000000001e-01 7.984956150408610e+00 1.033575944608227e+00
9.600000000000000e-01 8.187124709672272e+00 1.035119272765473e+00
9.650000000000000e-01 8.394410488393007e+00 1.036622264243027e+00
9.700000000000000e-01 8.606943046930221e+00 1.038086033345031e+00
9.750000000000000e-01 8.824855225051540e+00 1.039511660334800e+00
9.800000000000000e-01 9.048283224961922e+00 1.040900192654838e+00
9.850000000000000e-01 9.277366696434507e+00 1.042252646093124e+00
9.900000000000000e-01 9.512248824096272e+00 1.043570005898555e+00
9.950000000000000e-01 9.753076416923058e+00 1.044853227848302e+00
1.000000000000000e+00 1.000000000000000e+01 1.046103239269637e+00
