0.000000000000000e+00 0.000000000000000e+00 9.805459812179276e-03
5.000000000000000e-03 3.369477419287315e-03 9.805830591858893e-03
1.000000000000000e-02 6.741060871647481e-03 9.806822528981332e-03
1.500000000000000e-02 1.011685770649257e-02 9.808482454907806e-03
2.000000000000000e-02 1.349897790673588e-02 9.810812094512499e-03
2.500000000000000e-02 1.688953540759990e-02 9.813817199919091e-03
3.000000000000000e-02 2.029064941789469e-02 9.817507325695633e-03
3.500000000000000e-02 2.370444574459234e-02 9.821892373518342e-03
4.000000000000000e-02 2.713305812152553e-02 9.826984074548155e-03
4.500000000000000e-02 3.057862954304063e-02 9.832796936736615e-03
5.000000000000000e-02 3.404331360343898e-02 9.839346824754009e-03
5.500000000000000e-02 3.752927584304335e-02 9.846651467633806e-03
6.000000000000000e-02 4.103869510173117e-02 9.854731684010463e-03
6.500000000000000e-02 4.457376488078044e-02 9.863610208760537e-03
7.000000000000001e-02 4.813669471387935e-02 9.873311208413556e-03
7.500000000000000e-02 5.172971154815675e-02 9.883861882176079e-03
8.000000000000000e-02 5.535506113609672e-02 9.895292476062408e-03
8.500000000000001e-02 5.901500943920686e-02 9.907634972841708e-03
9.000000000000000e-02 6.271184404431801e-02 9.920923978658175e-03
9.500000000000000e-02 6.644787559340060e-02 9.935197809698577e-03
1.000000000000000e-01 7.022543922779090e-02 9.950497368978271e-03
1.050000000000000e-01 7.404689604773053e-02 9.966865995115091e-03
1.100000000000000e-01 7.791463458813094e-02 9.984351212666796e-03
1.150000000000000e-01 8.183107231148547e-02 1.000300448108376e-02
1.200000000000000e-01 8.579865711886202e-02 1.002287980555828e-02
1.250000000000000e-01 8.981986887992111e-02 1.004403505194780e-02
1.300000000000000e-01 9.389722098291493e-02 1.006653360684124e-02
1.350000000000000e-01 9.803326190563690e-02 1.009044304078868e-02
1.400000000000000e-01 1.022305768083033e-01 1.011583434399627e-02
1.450000000000000e-01 1.064917891493625e-01 1.014278413449264e-02
1.500000000000000e-01 1.108195623252418e-01 1.017137566700037e-02
1.550000000000000e-01 1.152166013350572e-01 1.020169719410210e-02
1.600000000000000e-01 1.196856544713255e-01 1.023384211776646e-02
1.650000000000000e-01 1.242295150377370e-01 1.026791144386135e-02
1.700000000000000e-01 1.288510230950609e-01 1.030401424943613e-02
1.750000000000000e-01 1.335530672362758e-01 1.034226628148313e-02
1.800000000000000e-01 1.383385863920344e-01 1.038279078652520e-02
1.850000000000000e-01 1.432105716675912e-01 1.042572105676361e-02
1.900000000000000e-01 1.481720682123397e-01 1.047120089152733e-02
1.950000000000000e-01 1.532261771231311e-01 1.051938349958804e-02
2.000000000000000e-01 1.583760573825595e-01 1.057043253796908e-02
2.050000000000000e-01 1.636249278334301e-01 1.062452505621869e-02
2.100000000000000e-01 1.689760691906397e-01 1.068185274207484e-02
2.150000000000000e-01 1.744328260917313e-01 1.074262102799675e-02
2.200000000000000e-01 1.799986091874004e-01 1.080704977022708e-02
2.250000000000000e-01 1.856768972732633e-01 1.087537690258722e-02
2.300000000000000e-01 1.914712394642179e-01 1.094786138440742e-02
2.350000000000000e-01 1.973852574127551e-01 1.102478300829593e-02
2.400000000000000e-01 2.034226475726105e-01 1.110644266820105e-02
2.450000000000000e-01 2.095871835091678e-01 1.119316618184318e-02
2.500000000000000e-01 2.158827182580599e-01 1.128530870631327e-02
2.550000000000000e-01 2.223131867334419e-01 1.138325727796146e-02
2.600000000000000e-01 2.288826081874405e-01 1.148743334572764e-02
2.650000000000000e-01 2.355950887223172e-01 1.159829557029168e-02
2.700000000000000e-01 2.424548238569160e-01 1.171634320948420e-02
2.750000000000000e-01 2.494661011489995e-01 1.184212286061267e-02
2.800000000000000e-01 2.566333028751116e-01 1.197623574208653e-02
2.850000000000000e-01 2.639609087696434e-01 1.211934284245705e-02
2.900000000000000e-01 2.714534988248126e-01 1.227217224555138e-02
2.950000000000000e-01 2.791157561533084e-01 1.243552683621023e-02
3.000000000000000e-01 2.869524699153886e-01 1.261029243802239e-02
3.050000000000000e-01 2.949685383122613e-01 1.279745087102718e-02
3.100000000000000e-01 3.031689716476197e-01 1.299809240937553e-02
3.150000000000000e-01 3.115588954592450e-01 1.321343205073689e-02
3.200000000000000e-01 3.201435537226349e-01 1.344482809596803e-02
3.250000000000000e-01 3.289283121286580e-01 1.369380272344904e-02
3.300000000000000e-01 3.379186614372866e-01 1.396206798891423e-02
3.350000000000000e-01 3.471202209094989e-01 1.425155487149879e-02
3.400000000000000e-01 3.565387418195016e-01 1.456444959530858e-02
3.450000000000000e-01 3.661801110494620e-01 1.490323615335291e-02
3.500000000000000e-01 3.760503547690021e-01 1.527074845693480e-02
3.550000000000000e-01 3.861556422017504e-01 1.567023326083930e-02
3.600000000000000e-01 3.965022894813072e-01 1.610542733893963e-02
3.650000000000000e-01 4.070967635990345e-01 1.658065232897825e-02
3.700000000000000e-01 4.179456864461349e-01 1.710093233155481e-02
3.750000000000000e-01 4.290558389525505e-01 1.767214072669367e-02
3.800000000000000e-01 4.404341653252637e-01 1.830118500258643e-02
3.850000000000000e-01 4.520877773886537e-01 1.899624144787896e-02
3.900000000000000e-01 4.640239590296172e-01 1.976705595925467e-02
3.950000000000000e-01 4.762501707502353e-01 2.062533347449946e-02
4.000000000000000e-01 4.887740543308307e-01 2.158524762559474e-02
4.050000000000000e-01 5.016034376063282e-01 2.266411555727158e-02
4.100000000000000e-01 5.147463393589066e-01 2.388330278552597e-02
4.150000000000000e-01 5.282109743299990e-01 2.526945319368849e-02
4.200000000000000e-01 5.420057583547735e-01 2.685618587097499e-02
4.250000000000000e-01 5.561393136223041e-01 2.868647362409934e-02
4.300000000000000e-01 5.706204740647189e-01 3.081603474729905e-02
4.350000000000000e-01 5.854582908786964e-01 3.331825923662155e-02
4.400000000000000e-01 6.006620381827575e-01 3.629150319409650e-02
4.450000000000000e-01 6.162412188138907e-01 3.987010582125673e-02
4.500000000000000e-01 6.322055702671360e-01 4.424135089463065e-02
4.550000000000000e-01 6.485650707818353e-01 4.967200777308425e-02
4.600000000000000e-01 6.653299455783577e-01 5.655021288411639e-02
4.650000000000000e-01 6.825106732491932e-01 6.545088073312892e-02
4.700000000000000e-01 7.001179923084168e-01 7.723230055060479e-02
4.750000000000000e-01 7.181629079036070e-01 9.315427220359482e-02
4.800000000000000e-01 7.366566986944229e-01 1.149313936491931e-01
4.850000000000000e-01 7.556109239021327e-01 1.444247609118915e-01
4.900000000000000e-01 7.750374305345038e-01 1.824399424898452e-01
4.950000000000000e-01 7.949483607905672e-01 2.267899553195667e-01
5.000000000000000e-01 8.153561596498893e-01 2.721493056522421e-01
5.050000000000000e-01 8.362735826510871e-01 3.136430377107008e-01
5.100000000000000e-01 8.577137038644561e-01 3.498558001132305e-01
5.150000000000000e-01 8.796899240636907e-01 3.816807913349897e-01
5.200000000000000e-01 9.022159791018011e-01 4.102515553532614e-01
5.250000000000000e-01 9.253059484964714e-01 4.363284951213822e-01
5.300000000000000e-01 9.489742642302165e-01 4.604061086928792e-01
5.350000000000000e-01 9.732357197708378e-01 4.828279769017428e-01
5.400000000000000e-01 9.981054793178262e-01 5.038401913604126e-01
5.450000000000000e-01 1.023599087280478e+00 5.236266932992347e-01
5.500000000000000e-01 1.049732477993657e+00 5.423308378082213e-01
5.550000000000000e-01 1.076521985677273e+00 5.600673815800765e-01
5.600000000000001e-01 1.103984354645701e+00 5.769303431447151e-01
5.650000000000001e-01 1.132136749773522e+00 5.929982389029562e-01
5.700000000000001e-01 1.160996767224129e+00 6.083375961571461e-01
5.750000000000001e-01 1.190582445447902e+00 6.230054782620894e-01
5.800000000000000e-01 1.220912276456826e+00 6.370513300838018e-01
5.850000000000000e-01 1.252005217382601e+00 6.505183562397086e-01
5.900000000000000e-01 1.283880702325469e+00 6.634445805197153e-01
5.950000000000000e-01 1.316558654501151e+00 6.758636729030313e-01
6.000000000000000e-01 1.350059498693518e+00 6.878056066573466e-01
6.050000000000000e-01 1.384404174020732e+00 6.992971893067161e-01
6.100000000000000e-01 1.419614147022888e+00 7.103624980155332e-01
6.150000000000000e-01 1.455711425079295e+00 7.210232421664334e-01
6.200000000000000e-01 1.492718570163803e+00 7.312990701089030e-01
6.250000000000000e-01 1.530658712946775e+00 7.412078330227269e-01
6.300000000000000e-01 1.569555567252506e+00 7.507658160159509e-01
6.350000000000000e-01 1.609433444881138e+00 7.599879444806408e-01
6.400000000000000e-01 1.650317270804325e+00 7.688879721734917e-01
6.450000000000000e-01 1.692232598744148e+00 7.774786562864164e-01
6.500000000000000e-01 1.735205627145031e+00 7.857719237947158e-01
6.550000000000000e-01 1.779263215548615e+00 7.937790325227718e-01
6.600000000000000e-01 1.824432901381847e+00 8.015107295693333e-01
6.650000000000000e-01 1.870742917168772e+00 8.089774089204481e-01
6.700000000000000e-01 1.918222208176775e+00 8.161892691921760e-01
6.750000000000000e-01 1.966900450508319e+00 8.231564714418255e-01
6.800000000000000e-01 2.016808069649473e+00 8.298892958331444e-01
6.850000000000001e-01 2.067976259486829e+00 8.363982946230283e-01
6.900000000000001e-01 2.120437001804702e+00 8.426944374647234e-01
6.950000000000001e-01 2.174223086274785e+00 8.487892434367315e-01
7.000000000000001e-01 2.229368130950753e+00 8.546948925874592e-01
7.050000000000000e-01 2.285906603280654e+00 8.604243082548614e-01
7.100000000000000e-01 2.343873841650178e+00 8.659912001399491e-01
7.150000000000000e-01 2.403306077470301e+00 8.714100572764991e-01
7.200000000000000e-01 2.464240457823092e+00 8.766960798539322e-01
7.250000000000000e-01 2.526715068679855e+00 8.818650395132178e-01
7.300000000000000e-01 2.590768958706095e+00 8.869330594068863e-01
7.350000000000000e-01 2.656442163668210e+00 8.919163080954509e-01
7.400000000000000e-01 2.723775731457148e+00 8.968306052796993e-01
7.450000000000000e-01 2.792811747744667e+00 9.016909424258576e-01
7.500000000000000e-01 2.863593362288260e+00 9.065109274981565e-01
7.550000000000000e-01 2.936164815901156e+00 9.113021702752162e-01
7.600000000000000e-01 3.010571468104263e+00 9.160736331723103e-01
7.650000000000000e-01 3.086859825477351e+00 9.208309822705533e-01
7.700000000000000e-01 3.165077570727174e+00 9.255759844902426e-01
7.750000000000000e-01 3.245273592490716e+00 9.303060094011913e-01
7.800000000000000e-01 3.327498015892184e+00 9.350137072242344e-01
7.850000000000000e-01 3.411802233872832e+00 9.396869460459744e-01
7.900000000000000e-01 3.498238939313234e+00 9.443090970040031e-01
7.950000000000000e-01 3.586862157968046e+00 9.488597493926973e-01
8.000000000000000e-01 3.677727282233856e+00 9.533159090567167e-01
8.050000000000000e-01 3.770891105771243e+00 9.576536738510955e-01
8.100000000000001e-01 3.866411859002656e+00 9.618502858694087e-01
8.150000000000001e-01 3.964349245508326e+00 9.658863420824847e-01
8.200000000000001e-01 4.064764479342956e+00 9.697478337576466e-01
8.250000000000001e-01 4.167720323296481e+00 9.734276284739903e-01
8.300000000000001e-01 4.273281128122877e+00 9.769260540709449e-01
8.350000000000000e-01 4.381512872761445e+00 9.802504098794776e-01
8.400000000000000e-01 4.492483205575838e+00 9.834134834423867e-01
8.450000000000000e-01 4.606261486636447e+00 9.864314067900735e-01
8.500000000000000e-01 4.722918831072739e+00 9.893213454929120e-01
8.550000000000000e-01 4.842528153522501e+00 9.920995116981594e-01
8.600000000000000e-01 4.965164213705875e+00 9.947798360550636e-01
8.650000000000000e-01 5.090903663152626e+00 9.973733971542511e-01
8.700000000000000e-01 5.219825093111814e+00 9.998884907222257e-01
8.750000000000000e-01 5.352009083673925e+00 1.002331097838983e+00
8.800000000000000e-01 5.487538254136007e+00 1.004705499480621e+00
8.850000000000000e-01 5.626497314641444e+00 1.007014851401268e+00
8.900000000000000e-01 5.768973119126561e+00 1.009261626346120e+00
8.950000000000000e-01 5.915054719607133e+00 1.011447907612412e+00
9.000000000000000e-01 6.064833421838831e+00 1.013575561184168e+00
9.050000000000000e-01 6.218402842386253e+00 1.015646326257156e+00
9.100000000000000e-01 6.375858967136348e+00 1.017661858623636e+00
9.150000000000000e-01 6.537300211292723e+00 1.019623750150362e+00
9.200000000000000e-01 6.702827480888332e+00 1.021533537468809e+00
9.250000000000000e-01 6.872544235855034e+00 1.023392706279582e+00
9.300000000000000e-01 7.046556554689444e+00 1.025202694016226e+00
9.350000000000001e-01 7.224973200755413e+00 1.026964891914398e+00
9.400000000000001e-01 7.407905690264673e+00 1.028680646844367e+00
9.450000000000001e-01 7.595468361978146e+00 1.030351263019120e+00
9.500000000000001e-01 7.787778448671316e+00 1.031978003612350e+00
9.550000000000001e-01 7.984956150408610e+00 1.033562092298245e+00
9.600000000000000e-01 8.187124709672272e+00 1.035104714719105e+00
9.650000000000000e-01 8.394410488393007e+00 1.036607019885262e+00
9.700000000000000e-01 8.606943046930221e+00 1.038070121511213e+00
9.750000000000000e-01 8.824855225051540e+00 1.039495099291560e+00
9.800000000000000e-01 9.048283224961922e+00 1.040883000120128e+00
9.850000000000000e-01 9.277366696434507e+00 1.042234839255372e+00
9.900000000000000e-01 9.512248824096272e+00 1.043551601435013e+00
9.950000000000000e-01 9.753076416923058e+00 1.044834241942613e+00
1.000000000000000e+00 1.000000000000000e+01 1.046083687628673e+00
