0.000000000000000e+00 0.000000000000000e+00 4.637122330382659e-02
5.000000000000000e-03 3.369477419287315e-03 4.637266220149280e-02
1.000000000000000e-02 6.741060871647481e-03 4.637649544789336e-02
1.500000000000000e-02 1.011685770649257e-02 4.638288375431657e-02
2.000000000000000e-02 1.349897790673588e-02 4.639185364499519e-02
2.500000000000000e-02 1.688953540759990e-02 4.640343113963669e-02
3.000000000000000e-02 2.029064941789469e-02 4.641764248971358e-02
3.500000000000000e-02 2.370444574459234e-02 4.643452675117905e-02
4.000000000000000e-02 2.713305812152553e-02 4.645413163698550e-02
4.500000000000000e-02 3.057862954304063e-02 4.647650815853405e-02
5.000000000000000e-02 3.404331360343898e-02 4.650171625599683e-02
5.500000000000000e-02 3.752927584304335e-02 4.652982628040435e-02
6.000000000000000e-02 4.103869510173117e-02 4.656091367669392e-02
6.500000000000000e-02 4.457376488078044e-02 4.659506066432818e-02
7.000000000000001e-02 4.813669471387935e-02 4.663236190397511e-02
7.500000000000000e-02 5.172971154815675e-02 4.667292111068255e-02
8.000000000000000e-02 5.535506113609672e-02 4.671684677903811e-02
8.500000000000001e-02 5.901500943920686e-02 4.676425784894878e-02
9.000000000000000e-02 6.271184404431801e-02 4.681528773239082e-02
9.500000000000000e-02 6.644787559340060e-02 4.687007830023851e-02
1.000000000000000e-01 7.022543922779090e-02 4.692877819601195e-02
1.050000000000000e-01 7.404689604773053e-02 4.699155030266411e-02
1.100000000000000e-01 7.791463458813094e-02 4.705857306986597e-02
1.150000000000000e-01 8.183107231148547e-02 4.713003418317804e-02
1.200000000000000e-01 8.579865711886202e-02 4.720613201298899e-02
1.250000000000000e-01 8.981986887992111e-02 4.728708285961893e-02
1.300000000000000e-01 9.389722098291493e-02 4.737311979723898e-02
1.350000000000000e-01 9.803326190563690e-02 4.746448764684931e-02
1.400000000000000e-01 1.022305768083033e-01 4.756144692019874e-02
1.450000000000000e-01 1.064917891493625e-01 4.766428008327402e-02
1.500000000000000e-01 1.108195623252418e-01 4.777328909937760e-02
1.550000000000000e-01 1.152166013350572e-01 4.788879184851123e-02
1.600000000000000e-01 1.196856544713255e-01 4.801112734577398e-02
1.650000000000000e-01 1.242295150377370e-01 4.814066181973049e-02
1.700000000000000e-01 1.288510230950609e-01 4.827778659123132e-02
1.750000000000000e-01 1.335530672362758e-01 4.842291482528892e-02
1.800000000000000e-01 1.383385863920344e-01 4.857648643152968e-02
1.850000000000000e-01 1.432105716675912e-01 4.873897576504189e-02
1.900000000000000e-01 1.481720682123397e-01 4.891089221664872e-02
1.950000000000000e-01 1.532261771231311e-01 4.909277586477340e-02
2.000000000000000e-01 1.583760573825595e-01 4.928519961200396e-02
2.050000000000000e-01 1.636249278334301e-01 4.948877991714035e-02
2.100000000000000e-01 1.689760691906397e-01 4.970418336241222e-02
2.150000000000000e-01 1.744328260917313e-01 4.993212191022072e-02
2.200000000000000e-01 1.799986091874004e-01 5.017335069193718e-02
2.250000000000000e-01 1.856768972732633e-01 5.042867921265735e-02
2.300000000000000e-01 1.914712394642179e-01 5.069898295082646e-02
2.350000000000000e-01 1.973852574127551e-01 5.098520522962428e-02
2.400000000000000e-01 2.034226475726105e-01 5.128835902857733e-02
2.450000000000000e-01 2.095871835091678e-01 5.160953097520685e-02
2.500000000000000e-01 2.158827182580599e-01 5.194988580063672e-02
2.550000000000000e-01 2.223131867334419e-01 5.231068093658127e-02
2.600000000000000e-01 2.288826081874405e-01 5.269328164336663e-02
2.650000000000000e-01 2.355950887223172e-01 5.309916503214753e-02
2.700000000000000e-01 2.424548238569160e-01 5.352993014687484e-02
2.750000000000000e-01 2.494661011489995e-01 5.398730816491860e-02
2.800000000000000e-01 2.566333028751116e-01 5.447316977220033e-02
2.850000000000000e-01 2.639609087696434e-01 5.498954732736269e-02
2.900000000000000e-01 2.714534988248126e-01 5.553864965960369e-02
2.950000000000000e-01 2.791157561533084e-01 5.612288405121324e-02
3.000000000000000e-01 2.869524699153886e-01 5.674488018836782e-02
3.050000000000000e-01 2.949685383122613e-01 5.740751184899363e-02
3.100000000000000e-01 3.031689716476197e-01 5.811392789727150e-02
3.150000000000000e-01 3.115588954592450e-01 5.886758091843326e-02
3.200000000000000e-01 3.201435537226349e-01 5.967226543487610e-02
3.250000000000000e-01 3.289283121286580e-01 6.053215798305173e-02
3.300000000000000e-01 3.379186614372866e-01 6.145186555087758e-02
3.350000000000000e-01 3.471202209094989e-01 6.243647992617139e-02
3.400000000000000e-01 3.565387418195016e-01 6.349164103736847e-02
3.450000000000000e-01 3.661801110494620e-01 6.462360975114287e-02
3.500000000000000e-01 3.760503547690021e-01 6.583935231572233e-02
3.550000000000000e-01 3.861556422017504e-01 6.714663831983907e-02
3.600000000000000e-01 3.965022894813072e-01 6.855415474537668e-02
3.650000000000000e-01 4.070967635990345e-01 7.007163907473474e-02
3.700000000000000e-01 4.179456864461349e-01 7.171003506896126e-02
3.750000000000000e-01 4.290558389525505e-01 7.348167555110822e-02
3.800000000000000e-01 4.404341653252637e-01 7.540049742219959e-02
3.850000000000000e-01 4.520877773886537e-01 7.748229519906713e-02
3.900000000000000e-01 4.640239590296172e-01 7.974502062979449e-02
3.950000000000000e-01 4.762501707502353e-01 8.220913742980687e-02
4.000000000000000e-01 4.887740543308307e-01 8.489804189632144e-02
4.050000000000000e-01 5.016034376063282e-01 8.783856207585489e-02
4.100000000000000e-01 5.147463393589066e-01 9.106155019570264e-02
4.150000000000000e-01 5.282109743299990e-01 9.460258503574290e-02
4.200000000000000e-01 5.420057583547735e-01 9.850280243289494e-02
4.250000000000000e-01 5.561393136223041e-01 1.028098724735861e-01
4.300000000000000e-01 5.706204740647189e-01 1.075791398891523e-01
4.350000000000000e-01 5.854582908786964e-01 1.128749375731782e-01
4.400000000000000e-01 6.006620381827575e-01 1.187720683873409e-01
4.450000000000000e-01 6.162412188138907e-01 1.253574216593299e-01
4.500000000000000e-01 6.322055702671360e-01 1.327316388129521e-01
4.550000000000000e-01 6.485650707818353e-01 1.410106536602215e-01
4.600000000000000e-01 6.653299455783577e-01 1.503267879620001e-01
4.650000000000000e-01 6.825106732491932e-01 1.608288588852068e-01
4.700000000000000e-01 7.001179923084168e-01 1.726804321346262e-01
4.750000000000000e-01 7.181629079036070e-01 1.860549364526941e-01
4.800000000000000e-01 7.366566986944229e-01 2.011259128567451e-01
4.850000000000000e-01 7.556109239021327e-01 2.180504194697284e-01
4.900000000000000e-01 7.750374305345038e-01 2.369439978263747e-01
4.950000000000000e-01 7.949483607905672e-01 2.578473255694813e-01
5.000000000000000e-01 8.153561596498893e-01 2.806884036598475e-01
5.050000000000000e-01 8.362735826510871e-01 3.052496733440127e-01
5.100000000000000e-01 8.577137038644561e-01 3.311545702055210e-01
5.150000000000000e-01 8.796899240636907e-01 3.578880148576678e-01
5.200000000000000e-01 9.022159791018011e-01 3.848557985138411e-01
5.250000000000000e-01 9.253059484964714e-01 4.114702901987731e-01
5.300000000000000e-01 9.489742642302165e-01 4.372347343071434e-01
5.350000000000000e-01 9.732357197708378e-01 4.617978425173238e-01
5.400000000000000e-01 9.981054793178262e-01 4.849660003266901e-01
5.450000000000000e-01 1.023599087280478e+00 5.066803863474229e-01
5.500000000000000e-01 1.049732477993657e+00 5.269772191549685e-01
5.550000000000000e-01 1.076521985677273e+00 5.459479434022130e-01
5.600000000000001e-01 1.103984354645701e+00 5.637084346440443e-01
5.650000000000001e-01 1.132136749773522e+00 5.803791173723254e-01
5.700000000000001e-01 1.160996767224129e+00 5.960740694310286e-01
5.750000000000001e-01 1.190582445447902e+00 6.108962023927732e-01
5.800000000000000e-01 1.220912276456826e+00 6.249360169828755e-01
5.850000000000000e-01 1.252005217382601e+00 6.382722032794553e-01
5.900000000000000e-01 1.283880702325469e+00 6.509730334023710e-01
5.950000000000000e-01 1.316558654501151e+00 6.630979682343284e-01
6.000000000000000e-01 1.350059498693518e+00 6.746991925546414e-01
6.050000000000000e-01 1.384404174020732e+00 6.858229589131895e-01
6.100000000000000e-01 1.419614147022888e+00 6.965107074016833e-01
6.150000000000000e-01 1.455711425079295e+00 7.067999696095258e-01
6.200000000000000e-01 1.492718570163803e+00 7.167250814013725e-01
6.250000000000000e-01 1.530658712946775e+00 7.263177329638872e-01
6.300000000000000e-01 1.569555567252506e+00 7.356073826525108e-01
6.350000000000000e-01 1.609433444881138e+00 7.446215571392641e-01
6.400000000000000e-01 1.650317270804325e+00 7.533860560255407e-01
6.450000000000000e-01 1.692232598744148e+00 7.619250752586691e-01
6.500000000000000e-01 1.735205627145031e+00 7.702612606800554e-01
6.550000000000000e-01 1.779263215548615e+00 7.784157008840383e-01
6.600000000000000e-01 1.824432901381847e+00 7.864078672186831e-01
6.650000000000000e-01 1.870742917168772e+00 7.942555081193743e-01
6.700000000000000e-01 1.918222208176775e+00 8.019745049489291e-01
6.750000000000000e-01 1.966900450508319e+00 8.095786970671879e-01
6.800000000000000e-01 2.016808069649473e+00 8.170796849436187e-01
6.850000000000001e-01 2.067976259486829e+00 8.244866217580263e-01
6.900000000000001e-01 2.120437001804702e+00 8.318060061131741e-01
6.950000000000001e-01 2.174223086274785e+00 8.390414911909460e-01
7.000000000000001e-01 2.229368130950753e+00 8.461937288337588e-01
7.050000000000000e-01 2.285906603280654e+00 8.532602704107304e-01
7.100000000000000e-01 2.343873841650178e+00 8.602355495213085e-01
7.150000000000000e-01 2.403306077470301e+00 8.671109739168965e-01
7.200000000000000e-01 2.464240457823092e+00 8.738751544840717e-01
7.250000000000000e-01 2.526715068679855e+00 8.805142964219905e-01
7.300000000000000e-01 2.590768958706095e+00 8.870127703636761e-01
7.350000000000000e-01 2.656442163668210e+00 8.933538677470155e-01
7.400000000000000e-01 2.723775731457148e+00 8.995207244726804e-01
7.450000000000000e-01 2.792811747744667e+00 9.054973703676255e-01
7.500000000000000e-01 2.863593362288260e+00 9.112698318721860e-01
7.550000000000000e-01 2.936164815901156e+00 9.168271869147905e-01
7.600000000000000e-01 3.010571468104263e+00 9.221624516373792e-01
7.650000000000000e-01 3.086859825477351e+00 9.272731768233295e-01
7.700000000000000e-01 3.165077570727174e+00 9.321616540670047e-01
7.750000000000000e-01 3.245273592490716e+00 9.368346793556076e-01
7.800000000000000e-01 3.327498015892184e+00 9.413028887203395e-01
7.850000000000000e-01 3.411802233872832e+00 9.455797532044052e-01
7.900000000000000e-01 3.498238939313234e+00 9.496803803280838e-01
7.950000000000000e-01 3.586862157968046e+00 9.536202995899148e-01
8.000000000000000e-01 3.677727282233856e+00 9.574144011294567e-01
8.050000000000000e-01 3.770891105771243e+00 9.610761519749553e-01
8.100000000000001e-01 3.866411859002656e+00 9.646171469439682e-01
8.150000000000001e-01 3.964349245508326e+00 9.680469810217935e-01
8.200000000000001e-01 4.064764479342956e+00 9.713733755162365e-01
8.250000000000001e-01 4.167720323296481e+00 9.746024626415646e-01
8.300000000000001e-01 4.273281128122877e+00 9.777391334742590e-01
8.350000000000000e-01 4.381512872761445e+00 9.807873749970031e-01
8.400000000000000e-01 4.492483205575838e+00 9.837505517287554e-01
8.450000000000000e-01 4.606261486636447e+00 9.866316156340412e-01
8.500000000000000e-01 4.722918831072739e+00 9.894332481208947e-01
8.550000000000000e-01 4.842528153522501e+00 9.921579482794166e-01
8.600000000000000e-01 4.965164213705875e+00 9.948080838890205e-01
8.650000000000000e-01 5.090903663152626e+00 9.973859193851803e-01
8.700000000000000e-01 5.219825093111814e+00 9.998936309260631e-01
8.750000000000000e-01 5.352009083673925e+00 1.002333314857542e+00
8.800000000000000e-01 5.487538254136007e+00 1.004706993047287e+00
8.850000000000000e-01 5.626497314641444e+00 1.007016616804598e+00
8.900000000000000e-01 5.768973119126561e+00 1.009264070155073e+00
8.950000000000000e-01 5.915054719607133e+00 1.011451172785850e+00
9.000000000000000e-01 6.064833421838831e+00 1.013579682783225e+00
9.050000000000000e-01 6.218402842386253e+00 1.015651299209614e+00
9.100000000000000e-01 6.375858967136348e+00 1.017667664540447e+00
9.150000000000000e-01 6.537300211292723e+00 1.019630366972911e+00
9.200000000000000e-01 6.702827480888332e+00 1.021540942615517e+00
9.250000000000000e-01 6.872544235855034e+00 1.023400877566239e+00
9.300000000000000e-01 7.046556554689444e+00 1.025211609886302e+00
9.350000000000001e-01 7.224973200755413e+00 1.026974531476105e+00
9.400000000000001e-01 7.407905690264673e+00 1.028690989859301e+00
9.450000000000001e-01 7.595468361978146e+00 1.030362289880611e+00
9.500000000000001e-01 7.787778448671316e+00 1.031989695322529e+00
9.550000000000001e-01 7.984956150408610e+00 1.033574430445729e+00
9.600000000000000e-01 8.187124709672272e+00 1.035117681457628e+00
9.650000000000000e-01 8.394410488393007e+00 1.036620597913260e+00
9.700000000000000e-01 8.606943046930221e+00 1.038084294052307e+00
9.750000000000000e-01 8.824855225051540e+00 1.039509850075912e+00
9.800000000000000e-01 9.048283224961922e+00 1.040898313366601e+00
9.850000000000000e-01 9.277366696434507e+00 1.042250699654467e+00
9.900000000000000e-01 9.512248824096272e+00 1.043567994132524e+00
9.950000000000000e-01 9.753076416923058e+00 1.044851152523987e+00
1.000000000000000e+00 1.000000000000000e+01 1.046101102104005e+00
