0.000000000000000e+00 0.000000000000000e+00 1.674814457664487e-01
5.000000000000000e-03 3.369477419287315e-03 1.674831960951216e-01
1.000000000000000e-02 6.741060871647481e-03 1.674878781238637e-01
1.500000000000000e-02 1.011685770649257e-02 1.674957119110645e-01
2.000000000000000e-02 1.349897790673588e-02 1.675067055471416e-01
2.500000000000000e-02 1.688953540759990e-02 1.675208857581713e-01
3.000000000000000e-02 2.029064941789469e-02 1.675382967147784e-01
3.500000000000000e-02 2.370444574459234e-02 1.675589834015742e-01
4.000000000000000e-02 2.713305812152553e-02 1.675829986416139e-01
4.500000000000000e-02 3.057862954304063e-02 1.676104096448432e-01
5.000000000000000e-02 3.404331360343898e-02 1.676412906068820e-01
5.500000000000000e-02 3.752927584304335e-02 1.676757207655232e-01
6.000000000000000e-02 4.103869510173117e-02 1.677137925302426e-01
6.500000000000000e-02 4.457376488078044e-02 1.677556122294794e-01
7.000000000000001e-02 4.813669471387935e-02 1.678012932102635e-01
7.500000000000000e-02 5.172971154815675e-02 1.678509551637406e-01
8.000000000000000e-02 5.535506113609672e-02 1.679047308898855e-01
8.500000000000001e-02 5.901500943920686e-02 1.679627694905370e-01
9.000000000000000e-02 6.271184404431801e-02 1.680252326369512e-01
9.500000000000000e-02 6.644787559340060e-02 1.680922892423472e-01
1.000000000000000e-01 7.022543922779090e-02 1.681641171140310e-01
1.050000000000000e-01 7.404689604773053e-02 1.682409126960014e-01
1.100000000000000e-01 7.791463458813094e-02 1.683228950389773e-01
1.150000000000000e-01 8.183107231148547e-02 1.684102947941993e-01
1.200000000000000e-01 8.579865711886202e-02 1.685033479763151e-01
1.250000000000000e-01 8.981986887992111e-02 1.686023081060775e-01
1.300000000000000e-01 9.389722098291493e-02 1.687074548916913e-01
1.350000000000000e-01 9.803326190563690e-02 1.688190888104550e-01
1.400000000000000e-01 1.022305768083033e-01 1.689375295366821e-01
1.450000000000000e-01 1.064917891493625e-01 1.690631143502561e-01
1.500000000000000e-01 1.108195623252418e-01 1.691961935919865e-01
1.550000000000000e-01 1.152166013350572e-01 1.693371427262778e-01
1.600000000000000e-01 1.196856544713255e-01 1.694863720787525e-01
1.650000000000000e-01 1.242295150377370e-01 1.696443191738380e-01
1.700000000000000e-01 1.288510230950609e-01 1.698114529796122e-01
1.750000000000000e-01 1.335530672362758e-01 1.699882718947033e-01
1.800000000000000e-01 1.383385863920344e-01 1.701752962314410e-01
1.850000000000000e-01 1.432105716675912e-01 1.703730821282926e-01
1.900000000000000e-01 1.481720682123397e-01 1.705822174677164e-01
1.950000000000000e-01 1.532261771231311e-01 1.708033300541445e-01
2.000000000000000e-01 1.583760573825595e-01 1.710370928069388e-01
2.050000000000000e-01 1.636249278334301e-01 1.712842219461033e-01
2.100000000000000e-01 1.689760691906397e-01 1.715454856720726e-01
2.150000000000000e-01 1.744328260917313e-01 1.718217016177299e-01
2.200000000000000e-01 1.799986091874004e-01 1.721137443238752e-01
2.250000000000000e-01 1.856768972732633e-01 1.724225462657955e-01
2.300000000000000e-01 1.914712394642179e-01 1.727491038199379e-01
2.350000000000000e-01 1.973852574127551e-01 1.730944811071472e-01
2.400000000000000e-01 2.034226475726105e-01 1.734598156516613e-01
2.450000000000000e-01 2.095871835091678e-01 1.738463238275340e-01
2.500000000000000e-01 2.158827182580599e-01 1.742553070985894e-01
2.550000000000000e-01 2.223131867334419e-01 1.746881586609022e-01
2.600000000000000e-01 2.288826081874405e-01 1.751463707193375e-01
2.650000000000000e-01 2.355950887223172e-01 1.756315423839127e-01
2.700000000000000e-01 2.424548238569160e-01 1.761453882731832e-01
2.750000000000000e-01 2.494661011489995e-01 1.766897478820955e-01
2.800000000000000e-01 2.566333028751116e-01 1.772665957893649e-01
2.850000000000000e-01 2.639609087696434e-01 1.778780527818426e-01
2.900000000000000e-01 2.714534988248126e-01 1.785263979813516e-01
2.950000000000000e-01 2.791157561533084e-01 1.792140820665130e-01
3.000000000000000e-01 2.869524699153886e-01 1.799437416900835e-01
3.050000000000000e-01 2.949685383122613e-01 1.807182152006956e-01
3.100000000000000e-01 3.031689716476197e-01 1.815405597867435e-01
3.150000000000000e-01 3.115588954592450e-01 1.824140701693842e-01
3.200000000000000e-01 3.201435537226349e-01 1.833422989811457e-01
3.250000000000000e-01 3.289283121286580e-01 1.843290789763057e-01
3.300000000000000e-01 3.379186614372866e-01 1.853785472288443e-01
3.350000000000000e-01 3.471202209094989e-01 1.864951714831072e-01
3.400000000000000e-01 3.565387418195016e-01 1.876837788309828e-01
3.450000000000000e-01 3.661801110494620e-01 1.889495868969171e-01
3.500000000000000e-01 3.760503547690021e-01 1.902982377178020e-01
3.550000000000000e-01 3.861556422017504e-01 1.917358345078283e-01
3.600000000000000e-01 3.965022894813072e-01 1.932689814976593e-01
3.650000000000000e-01 4.070967635990345e-01 1.949048270312758e-01
3.700000000000000e-01 4.179456864461349e-01 1.966511100906506e-01
3.750000000000000e-01 4.290558389525505e-01 1.985162103955380e-01
3.800000000000000e-01 4.404341653252637e-01 2.005092021898967e-01
3.850000000000000e-01 4.520877773886537e-01 2.026399117736824e-01
3.900000000000000e-01 4.640239590296172e-01 2.049189787636789e-01
3.950000000000000e-01 4.762501707502353e-01 2.073579209629725e-01
4.000000000000000e-01 4.887740543308307e-01 2.099692025771563e-01
4.050000000000000e-01 5.016034376063282e-01 2.127663053257326e-01
4.100000000000000e-01 5.147463393589066e-01 2.157638017462283e-01
4.150000000000000e-01 5.282109743299990e-01 2.189774296599234e-01
4.200000000000000e-01 5.420057583547735e-01 2.224241663419280e-01
4.250000000000000e-01 5.561393136223041e-01 2.261223003908024e-01
4.300000000000000e-01 5.706204740647189e-01 2.300914985959918e-01
4.350000000000000e-01 5.854582908786964e-01 2.343528642230643e-01
4.400000000000000e-01 6.006620381827575e-01 2.389289820420016e-01
4.450000000000000e-01 6.162412188138907e-01 2.438439440763953e-01
4.500000000000000e-01 6.322055702671360e-01 2.491233484177995e-01
4.550000000000000e-01 6.485650707818353e-01 2.547942615053576e-01
4.600000000000000e-01 6.653299455783577e-01 2.608851320113706e-01
4.650000000000000e-01 6.825106732491932e-01 2.674256419293678e-01
4.700000000000000e-01 7.001179923084168e-01 2.744464777214088e-01
4.750000000000000e-01 7.181629079036070e-01 2.819790016245324e-01
4.800000000000000e-01 7.366566986944229e-01 2.900548007517749e-01
4.850000000000000e-01 7.556109239021327e-01 2.987050899395048e-01
4.900000000000000e-01 7.750374305345038e-01 3.079599441086493e-01
4.950000000000000e-01 7.949483607905672e-01 3.178473382123528e-01
5.000000000000000e-01 8.153561596498893e-01 3.283919789048231e-01
5.050000000000000e-01 8.362735826510871e-01 3.396139233697330e-01
5.100000000000000e-01 8.577137038644561e-01 3.515269988089959e-01
5.150000000000000e-01 8.796899240636907e-01 3.641370621046215e-01
5.200000000000000e-01 9.022159791018011e-01 3.774401734107821e-01
5.250000000000000e-01 9.253059484964714e-01 3.914207984945883e-01
5.300000000000000e-01 9.489742642302165e-01 4.060501985264546e-01
5.350000000000000e-01 9.732357197708378e-01 4.212852054649559e-01
5.400000000000000e-01 9.981054793178262e-01 4.370676056540921e-01
5.450000000000000e-01 1.023599087280478e+00 4.533243511828196e-01
5.500000000000000e-01 1.049732477993657e+00 4.699687762367579e-01
5.550000000000000e-01 1.076521985677273e+00 4.869029076602923e-01
5.600000000000001e-01 1.103984354645701e+00 5.040208289106820e-01
5.650000000000001e-01 1.132136749773522e+00 5.212129014895194e-01
5.700000000000001e-01 1.160996767224129e+00 5.383704972034583e-01
5.750000000000001e-01 1.190582445447902e+00 5.553907838633777e-01
5.800000000000000e-01 1.220912276456826e+00 5.721810674661498e-01
5.850000000000000e-01 1.252005217382601e+00 5.886622409843709e-01
5.900000000000000e-01 1.283880702325469e+00 6.047710165363787e-01
5.950000000000000e-01 1.316558654501151e+00 6.204607955628150e-01
6.000000000000000e-01 1.350059498693518e+00 6.357012203124005e-01
6.050000000000000e-01 1.384404174020732e+00 6.504766101981044e-01
6.100000000000000e-01 1.419614147022888e+00 6.647835916807407e-01
6.150000000000000e-01 1.455711425079295e+00 6.786282713149207e-01
6.200000000000000e-01 1.492718570163803e+00 6.920232857015648e-01
6.250000000000000e-01 1.530658712946775e+00 7.049850065966533e-01
6.300000000000000e-01 1.569555567252506e+00 7.175311043083423e-01
6.350000000000000e-01 1.609433444881138e+00 7.296785948460703e-01
6.400000000000000e-01 1.650317270804325e+00 7.414424274392598e-01
6.450000000000000e-01 1.692232598744148e+00 7.528346144546278e-01
6.500000000000000e-01 1.735205627145031e+00 7.638638662186417e-01
6.550000000000000e-01 1.779263215548615e+00 7.745356668178826e-01
6.600000000000000e-01 1.824432901381847e+00 7.848527105187144e-01
6.650000000000000e-01 1.870742917168772e+00 7.948156090300945e-01
6.700000000000000e-01 1.918222208176775e+00 8.044237752335240e-01
6.750000000000000e-01 1.966900450508319e+00 8.136763880839444e-01
6.800000000000000e-01 2.016808069649473e+00 8.225733460079389e-01
6.850000000000001e-01 2.067976259486829e+00 8.311161228648779e-01
6.900000000000001e-01 2.120437001804702e+00 8.393084522284437e-01
6.950000000000001e-01 2.174223086274785e+00 8.471567829600627e-01
7.000000000000001e-01 2.229368130950753e+00 8.546704715840706e-01
7.050000000000000e-01 2.285906603280654e+00 8.618617035215620e-01
7.100000000000000e-01 2.343873841650178e+00 8.687451632895385e-01
7.150000000000000e-01 2.403306077470301e+00 8.753374999038827e-01
7.200000000000000e-01 2.464240457823092e+00 8.816566542154812e-01
7.250000000000000e-01 2.526715068679855e+00 8.877211265496716e-01
7.300000000000000e-01 2.590768958706095e+00 8.935492639231636e-01
7.350000000000000e-01 2.656442163668210e+00 8.991586362683810e-01
7.400000000000000e-01 2.723775731457148e+00 9.045655524793602e-01
7.450000000000000e-01 2.792811747744667e+00 9.097847432801874e-01
7.500000000000000e-01 2.863593362288260e+00 9.148292132790816e-01
7.550000000000000e-01 2.936164815901156e+00 9.197102432926129e-01
7.600000000000000e-01 3.010571468104263e+00 9.244375092017703e-01
7.650000000000000e-01 3.086859825477351e+00 9.290192766751677e-01
7.700000000000000e-01 3.165077570727174e+00 9.334626317411239e-01
7.750000000000000e-01 3.245273592490716e+00 9.377737136609676e-01
7.800000000000000e-01 3.327498015892184e+00 9.419579263177330e-01
7.850000000000000e-01 3.411802233872832e+00 9.460201147958297e-01
7.900000000000000e-01 3.498238939313234e+00 9.499647029353792e-01
7.950000000000000e-01 3.586862157968046e+00 9.537957942132633e-01
8.000000000000000e-01 3.677727282233856e+00 9.575172420372899e-01
8.050000000000000e-01 3.770891105771243e+00 9.611326968280762e-01
8.100000000000001e-01 3.866411859002656e+00 9.646456368538066e-01
8.150000000000001e-01 3.964349245508326e+00 9.680593884777319e-01
8.200000000000001e-01 4.064764479342956e+00 9.713771399232722e-01
8.250000000000001e-01 4.167720323296481e+00 9.746019512612483e-01
8.300000000000001e-01 4.273281128122877e+00 9.777367622550867e-01
8.350000000000000e-01 4.381512872761445e+00 9.807843989799713e-01
8.400000000000000e-01 4.492483205575838e+00 9.837475796957459e-01
8.450000000000000e-01 4.606261486636447e+00 9.866289202130807e-01
8.500000000000000e-01 4.722918831072739e+00 9.894309388710902e-01
8.550000000000000e-01 4.842528153522501e+00 9.921560611879353e-01
8.600000000000000e-01 4.965164213705875e+00 9.948066242209969e-01
8.650000000000000e-01 5.090903663152626e+00 9.973848806624720e-01
8.700000000000000e-01 5.219825093111814e+00 9.998930026913062e-01
8.750000000000000e-01 5.352009083673925e+00 1.002333085599697e+00
8.800000000000000e-01 5.487538254136007e+00 1.004707151210569e+00
8.850000000000000e-01 5.626497314641444e+00 1.007017151100954e+00
8.900000000000000e-01 5.768973119126561e+00 1.009264969644927e+00
8.950000000000000e-01 5.915054719607133e+00 1.011452426888603e+00
9.000000000000000e-01 6.064833421838831e+00 1.013581281268693e+00
9.050000000000000e-01 6.218402842386253e+00 1.015653232185146e+00
9.100000000000000e-01 6.375858967136348e+00 1.017669922437598e+00
9.150000000000000e-01 6.537300211292723e+00 1.019632940534559e+00
9.200000000000000e-01 6.702827480888332e+00 1.021543822883575e+00
9.250000000000000e-01 6.872544235855034e+00 1.023404055869977e+00
9.300000000000000e-01 7.046556554689444e+00 1.025215077831238e+00
9.350000000000001e-01 7.224973200755413e+00 1.026978280933433e+00
9.400000000000001e-01 7.407905690264673e+00 1.028695012955829e+00
9.450000000000001e-01 7.595468361978146e+00 1.030366578989171e+00
9.500000000000001e-01 7.787778448671316e+00 1.031994243052837e+00
9.550000000000001e-01 7.984956150408610e+00 1.033579229635666e+00
9.600000000000000e-01 8.187124709672272e+00 1.035122725164924e+00
9.650000000000000e-01 8.394410488393007e+00 1.036625879407543e+00
9.700000000000000e-01 8.606943046930221e+00 1.038089806807519e+00
9.750000000000000e-01 8.824855225051540e+00 1.039515587763047e+00
9.800000000000000e-01 9.048283224961922e+00 1.040904269846771e+00
9.850000000000000e-01 9.277366696434507e+00 1.042256868972257e+00
9.900000000000000e-01 9.512248824096272e+00 1.043574370509639e+00
9.950000000000000e-01 9.753076416923058e+00 1.044857730353163e+00
1.000000000000000e+00 1.000000000000000e+01 1.046107875943177e+00
