0.000000000000000e+00 0.000000000000000e+00 4.565003794514405e-03
5.000000000000000e-03 3.369477419287315e-03 4.565181675961316e-03
1.000000000000000e-02 6.741060871647481e-03 4.565657080663510e-03
1.500000000000000e-02 1.011685770649257e-02 4.566451846123517e-03
2.000000000000000e-02 1.349897790673588e-02 4.567567338419601e-03
2.500000000000000e-02 1.688953540759990e-02 4.569006447600472e-03
3.000000000000000e-02 2.029064941789469e-02 4.570773625321786e-03
3.500000000000000e-02 2.370444574459234e-02 4.572873680111587e-03
4.000000000000000e-02 2.713305812152553e-02 4.575312143893351e-03
4.500000000000000e-02 3.057862954304063e-02 4.578095947194762e-03
5.000000000000000e-02 3.404331360343898e-02 4.581232944717195e-03
5.500000000000000e-02 3.752927584304335e-02 4.584731619926153e-03
6.000000000000000e-02 4.103869510173117e-02 4.588601754431321e-03
6.500000000000000e-02 4.457376488078044e-02 4.592854437726456e-03
7.000000000000001e-02 4.813669471387935e-02 4.597501438290947e-03
7.500000000000000e-02 5.172971154815675e-02 4.602555592817477e-03
8.000000000000000e-02 5.535506113609672e-02 4.608031459532963e-03
8.500000000000001e-02 5.901500943920686e-02 4.613944733586115e-03
9.000000000000000e-02 6.271184404431801e-02 4.620311913940018e-03
9.500000000000000e-02 6.644787559340060e-02 4.627151161669889e-03
1.000000000000000e-01 7.022543922779090e-02 4.634482476139537e-03
1.050000000000000e-01 7.404689604773053e-02 4.642326962833878e-03
1.100000000000000e-01 7.791463458813094e-02 4.650707147398066e-03
1.150000000000000e-01 8.183107231148547e-02 4.659647720351323e-03
1.200000000000000e-01 8.579865711886202e-02 4.669175124736497e-03
1.250000000000000e-01 8.981986887992111e-02 4.679317272535162e-03
1.300000000000000e-01 9.389722098291493e-02 4.690104392993968e-03
1.350000000000000e-01 9.803326190563690e-02 4.701569230455590e-03
1.400000000000000e-01 1.022305768083033e-01 4.713746359764801e-03
1.450000000000000e-01 1.064917891493625e-01 4.726672584426461e-03
1.500000000000000e-01 1.108195623252418e-01 4.740387956981908e-03
1.550000000000000e-01 1.152166013350572e-01 4.754935453440861e-03
1.600000000000000e-01 1.196856544713255e-01 4.770360380603803e-03
1.650000000000000e-01 1.242295150377370e-01 4.786711305263497e-03
1.700000000000000e-01 1.288510230950609e-01 4.804041033849394e-03
1.750000000000000e-01 1.335530672362758e-01 4.822406043655036e-03
1.800000000000000e-01 1.383385863920344e-01 4.841866112189151e-03
1.850000000000000e-01 1.432105716675912e-01 4.862485554654149e-03
1.900000000000000e-01 1.481720682123397e-01 4.884334235085263e-03
1.950000000000000e-01 1.532261771231311e-01 4.907487018370969e-03
2.000000000000000e-01 1.583760573825595e-01 4.932023537678768e-03
2.050000000000000e-01 1.636249278334301e-01 4.958029620179820e-03
2.100000000000000e-01 1.689760691906397e-01 4.985598587642484e-03
2.150000000000000e-01 1.744328260917313e-01 5.014830975355078e-03
2.200000000000000e-01 1.799986091874004e-01 5.045834339063744e-03
2.250000000000000e-01 1.856768972732633e-01 5.078724740139444e-03
2.300000000000000e-01 1.914712394642179e-01 5.113628520971200e-03
2.350000000000000e-01 1.973852574127551e-01 5.150682773795635e-03
2.400000000000000e-01 2.034226475726105e-01 5.190035534468287e-03
2.450000000000000e-01 2.095871835091678e-01 5.231846998656924e-03
2.500000000000000e-01 2.158827182580599e-01 5.276291346588205e-03
2.550000000000000e-01 2.223131867334419e-01 5.323558735176330e-03
2.600000000000000e-01 2.288826081874405e-01 5.373857173449952e-03
2.650000000000000e-01 2.355950887223172e-01 5.427413567217087e-03
2.700000000000000e-01 2.424548238569160e-01 5.484475143302628e-03
2.750000000000000e-01 2.494661011489995e-01 5.545312794916745e-03
2.800000000000000e-01 2.566333028751116e-01 5.610224612343486e-03
2.850000000000000e-01 2.639609087696434e-01 5.679539057506567e-03
2.900000000000000e-01 2.714534988248126e-01 5.753619146268908e-03
2.950000000000000e-01 2.791157561533084e-01 5.832866160232998e-03
3.000000000000000e-01 2.869524699153886e-01 5.917724068792887e-03
3.050000000000000e-01 2.949685383122613e-01 6.008686124393580e-03
3.100000000000000e-01 3.031689716476197e-01 6.106301293053226e-03
3.150000000000000e-01 3.115588954592450e-01 6.211183105619134e-03
3.200000000000000e-01 3.201435537226349e-01 6.324019429901522e-03
3.250000000000000e-01 3.289283121286580e-01 6.445583726513738e-03
3.300000000000000e-01 3.379186614372866e-01 6.576749060445467e-03
3.350000000000000e-01 3.471202209094989e-01 6.718503927257454e-03
3.400000000000000e-01 3.565387418195016e-01 6.871972163373281e-03
3.450000000000000e-01 3.661801110494620e-01 7.038436375172043e-03
3.500000000000000e-01 3.760503547690021e-01 7.219366963938639e-03
3.550000000000000e-01 3.861556422017504e-01 7.416457405438398e-03
3.600000000000000e-01 3.965022894813072e-01 7.631667966785358e-03
3.650000000000000e-01 4.070967635990345e-01 7.867279968070797e-03
3.700000000000000e-01 4.179456864461349e-01 8.125963837832062e-03
3.750000000000000e-01 4.290558389525505e-01 8.410865131771849e-03
3.800000000000000e-01 4.404341653252637e-01 8.725714318901380e-03
3.850000000000000e-01 4.520877773886537e-01 9.074968317836737e-03
3.900000000000000e-01 4.640239590296172e-01 9.463995000055804e-03
3.950000000000000e-01 4.762501707502353e-01 9.899316616892454e-03
4.000000000000000e-01 4.887740543308307e-01 1.038893523310445e-02
4.050000000000000e-01 5.016034376063282e-01 1.094277414329413e-02
4.100000000000000e-01 5.147463393589066e-01 1.157328625619764e-02
4.150000000000000e-01 5.282109743299990e-01 1.229630759322314e-02
4.200000000000000e-01 5.420057583547735e-01 1.313227851754464e-02
4.250000000000000e-01 5.561393136223041e-01 1.410803014978377e-02
4.300000000000000e-01 5.706204740647189e-01 1.525946327332090e-02
4.350000000000000e-01 5.854582908786964e-01 1.663568005463830e-02
4.400000000000000e-01 6.006620381827575e-01 1.830556300551296e-02
4.450000000000000e-01 6.162412188138907e-01 2.036863820404722e-02
4.500000000000000e-01 6.322055702671360e-01 2.297376931395964e-02
4.550000000000000e-01 6.485650707818353e-01 2.635285919886894e-02
4.600000000000000e-01 6.653299455783577e-01 3.088476951084513e-02
4.650000000000000e-01 6.825106732491932e-01 3.722281754329570e-02
4.700000000000000e-01 7.001179923084168e-01 4.655814488239855e-02
4.750000000000000e-01 7.181629079036070e-01 6.114856312069052e-02
4.800000000000000e-01 7.366566986944229e-01 8.512106476619483e-02
4.850000000000000e-01 7.556109239021327e-01 1.241014563716071e-01
4.900000000000000e-01 7.750374305345038e-01 1.787217154991624e-01
4.950000000000000e-01 7.949483607905672e-01 2.364010915709172e-01
5.000000000000000e-01 8.153561596498893e-01 2.846871549050914e-01
5.050000000000000e-01 8.362735826510871e-01 3.240959245752846e-01
5.100000000000000e-01 8.577137038644561e-01 3.583096994916919e-01
5.150000000000000e-01 8.796899240636907e-01 3.889538436591627e-01
5.200000000000000e-01 9.022159791018011e-01 4.167833541041471e-01
5.250000000000000e-01 9.253059484964714e-01 4.423752169240832e-01
5.300000000000000e-01 9.489742642302165e-01 4.661078857488617e-01
5.350000000000000e-01 9.732357197708378e-01 4.882522510399892e-01
5.400000000000000e-01 9.981054793178262e-01 5.090241710823085e-01
5.450000000000000e-01 1.023599087280478e+00 5.285893118518012e-01
5.500000000000000e-01 1.049732477993657e+00 5.470824231178234e-01
5.550000000000000e-01 1.076521985677273e+00 5.646148234056553e-01
5.600000000000001e-01 1.103984354645701e+00 5.812789750823939e-01
5.650000000000001e-01 1.132136749773522e+00 5.971535477585757e-01
5.700000000000001e-01 1.160996767224129e+00 6.123058261031611e-01
5.750000000000001e-01 1.190582445447902e+00 6.267939900064585e-01
5.800000000000000e-01 1.220912276456826e+00 6.406688203798052e-01
5.850000000000000e-01 1.252005217382601e+00 6.539748991629726e-01
5.900000000000000e-01 1.283880702325469e+00 6.667516496145571e-01
5.950000000000000e-01 1.316558654501151e+00 6.790341158462841e-01
6.000000000000000e-01 1.350059498693518e+00 6.908535974936078e-01
6.050000000000000e-01 1.384404174020732e+00 7.022381697930800e-01
6.100000000000000e-01 1.419614147022888e+00 7.132131026410049e-01
6.150000000000000e-01 1.455711425079295e+00 7.238012098084914e-01
6.200000000000000e-01 1.492718570163803e+00 7.340231382791654e-01
6.250000000000000e-01 1.530658712946775e+00 7.438976104845265e-01
6.300000000000000e-01 1.569555567252506e+00 7.534416290629710e-01
6.350000000000000e-01 1.609433444881138e+00 7.626706509058713e-01
6.400000000000000e-01 1.650317270804325e+00 7.715987367401863e-01
6.450000000000000e-01 1.692232598744148e+00 7.802386811120153e-01
6.500000000000000e-01 1.735205627145031e+00 7.886021269787711e-01
6.550000000000000e-01 1.779263215548615e+00 7.966996686194089e-01
6.600000000000000e-01 1.824432901381847e+00 8.045409461814343e-01
6.650000000000000e-01 1.870742917168772e+00 8.121347349661625e-01
6.700000000000000e-01 1.918222208176775e+00 8.194890324118534e-01
6.750000000000000e-01 1.966900450508319e+00 8.266111456616256e-01
6.800000000000000e-01 2.016808069649473e+00 8.335077825645988e-01
6.850000000000001e-01 2.067976259486829e+00 8.401851489155600e-01
6.900000000000001e-01 2.120437001804702e+00 8.466490546471991e-01
6.950000000000001e-01 2.174223086274785e+00 8.529050314929008e-01
7.000000000000001e-01 2.229368130950753e+00 8.589584642687057e-01
7.050000000000000e-01 2.285906603280654e+00 8.648147372991187e-01
7.100000000000000e-01 2.343873841650178e+00 8.704793965421698e-01
7.150000000000000e-01 2.403306077470301e+00 8.759583265618370e-01
7.200000000000000e-01 2.464240457823092e+00 8.812579395700562e-01
7.250000000000000e-01 2.526715068679855e+00 8.863853712688247e-01
7.300000000000000e-01 2.590768958706095e+00 8.913486751804318e-01
7.350000000000000e-01 2.656442163668210e+00 8.961570036713707e-01
7.400000000000000e-01 2.723775731457148e+00 9.008207601915986e-01
7.450000000000000e-01 2.792811747744667e+00 9.053517037517114e-01
7.500000000000000e-01 2.863593362288260e+00 9.097629838750015e-01
7.550000000000000e-01 2.936164815901156e+00 9.140690828183079e-01
7.600000000000000e-01 3.010571468104263e+00 9.182856424015758e-01
7.650000000000000e-01 3.086859825477351e+00 9.224291558736378e-01
7.700000000000000e-01 3.165077570727174e+00 9.265165112203625e-01
7.750000000000000e-01 3.245273592490716e+00 9.305643812731604e-01
7.800000000000000e-01 3.327498015892184e+00 9.345884677360637e-01
7.850000000000000e-01 3.411802233872832e+00 9.386026205295238e-01
7.900000000000000e-01 3.498238939313234e+00 9.426178704243663e-01
7.950000000000000e-01 3.586862157968046e+00 9.466414317849356e-01
8.000000000000000e-01 3.677727282233856e+00 9.506757534628387e-01
8.050000000000000e-01 3.770891105771243e+00 9.547177193623436e-01
8.100000000000001e-01 3.866411859002656e+00 9.587581248347233e-01
8.150000000000001e-01 3.964349245508326e+00 9.627815772117582e-01
8.200000000000001e-01 4.064764479342956e+00 9.667669794474423e-01
8.250000000000001e-01 4.167720323296481e+00 9.706887375083771e-01
8.300000000000001e-01 4.273281128122877e+00 9.745187597654104e-01
8.350000000000000e-01 4.381512872761445e+00 9.782291688230087e-01
8.400000000000000e-01 4.492483205575838e+00 9.817954286267436e-01
8.450000000000000e-01 4.606261486636447e+00 9.851993587123414e-01
8.500000000000000e-01 4.722918831072739e+00 9.884313698682923e-01
8.550000000000000e-01 4.842528153522501e+00 9.914913240648197e-01
8.600000000000000e-01 4.965164213705875e+00 9.943877382447864e-01
8.650000000000000e-01 5.090903663152626e+00 9.971355294718596e-01
8.700000000000000e-01 5.219825093111814e+00 9.997529405146685e-01
8.750000000000000e-01 5.352009083673925e+00 1.002258486345562e+00
8.800000000000000e-01 5.487538254136007e+00 1.004668637761033e+00
8.850000000000000e-01 5.626497314641444e+00 1.006996593515294e+00
8.900000000000000e-01 5.768973119126561e+00 1.009252081982423e+00
8.950000000000000e-01 5.915054719607133e+00 1.011441857880158e+00
9.000000000000000e-01 6.064833421838831e+00 1.013570490480853e+00
9.050000000000000e-01 6.218402842386253e+00 1.015641131813638e+00
9.100000000000000e-01 6.375858967136348e+00 1.017656106353971e+00
9.150000000000000e-01 6.537300211292723e+00 1.019617292927141e+00
9.200000000000000e-01 6.702827480888332e+00 1.021526339769328e+00
9.250000000000000e-01 6.872544235855034e+00 1.023384771748619e+00
9.300000000000000e-01 7.046556554689444e+00 1.025194038488225e+00
9.350000000000001e-01 7.224973200755413e+00 1.026955534344905e+00
9.400000000000001e-01 7.407905690264673e+00 1.028670606563043e+00
9.450000000000001e-01 7.595468361978146e+00 1.030340558988148e+00
9.500000000000001e-01 7.787778448671316e+00 1.031966654257532e+00
9.550000000000001e-01 7.984956150408610e+00 1.033550115487184e+00
9.600000000000000e-01 8.187124709672272e+00 1.035092127772966e+00
9.650000000000000e-01 8.394410488393007e+00 1.036593839596905e+00
9.700000000000000e-01 8.606943046930221e+00 1.038056364163836e+00
9.750000000000000e-01 8.824855225051540e+00 1.039480780676756e+00
9.800000000000000e-01 9.048283224961922e+00 1.040868135555185e+00
9.850000000000000e-01 9.277366696434507e+00 1.042219443599835e+00
9.900000000000000e-01 9.512248824096272e+00 1.043535689106540e+00
9.950000000000000e-01 9.753076416923058e+00 1.044817826932164e+00
1.000000000000000e+00 1.000000000000000e+01 1.046066783515055e+00
