0.000000000000000e+00 0.000000000000000e+00 1.109196334759024e-02
5.000000000000000e-03 3.369477419287315e-03 1.109238016719364e-02
1.000000000000000e-02 6.741060871647481e-03 1.109349479945792e-02
1.500000000000000e-02 1.011685770649257e-02 1.109535926575225e-02
2.000000000000000e-02 1.349897790673588e-02 1.109797611337166e-02
2.500000000000000e-02 1.688953540759990e-02 1.110135196304298e-02
3.000000000000000e-02 2.029064941789469e-02 1.110549718128838e-02
3.500000000000000e-02 2.370444574459234e-02 1.111042289223749e-02
4.000000000000000e-02 2.713305812152553e-02 1.111614248246312e-02
4.500000000000000e-02 3.057862954304063e-02 1.112267214119458e-02
5.000000000000000e-02 3.404331360343898e-02 1.113002954715313e-02
5.500000000000000e-02 3.752927584304335e-02 1.113823474222808e-02
6.000000000000000e-02 4.103869510173117e-02 1.114731112156693e-02
6.500000000000000e-02 4.457376488078044e-02 1.115728401948808e-02
7.000000000000001e-02 4.813669471387935e-02 1.116818061580098e-02
7.500000000000000e-02 5.172971154815675e-02 1.118003160877081e-02
8.000000000000000e-02 5.535506113609672e-02 1.119287078429755e-02
8.500000000000001e-02 5.901500943920686e-02 1.120673387614012e-02
9.000000000000000e-02 6.271184404431801e-02 1.122165991994336e-02
9.500000000000000e-02 6.644787559340060e-02 1.123769198972096e-02
1.000000000000000e-01 7.022543922779090e-02 1.125487573286136e-02
1.050000000000000e-01 7.404689604773053e-02 1.127325974663109e-02
1.100000000000000e-01 7.791463458813094e-02 1.129289755371179e-02
1.150000000000000e-01 8.183107231148547e-02 1.131384680344925e-02
1.200000000000000e-01 8.579865711886202e-02 1.133616788875237e-02
1.250000000000000e-01 8.981986887992111e-02 1.135992582734320e-02
1.300000000000000e-01 9.389722098291493e-02 1.138519179154461e-02
1.350000000000000e-01 9.803326190563690e-02 1.141204135623051e-02
1.400000000000000e-01 1.022305768083033e-01 1.144055407555501e-02
1.450000000000000e-01 1.064917891493625e-01 1.147081604124368e-02
1.500000000000000e-01 1.108195623252418e-01 1.150292052242334e-02
1.550000000000000e-01 1.152166013350572e-01 1.153696619369126e-02
1.600000000000000e-01 1.196856544713255e-01 1.157305780701288e-02
1.650000000000000e-01 1.242295150377370e-01 1.161130875447911e-02
1.700000000000000e-01 1.288510230950609e-01 1.165184109180671e-02
1.750000000000000e-01 1.335530672362758e-01 1.169478422901327e-02
1.800000000000000e-01 1.383385863920344e-01 1.174027633885126e-02
1.850000000000000e-01 1.432105716675912e-01 1.178846690109156e-02
1.900000000000000e-01 1.481720682123397e-01 1.183951674220059e-02
1.950000000000000e-01 1.532261771231311e-01 1.189359710537854e-02
2.000000000000000e-01 1.583760573825595e-01 1.195089127408899e-02
2.050000000000000e-01 1.636249278334301e-01 1.201159759287560e-02
2.100000000000000e-01 1.689760691906397e-01 1.207593039482709e-02
2.150000000000000e-01 1.744328260917313e-01 1.214411917967437e-02
2.200000000000000e-01 1.799986091874004e-01 1.221640978716586e-02
2.250000000000000e-01 1.856768972732633e-01 1.229306841163953e-02
2.300000000000000e-01 1.914712394642179e-01 1.237438455050687e-02
2.350000000000000e-01 1.973852574127551e-01 1.246067066372262e-02
2.400000000000000e-01 2.034226475726105e-01 1.255226261207501e-02
2.450000000000000e-01 2.095871835091678e-01 1.264952418997554e-02
2.500000000000000e-01 2.158827182580599e-01 1.275285211641168e-02
2.550000000000000e-01 2.223131867334419e-01 1.286267845235750e-02
2.600000000000000e-01 2.288826081874405e-01 1.297947311239145e-02
2.650000000000000e-01 2.355950887223172e-01 1.310374727762937e-02
2.700000000000000e-01 2.424548238569160e-01 1.323605737878255e-02
2.750000000000000e-01 2.494661011489995e-01 1.337701247921020e-02
2.800000000000000e-01 2.566333028751116e-01 1.352728235541033e-02
2.850000000000000e-01 2.639609087696434e-01 1.368760294816345e-02
2.900000000000000e-01 2.714534988248126e-01 1.385878421539323e-02
2.950000000000000e-01 2.791157561533084e-01 1.404171883442823e-02
3.000000000000000e-01 2.869524699153886e-01 1.423739110402287e-02
3.050000000000000e-01 2.949685383122613e-01 1.444689137971243e-02
3.100000000000000e-01 3.031689716476197e-01 1.467142983640300e-02
3.150000000000000e-01 3.115588954592450e-01 1.491235416066367e-02
3.200000000000000e-01 3.201435537226349e-01 1.517116995335199e-02
3.250000000000000e-01 3.289283121286580e-01 1.544956312329085e-02
3.300000000000000e-01 3.379186614372866e-01 1.574942827175385e-02
3.350000000000000e-01 3.471202209094989e-01 1.607290033979353e-02
3.400000000000000e-01 3.565387418195016e-01 1.642239410900201e-02
3.450000000000000e-01 3.661801110494620e-01 1.680065039998527e-02
3.500000000000000e-01 3.760503547690021e-01 1.721079258857435e-02
3.550000000000000e-01 3.861556422017504e-01 1.765639468460723e-02
3.600000000000000e-01 3.965022894813072e-01 1.814156462753760e-02
3.650000000000000e-01 4.070967635990345e-01 1.867104641555466e-02
3.700000000000000e-01 4.179456864461349e-01 1.925034639959223e-02
3.750000000000000e-01 4.290558389525505e-01 1.988589050446186e-02
3.800000000000000e-01 4.404341653252637e-01 2.058522152898619e-02
3.850000000000000e-01 4.520877773886537e-01 2.135724879936301e-02
3.900000000000000e-01 4.640239590296172e-01 2.221256691192504e-02
3.950000000000000e-01 4.762501707502353e-01 2.316386660283456e-02
4.000000000000000e-01 4.887740543308307e-01 2.422646985367223e-02
4.050000000000000e-01 5.016034376063282e-01 2.541903455101915e-02
4.100000000000000e-01 5.147463393589066e-01 2.676449352862568e-02
4.150000000000000e-01 5.282109743299990e-01 2.829132205300884e-02
4.200000000000000e-01 5.420057583547735e-01 3.003527226467162e-02
4.250000000000000e-01 5.561393136223041e-01 3.204178169323798e-02
4.300000000000000e-01 5.706204740647189e-01 3.436937038655277e-02
4.350000000000000e-01 5.854582908786964e-01 3.709451157542180e-02
4.400000000000000e-01 6.006620381827575e-01 4.031873361915889e-02
4.450000000000000e-01 6.162412188138907e-01 4.417914890906480e-02
4.500000000000000e-01 6.322055702671360e-01 4.886429981709296e-02
4.550000000000000e-01 6.485650707818353e-01 5.463826426070029e-02
4.600000000000000e-01 6.653299455783577e-01 6.187735871567938e-02
4.650000000000000e-01 6.825106732491932e-01 7.112485319531568e-02
4.700000000000000e-01 7.001179923084168e-01 8.316673533752475e-02
4.750000000000000e-01 7.181629079036070e-01 9.911487884155795e-02
4.800000000000000e-01 7.366566986944229e-01 1.204244550733328e-01
4.850000000000000e-01 7.556109239021327e-01 1.486304739162443e-01
4.900000000000000e-01 7.750374305345038e-01 1.844511041297723e-01
4.950000000000000e-01 7.949483607905672e-01 2.263465448008122e-01
5.000000000000000e-01 8.153561596498893e-01 2.701361697387440e-01
5.050000000000000e-01 8.362735826510871e-01 3.113329173055697e-01
5.100000000000000e-01 8.577137038644561e-01 3.478997572605581e-01
5.150000000000000e-01 8.796899240636907e-01 3.801302693094348e-01
5.200000000000000e-01 9.022159791018011e-01 4.089921743452258e-01
5.250000000000000e-01 9.253059484964714e-01 4.352662830737904e-01
5.300000000000000e-01 9.489742642302165e-01 4.594794258153290e-01
5.350000000000000e-01 9.732357197708378e-01 4.819966056139510e-01
5.400000000000000e-01 9.981054793178262e-01 5.030789504802334e-01
5.450000000000000e-01 1.023599087280478e+00 5.229195538319716e-01
5.500000000000000e-01 1.049732477993657e+00 5.416670261078045e-01
5.550000000000000e-01 1.076521985677273e+00 5.594393289674482e-01
5.600000000000001e-01 1.103984354645701e+00 5.763323769912914e-01
5.650000000000001e-01 1.132136749773522e+00 5.924257767223537e-01
5.700000000000001e-01 1.160996767224129e+00 6.077866776919468e-01
5.750000000000001e-01 1.190582445447902e+00 6.224724698641751e-01
5.800000000000000e-01 1.220912276456826e+00 6.365327434232559e-01
5.850000000000000e-01 1.252005217382601e+00 6.500107410850234e-01
5.900000000000000e-01 1.283880702325469e+00 6.629444628444129e-01
5.950000000000000e-01 1.316558654501151e+00 6.753675244329559e-01
6.000000000000000e-01 1.350059498693518e+00 6.873098363718850e-01
6.050000000000000e-01 1.384404174020732e+00 6.987981509754393e-01
6.100000000000000e-01 1.419614147022888e+00 7.098565105151081e-01
6.150000000000000e-01 1.455711425079295e+00 7.205066206466183e-01
6.200000000000000e-01 1.492718570163803e+00 7.307681670561216e-01
6.250000000000000e-01 1.530658712946775e+00 7.406590888943094e-01
6.300000000000000e-01 1.569555567252506e+00 7.501958194683458e-01
6.350000000000000e-01 1.609433444881138e+00 7.593935023899601e-01
6.400000000000000e-01 1.650317270804325e+00 7.682661896564503e-01
6.450000000000000e-01 1.692232598744148e+00 7.768270267856768e-01
6.500000000000000e-01 1.735205627145031e+00 7.850884289937845e-01
6.550000000000000e-01 1.779263215548615e+00 7.930622513914460e-01
6.600000000000000e-01 1.824432901381847e+00 8.007599552000333e-01
6.650000000000000e-01 1.870742917168772e+00 8.081927709899395e-01
6.700000000000000e-01 1.918222208176775e+00 8.153718588719832e-01
6.750000000000000e-01 1.966900450508319e+00 8.223084643989734e-01
6.800000000000000e-01 2.016808069649473e+00 8.290140676476495e-01
6.850000000000001e-01 2.067976259486829e+00 8.355005215655568e-01
6.900000000000001e-01 2.120437001804702e+00 8.417801742268154e-01
6.950000000000001e-01 2.174223086274785e+00 8.478659682224966e-01
7.000000000000001e-01 2.229368130950753e+00 8.537715091273027e-01
7.050000000000000e-01 2.285906603280654e+00 8.595110939771489e-01
7.100000000000000e-01 2.343873841650178e+00 8.650996901259403e-01
7.150000000000000e-01 2.403306077470301e+00 8.705528548935441e-01
7.200000000000000e-01 2.464240457823092e+00 8.758865872250738e-01
7.250000000000000e-01 2.526715068679855e+00 8.811171042736762e-01
7.300000000000000e-01 2.590768958706095e+00 8.862605384657727e-01
7.350000000000000e-01 2.656442163668210e+00 8.913325542303556e-01
7.400000000000000e-01 2.723775731457148e+00 8.963478881609133e-01
7.450000000000000e-01 2.792811747744667e+00 9.013198219189765e-01
7.500000000000000e-01 2.863593362288260e+00 9.062596037121954e-01
7.550000000000000e-01 2.936164815901156e+00 9.111758417854379e-01
7.600000000000000e-01 3.010571468104263e+00 9.160739022010803e-01
7.650000000000000e-01 3.086859825477351e+00 9.209553533605379e-01
7.700000000000000e-01 3.165077570727174e+00 9.258175110780897e-01
7.750000000000000e-01 3.245273592490716e+00 9.306531497764081e-01
7.800000000000000e-01 3.327498015892184e+00 9.354504555942559e-01
7.850000000000000e-01 3.411802233872832e+00 9.401933021704757e-01
7.900000000000000e-01 3.498238939313234e+00 9.448619236325070e-01
7.950000000000000e-01 3.586862157968046e+00 9.494340339217833e-01
8.000000000000000e-01 3.677727282233856e+00 9.538863891078432e-01
8.050000000000000e-01 3.770891105771243e+00 9.581967065394171e-01
8.100000000000001e-01 3.866411859002656e+00 9.623457497772763e-01
8.150000000000001e-01 3.964349245508326e+00 9.663192864587727e-01
8.200000000000001e-01 4.064764479342956e+00 9.701095681430487e-01
8.250000000000001e-01 4.167720323296481e+00 9.737160092151665e-01
8.300000000000001e-01 4.273281128122877e+00 9.771448769880601e-01
8.350000000000000e-01 4.381512872761445e+00 9.804080252390743e-01
8.400000000000000e-01 4.492483205575838e+00 9.835209409621151e-01
8.450000000000000e-01 4.606261486636447e+00 9.865005407536787e-01
8.500000000000000e-01 4.722918831072739e+00 9.893631827824380e-01
8.550000000000000e-01 4.842528153522501e+00 9.921232445102159e-01
8.600000000000000e-01 4.965164213705875e+00 9.947924099176282e-01
8.650000000000000e-01 5.090903663152626e+00 9.973796004182471e-01
8.700000000000000e-01 5.219825093111814e+00 9.998913456716666e-01
8.750000000000000e-01 5.352009083673925e+00 1.002332353616292e+00
8.800000000000000e-01 5.487538254136007e+00 1.004706084567335e+00
8.850000000000000e-01 5.626497314641444e+00 1.007015217375270e+00
8.900000000000000e-01 5.768973119126561e+00 1.009261973776906e+00
8.950000000000000e-01 5.915054719607133e+00 1.011448317100865e+00
9.000000000000000e-01 6.064833421838831e+00 1.013576061199676e+00
9.050000000000000e-01 6.218402842386253e+00 1.015646924677536e+00
9.100000000000000e-01 6.375858967136348e+00 1.017662555956468e+00
9.150000000000000e-01 6.537300211292723e+00 1.019624544541859e+00
9.200000000000000e-01 6.702827480888332e+00 1.021534426420649e+00
9.250000000000000e-01 6.872544235855034e+00 1.023393687180749e+00
9.300000000000000e-01 7.046556554689444e+00 1.025203764290785e+00
9.350000000000001e-01 7.224973200755413e+00 1.026966049057003e+00
9.400000000000001e-01 7.407905690264673e+00 1.028681888426181e+00
9.450000000000001e-01 7.595468361978146e+00 1.030352586686768e+00
9.500000000000001e-01 7.787778448671316e+00 1.031979407085470e+00
9.550000000000001e-01 7.984956150408610e+00 1.033563573366859e+00
9.600000000000000e-01 8.187124709672272e+00 1.035106271241064e+00
9.650000000000000e-01 8.394410488393007e+00 1.036608649783799e+00
9.700000000000000e-01 8.606943046930221e+00 1.038071822772597e+00
9.750000000000000e-01 8.824855225051540e+00 1.039496869962860e+00
9.800000000000000e-01 9.048283224961922e+00 1.040884838307073e+00
9.850000000000000e-01 9.277366696434507e+00 1.042236743120301e+00
9.900000000000000e-01 9.512248824096272e+00 1.043553569194914e+00
9.950000000000000e-01 9.753076416923058e+00 1.044836271867247e+00
1.000000000000000e+00 1.000000000000000e+01 1.046085778038770e+00
