0.000000000000000e+00 0.000000000000000e+00 2.127575284976919e-01
5.000000000000000e-03 3.369477419287315e-03 2.127580910210410e-01
1.000000000000000e-02 6.741060871647481e-03 2.127595997446232e-01
1.500000000000000e-02 1.011685770649257e-02 2.127621315761075e-01
2.000000000000000e-02 1.349897790673588e-02 2.127656859680509e-01
2.500000000000000e-02 1.688953540759990e-02 2.127702720703928e-01
3.000000000000000e-02 2.029064941789469e-02 2.127759122774941e-01
3.500000000000000e-02 2.370444574459234e-02 2.127826284688046e-01
4.000000000000000e-02 2.713305812152553e-02 2.127904399458938e-01
4.500000000000000e-02 3.057862954304063e-02 2.127993718282231e-01
5.000000000000000e-02 3.404331360343898e-02 2.128094590972727e-01
5.500000000000000e-02 3.752927584304335e-02 2.128207410239694e-01
6.000000000000000e-02 4.103869510173117e-02 2.128332580823641e-01
6.500000000000000e-02 4.457376488078044e-02 2.128470538370840e-01
7.000000000000001e-02 4.813669471387935e-02 2.128621751776247e-01
7.500000000000000e-02 5.172971154815675e-02 2.128786761627983e-01
8.000000000000000e-02 5.535506113609672e-02 2.128966234145398e-01
8.500000000000001e-02 5.901500943920686e-02 2.129160882569020e-01
9.000000000000000e-02 6.271184404431801e-02 2.129371442296880e-01
9.500000000000000e-02 6.644787559340060e-02 2.129598725713649e-01
1.000000000000000e-01 7.022543922779090e-02 2.129843563498068e-01
1.050000000000000e-01 7.404689604773053e-02 2.130106877052952e-01
1.100000000000000e-01 7.791463458813094e-02 2.130389682831128e-01
1.150000000000000e-01 8.183107231148547e-02 2.130693076850258e-01
1.200000000000000e-01 8.579865711886202e-02 2.131018281462490e-01
1.250000000000000e-01 8.981986887992111e-02 2.131366605809802e-01
1.300000000000000e-01 9.389722098291493e-02 2.131739486048666e-01
1.350000000000000e-01 9.803326190563690e-02 2.132138468466794e-01
1.400000000000000e-01 1.022305768083033e-01 2.132565232852862e-01
1.450000000000000e-01 1.064917891493625e-01 2.133021595009574e-01
1.500000000000000e-01 1.108195623252418e-01 2.133509522154253e-01
1.550000000000000e-01 1.152166013350572e-01 2.134031143814815e-01
1.600000000000000e-01 1.196856544713255e-01 2.134588766333770e-01
1.650000000000000e-01 1.242295150377370e-01 2.135184887570529e-01
1.700000000000000e-01 1.288510230950609e-01 2.135822213324500e-01
1.750000000000000e-01 1.335530672362758e-01 2.136503675080930e-01
1.800000000000000e-01 1.383385863920344e-01 2.137232449403204e-01
1.850000000000000e-01 1.432105716675912e-01 2.138011979056907e-01
1.900000000000000e-01 1.481720682123397e-01 2.138845996041280e-01
1.950000000000000e-01 1.532261771231311e-01 2.139738546690527e-01
2.000000000000000e-01 1.583760573825595e-01 2.140694019027533e-01
2.050000000000000e-01 1.636249278334301e-01 2.141717172564756e-01
2.100000000000000e-01 1.689760691906397e-01 2.142813170762867e-01
2.150000000000000e-01 1.744328260917313e-01 2.143987616374010e-01
2.200000000000000e-01 1.799986091874004e-01 2.145246589914078e-01
2.250000000000000e-01 1.856768972732633e-01 2.146596691527011e-01
2.300000000000000e-01 1.914712394642179e-01 2.148045086523847e-01
2.350000000000000e-01 1.973852574127551e-01 2.149599554900112e-01
2.400000000000000e-01 2.034226475726105e-01 2.151268545157144e-01
2.450000000000000e-01 2.095871835091678e-01 2.153061232776090e-01
2.500000000000000e-01 2.158827182580599e-01 2.154987583717571e-01
2.550000000000000e-01 2.223131867334419e-01 2.157058423345471e-01
2.600000000000000e-01 2.288826081874405e-01 2.159285511199737e-01
2.650000000000000e-01 2.355950887223172e-01 2.161681622070667e-01
2.700000000000000e-01 2.424548238569160e-01 2.164260633855669e-01
2.750000000000000e-01 2.494661011489995e-01 2.167037622708866e-01
2.800000000000000e-01 2.566333028751116e-01 2.170028966024164e-01
2.850000000000000e-01 2.639609087696434e-01 2.173252453823122e-01
2.900000000000000e-01 2.714534988248126e-01 2.176727409150282e-01
2.950000000000000e-01 2.791157561533084e-01 2.180474818109944e-01
3.000000000000000e-01 2.869524699153886e-01 2.184517470209667e-01
3.050000000000000e-01 2.949685383122613e-01 2.188880109706444e-01
3.100000000000000e-01 3.031689716476197e-01 2.193589598681118e-01
3.150000000000000e-01 3.115588954592450e-01 2.198675092594457e-01
3.200000000000000e-01 3.201435537226349e-01 2.204168229103554e-01
3.250000000000000e-01 3.289283121286580e-01 2.210103330938754e-01
3.300000000000000e-01 3.379186614372866e-01 2.216517623657737e-01
3.350000000000000e-01 3.471202209094989e-01 2.223451469102853e-01
3.400000000000000e-01 3.565387418195016e-01 2.230948615388046e-01
3.450000000000000e-01 3.661801110494620e-01 2.239056464229648e-01
3.500000000000000e-01 3.760503547690021e-01 2.247826356407194e-01
3.550000000000000e-01 3.861556422017504e-01 2.257313876091306e-01
3.600000000000000e-01 3.965022894813072e-01 2.267579174699313e-01
3.650000000000000e-01 4.070967635990345e-01 2.278687314827736e-01
3.700000000000000e-01 4.179456864461349e-01 2.290708634654015e-01
3.750000000000000e-01 4.290558389525505e-01 2.303719132985205e-01
3.800000000000000e-01 4.404341653252637e-01 2.317800874843048e-01
3.850000000000000e-01 4.520877773886537e-01 2.333042417092978e-01
3.900000000000000e-01 4.640239590296172e-01 2.349539253124949e-01
3.950000000000000e-01 4.762501707502353e-01 2.367394274946247e-01
4.000000000000000e-01 4.887740543308307e-01 2.386718250214165e-01
4.050000000000000e-01 5.016034376063282e-01 2.407630310675042e-01
4.100000000000000e-01 5.147463393589066e-01 2.430258447132746e-01
4.150000000000000e-01 5.282109743299990e-01 2.454740004381119e-01
4.200000000000000e-01 5.420057583547735e-01 2.481222167428029e-01
4.250000000000000e-01 5.561393136223041e-01 2.509862427728944e-01
4.300000000000000e-01 5.706204740647189e-01 2.540829014941011e-01
4.350000000000000e-01 5.854582908786964e-01 2.574301275800885e-01
4.400000000000000e-01 6.006620381827575e-01 2.610469977012906e-01
4.450000000000000e-01 6.162412188138907e-01 2.649537503401387e-01
4.500000000000000e-01 6.322055702671360e-01 2.691717915936631e-01
4.550000000000000e-01 6.485650707818353e-01 2.737236826521035e-01
4.600000000000000e-01 6.653299455783577e-01 2.786331037602440e-01
4.650000000000000e-01 6.825106732491932e-01 2.839247884833525e-01
4.700000000000000e-01 7.001179923084168e-01 2.896244210313668e-01
4.750000000000000e-01 7.181629079036070e-01 2.957584882815350e-01
4.800000000000000e-01 7.366566986944229e-01 3.023540770454057e-01
4.850000000000000e-01 7.556109239021327e-01 3.094386061501290e-01
4.900000000000000e-01 7.750374305345038e-01 3.170394821905779e-01
4.950000000000000e-01 7.949483607905672e-01 3.251836675566280e-01
5.000000000000000e-01 8.153561596498893e-01 3.338971498103832e-01
5.050000000000000e-01 8.362735826510871e-01 3.432043030077713e-01
5.100000000000000e-01 8.577137038644561e-01 3.531271345120571e-01
5.150000000000000e-01 8.796899240636907e-01 3.636844156515394e-01
5.200000000000000e-01 9.022159791018011e-01 3.748907016336506e-01
5.250000000000000e-01 9.253059484964714e-01 3.867552557519004e-01
5.300000000000000e-01 9.489742642302165e-01 3.992809052082819e-01
5.350000000000000e-01 9.732357197708378e-01 4.124628705573037e-01
5.400000000000000e-01 9.981054793178262e-01 4.262876270624416e-01
5.450000000000000e-01 1.023599087280478e+00 4.407318726603503e-01
5.500000000000000e-01 1.049732477993657e+00 4.557616915066823e-01
5.550000000000000e-01 1.076521985677273e+00 4.713320112879669e-01
5.600000000000001e-01 1.103984354645701e+00 4.873864532838849e-01
5.650000000000001e-01 1.132136749773522e+00 5.038576633783580e-01
5.700000000000001e-01 1.160996767224129e+00 5.206681876567872e-01
5.750000000000001e-01 1.190582445447902e+00 5.377319176184331e-01
5.800000000000000e-01 1.220912276456826e+00 5.549560798114418e-01
5.850000000000000e-01 1.252005217382601e+00 5.722436883183601e-01
5.900000000000000e-01 1.283880702325469e+00 5.894963240031013e-01
5.950000000000000e-01 1.316558654501151e+00 6.066170610290000e-01
6.000000000000000e-01 1.350059498693518e+00 6.235133373415542e-01
6.050000000000000e-01 1.384404174020732e+00 6.400995670880743e-01
6.100000000000000e-01 1.419614147022888e+00 6.562993202235223e-01
6.150000000000000e-01 1.455711425079295e+00 6.720469436162466e-01
6.200000000000000e-01 1.492718570163803e+00 6.872885603654143e-01
6.250000000000000e-01 1.530658712946775e+00 7.019824490892163e-01
6.300000000000000e-01 1.569555567252506e+00 7.160988622353599e-01
6.350000000000000e-01 1.609433444881138e+00 7.296193841179880e-01
6.400000000000000e-01 1.650317270804325e+00 7.425359513953497e-01
6.450000000000000e-01 1.692232598744148e+00 7.548496612000324e-01
6.500000000000000e-01 1.735205627145031e+00 7.665694786560073e-01
6.550000000000000e-01 1.779263215548615e+00 7.777109316926861e-01
6.600000000000000e-01 1.824432901381847e+00 7.882948531449074e-01
6.650000000000000e-01 1.870742917168772e+00 7.983462037069577e-01
6.700000000000000e-01 1.918222208176775e+00 8.078929884600530e-01
6.750000000000000e-01 1.966900450508319e+00 8.169652665443401e-01
6.800000000000000e-01 2.016808069649473e+00 8.255942482855244e-01
6.850000000000001e-01 2.067976259486829e+00 8.338114752936622e-01
6.900000000000001e-01 2.120437001804702e+00 8.416480842595131e-01
6.950000000000001e-01 2.174223086274785e+00 8.491341615253302e-01
7.000000000000001e-01 2.229368130950753e+00 8.562982003985748e-01
7.050000000000000e-01 2.285906603280654e+00 8.631666747715092e-01
7.100000000000000e-01 2.343873841650178e+00 8.697637401353361e-01
7.150000000000000e-01 2.403306077470301e+00 8.761110668732356e-01
7.200000000000000e-01 2.464240457823092e+00 8.822278020332437e-01
7.250000000000000e-01 2.526715068679855e+00 8.881306464047666e-01
7.300000000000000e-01 2.590768958706095e+00 8.938340255125035e-01
7.350000000000000e-01 2.656442163668210e+00 8.993503276057897e-01
7.400000000000000e-01 2.723775731457148e+00 9.046901797091556e-01
7.450000000000000e-01 2.792811747744667e+00 9.098627343827297e-01
7.500000000000000e-01 2.863593362288260e+00 9.148759443859298e-01
7.550000000000000e-01 2.936164815901156e+00 9.197368088341742e-01
7.600000000000000e-01 3.010571468104263e+00 9.244515814046477e-01
7.650000000000000e-01 3.086859825477351e+00 9.290259375297906e-01
7.700000000000000e-01 3.165077570727174e+00 9.334651025076357e-01
7.750000000000000e-01 3.245273592490716e+00 9.377739456876545e-01
7.800000000000000e-01 3.327498015892184e+00 9.419570474016968e-01
7.850000000000000e-01 3.411802233872832e+00 9.460187454372602e-01
7.900000000000000e-01 3.498238939313234e+00 9.499631670678499e-01
7.950000000000000e-01 3.586862157968046e+00 9.537942514315715e-01
8.000000000000000e-01 3.677727282233856e+00 9.575157657536589e-01
8.050000000000000e-01 3.770891105771243e+00 9.611313177724903e-01
8.100000000000001e-01 3.866411859002656e+00 9.646443658530123e-01
8.150000000000001e-01 3.964349245508326e+00 9.680582276633691e-01
8.200000000000001e-01 4.064764479342956e+00 9.713760879049715e-01
8.250000000000001e-01 4.167720323296481e+00 9.746010053612293e-01
8.300000000000001e-01 4.273281128122877e+00 9.777359194084490e-01
8.350000000000000e-01 4.381512872761445e+00 9.807836560707930e-01
8.400000000000000e-01 4.492483205575838e+00 9.837469336714779e-01
8.450000000000000e-01 4.606261486636447e+00 9.866283681182080e-01
8.500000000000000e-01 4.722918831072739e+00 9.894304778537079e-01
8.550000000000000e-01 4.842528153522501e+00 9.921556884980651e-01
8.600000000000000e-01 4.965164213705875e+00 9.948063372067308e-01
8.650000000000000e-01 5.090903663152626e+00 9.973846767657336e-01
8.700000000000000e-01 5.219825093111814e+00 9.998928794437117e-01
8.750000000000000e-01 5.352009083673925e+00 1.002333040618619e+00
8.800000000000000e-01 5.487538254136007e+00 1.004707182195414e+00
8.850000000000000e-01 5.626497314641444e+00 1.007017255829650e+00
8.900000000000000e-01 5.768973119126561e+00 1.009265145970595e+00
8.950000000000000e-01 5.915054719607133e+00 1.011452672736415e+00
9.000000000000000e-01 6.064833421838831e+00 1.013581594632896e+00
9.050000000000000e-01 6.218402842386253e+00 1.015653611126238e+00
9.100000000000000e-01 6.375858967136348e+00 1.017670365079656e+00
9.150000000000000e-01 6.537300211292723e+00 1.019633445062698e+00
9.200000000000000e-01 6.702827480888332e+00 1.021544387541539e+00
9.250000000000000e-01 6.872544235855034e+00 1.023404678957849e+00
9.300000000000000e-01 7.046556554689444e+00 1.025215757703260e+00
9.350000000000001e-01 7.224973200755413e+00 1.026979015995936e+00
9.400000000000001e-01 7.407905690264673e+00 1.028695801665257e+00
9.450000000000001e-01 7.595468361978146e+00 1.030367419850203e+00
9.500000000000001e-01 7.787778448671316e+00 1.031995134616594e+00
9.550000000000001e-01 7.984956150408610e+00 1.033580170498005e+00
9.600000000000000e-01 8.187124709672272e+00 1.035123713964800e+00
9.650000000000000e-01 8.394410488393007e+00 1.036626914825457e+00
9.700000000000000e-01 8.606943046930221e+00 1.038090887564028e+00
9.750000000000000e-01 8.824855225051540e+00 1.039516712617343e+00
9.800000000000000e-01 9.048283224961922e+00 1.040905437595317e+00
9.850000000000000e-01 9.277366696434507e+00 1.042258078447488e+00
9.900000000000000e-01 9.512248824096272e+00 1.043575620578715e+00
9.950000000000000e-01 9.753076416923058e+00 1.044859019916775e+00
1.000000000000000e+00 1.000000000000000e+01 1.046109203934404e+00
