0.000000000000000e+00 0.000000000000000e+00 1.844461141324618e-01
5.000000000000000e-03 3.369477419287315e-03 1.844475047558590e-01
1.000000000000000e-02 6.741060871647481e-03 1.844512343765863e-01
1.500000000000000e-02 1.011685770649257e-02 1.844574929654074e-01
2.000000000000000e-02 1.349897790673588e-02 1.844662783185673e-01
2.500000000000000e-02 1.688953540759990e-02 1.844776062373286e-01
3.000000000000000e-02 2.029064941789469e-02 1.844915155774910e-01
3.500000000000000e-02 2.370444574459234e-02 1.845080460993537e-01
4.000000000000000e-02 2.713305812152553e-02 1.845272420591406e-01
4.500000000000000e-02 3.057862954304063e-02 1.845491578766932e-01
5.000000000000000e-02 3.404331360343898e-02 1.845738529522974e-01
5.500000000000000e-02 3.752927584304335e-02 1.846013930470720e-01
6.000000000000000e-02 4.103869510173117e-02 1.846318571594843e-01
6.500000000000000e-02 4.457376488078044e-02 1.846653340138060e-01
7.000000000000001e-02 4.813669471387935e-02 1.847019155881240e-01
7.500000000000000e-02 5.172971154815675e-02 1.847417004855665e-01
8.000000000000000e-02 5.535506113609672e-02 1.847848005028803e-01
8.500000000000001e-02 5.901500943920686e-02 1.848313406517624e-01
9.000000000000000e-02 6.271184404431801e-02 1.848814561866591e-01
9.500000000000000e-02 6.644787559340060e-02 1.849352887871112e-01
1.000000000000000e-01 7.022543922779090e-02 1.849929860538682e-01
1.050000000000000e-01 7.404689604773053e-02 1.850547109777438e-01
1.100000000000000e-01 7.791463458813094e-02 1.851206485025628e-01
1.150000000000000e-01 8.183107231148547e-02 1.851909951840703e-01
1.200000000000000e-01 8.579865711886202e-02 1.852659533720206e-01
1.250000000000000e-01 8.981986887992111e-02 1.853457389509540e-01
1.300000000000000e-01 9.389722098291493e-02 1.854305823630982e-01
1.350000000000000e-01 9.803326190563690e-02 1.855207323705121e-01
1.400000000000000e-01 1.022305768083033e-01 1.856164650336699e-01
1.450000000000000e-01 1.064917891493625e-01 1.857180741372902e-01
1.500000000000000e-01 1.108195623252418e-01 1.858258693342841e-01
1.550000000000000e-01 1.152166013350572e-01 1.859401819450819e-01
1.600000000000000e-01 1.196856544713255e-01 1.860613570351917e-01
1.650000000000000e-01 1.242295150377370e-01 1.861897655443127e-01
1.700000000000000e-01 1.288510230950609e-01 1.863258035910261e-01
1.750000000000000e-01 1.335530672362758e-01 1.864698944215225e-01
1.800000000000000e-01 1.383385863920344e-01 1.866224947208425e-01
1.850000000000000e-01 1.432105716675912e-01 1.867840907346185e-01
1.900000000000000e-01 1.481720682123397e-01 1.869552053328468e-01
1.950000000000000e-01 1.532261771231311e-01 1.871363959694008e-01
2.000000000000000e-01 1.583760573825595e-01 1.873282599090827e-01
2.050000000000000e-01 1.636249278334301e-01 1.875314353240206e-01
2.100000000000000e-01 1.689760691906397e-01 1.877466053356235e-01
2.150000000000000e-01 1.744328260917313e-01 1.879745009519312e-01
2.200000000000000e-01 1.799986091874004e-01 1.882159049966546e-01
2.250000000000000e-01 1.856768972732633e-01 1.884716560363499e-01
2.300000000000000e-01 1.914712394642179e-01 1.887426527830880e-01
2.350000000000000e-01 1.973852574127551e-01 1.890298588150559e-01
2.400000000000000e-01 2.034226475726105e-01 1.893343077240626e-01
2.450000000000000e-01 2.095871835091678e-01 1.896571087003741e-01
2.500000000000000e-01 2.158827182580599e-01 1.899994526049828e-01
2.550000000000000e-01 2.223131867334419e-01 1.903626185699816e-01
2.600000000000000e-01 2.288826081874405e-01 1.907479811753355e-01
2.650000000000000e-01 2.355950887223172e-01 1.911570182529806e-01
2.700000000000000e-01 2.424548238569160e-01 1.915913193737732e-01
2.750000000000000e-01 2.494661011489995e-01 1.920525950772630e-01
2.800000000000000e-01 2.566333028751116e-01 1.925426869091610e-01
2.850000000000000e-01 2.639609087696434e-01 1.930635783365453e-01
2.900000000000000e-01 2.714534988248126e-01 1.936174066163288e-01
2.950000000000000e-01 2.791157561533084e-01 1.942064756982838e-01
3.000000000000000e-01 2.869524699153886e-01 1.948332702499472e-01
3.050000000000000e-01 2.949685383122613e-01 1.955004708969908e-01
3.100000000000000e-01 3.031689716476197e-01 1.962109707790726e-01
3.150000000000000e-01 3.115588954592450e-01 1.969678935277183e-01
3.200000000000000e-01 3.201435537226349e-01 1.977746127793137e-01
3.250000000000000e-01 3.289283121286580e-01 1.986347733426699e-01
3.300000000000000e-01 3.379186614372866e-01 1.995523141466858e-01
3.350000000000000e-01 3.471202209094989e-01 2.005314930991060e-01
3.400000000000000e-01 3.565387418195016e-01 2.015769139919528e-01
3.450000000000000e-01 3.661801110494620e-01 2.026935555924526e-01
3.500000000000000e-01 3.760503547690021e-01 2.038868030596515e-01
3.550000000000000e-01 3.861556422017504e-01 2.051624818256740e-01
3.600000000000000e-01 3.965022894813072e-01 2.065268940758376e-01
3.650000000000000e-01 4.070967635990345e-01 2.079868579523719e-01
3.700000000000000e-01 4.179456864461349e-01 2.095497495908152e-01
3.750000000000000e-01 4.290558389525505e-01 2.112235480743186e-01
3.800000000000000e-01 4.404341653252637e-01 2.130168833566336e-01
3.850000000000000e-01 4.520877773886537e-01 2.149390871563666e-01
3.900000000000000e-01 4.640239590296172e-01 2.170002467592478e-01
3.950000000000000e-01 4.762501707502353e-01 2.192112615767668e-01
4.000000000000000e-01 4.887740543308307e-01 2.215839021924587e-01
4.050000000000000e-01 5.016034376063282e-01 2.241308714738300e-01
4.100000000000000e-01 5.147463393589066e-01 2.268658671291231e-01
4.150000000000000e-01 5.282109743299990e-01 2.298036448325920e-01
4.200000000000000e-01 5.420057583547735e-01 2.329600807162151e-01
4.250000000000000e-01 5.561393136223041e-01 2.363522316139249e-01
4.300000000000000e-01 5.706204740647189e-01 2.399983909281113e-01
4.350000000000000e-01 5.854582908786964e-01 2.439181373467368e-01
4.400000000000000e-01 6.006620381827575e-01 2.481323728506053e-01
4.450000000000000e-01 6.162412188138907e-01 2.526633454915345e-01
4.500000000000000e-01 6.322055702671360e-01 2.575346512727232e-01
4.550000000000000e-01 6.485650707818353e-01 2.627712081075960e-01
4.600000000000000e-01 6.653299455783577e-01 2.683991932696338e-01
4.650000000000000e-01 6.825106732491932e-01 2.744459339904138e-01
4.700000000000000e-01 7.001179923084168e-01 2.809397389664545e-01
4.750000000000000e-01 7.181629079036070e-01 2.879096565974964e-01
4.800000000000000e-01 7.366566986944229e-01 2.953851439711904e-01
4.850000000000000e-01 7.556109239021327e-01 3.033956292013135e-01
4.900000000000000e-01 7.750374305345038e-01 3.119699491144928e-01
4.950000000000000e-01 7.949483607905672e-01 3.211356450119725e-01
5.000000000000000e-01 8.153561596498893e-01 3.309181020218060e-01
5.050000000000000e-01 8.362735826510871e-01 3.413395232678125e-01
5.100000000000000e-01 8.577137038644561e-01 3.524177396663800e-01
5.150000000000000e-01 8.796899240636907e-01 3.641648705169924e-01
5.200000000000000e-01 9.022159791018011e-01 3.765858697704339e-01
5.250000000000000e-01 9.253059484964714e-01 3.896770178626768e-01
5.300000000000000e-01 9.489742642302165e-01 4.034244480768769e-01
5.350000000000000e-01 9.732357197708378e-01 4.178028267000673e-01
5.400000000000000e-01 9.981054793178262e-01 4.327743329714966e-01
5.450000000000000e-01 1.023599087280478e+00 4.482881012744090e-01
5.500000000000000e-01 1.049732477993657e+00 4.642802863600677e-01
5.550000000000000e-01 1.076521985677273e+00 4.806748852784689e-01
5.600000000000001e-01 1.103984354645701e+00 4.973853927621923e-01
5.650000000000001e-01 1.132136749773522e+00 5.143172814170761e-01
5.700000000000001e-01 1.160996767224129e+00 5.313711932768334e-01
5.750000000000001e-01 1.190582445447902e+00 5.484466218835787e-01
5.800000000000000e-01 1.220912276456826e+00 5.654457758159820e-01
5.850000000000000e-01 1.252005217382601e+00 5.822772667598253e-01
5.900000000000000e-01 1.283880702325469e+00 5.988592720201678e-01
5.950000000000000e-01 1.316558654501151e+00 6.151218848352691e-01
6.000000000000000e-01 1.350059498693518e+00 6.310084743589547e-01
6.050000000000000e-01 1.384404174020732e+00 6.464760086200295e-01
6.100000000000000e-01 1.419614147022888e+00 6.614944220939298e-01
6.150000000000000e-01 1.455711425079295e+00 6.760452120804611e-01
6.200000000000000e-01 1.492718570163803e+00 6.901195109723742e-01
6.250000000000000e-01 1.530658712946775e+00 7.037159013766243e-01
6.300000000000000e-01 1.569555567252506e+00 7.168382235013488e-01
6.350000000000000e-01 1.609433444881138e+00 7.294935801276916e-01
6.400000000000000e-01 1.650317270804325e+00 7.416906860976279e-01
6.450000000000000e-01 1.692232598744148e+00 7.534386472626672e-01
6.500000000000000e-01 1.735205627145031e+00 7.647461959559010e-01
6.550000000000000e-01 1.779263215548615e+00 7.756213608519690e-01
6.600000000000000e-01 1.824432901381847e+00 7.860715106934137e-01
6.650000000000000e-01 1.870742917168772e+00 7.961036843857505e-01
6.700000000000000e-01 1.918222208176775e+00 8.057251042564886e-01
6.750000000000000e-01 1.966900450508319e+00 8.149437644190635e-01
6.800000000000000e-01 2.016808069649473e+00 8.237689916018111e-01
6.850000000000001e-01 2.067976259486829e+00 8.322118906011732e-01
6.900000000000001e-01 2.120437001804702e+00 8.402856092230466e-01
6.950000000000001e-01 2.174223086274785e+00 8.480053859134489e-01
7.000000000000001e-01 2.229368130950753e+00 8.553883741469298e-01
7.050000000000000e-01 2.285906603280654e+00 8.624532673421988e-01
7.100000000000000e-01 2.343873841650178e+00 8.692197728149778e-01
7.150000000000000e-01 2.403306077470301e+00 8.757079998221516e-01
7.200000000000000e-01 2.464240457823092e+00 8.819378330718186e-01
7.250000000000000e-01 2.526715068679855e+00 8.879283588100247e-01
7.300000000000000e-01 2.590768958706095e+00 8.936973971690618e-01
7.350000000000000e-01 2.656442163668210e+00 8.992611747995546e-01
7.400000000000000e-01 2.723775731457148e+00 9.046341497170716e-01
7.450000000000000e-01 2.792811747744667e+00 9.098289796580847e-01
7.500000000000000e-01 2.863593362288260e+00 9.148566092345818e-01
7.550000000000000e-01 2.936164815901156e+00 9.197264416960275e-01
7.600000000000000e-01 3.010571468104263e+00 9.244465585384440e-01
7.650000000000000e-01 3.086859825477351e+00 9.290239535644802e-01
7.700000000000000e-01 3.165077570727174e+00 9.334647553881980e-01
7.750000000000000e-01 3.245273592490716e+00 9.377744215403243e-01
7.800000000000000e-01 3.327498015892184e+00 9.419578962208613e-01
7.850000000000000e-01 3.411802233872832e+00 9.460197309253383e-01
7.900000000000000e-01 3.498238939313234e+00 9.499641719557237e-01
7.950000000000000e-01 3.586862157968046e+00 9.537952212236045e-01
8.000000000000000e-01 3.677727282233856e+00 9.575166772389823e-01
8.050000000000000e-01 3.770891105771243e+00 9.611321624332532e-01
8.100000000000001e-01 3.866411859002656e+00 9.646451416449977e-01
8.150000000000001e-01 3.964349245508326e+00 9.680589351940764e-01
8.200000000000001e-01 4.064764479342956e+00 9.713767287691760e-01
8.250000000000001e-01 4.167720323296481e+00 9.746015814642720e-01
8.300000000000001e-01 4.273281128122877e+00 9.777364327108805e-01
8.350000000000000e-01 4.381512872761445e+00 9.807841085001718e-01
8.400000000000000e-01 4.492483205575838e+00 9.837473270956600e-01
8.450000000000000e-01 4.606261486636447e+00 9.866287043395117e-01
8.500000000000000e-01 4.722918831072739e+00 9.894307586095351e-01
8.550000000000000e-01 4.842528153522501e+00 9.921559154632721e-01
8.600000000000000e-01 4.965164213705875e+00 9.948065119963363e-01
8.650000000000000e-01 5.090903663152626e+00 9.973848009375882e-01
8.700000000000000e-01 5.219825093111814e+00 9.998929545010393e-01
8.750000000000000e-01 5.352009083673925e+00 1.002333068012417e+00
8.800000000000000e-01 5.487538254136007e+00 1.004707163326724e+00
8.850000000000000e-01 5.626497314641444e+00 1.007017192051692e+00
8.900000000000000e-01 5.768973119126561e+00 1.009265038590798e+00
8.950000000000000e-01 5.915054719607133e+00 1.011452523018330e+00
9.000000000000000e-01 6.064833421838831e+00 1.013581403798008e+00
9.050000000000000e-01 6.218402842386253e+00 1.015653380355684e+00
9.100000000000000e-01 6.375858967136348e+00 1.017670095515856e+00
9.150000000000000e-01 6.537300211292723e+00 1.019633137810899e+00
9.200000000000000e-01 6.702827480888332e+00 1.021544043671284e+00
9.250000000000000e-01 6.872544235855034e+00 1.023404299504373e+00
9.300000000000000e-01 7.046556554689444e+00 1.025215343668812e+00
9.350000000000001e-01 7.224973200755413e+00 1.026978568351045e+00
9.400000000000001e-01 7.407905690264673e+00 1.028695321349933e+00
9.450000000000001e-01 7.595468361978146e+00 1.030366907775083e+00
9.500000000000001e-01 7.787778448671316e+00 1.031994591664030e+00
9.550000000000001e-01 7.984956150408610e+00 1.033579597523107e+00
9.600000000000000e-01 8.187124709672272e+00 1.035123111796431e+00
9.650000000000000e-01 8.394410488393007e+00 1.036626284267180e+00
9.700000000000000e-01 8.606943046930221e+00 1.038090229395010e+00
9.750000000000000e-01 8.824855225051540e+00 1.039516027593224e+00
9.800000000000000e-01 9.048283224961922e+00 1.040904726449038e+00
9.850000000000000e-01 9.277366696434507e+00 1.042257341890086e+00
9.900000000000000e-01 9.512248824096272e+00 1.043574859300079e+00
9.950000000000000e-01 9.753076416923058e+00 1.044858234586372e+00
1.000000000000000e+00 1.000000000000000e+01 1.046108395201978e+00
