0.000000000000000e+00 0.000000000000000e+00 4.201022316568335e-03
5.000000000000000e-03 3.369477419287315e-03 4.201186392751464e-03
1.000000000000000e-02 6.741060871647481e-03 4.201624812313500e-03
1.500000000000000e-02 1.011685770649257e-02 4.202357600755190e-03
2.000000000000000e-02 1.349897790673588e-02 4.203386126196901e-03
2.500000000000000e-02 1.688953540759990e-02 4.204713080658925e-03
3.000000000000000e-02 2.029064941789469e-02 4.206342523023415e-03
3.500000000000000e-02 2.370444574459234e-02 4.208278894665475e-03
4.000000000000000e-02 2.713305812152553e-02 4.210527308064868e-03
4.500000000000000e-02 3.057862954304063e-02 4.213094141745834e-03
5.000000000000000e-02 3.404331360343898e-02 4.215986650442804e-03
5.500000000000000e-02 3.752927584304335e-02 4.219212668898391e-03
6.000000000000000e-02 4.103869510173117e-02 4.222781199586227e-03
6.500000000000000e-02 4.457376488078044e-02 4.226702468691508e-03
7.000000000000001e-02 4.813669471387935e-02 4.230987350980952e-03
7.500000000000000e-02 5.172971154815675e-02 4.235647679301222e-03
8.000000000000000e-02 5.535506113609672e-02 4.240696867614064e-03
8.500000000000001e-02 5.901500943920686e-02 4.246149408299743e-03
9.000000000000000e-02 6.271184404431801e-02 4.252020524358823e-03
9.500000000000000e-02 6.644787559340060e-02 4.258326947716715e-03
1.000000000000000e-01 7.022543922779090e-02 4.265087133482939e-03
1.050000000000000e-01 7.404689604773053e-02 4.272320571510179e-03
1.100000000000000e-01 7.791463458813094e-02 4.280048024128615e-03
1.150000000000000e-01 8.183107231148547e-02 4.288292250205298e-03
1.200000000000000e-01 8.579865711886202e-02 4.297077667695407e-03
1.250000000000000e-01 8.981986887992111e-02 4.306430038516699e-03
1.300000000000000e-01 9.389722098291493e-02 4.316377223996888e-03
1.350000000000000e-01 9.803326190563690e-02 4.326949428758626e-03
1.400000000000000e-01 1.022305768083033e-01 4.338178578683401e-03
1.450000000000000e-01 1.064917891493625e-01 4.350098627882417e-03
1.500000000000000e-01 1.108195623252418e-01 4.362746507778956e-03
1.550000000000000e-01 1.152166013350572e-01 4.376161881083036e-03
1.600000000000000e-01 1.196856544713255e-01 4.390386574254329e-03
1.650000000000000e-01 1.242295150377370e-01 4.405465390130675e-03
1.700000000000000e-01 1.288510230950609e-01 4.421447042552922e-03
1.750000000000000e-01 1.335530672362758e-01 4.438383668117045e-03
1.800000000000000e-01 1.383385863920344e-01 4.456330449054352e-03
1.850000000000000e-01 1.432105716675912e-01 4.475346726089176e-03
1.900000000000000e-01 1.481720682123397e-01 4.495496969226425e-03
1.950000000000000e-01 1.532261771231311e-01 4.516850299340658e-03
2.000000000000000e-01 1.583760573825595e-01 4.539480239342073e-03
2.050000000000000e-01 1.636249278334301e-01 4.563466003224352e-03
2.100000000000000e-01 1.689760691906397e-01 4.588893726457734e-03
2.150000000000000e-01 1.744328260917313e-01 4.615856240456355e-03
2.200000000000000e-01 1.799986091874004e-01 4.644452877804464e-03
2.250000000000000e-01 1.856768972732633e-01 4.674790804531777e-03
2.300000000000000e-01 1.914712394642179e-01 4.706986662531202e-03
2.350000000000000e-01 1.973852574127551e-01 4.741167051998935e-03
2.400000000000000e-01 2.034226475726105e-01 4.777468731222470e-03
2.450000000000000e-01 2.095871835091678e-01 4.816039693496699e-03
2.500000000000000e-01 2.158827182580599e-01 4.857040820531774e-03
2.550000000000000e-01 2.223131867334419e-01 4.900647764619001e-03
2.600000000000000e-01 2.288826081874405e-01 4.947052721309202e-03
2.650000000000000e-01 2.355950887223172e-01 4.996465386277053e-03
2.700000000000000e-01 2.424548238569160e-01 5.049114264437886e-03
2.750000000000000e-01 2.494661011489995e-01 5.105249750354249e-03
2.800000000000000e-01 2.566333028751116e-01 5.165147379914839e-03
2.850000000000000e-01 2.639609087696434e-01 5.229110807761271e-03
2.900000000000000e-01 2.714534988248126e-01 5.297475706733722e-03
2.950000000000000e-01 2.791157561533084e-01 5.370613199091639e-03
3.000000000000000e-01 2.869524699153886e-01 5.448933973711054e-03
3.050000000000000e-01 2.949685383122613e-01 5.532894386301331e-03
3.100000000000000e-01 3.031689716476197e-01 5.623002422582767e-03
3.150000000000000e-01 3.115588954592450e-01 5.719825929482408e-03
3.200000000000000e-01 3.201435537226349e-01 5.824001685336876e-03
3.250000000000000e-01 3.289283121286580e-01 5.936245877154023e-03
3.300000000000000e-01 3.379186614372866e-01 6.057367127801099e-03
3.350000000000000e-01 3.471202209094989e-01 6.188281224133806e-03
3.400000000000000e-01 3.565387418195016e-01 6.330029651835422e-03
3.450000000000000e-01 3.661801110494620e-01 6.483801414988962e-03
3.500000000000000e-01 3.760503547690021e-01 6.650960086125375e-03
3.550000000000000e-01 3.861556422017504e-01 6.833076702900863e-03
3.600000000000000e-01 3.965022894813072e-01 7.031970562498002e-03
3.650000000000000e-01 4.070967635990345e-01 7.249759892314521e-03
3.700000000000000e-01 4.179456864461349e-01 7.488925454656258e-03
3.750000000000000e-01 4.290558389525505e-01 7.752391012166474e-03
3.800000000000000e-01 4.404341653252637e-01 8.043626129281740e-03
3.850000000000000e-01 4.520877773886537e-01 8.366778851274549e-03
3.900000000000000e-01 4.640239590296172e-01 8.726848876546277e-03
3.950000000000000e-01 4.762501707502353e-01 9.129916353150106e-03
4.000000000000000e-01 4.887740543308307e-01 9.583448236064711e-03
4.050000000000000e-01 5.016034376063282e-01 1.009671457491821e-02
4.100000000000000e-01 5.147463393589066e-01 1.068136344519219e-02
4.150000000000000e-01 5.282109743299990e-01 1.135222943291911e-02
4.200000000000000e-01 5.420057583547735e-01 1.212849366152304e-02
4.250000000000000e-01 5.561393136223041e-01 1.303538622035453e-02
4.300000000000000e-01 5.706204740647189e-01 1.410674905832747e-02
4.350000000000000e-01 5.854582908786964e-01 1.538900736799402e-02
4.400000000000000e-01 6.006620381827575e-01 1.694752975914493e-02
4.450000000000000e-01 6.162412188138907e-01 1.887720605637275e-02
4.500000000000000e-01 6.322055702671360e-01 2.132081810637272e-02
4.550000000000000e-01 6.485650707818353e-01 2.450255891632779e-02
4.600000000000000e-01 6.653299455783577e-01 2.879264034624184e-02
4.650000000000000e-01 6.825106732491932e-01 3.483906669442444e-02
4.700000000000000e-01 7.001179923084168e-01 4.384855819460053e-02
4.750000000000000e-01 7.181629079036070e-01 5.817690732592000e-02
4.800000000000000e-01 7.366566986944229e-01 8.229158089381965e-02
4.850000000000000e-01 7.556109239021327e-01 1.224622038474096e-01
4.900000000000000e-01 7.750374305345038e-01 1.790951140381190e-01
4.950000000000000e-01 7.949483607905672e-01 2.376724117072198e-01
5.000000000000000e-01 8.153561596498893e-01 2.856802487117265e-01
5.050000000000000e-01 8.362735826510871e-01 3.248631875634728e-01
5.100000000000000e-01 8.577137038644561e-01 3.590312663296606e-01
5.150000000000000e-01 8.796899240636907e-01 3.896515519626291e-01
5.200000000000000e-01 9.022159791018011e-01 4.174623203387365e-01
5.250000000000000e-01 9.253059484964714e-01 4.430439836499629e-01
5.300000000000000e-01 9.489742642302165e-01 4.667633965670454e-01
5.350000000000000e-01 9.732357197708378e-01 4.888928887503157e-01
5.400000000000000e-01 9.981054793178262e-01 5.096485888788853e-01
5.450000000000000e-01 1.023599087280478e+00 5.291953673613441e-01
5.500000000000000e-01 1.049732477993657e+00 5.476688800859399e-01
5.550000000000000e-01 1.076521985677273e+00 5.651805386758679e-01
5.600000000000001e-01 1.103984354645701e+00 5.818230693670380e-01
5.650000000000001e-01 1.132136749773522e+00 5.976754795368557e-01
5.700000000000001e-01 1.160996767224129e+00 6.128052283553578e-01
5.750000000000001e-01 1.190582445447902e+00 6.272707291455912e-01
5.800000000000000e-01 1.220912276456826e+00 6.411229520528539e-01
5.850000000000000e-01 1.252005217382601e+00 6.544066498248757e-01
5.900000000000000e-01 1.283880702325469e+00 6.671614160640449e-01
5.950000000000000e-01 1.316558654501151e+00 6.794224499353502e-01
6.000000000000000e-01 1.350059498693518e+00 6.912212034958009e-01
6.050000000000000e-01 1.384404174020732e+00 7.025859007037752e-01
6.100000000000000e-01 1.419614147022888e+00 7.135419574697158e-01
6.150000000000000e-01 1.455711425079295e+00 7.241123329970047e-01
6.200000000000000e-01 1.492718570163803e+00 7.343178189077942e-01
6.250000000000000e-01 1.530658712946775e+00 7.441772818428275e-01
6.300000000000000e-01 1.569555567252506e+00 7.537078678447731e-01
6.350000000000000e-01 1.609433444881138e+00 7.629251754973581e-01
6.400000000000000e-01 1.650317270804325e+00 7.718434041498520e-01
6.450000000000000e-01 1.692232598744148e+00 7.804754818753876e-01
6.500000000000000e-01 1.735205627145031e+00 7.888331773637692e-01
6.550000000000000e-01 1.779263215548615e+00 7.969271993456565e-01
6.600000000000000e-01 1.824432901381847e+00 8.047672867632920e-01
6.650000000000000e-01 1.870742917168772e+00 8.123622926910230e-01
6.700000000000000e-01 1.918222208176775e+00 8.197202648657008e-01
6.750000000000000e-01 1.966900450508319e+00 8.268485256377223e-01
6.800000000000000e-01 2.016808069649473e+00 8.337537541517595e-01
6.850000000000001e-01 2.067976259486829e+00 8.404420735849512e-01
6.900000000000001e-01 2.120437001804702e+00 8.469191462727913e-01
6.950000000000001e-01 2.174223086274785e+00 8.531902794895583e-01
7.000000000000001e-01 2.229368130950753e+00 8.592605444597712e-01
7.050000000000000e-01 2.285906603280654e+00 8.651349107830142e-01
7.100000000000000e-01 2.343873841650178e+00 8.708183977650723e-01
7.150000000000000e-01 2.403306077470301e+00 8.763162430615338e-01
7.200000000000000e-01 2.464240457823092e+00 8.816340874524617e-01
7.250000000000000e-01 2.526715068679855e+00 8.867781723909530e-01
7.300000000000000e-01 2.590768958706095e+00 8.917555441588195e-01
7.350000000000000e-01 2.656442163668210e+00 8.965742550500425e-01
7.400000000000000e-01 2.723775731457148e+00 9.012435481335581e-01
7.450000000000000e-01 2.792811747744667e+00 9.057740081191931e-01
7.500000000000000e-01 2.863593362288260e+00 9.101776571322581e-01
7.550000000000000e-01 2.936164815901156e+00 9.144679714179034e-01
7.600000000000000e-01 3.010571468104263e+00 9.186597938674553e-01
7.650000000000000e-01 3.086859825477351e+00 9.227691184981709e-01
7.700000000000000e-01 3.165077570727174e+00 9.268127271963462e-01
7.750000000000000e-01 3.245273592490716e+00 9.308076664627796e-01
7.800000000000000e-01 3.327498015892184e+00 9.347705625772162e-01
7.850000000000000e-01 3.411802233872832e+00 9.387167872649459e-01
7.900000000000000e-01 3.498238939313234e+00 9.426595022603744e-01
7.950000000000000e-01 3.586862157968046e+00 9.466086299049957e-01
8.000000000000000e-01 3.677727282233856e+00 9.505698180972852e-01
8.050000000000000e-01 3.770891105771243e+00 9.545434915882804e-01
8.100000000000001e-01 3.866411859002656e+00 9.585241074162210e-01
8.150000000000001e-01 3.964349245508326e+00 9.624997583434217e-01
8.200000000000001e-01 4.064764479342956e+00 9.664522888529591e-01
8.250000000000001e-01 4.167720323296481e+00 9.703580903476700e-01
8.300000000000001e-01 4.273281128122877e+00 9.741897022028321e-01
8.350000000000000e-01 4.381512872761445e+00 9.779182347083618e-01
8.400000000000000e-01 4.492483205575838e+00 9.815164342863161e-01
8.450000000000000e-01 4.606261486636447e+00 9.849619596105584e-01
8.500000000000000e-01 4.722918831072739e+00 9.882402195407255e-01
8.550000000000000e-01 4.842528153522501e+00 9.913460691052896e-01
8.600000000000000e-01 4.965164213705875e+00 9.942838646261386e-01
8.650000000000000e-01 5.090903663152626e+00 9.970658235363746e-01
8.700000000000000e-01 5.219825093111814e+00 9.997091543507794e-01
8.750000000000000e-01 5.352009083673925e+00 1.002232781995019e+00
8.800000000000000e-01 5.487538254136007e+00 1.004654525580914e+00
8.850000000000000e-01 5.626497314641444e+00 1.006989296084790e+00
8.900000000000000e-01 5.768973119126561e+00 1.009248440698004e+00
8.950000000000000e-01 5.915054719607133e+00 1.011439987139429e+00
9.000000000000000e-01 6.064833421838831e+00 1.013569371100629e+00
9.050000000000000e-01 6.218402842386253e+00 1.015640264609798e+00
9.100000000000000e-01 6.375858967136348e+00 1.017655270140202e+00
9.150000000000000e-01 6.537300211292723e+00 1.019616399691278e+00
9.200000000000000e-01 6.702827480888332e+00 1.021525358866259e+00
9.250000000000000e-01 6.872544235855034e+00 1.023383694788949e+00
9.300000000000000e-01 7.046556554689444e+00 1.025192864846512e+00
9.350000000000001e-01 7.224973200755413e+00 1.026954265805304e+00
9.400000000000001e-01 7.407905690264673e+00 1.028669245543522e+00
9.450000000000001e-01 7.595468361978146e+00 1.030339108011658e+00
9.500000000000001e-01 7.787778448671316e+00 1.031965115811530e+00
9.550000000000001e-01 7.984956150408610e+00 1.033548491991573e+00
9.600000000000000e-01 8.187124709672272e+00 1.035090421575188e+00
9.650000000000000e-01 8.394410488393007e+00 1.036592052973084e+00
9.700000000000000e-01 8.606943046930221e+00 1.038054499321064e+00
9.750000000000000e-01 8.824855225051540e+00 1.039478839755500e+00
9.800000000000000e-01 9.048283224961922e+00 1.040866120631624e+00
9.850000000000000e-01 9.277366696434507e+00 1.042217356688109e+00
9.900000000000000e-01 9.512248824096272e+00 1.043533532160893e+00
9.950000000000000e-01 9.753076416923058e+00 1.044815601849006e+00
1.000000000000000e+00 1.000000000000000e+01 1.046064492134933e+00
