0.000000000000000e+00 0.000000000000000e+00 1.421370436694786e-04
5.000000000000000e-03 3.369477419287315e-03 1.421427392073273e-04
1.000000000000000e-02 6.741060871647481e-03 1.421579209800492e-04
1.500000000000000e-02 1.011685770649257e-02 1.421832360717195e-04
2.000000000000000e-02 1.349897790673588e-02 1.422187777139296e-04
2.500000000000000e-02 1.688953540759990e-02 1.422646499722860e-04
3.000000000000000e-02 2.029064941789469e-02 1.423209719634583e-04
3.500000000000000e-02 2.370444574459234e-02 1.423879007207316e-04
4.000000000000000e-02 2.713305812152553e-02 1.424656206479875e-04
4.500000000000000e-02 3.057862954304063e-02 1.425543460891878e-04
5.000000000000000e-02 3.404331360343898e-02 1.426543300931177e-04
5.500000000000000e-02 3.752927584304335e-02 1.427658509038073e-04
6.000000000000000e-02 4.103869510173117e-02 1.428892143119835e-04
6.500000000000000e-02 4.457376488078044e-02 1.430247707873949e-04
7.000000000000001e-02 4.813669471387935e-02 1.431729060488032e-04
7.500000000000000e-02 5.172971154815675e-02 1.433340314366948e-04
8.000000000000000e-02 5.535506113609672e-02 1.435086043537697e-04
8.500000000000001e-02 5.901500943920686e-02 1.436971305554634e-04
9.000000000000000e-02 6.271184404431801e-02 1.439001440118985e-04
9.500000000000000e-02 6.644787559340060e-02 1.441182197726900e-04
1.000000000000000e-01 7.022543922779090e-02 1.443519968906485e-04
1.050000000000000e-01 7.404689604773053e-02 1.446021599432180e-04
1.100000000000000e-01 7.791463458813094e-02 1.448694278140393e-04
1.150000000000000e-01 8.183107231148547e-02 1.451545832812741e-04
1.200000000000000e-01 8.579865711886202e-02 1.454584811114363e-04
1.250000000000000e-01 8.981986887992111e-02 1.457820240352633e-04
1.300000000000000e-01 9.389722098291493e-02 1.461261722813437e-04
1.350000000000000e-01 9.803326190563690e-02 1.464919714208005e-04
1.400000000000000e-01 1.022305768083033e-01 1.468805424982099e-04
1.450000000000000e-01 1.064917891493625e-01 1.472930703127729e-04
1.500000000000000e-01 1.108195623252418e-01 1.477308306298755e-04
1.550000000000000e-01 1.152166013350572e-01 1.481952046852074e-04
1.600000000000000e-01 1.196856544713255e-01 1.486876600667358e-04
1.650000000000000e-01 1.242295150377370e-01 1.492097574462550e-04
1.700000000000000e-01 1.288510230950609e-01 1.497631869579605e-04
1.750000000000000e-01 1.335530672362758e-01 1.503497710069508e-04
1.800000000000000e-01 1.383385863920344e-01 1.509714449218516e-04
1.850000000000000e-01 1.432105716675912e-01 1.516302781847165e-04
1.900000000000000e-01 1.481720682123397e-01 1.523285160450609e-04
1.950000000000000e-01 1.532261771231311e-01 1.530685797822693e-04
2.000000000000000e-01 1.583760573825595e-01 1.538530513407840e-04
2.050000000000000e-01 1.636249278334301e-01 1.546847020614610e-04
2.100000000000000e-01 1.689760691906397e-01 1.555665408512773e-04
2.150000000000000e-01 1.744328260917313e-01 1.565018243941351e-04
2.200000000000000e-01 1.799986091874004e-01 1.574940502281993e-04
2.250000000000000e-01 1.856768972732633e-01 1.585469850140021e-04
2.300000000000000e-01 1.914712394642179e-01 1.596647177359576e-04
2.350000000000000e-01 1.973852574127551e-01 1.608516970917855e-04
2.400000000000000e-01 2.034226475726105e-01 1.621127507713583e-04
2.450000000000000e-01 2.095871835091678e-01 1.634531067823349e-04
2.500000000000000e-01 2.158827182580599e-01 1.648784378256159e-04
2.550000000000000e-01 2.223131867334419e-01 1.663949403853846e-04
2.600000000000000e-01 2.288826081874405e-01 1.680094114304228e-04
2.650000000000000e-01 2.355950887223172e-01 1.697292835903621e-04
2.700000000000000e-01 2.424548238569160e-01 1.715626720067272e-04
2.750000000000000e-01 2.494661011489995e-01 1.735184762461358e-04
2.800000000000000e-01 2.566333028751116e-01 1.756064896793965e-04
2.850000000000000e-01 2.639609087696434e-01 1.778375220250084e-04
2.900000000000000e-01 2.714534988248126e-01 1.802235500966304e-04
2.950000000000000e-01 2.791157561533084e-01 1.827778425284472e-04
3.000000000000000e-01 2.869524699153886e-01 1.855151191834708e-04
3.050000000000000e-01 2.949685383122613e-01 1.884517687881477e-04
3.100000000000000e-01 3.031689716476197e-01 1.916060695413304e-04
3.150000000000000e-01 3.115588954592450e-01 1.949985007205901e-04
3.200000000000000e-01 3.201435537226349e-01 1.986520803854645e-04
3.250000000000000e-01 3.289283121286580e-01 2.025927681015420e-04
3.300000000000000e-01 3.379186614372866e-01 2.068499590340564e-04
3.350000000000000e-01 3.471202209094989e-01 2.114570492097194e-04
3.400000000000000e-01 3.565387418195016e-01 2.164521488249349e-04
3.450000000000000e-01 3.661801110494620e-01 2.218789263249149e-04
3.500000000000000e-01 3.760503547690021e-01 2.277876629639818e-04
3.550000000000000e-01 3.861556422017504e-01 2.342365432575518e-04
3.600000000000000e-01 3.965022894813072e-01 2.412932688636181e-04
3.650000000000000e-01 4.070967635990345e-01 2.490370797908208e-04
3.700000000000000e-01 4.179456864461349e-01 2.575613159516892e-04
3.750000000000000e-01 4.290558389525505e-01 2.669766914265649e-04
3.800000000000000e-01 4.404341653252637e-01 2.774155262710619e-04
3.850000000000000e-01 4.520877773886537e-01 2.890372788883804e-04
3.900000000000000e-01 4.640239590296172e-01 3.020358717174765e-04
3.950000000000000e-01 4.762501707502353e-01 3.166495284828883e-04
4.000000000000000e-01 4.887740543308307e-01 3.331741911420677e-04
4.050000000000000e-01 5.016034376063282e-01 3.519821389587012e-04
4.100000000000000e-01 5.147463393589066e-01 3.735483337418619e-04
4.150000000000000e-01 5.282109743299990e-01 3.984885247767973e-04
4.200000000000000e-01 5.420057583547735e-01 4.276157585389904e-04
4.250000000000000e-01 5.561393136223041e-01 4.620266290172804e-04
4.300000000000000e-01 5.706204740647189e-01 5.032374019098943e-04
4.350000000000000e-01 5.854582908786964e-01 5.534075002630998e-04
4.400000000000000e-01 6.006620381827575e-01 6.157241866336026e-04
4.450000000000000e-01 6.162412188138907e-01 6.951041189440915e-04
4.500000000000000e-01 6.322055702671360e-01 7.995690002040074e-04
4.550000000000000e-01 6.485650707818353e-01 9.432089472775421e-04
4.600000000000000e-01 6.653299455783577e-01 1.153435880927110e-03
4.650000000000000e-01 6.825106732491932e-01 1.492363950050165e-03
4.700000000000000e-01 7.001179923084168e-01 2.141928947356801e-03
4.750000000000000e-01 7.181629079036070e-01 3.994302614730104e-03
4.800000000000000e-01 7.366566986944229e-01 1.766936692710410e-02
4.850000000000000e-01 7.556109239021327e-01 1.030761121267907e-01
4.900000000000000e-01 7.750374305345038e-01 1.990819125097643e-01
4.950000000000000e-01 7.949483607905672e-01 2.596896053529943e-01
5.000000000000000e-01 8.153561596498893e-01 3.070427315460279e-01
5.050000000000000e-01 8.362735826510871e-01 3.466347259702770e-01
5.100000000000000e-01 8.577137038644561e-01 3.812456485388773e-01
5.150000000000000e-01 8.796899240636907e-01 4.121119384514395e-01
5.200000000000000e-01 9.022159791018011e-01 4.401069935323653e-01
5.250000000000000e-01 9.253059484964714e-01 4.657567473243808e-01
5.300000000000000e-01 9.489742642302165e-01 4.894627055635501e-01
5.350000000000000e-01 9.732357197708378e-01 5.115089568884419e-01
5.400000000000000e-01 9.981054793178262e-01 5.321214081329941e-01
5.450000000000000e-01 1.023599087280478e+00 5.514730062964478e-01
5.500000000000000e-01 1.049732477993657e+00 5.697085577324841e-01
5.550000000000000e-01 1.076521985677273e+00 5.869412925738960e-01
5.600000000000001e-01 1.103984354645701e+00 6.032724318132594e-01
5.650000000000001e-01 1.132136749773522e+00 6.187803591996555e-01
5.700000000000001e-01 1.160996767224129e+00 6.335397474985385e-01
5.750000000000001e-01 1.190582445447902e+00 6.476077984414768e-01
5.800000000000000e-01 1.220912276456826e+00 6.610412514118500e-01
5.850000000000000e-01 1.252005217382601e+00 6.738841361467676e-01
5.900000000000000e-01 1.283880702325469e+00 6.861801790716237e-01
5.950000000000000e-01 1.316558654501151e+00 6.979649648372210e-01
6.000000000000000e-01 1.350059498693518e+00 7.092724812699427e-01
6.050000000000000e-01 1.384404174020732e+00 7.201325265779418e-01
6.100000000000000e-01 1.419614147022888e+00 7.305718664723097e-01
6.150000000000000e-01 1.455711425079295e+00 7.406158813402398e-01
6.200000000000000e-01 1.492718570163803e+00 7.502861822285917e-01
6.250000000000000e-01 1.530658712946775e+00 7.596044032259558e-01
6.300000000000000e-01 1.569555567252506e+00 7.685886330806583e-01
6.350000000000000e-01 1.609433444881138e+00 7.772571878232984e-01
6.400000000000000e-01 1.650317270804325e+00 7.856257545293964e-01
6.450000000000000e-01 1.692232598744148e+00 7.937097946537452e-01
6.500000000000000e-01 1.735205627145031e+00 8.015232033101378e-01
6.550000000000000e-01 1.779263215548615e+00 8.090791573947707e-01
6.600000000000000e-01 1.824432901381847e+00 8.163900134467864e-01
6.650000000000000e-01 1.870742917168772e+00 8.234672401237889e-01
6.700000000000000e-01 1.918222208176775e+00 8.303217884078865e-01
6.750000000000000e-01 1.966900450508319e+00 8.369638547202338e-01
6.800000000000000e-01 2.016808069649473e+00 8.434031574725274e-01
6.850000000000001e-01 2.067976259486829e+00 8.496488698117400e-01
6.900000000000001e-01 2.120437001804702e+00 8.557096969836397e-01
6.950000000000001e-01 2.174223086274785e+00 8.615939285991218e-01
7.000000000000001e-01 2.229368130950753e+00 8.673094488263081e-01
7.050000000000000e-01 2.285906603280654e+00 8.728637812947986e-01
7.100000000000000e-01 2.343873841650178e+00 8.782641166778227e-01
7.150000000000000e-01 2.403306077470301e+00 8.835173228795080e-01
7.200000000000000e-01 2.464240457823092e+00 8.886299794274071e-01
7.250000000000000e-01 2.526715068679855e+00 8.936083797303391e-01
7.300000000000000e-01 2.590768958706095e+00 8.984585494834751e-01
7.350000000000000e-01 2.656442163668210e+00 9.031862512117944e-01
7.400000000000000e-01 2.723775731457148e+00 9.077969864502854e-01
7.450000000000000e-01 2.792811747744667e+00 9.122959952642653e-01
7.500000000000000e-01 2.863593362288260e+00 9.166882476974807e-01
7.550000000000000e-01 2.936164815901156e+00 9.209784320379567e-01
7.600000000000000e-01 3.010571468104263e+00 9.251709356846589e-01
7.650000000000000e-01 3.086859825477351e+00 9.292698200345502e-01
7.700000000000000e-01 3.165077570727174e+00 9.332787882647461e-01
7.750000000000000e-01 3.245273592490716e+00 9.372011457686196e-01
7.800000000000000e-01 3.327498015892184e+00 9.410397533087135e-01
7.850000000000000e-01 3.411802233872832e+00 9.447969731245226e-01
7.900000000000000e-01 3.498238939313234e+00 9.484746090599538e-01
7.950000000000000e-01 3.586862157968046e+00 9.520738427070491e-01
8.000000000000000e-01 3.677727282233856e+00 9.555951690631378e-01
8.050000000000000e-01 3.770891105771243e+00 9.590383371409497e-01
8.100000000000001e-01 3.866411859002656e+00 9.624023037980615e-01
8.150000000000001e-01 3.964349245508326e+00 9.656852129059468e-01
8.200000000000001e-01 4.064764479342956e+00 9.688844165101986e-01
8.250000000000001e-01 4.167720323296481e+00 9.719965599315373e-01
8.300000000000001e-01 4.273281128122877e+00 9.750177590104455e-01
8.350000000000000e-01 4.381512872761445e+00 9.779439030797610e-01
8.400000000000000e-01 4.492483205575838e+00 9.807711184993237e-01
8.450000000000000e-01 4.606261486636447e+00 9.834964224177807e-01
8.500000000000000e-01 4.722918831072739e+00 9.861185803819181e-01
8.550000000000000e-01 4.842528153522501e+00 9.886391440791190e-01
8.600000000000000e-01 4.965164213705875e+00 9.910635800882490e-01
8.650000000000000e-01 5.090903663152626e+00 9.934023175771176e-01
8.700000000000000e-01 5.219825093111814e+00 9.956714637708740e-01
8.750000000000000e-01 5.352009083673925e+00 9.978928791497883e-01
8.800000000000000e-01 5.487538254136007e+00 1.000093298812840e+00
8.850000000000000e-01 5.626497314641444e+00 1.002302282405213e+00
8.900000000000000e-01 5.768973119126561e+00 1.004548984506487e+00
8.950000000000000e-01 5.915054719607133e+00 1.006857967500394e+00
9.000000000000000e-01 6.064833421838831e+00 1.009244427446262e+00
9.050000000000000e-01 6.218402842386253e+00 1.011709377674785e+00
9.100000000000000e-01 6.375858967136348e+00 1.014235825859579e+00
9.150000000000000e-01 6.537300211292723e+00 1.016787776392424e+00
9.200000000000000e-01 6.702827480888332e+00 1.019314202282413e+00
9.250000000000000e-01 6.872544235855034e+00 1.021758802304517e+00
9.300000000000000e-01 7.046556554689444e+00 1.024073275106686e+00
9.350000000000001e-01 7.224973200755413e+00 1.026228916646797e+00
9.400000000000001e-01 7.407905690264673e+00 1.028221309300215e+00
9.450000000000001e-01 7.595468361978146e+00 1.030066433132138e+00
9.500000000000001e-01 7.787778448671316e+00 1.031791172314733e+00
9.550000000000001e-01 7.984956150408610e+00 1.033423433207098e+00
9.600000000000000e-01 8.187124709672272e+00 1.034985792396363e+00
9.650000000000000e-01 8.394410488393007e+00 1.036493554130729e+00
9.700000000000000e-01 8.606943046930221e+00 1.037955801150294e+00
9.750000000000000e-01 8.824855225051540e+00 1.039377493006658e+00
9.800000000000000e-01 9.048283224961922e+00 1.040761326139438e+00
9.850000000000000e-01 9.277366696434507e+00 1.042108932050251e+00
9.900000000000000e-01 9.512248824096272e+00 1.043421497374697e+00
9.950000000000000e-01 9.753076416923058e+00 1.044700034756904e+00
1.000000000000000e+00 1.000000000000000e+01 1.045945483488760e+00
