0.000000000000000e+00 0.000000000000000e+00 9.535579675489827e-04
5.000000000000000e-03 3.369477419287315e-03 9.535959911789997e-04
1.000000000000000e-02 6.741060871647481e-03 9.536973892764017e-04
1.500000000000000e-02 1.011685770649257e-02 9.538665384016663e-04
2.000000000000000e-02 1.349897790673588e-02 9.541040055151341e-04
2.500000000000000e-02 1.688953540759990e-02 9.544104731562462e-04
3.000000000000000e-02 2.029064941789469e-02 9.547867644386500e-04
3.500000000000000e-02 2.370444574459234e-02 9.552339236099544e-04
4.000000000000000e-02 2.713305812152553e-02 9.557531709160852e-04
4.500000000000000e-02 3.057862954304063e-02 9.563459470305244e-04
5.000000000000000e-02 3.404331360343898e-02 9.570139420021248e-04
5.500000000000000e-02 3.752927584304335e-02 9.577590034536770e-04
6.000000000000000e-02 4.103869510173117e-02 9.585831795874162e-04
6.500000000000000e-02 4.457376488078044e-02 9.594888185264515e-04
7.000000000000001e-02 4.813669471387935e-02 9.604784848067808e-04
7.500000000000000e-02 5.172971154815675e-02 9.615549202121176e-04
8.000000000000000e-02 5.535506113609672e-02 9.627211902847756e-04
8.500000000000001e-02 5.901500943920686e-02 9.639806710113824e-04
9.000000000000000e-02 6.271184404431801e-02 9.653369166404341e-04
9.500000000000000e-02 6.644787559340060e-02 9.667937708409284e-04
1.000000000000000e-01 7.022543922779090e-02 9.683555057018429e-04
1.050000000000000e-01 7.404689604773053e-02 9.700266819589669e-04
1.100000000000000e-01 7.791463458813094e-02 9.718120966699261e-04
1.150000000000000e-01 8.183107231148547e-02 9.737169848623431e-04
1.200000000000000e-01 8.579865711886202e-02 9.757470468488398e-04
1.250000000000000e-01 8.981986887992111e-02 9.779082962215802e-04
1.300000000000000e-01 9.389722098291493e-02 9.802071494232167e-04
1.350000000000000e-01 9.803326190563690e-02 9.826505925409552e-04
1.400000000000000e-01 1.022305768083033e-01 9.852460936211737e-04
1.450000000000000e-01 1.064917891493625e-01 9.880015504607350e-04
1.500000000000000e-01 1.108195623252418e-01 9.909254875390420e-04
1.550000000000000e-01 1.152166013350572e-01 9.940271230426943e-04
1.600000000000000e-01 1.196856544713255e-01 9.973162322875668e-04
1.650000000000000e-01 1.242295150377370e-01 1.000803222748503e-03
1.700000000000000e-01 1.288510230950609e-01 1.004499379772691e-03
1.750000000000000e-01 1.335530672362758e-01 1.008416855863289e-03
1.800000000000000e-01 1.383385863920344e-01 1.012568542128757e-03
1.850000000000000e-01 1.432105716675912e-01 1.016968237265801e-03
1.900000000000000e-01 1.481720682123397e-01 1.021630922125314e-03
1.950000000000000e-01 1.532261771231311e-01 1.026572734656591e-03
2.000000000000000e-01 1.583760573825595e-01 1.031810869357392e-03
2.050000000000000e-01 1.636249278334301e-01 1.037363794400978e-03
2.100000000000000e-01 1.689760691906397e-01 1.043251572532661e-03
2.150000000000000e-01 1.744328260917313e-01 1.049495902146257e-03
2.200000000000000e-01 1.799986091874004e-01 1.056120065216958e-03
2.250000000000000e-01 1.856768972732633e-01 1.063149141506800e-03
2.300000000000000e-01 1.914712394642179e-01 1.070610373818006e-03
2.350000000000000e-01 1.973852574127551e-01 1.078533390566177e-03
2.400000000000000e-01 2.034226475726105e-01 1.086950314928920e-03
2.450000000000000e-01 2.095871835091678e-01 1.095895925938177e-03
2.500000000000000e-01 2.158827182580599e-01 1.105407972442726e-03
2.550000000000000e-01 2.223131867334419e-01 1.115527687049916e-03
2.600000000000000e-01 2.288826081874405e-01 1.126300280202773e-03
2.650000000000000e-01 2.355950887223172e-01 1.137775168016890e-03
2.700000000000000e-01 2.424548238569160e-01 1.150006280040989e-03
2.750000000000000e-01 2.494661011489995e-01 1.163052748558326e-03
2.800000000000000e-01 2.566333028751116e-01 1.176979644539492e-03
2.850000000000000e-01 2.639609087696434e-01 1.191858770936527e-03
2.900000000000000e-01 2.714534988248126e-01 1.207769649818224e-03
2.950000000000000e-01 2.791157561533084e-01 1.224800344892634e-03
3.000000000000000e-01 2.869524699153886e-01 1.243048502572657e-03
3.050000000000000e-01 2.949685383122613e-01 1.262622797502818e-03
3.100000000000000e-01 3.031689716476197e-01 1.283644386075575e-03
3.150000000000000e-01 3.115588954592450e-01 1.306248952836567e-03
3.200000000000000e-01 3.201435537226349e-01 1.330588933938606e-03
3.250000000000000e-01 3.289283121286580e-01 1.356836152386317e-03
3.300000000000000e-01 3.379186614372866e-01 1.385185059665936e-03
3.350000000000000e-01 3.471202209094989e-01 1.415856435017605e-03
3.400000000000000e-01 3.565387418195016e-01 1.449102051651517e-03
3.450000000000000e-01 3.661801110494620e-01 1.485210192376848e-03
3.500000000000000e-01 3.760503547690021e-01 1.524512530310665e-03
3.550000000000000e-01 3.861556422017504e-01 1.567392538261862e-03
3.600000000000000e-01 3.965022894813072e-01 1.614295988109227e-03
3.650000000000000e-01 4.070967635990345e-01 1.665744078501275e-03
3.700000000000000e-01 4.179456864461349e-01 1.722350040313418e-03
3.750000000000000e-01 4.290558389525505e-01 1.784840318497281e-03
3.800000000000000e-01 4.404341653252637e-01 1.854081885158521e-03
3.850000000000000e-01 4.520877773886537e-01 1.931117854850123e-03
3.900000000000000e-01 4.640239590296172e-01 2.017214508092752e-03
3.950000000000000e-01 4.762501707502353e-01 2.113924230272453e-03
4.000000000000000e-01 4.887740543308307e-01 2.223171034580081e-03
4.050000000000000e-01 5.016034376063282e-01 2.347368739489100e-03
4.100000000000000e-01 5.147463393589066e-01 2.489587363032778e-03
4.150000000000000e-01 5.282109743299990e-01 2.653792410338237e-03
4.200000000000000e-01 5.420057583547735e-01 2.845197338398144e-03
4.250000000000000e-01 5.561393136223041e-01 3.070797176181318e-03
4.300000000000000e-01 5.706204740647189e-01 3.340202462788114e-03
4.350000000000000e-01 5.854582908786964e-01 3.666991839140514e-03
4.400000000000000e-01 6.006620381827575e-01 4.071004720382348e-03
4.450000000000000e-01 6.162412188138907e-01 4.582439710014982e-03
4.500000000000000e-01 6.322055702671360e-01 5.249676829063963e-03
4.550000000000000e-01 6.485650707818353e-01 6.155493118996445e-03
4.600000000000000e-01 6.653299455783577e-01 7.454487633675744e-03
4.650000000000000e-01 6.825106732491932e-01 9.472823492555559e-03
4.700000000000000e-01 7.001179923084168e-01 1.303156645691479e-02
4.750000000000000e-01 7.181629079036070e-01 2.078563177107546e-02
4.800000000000000e-01 7.366566986944229e-01 4.346245446887485e-02
4.850000000000000e-01 7.556109239021327e-01 1.078060470028027e-01
4.900000000000000e-01 7.750374305345038e-01 1.913188854796851e-01
4.950000000000000e-01 7.949483607905672e-01 2.507633255148089e-01
5.000000000000000e-01 8.153561596498893e-01 2.970230733183298e-01
5.050000000000000e-01 8.362735826510871e-01 3.366512204885133e-01
5.100000000000000e-01 8.577137038644561e-01 3.709381463953170e-01
5.150000000000000e-01 8.796899240636907e-01 4.017094072041363e-01
5.200000000000000e-01 9.022159791018011e-01 4.295762435851398e-01
5.250000000000000e-01 9.253059484964714e-01 4.551325086994343e-01
5.300000000000000e-01 9.489742642302165e-01 4.787786764525415e-01
5.350000000000000e-01 9.732357197708378e-01 5.007701494183469e-01
5.400000000000000e-01 9.981054793178262e-01 5.213590877683026e-01
5.450000000000000e-01 1.023599087280478e+00 5.406964439701790e-01
5.500000000000000e-01 1.049732477993657e+00 5.589380092286990e-01
5.550000000000000e-01 1.076521985677273e+00 5.761919207175424e-01
5.600000000000001e-01 1.103984354645701e+00 5.925576646387521e-01
5.650000000000001e-01 1.132136749773522e+00 6.081173393736526e-01
5.700000000000001e-01 1.160996767224129e+00 6.229394701737738e-01
5.750000000000001e-01 1.190582445447902e+00 6.370865962445335e-01
5.800000000000000e-01 1.220912276456826e+00 6.506100029497108e-01
5.850000000000000e-01 1.252005217382601e+00 6.635573793331108e-01
5.900000000000000e-01 1.283880702325469e+00 6.759693389097294e-01
5.950000000000000e-01 1.316558654501151e+00 6.878828868812281e-01
6.000000000000000e-01 1.350059498693518e+00 6.993310141908919e-01
6.050000000000000e-01 1.384404174020732e+00 7.103433150389461e-01
6.100000000000000e-01 1.419614147022888e+00 7.209468638656904e-01
6.150000000000000e-01 1.455711425079295e+00 7.311660291820385e-01
6.200000000000000e-01 1.492718570163803e+00 7.410232483493233e-01
6.250000000000000e-01 1.530658712946775e+00 7.505389842595126e-01
6.300000000000000e-01 1.569555567252506e+00 7.597320835899231e-01
6.350000000000000e-01 1.609433444881138e+00 7.686199278298993e-01
6.400000000000000e-01 1.650317270804325e+00 7.772185649322811e-01
6.450000000000000e-01 1.692232598744148e+00 7.855428808227349e-01
6.500000000000000e-01 1.735205627145031e+00 7.936066793959968e-01
6.550000000000000e-01 1.779263215548615e+00 8.014227983363943e-01
6.600000000000000e-01 1.824432901381847e+00 8.090031829141379e-01
6.650000000000000e-01 1.870742917168772e+00 8.163589567610061e-01
6.700000000000000e-01 1.918222208176775e+00 8.235004820479939e-01
6.750000000000000e-01 1.966900450508319e+00 8.304374066330686e-01
6.800000000000000e-01 2.016808069649473e+00 8.371787057424083e-01
6.850000000000001e-01 2.067976259486829e+00 8.437327140528239e-01
6.900000000000001e-01 2.120437001804702e+00 8.501071515571090e-01
6.950000000000001e-01 2.174223086274785e+00 8.563091429753283e-01
7.000000000000001e-01 2.229368130950753e+00 8.623452314580496e-01
7.050000000000000e-01 2.285906603280654e+00 8.682213874442828e-01
7.100000000000000e-01 2.343873841650178e+00 8.739430132970343e-01
7.150000000000000e-01 2.403306077470301e+00 8.795149447479348e-01
7.200000000000000e-01 2.464240457823092e+00 8.849414502998312e-01
7.250000000000000e-01 2.526715068679855e+00 8.902262301149524e-01
7.300000000000000e-01 2.590768958706095e+00 8.953724163635258e-01
7.350000000000000e-01 2.656442163668210e+00 9.003825775867692e-01
7.400000000000000e-01 2.723775731457148e+00 9.052587303592130e-01
7.450000000000000e-01 2.792811747744667e+00 9.100023624061245e-01
7.500000000000000e-01 2.863593362288260e+00 9.146144723344624e-01
7.550000000000000e-01 2.936164815901156e+00 9.190956322147017e-01
7.600000000000000e-01 3.010571468104263e+00 9.234460802994883e-01
7.650000000000000e-01 3.086859825477351e+00 9.276658519958321e-01
7.700000000000000e-01 3.165077570727174e+00 9.317549575197159e-01
7.750000000000000e-01 3.245273592490716e+00 9.357136140085869e-01
7.800000000000000e-01 3.327498015892184e+00 9.395425376469396e-01
7.850000000000000e-01 3.411802233872832e+00 9.432432968473506e-01
7.900000000000000e-01 3.498238939313234e+00 9.468187199599226e-01
7.950000000000000e-01 3.586862157968046e+00 9.502733397775290e-01
8.000000000000000e-01 3.677727282233856e+00 9.536138422655972e-01
8.050000000000000e-01 3.770891105771243e+00 9.568494695055918e-01
8.100000000000001e-01 3.866411859002656e+00 9.599923092027491e-01
8.150000000000001e-01 3.964349245508326e+00 9.630573891743119e-01
8.200000000000001e-01 4.064764479342956e+00 9.660624899605219e-01
8.250000000000001e-01 4.167720323296481e+00 9.690275966774510e-01
8.300000000000001e-01 4.273281128122877e+00 9.719739350626716e-01
8.350000000000000e-01 4.381512872761445e+00 9.749225766664961e-01
8.400000000000000e-01 4.492483205575838e+00 9.778926528659059e-01
8.450000000000000e-01 4.606261486636447e+00 9.808992827864271e-01
8.500000000000000e-01 4.722918831072739e+00 9.839513893585794e-01
8.550000000000000e-01 4.842528153522501e+00 9.870496471046465e-01
8.600000000000000e-01 4.965164213705875e+00 9.901848843864367e-01
8.650000000000000e-01 5.090903663152626e+00 9.933373648820498e-01
8.700000000000000e-01 5.219825093111814e+00 9.964774693696453e-01
8.750000000000000e-01 5.352009083673925e+00 9.995682703706364e-01
8.800000000000000e-01 5.487538254136007e+00 1.002570160029334e+00
8.850000000000000e-01 5.626497314641444e+00 1.005446977773605e+00
8.900000000000000e-01 5.768973119126561e+00 1.008172210220239e+00
8.950000000000000e-01 5.915054719607133e+00 1.010733332078297e+00
9.000000000000000e-01 6.064833421838831e+00 1.013132734372605e+00
9.050000000000000e-01 6.218402842386253e+00 1.015384956091018e+00
9.100000000000000e-01 6.375858967136348e+00 1.017511444484711e+00
9.150000000000000e-01 6.537300211292723e+00 1.019534923715624e+00
9.200000000000000e-01 6.702827480888332e+00 1.021475204440752e+00
9.250000000000000e-01 6.872544235855034e+00 1.023347230228195e+00
9.300000000000000e-01 7.046556554689444e+00 1.025161069624545e+00
9.350000000000001e-01 7.224973200755413e+00 1.026922992080210e+00
9.400000000000001e-01 7.407905690264673e+00 1.028636791366056e+00
9.450000000000001e-01 7.595468361978146e+00 1.030304865673873e+00
9.500000000000001e-01 7.787778448671316e+00 1.031928915029575e+00
9.550000000000001e-01 7.984956150408610e+00 1.033510318645258e+00
9.600000000000000e-01 8.187124709672272e+00 1.035050310881358e+00
9.650000000000000e-01 8.394410488393007e+00 1.036550053344905e+00
9.700000000000000e-01 8.606943046930221e+00 1.038010661458552e+00
9.750000000000000e-01 8.824855225051540e+00 1.039433213721093e+00
9.800000000000000e-01 9.048283224961922e+00 1.040818755176302e+00
9.850000000000000e-01 9.277366696434507e+00 1.042168299143548e+00
9.900000000000000e-01 9.512248824096272e+00 1.043482828458030e+00
9.950000000000000e-01 9.753076416923058e+00 1.044763296560663e+00
1.000000000000000e+00 1.000000000000000e+01 1.046010628521224e+00
