0.000000000000000e+00 0.000000000000000e+00 4.660769140153078e-03
5.000000000000000e-03 3.369477419287315e-03 4.660950643614346e-03
1.000000000000000e-02 6.741060871647481e-03 4.661435753600017e-03
1.500000000000000e-02 1.011685770649257e-02 4.662246785259234e-03
2.000000000000000e-02 1.349897790673588e-02 4.663385102167393e-03
2.500000000000000e-02 1.688953540759990e-02 4.664853645830419e-03
3.000000000000000e-02 2.029064941789469e-02 4.666656971648118e-03
3.500000000000000e-02 2.370444574459234e-02 4.668799984354585e-03
4.000000000000000e-02 2.713305812152553e-02 4.671288325987849e-03
4.500000000000000e-02 3.057862954304063e-02 4.674129072078663e-03
5.000000000000000e-02 3.404331360343898e-02 4.677330234267888e-03
5.500000000000000e-02 3.752927584304335e-02 4.680900466201499e-03
6.000000000000000e-02 4.103869510173117e-02 4.684849754443443e-03
6.500000000000000e-02 4.457376488078044e-02 4.689189414723905e-03
7.000000000000001e-02 4.813669471387935e-02 4.693931449570338e-03
7.500000000000000e-02 5.172971154815675e-02 4.699088959503819e-03
8.000000000000000e-02 5.535506113609672e-02 4.704676803038766e-03
8.500000000000001e-02 5.901500943920686e-02 4.710710990207541e-03
9.000000000000000e-02 6.271184404431801e-02 4.717208354921668e-03
9.500000000000000e-02 6.644787559340060e-02 4.724187433794770e-03
1.000000000000000e-01 7.022543922779090e-02 4.731668630707359e-03
1.050000000000000e-01 7.404689604773053e-02 4.739673474384148e-03
1.100000000000000e-01 7.791463458813094e-02 4.748224953746862e-03
1.150000000000000e-01 8.183107231148547e-02 4.757348266302352e-03
1.200000000000000e-01 8.579865711886202e-02 4.767070385382557e-03
1.250000000000000e-01 8.981986887992111e-02 4.777419786781611e-03
1.300000000000000e-01 9.389722098291493e-02 4.788427321571856e-03
1.350000000000000e-01 9.803326190563690e-02 4.800126399983676e-03
1.400000000000000e-01 1.022305768083033e-01 4.812552290856952e-03
1.450000000000000e-01 1.064917891493625e-01 4.825742545278361e-03
1.500000000000000e-01 1.108195623252418e-01 4.839738034718145e-03
1.550000000000000e-01 1.152166013350572e-01 4.854582603427988e-03
1.600000000000000e-01 1.196856544713255e-01 4.870322470418218e-03
1.650000000000000e-01 1.242295150377370e-01 4.887007189982096e-03
1.700000000000000e-01 1.288510230950609e-01 4.904690641691375e-03
1.750000000000000e-01 1.335530672362758e-01 4.923430440066119e-03
1.800000000000000e-01 1.383385863920344e-01 4.943287567131575e-03
1.850000000000000e-01 1.432105716675912e-01 4.964327642773807e-03
1.900000000000000e-01 1.481720682123397e-01 4.986621944919289e-03
1.950000000000000e-01 1.532261771231311e-01 5.010246843152479e-03
2.000000000000000e-01 1.583760573825595e-01 5.035283571830426e-03
2.050000000000000e-01 1.636249278334301e-01 5.061819691828700e-03
2.100000000000000e-01 1.689760691906397e-01 5.089950408218131e-03
2.150000000000000e-01 1.744328260917313e-01 5.119778274156470e-03
2.200000000000000e-01 1.799986091874004e-01 5.151412999226227e-03
2.250000000000000e-01 1.856768972732633e-01 5.184972975400292e-03
2.300000000000000e-01 1.914712394642179e-01 5.220587086720675e-03
2.350000000000000e-01 1.973852574127551e-01 5.258395173347059e-03
2.400000000000000e-01 2.034226475726105e-01 5.298548223527541e-03
2.450000000000000e-01 2.095871835091678e-01 5.341209627613623e-03
2.500000000000000e-01 2.158827182580599e-01 5.386557048416933e-03
2.550000000000000e-01 2.223131867334419e-01 5.434784440698220e-03
2.600000000000000e-01 2.288826081874405e-01 5.486103952271786e-03
2.650000000000000e-01 2.355950887223172e-01 5.540746992240399e-03
2.700000000000000e-01 2.424548238569160e-01 5.598965685799012e-03
2.750000000000000e-01 2.494661011489995e-01 5.661036288999088e-03
2.800000000000000e-01 2.566333028751116e-01 5.727262792628552e-03
2.850000000000000e-01 2.639609087696434e-01 5.797980147142698e-03
2.900000000000000e-01 2.714534988248126e-01 5.873558517934019e-03
2.950000000000000e-01 2.791157561533084e-01 5.954407070722071e-03
3.000000000000000e-01 2.869524699153886e-01 6.040978472618495e-03
3.050000000000000e-01 2.949685383122613e-01 6.133775616706422e-03
3.100000000000000e-01 3.031689716476197e-01 6.233358174352669e-03
3.150000000000000e-01 3.115588954592450e-01 6.340351607225786e-03
3.200000000000000e-01 3.201435537226349e-01 6.455457122029338e-03
3.250000000000000e-01 3.289283121286580e-01 6.579463128057073e-03
3.300000000000000e-01 3.379186614372866e-01 6.713259504213904e-03
3.350000000000000e-01 3.471202209094989e-01 6.857853709825294e-03
3.400000000000000e-01 3.565387418195016e-01 7.014391051227671e-03
3.450000000000000e-01 3.661801110494620e-01 7.184178527568643e-03
3.500000000000000e-01 3.760503547690021e-01 7.368714366517967e-03
3.550000000000000e-01 3.861556422017504e-01 7.569723919640933e-03
3.600000000000000e-01 3.965022894813072e-01 7.789204133665502e-03
3.650000000000000e-01 4.070967635990345e-01 8.029478738064108e-03
3.700000000000000e-01 4.179456864461349e-01 8.293267446735093e-03
3.750000000000000e-01 4.290558389525505e-01 8.583773404882566e-03
3.800000000000000e-01 4.404341653252637e-01 8.904794768616855e-03
3.850000000000000e-01 4.520877773886537e-01 9.260868511495967e-03
3.900000000000000e-01 4.640239590296172e-01 9.657457826203718e-03
3.950000000000000e-01 4.762501707502353e-01 1.010119928526857e-02
4.000000000000000e-01 4.887740543308307e-01 1.060023312979569e-02
4.050000000000000e-01 5.016034376063282e-01 1.116465106117730e-02
4.100000000000000e-01 5.147463393589066e-01 1.180711308052803e-02
4.150000000000000e-01 5.282109743299990e-01 1.254371231216256e-02
4.200000000000000e-01 5.420057583547735e-01 1.339521154302137e-02
4.250000000000000e-01 5.561393136223041e-01 1.438885049663205e-02
4.300000000000000e-01 5.706204740647189e-01 1.556105327456074e-02
4.350000000000000e-01 5.854582908786964e-01 1.696159898969416e-02
4.400000000000000e-01 6.006620381827575e-01 1.866025275461240e-02
4.450000000000000e-01 6.162412188138907e-01 2.075769437918723e-02
4.500000000000000e-01 6.322055702671360e-01 2.340428039372407e-02
4.550000000000000e-01 6.485650707818353e-01 2.683376355976447e-02
4.600000000000000e-01 6.653299455783577e-01 3.142698169246620e-02
4.650000000000000e-01 6.825106732491932e-01 3.783817241262968e-02
4.700000000000000e-01 7.001179923084168e-01 4.725381683150659e-02
4.750000000000000e-01 7.181629079036070e-01 6.190644173720955e-02
4.800000000000000e-01 7.366566986944229e-01 8.583999700048320e-02
4.850000000000000e-01 7.556109239021327e-01 1.245277581420972e-01
4.900000000000000e-01 7.750374305345038e-01 1.786474092445115e-01
4.950000000000000e-01 7.949483607905672e-01 2.360789127751975e-01
5.000000000000000e-01 8.153561596498893e-01 2.844249824228154e-01
5.050000000000000e-01 8.362735826510871e-01 3.238973183133620e-01
5.100000000000000e-01 8.577137038644561e-01 3.581272666605539e-01
5.150000000000000e-01 8.796899240636907e-01 3.887787335212135e-01
5.200000000000000e-01 9.022159791018011e-01 4.166140048546872e-01
5.250000000000000e-01 9.253059484964714e-01 4.422091063097027e-01
5.300000000000000e-01 9.489742642302165e-01 4.659453646925015e-01
5.350000000000000e-01 9.732357197708378e-01 4.880937061015855e-01
5.400000000000000e-01 9.981054793178262e-01 5.088698405926820e-01
5.450000000000000e-01 1.023599087280478e+00 5.284396738864181e-01
5.500000000000000e-01 1.049732477993657e+00 5.469377753384281e-01
5.550000000000000e-01 1.076521985677273e+00 5.644754178852796e-01
5.600000000000001e-01 1.103984354645701e+00 5.811450150756614e-01
5.650000000000001e-01 1.132136749773522e+00 5.970251515543050e-01
5.700000000000001e-01 1.160996767224129e+00 6.121830654477302e-01
5.750000000000001e-01 1.190582445447902e+00 6.266768808646850e-01
5.800000000000000e-01 1.220912276456826e+00 6.405573290485372e-01
5.850000000000000e-01 1.252005217382601e+00 6.538689486340915e-01
5.900000000000000e-01 1.283880702325469e+00 6.666511195658553e-01
5.950000000000000e-01 1.316558654501151e+00 6.789388459939584e-01
6.000000000000000e-01 1.350059498693518e+00 6.907633887474148e-01
6.050000000000000e-01 1.384404174020732e+00 7.021527850903456e-01
6.100000000000000e-01 1.419614147022888e+00 7.131322677823289e-01
6.150000000000000e-01 1.455711425079295e+00 7.237246137960903e-01
6.200000000000000e-01 1.492718570163803e+00 7.339504336828777e-01
6.250000000000000e-01 1.530658712946775e+00 7.438284138049142e-01
6.300000000000000e-01 1.569555567252506e+00 7.533755212216975e-01
6.350000000000000e-01 1.609433444881138e+00 7.626071780247656e-01
6.400000000000000e-01 1.650317270804325e+00 7.715374113331536e-01
6.450000000000000e-01 1.692232598744148e+00 7.801789838619451e-01
6.500000000000000e-01 1.735205627145031e+00 7.885435092822591e-01
6.550000000000000e-01 1.779263215548615e+00 7.966415561053179e-01
6.600000000000000e-01 1.824432901381847e+00 8.044827434351489e-01
6.650000000000000e-01 1.870742917168772e+00 8.120758317136026e-01
6.700000000000000e-01 1.918222208176775e+00 8.194288114377563e-01
6.750000000000000e-01 1.966900450508319e+00 8.265489927494781e-01
6.800000000000000e-01 2.016808069649473e+00 8.334430987462619e-01
6.850000000000001e-01 2.067976259486829e+00 8.401173653003918e-01
6.900000000000001e-01 2.120437001804702e+00 8.465776500547864e-01
6.950000000000001e-01 2.174223086274785e+00 8.528295530301657e-01
7.000000000000001e-01 2.229368130950753e+00 8.588785508596161e-01
7.050000000000000e-01 2.285906603280654e+00 8.647301459814811e-01
7.100000000000000e-01 2.343873841650178e+00 8.703900310802432e-01
7.150000000000000e-01 2.403306077470301e+00 8.758642675788061e-01
7.200000000000000e-01 2.464240457823092e+00 8.811594749811840e-01
7.250000000000000e-01 2.526715068679855e+00 8.862830253067241e-01
7.300000000000000e-01 2.590768958706095e+00 8.912432337773052e-01
7.350000000000000e-01 2.656442163668210e+00 8.960495334486365e-01
7.400000000000000e-01 2.723775731457148e+00 9.007126178759923e-01
7.450000000000000e-01 2.792811747744667e+00 9.052445325777497e-01
7.500000000000000e-01 2.863593362288260e+00 9.096586935440817e-01
7.550000000000000e-01 2.936164815901156e+00 9.139698099546198e-01
7.600000000000000e-01 3.010571468104263e+00 9.181936892370763e-01
7.650000000000000e-01 3.086859825477351e+00 9.223469061259741e-01
7.700000000000000e-01 3.165077570727174e+00 9.264463237617867e-01
7.750000000000000e-01 3.245273592490716e+00 9.305084641397029e-01
7.800000000000000e-01 3.327498015892184e+00 9.345487371839254e-01
7.850000000000000e-01 3.411802233872832e+00 9.385805521089645e-01
7.900000000000000e-01 3.498238939313234e+00 9.426143513490176e-01
7.950000000000000e-01 3.586862157968046e+00 9.466566262069254e-01
8.000000000000000e-01 3.677727282233856e+00 9.507089946031979e-01
8.050000000000000e-01 3.770891105771243e+00 9.547674446849985e-01
8.100000000000001e-01 3.866411859002656e+00 9.588218722254451e-01
8.150000000000001e-01 3.964349245508326e+00 9.628560605074151e-01
8.200000000000001e-01 4.064764479342956e+00 9.668482588190601e-01
8.250000000000001e-01 4.167720323296481e+00 9.707724913928377e-01
8.300000000000001e-01 4.273281128122877e+00 9.746006477169251e-01
8.350000000000000e-01 4.381512872761445e+00 9.783052489994893e-01
8.400000000000000e-01 4.492483205575838e+00 9.818625654793016e-01
8.450000000000000e-01 4.606261486636447e+00 9.852555379166459e-01
8.500000000000000e-01 4.722918831072739e+00 9.884758426117238e-01
8.550000000000000e-01 4.842528153522501e+00 9.915245384700450e-01
8.600000000000000e-01 4.965164213705875e+00 9.944110739671773e-01
8.650000000000000e-01 5.090903663152626e+00 9.971509096272284e-01
8.700000000000000e-01 5.219825093111814e+00 9.997624267962399e-01
8.750000000000000e-01 5.352009083673925e+00 1.002263954399848e+00
8.800000000000000e-01 5.487538254136007e+00 1.004671587556242e+00
8.850000000000000e-01 5.626497314641444e+00 1.006998096493768e+00
8.900000000000000e-01 5.768973119126561e+00 1.009252827372928e+00
8.950000000000000e-01 5.915054719607133e+00 1.011442246695271e+00
9.000000000000000e-01 6.064833421838831e+00 1.013570734200412e+00
9.050000000000000e-01 6.218402842386253e+00 1.015641331547975e+00
9.100000000000000e-01 6.375858967136348e+00 1.017656305813466e+00
9.150000000000000e-01 6.537300211292723e+00 1.019617509026500e+00
9.200000000000000e-01 6.702827480888332e+00 1.021526578162409e+00
9.250000000000000e-01 6.872544235855034e+00 1.023385033825249e+00
9.300000000000000e-01 7.046556554689444e+00 1.025194324187666e+00
9.350000000000001e-01 7.224973200755413e+00 1.026955843169884e+00
9.400000000000001e-01 7.407905690264673e+00 1.028670937908058e+00
9.450000000000001e-01 7.595468361978146e+00 1.030340912234886e+00
9.500000000000001e-01 7.787778448671316e+00 1.031967028799507e+00
9.550000000000001e-01 7.984956150408610e+00 1.033550510735072e+00
9.600000000000000e-01 8.187124709672272e+00 1.035092543155233e+00
9.650000000000000e-01 8.394410488393007e+00 1.036594274559407e+00
9.700000000000000e-01 8.606943046930221e+00 1.038056818169241e+00
9.750000000000000e-01 8.824855225051540e+00 1.039481253203951e+00
9.800000000000000e-01 9.048283224961922e+00 1.040868626098708e+00
9.850000000000000e-01 9.277366696434507e+00 1.042219951669332e+00
9.900000000000000e-01 9.512248824096272e+00 1.043536214226235e+00
9.950000000000000e-01 9.753076416923058e+00 1.044818368640363e+00
1.000000000000000e+00 1.000000000000000e+01 1.046067341363665e+00
