0.000000000000000e+00 0.000000000000000e+00 9.410323619342501e-03
5.000000000000000e-03 3.369477419287315e-03 9.410680171341695e-03
1.000000000000000e-02 6.741060871647481e-03 9.411634120634059e-03
1.500000000000000e-02 1.011685770649257e-02 9.413230600418486e-03
2.000000000000000e-02 1.349897790673588e-02 9.415471169498354e-03
2.500000000000000e-02 1.688953540759990e-02 9.418361333680677e-03
3.000000000000000e-02 2.029064941789469e-02 9.421910351294692e-03
3.500000000000000e-02 2.370444574459234e-02 9.426127747842445e-03
4.000000000000000e-02 2.713305812152553e-02 9.431024759021063e-03
4.500000000000000e-02 3.057862954304063e-02 9.436615359048748e-03
5.000000000000000e-02 3.404331360343898e-02 9.442914846446456e-03
5.500000000000000e-02 3.752927584304335e-02 9.449940245723466e-03
6.000000000000000e-02 4.103869510173117e-02 9.457711568502909e-03
6.500000000000000e-02 4.457376488078044e-02 9.466250730636878e-03
7.000000000000001e-02 4.813669471387935e-02 9.475580976148361e-03
7.500000000000000e-02 5.172971154815675e-02 9.485728425456509e-03
8.000000000000000e-02 5.535506113609672e-02 9.496722209218487e-03
8.500000000000001e-02 5.901500943920686e-02 9.508593142792669e-03
9.000000000000000e-02 6.271184404431801e-02 9.521374471951375e-03
9.500000000000000e-02 6.644787559340060e-02 9.535103031575287e-03
1.000000000000000e-01 7.022543922779090e-02 9.549818238720788e-03
1.050000000000000e-01 7.404689604773053e-02 9.565561806711444e-03
1.100000000000000e-01 7.791463458813094e-02 9.582379403177840e-03
1.150000000000000e-01 8.183107231148547e-02 9.600320551926205e-03
1.200000000000000e-01 8.579865711886202e-02 9.619437272272774e-03
1.250000000000000e-01 8.981986887992111e-02 9.639785221266028e-03
1.300000000000000e-01 9.389722098291493e-02 9.661425360261973e-03
1.350000000000000e-01 9.803326190563690e-02 9.684422756953239e-03
1.400000000000000e-01 1.022305768083033e-01 9.708845748455153e-03
1.450000000000000e-01 1.064917891493625e-01 9.734768020212420e-03
1.500000000000000e-01 1.108195623252418e-01 9.762269699135850e-03
1.550000000000000e-01 1.152166013350572e-01 9.791435783687217e-03
1.600000000000000e-01 1.196856544713255e-01 9.822356159738083e-03
1.650000000000000e-01 1.242295150377370e-01 9.855127989462397e-03
1.700000000000000e-01 1.288510230950609e-01 9.889856294062417e-03
1.750000000000000e-01 1.335530672362758e-01 9.926652557408400e-03
1.800000000000000e-01 1.383385863920344e-01 9.965635395279046e-03
1.850000000000000e-01 1.432105716675912e-01 1.000693306809978e-02
1.900000000000000e-01 1.481720682123397e-01 1.005068405424175e-02
1.950000000000000e-01 1.532261771231311e-01 1.009703593264073e-02
2.000000000000000e-01 1.583760573825595e-01 1.014614625951782e-02
2.050000000000000e-01 1.636249278334301e-01 1.019818545785555e-02
2.100000000000000e-01 1.689760691906397e-01 1.025333813916245e-02
2.150000000000000e-01 1.744328260917313e-01 1.031180221395889e-02
2.200000000000000e-01 1.799986091874004e-01 1.037378944116858e-02
2.250000000000000e-01 1.856768972732633e-01 1.043952894881156e-02
2.300000000000000e-01 1.914712394642179e-01 1.050927015641761e-02
2.350000000000000e-01 1.973852574127551e-01 1.058328263807927e-02
2.400000000000000e-01 2.034226475726105e-01 1.066185635539182e-02
2.450000000000000e-01 2.095871835091678e-01 1.074530526051001e-02
2.500000000000000e-01 2.158827182580599e-01 1.083397152472396e-02
2.550000000000000e-01 2.223131867334419e-01 1.092822809927658e-02
2.600000000000000e-01 2.288826081874405e-01 1.102848124452691e-02
2.650000000000000e-01 2.355950887223172e-01 1.113517315624210e-02
2.700000000000000e-01 2.424548238569160e-01 1.124878517751995e-02
2.750000000000000e-01 2.494661011489995e-01 1.136984432531706e-02
2.800000000000000e-01 2.566333028751116e-01 1.149893031460039e-02
2.850000000000000e-01 2.639609087696434e-01 1.163668060413517e-02
2.900000000000000e-01 2.714534988248126e-01 1.178379754177015e-02
2.950000000000000e-01 2.791157561533084e-01 1.194105576640595e-02
3.000000000000000e-01 2.869524699153886e-01 1.210931010161327e-02
3.050000000000000e-01 2.949685383122613e-01 1.228950817262772e-02
3.100000000000000e-01 3.031689716476197e-01 1.248270245063010e-02
3.150000000000000e-01 3.115588954592450e-01 1.269006605560866e-02
3.200000000000000e-01 3.201435537226349e-01 1.291291075095038e-02
3.250000000000000e-01 3.289283121286580e-01 1.315270692576687e-02
3.300000000000000e-01 3.379186614372866e-01 1.341110882161781e-02
3.350000000000000e-01 3.471202209094989e-01 1.368998273360494e-02
3.400000000000000e-01 3.565387418195016e-01 1.399144229452100e-02
3.450000000000000e-01 3.661801110494620e-01 1.431788979791414e-02
3.500000000000000e-01 3.760503547690021e-01 1.467206691331542e-02
3.550000000000000e-01 3.861556422017504e-01 1.505711591325565e-02
3.600000000000000e-01 3.965022894813072e-01 1.547665482237537e-02
3.650000000000000e-01 4.070967635990345e-01 1.593486983833406e-02
3.700000000000000e-01 4.179456864461349e-01 1.643663002056905e-02
3.750000000000000e-01 4.290558389525505e-01 1.698763060138477e-02
3.800000000000000e-01 4.404341653252637e-01 1.759457358025883e-02
3.850000000000000e-01 4.520877773886537e-01 1.826539728985170e-02
3.900000000000000e-01 4.640239590296172e-01 1.900957099049935e-02
3.950000000000000e-01 4.762501707502353e-01 1.983847677638055e-02
4.000000000000000e-01 4.887740543308307e-01 2.076591013763341e-02
4.050000000000000e-01 5.016034376063282e-01 2.180874387764749e-02
4.100000000000000e-01 5.147463393589066e-01 2.298782008528931e-02
4.150000000000000e-01 5.282109743299990e-01 2.432916530745505e-02
4.200000000000000e-01 5.420057583547735e-01 2.586567122261947e-02
4.250000000000000e-01 5.561393136223041e-01 2.763945747926981e-02
4.300000000000000e-01 5.706204740647189e-01 2.970525281319049e-02
4.350000000000000e-01 5.854582908786964e-01 3.213532595157050e-02
4.400000000000000e-01 6.006620381827575e-01 3.502682281588416e-02
4.450000000000000e-01 6.162412188138907e-01 3.851291406940704e-02
4.500000000000000e-01 6.322055702671360e-01 4.278008299919107e-02
4.550000000000000e-01 6.485650707818353e-01 4.809542405441580e-02
4.600000000000000e-01 6.653299455783577e-01 5.485021976429021e-02
4.650000000000000e-01 6.825106732491932e-01 6.362903178407912e-02
4.700000000000000e-01 7.001179923084168e-01 7.531385725282649e-02
4.750000000000000e-01 7.181629079036070e-01 9.121578209011771e-02
4.800000000000000e-01 7.366566986944229e-01 1.131436791103734e-01
4.850000000000000e-01 7.556109239021327e-01 1.430808836382119e-01
4.900000000000000e-01 7.750374305345038e-01 1.818610883205755e-01
4.950000000000000e-01 7.949483607905672e-01 2.270361656337680e-01
5.000000000000000e-01 8.153561596498893e-01 2.728624784200894e-01
5.050000000000000e-01 8.362735826510871e-01 3.143889848715136e-01
5.100000000000000e-01 8.577137038644561e-01 3.504619763031234e-01
5.150000000000000e-01 8.796899240636907e-01 3.821605799421288e-01
5.200000000000000e-01 9.022159791018011e-01 4.106477998108064e-01
5.250000000000000e-01 9.253059484964714e-01 4.366693204115023e-01
5.300000000000000e-01 9.489742642302165e-01 4.607090460803336e-01
5.350000000000000e-01 9.732357197708378e-01 4.831040461799612e-01
5.400000000000000e-01 9.981054793178262e-01 5.040959587706328e-01
5.450000000000000e-01 1.023599087280478e+00 5.238662553409944e-01
5.500000000000000e-01 1.049732477993657e+00 5.425569124040444e-01
5.550000000000000e-01 1.076521985677273e+00 5.602818547667850e-01
5.600000000000001e-01 1.103984354645701e+00 5.771346415506182e-01
5.650000000000001e-01 1.132136749773522e+00 5.931935408259831e-01
5.700000000000001e-01 1.160996767224129e+00 6.085249516847508e-01
5.750000000000001e-01 1.190582445447902e+00 6.231858865151876e-01
5.800000000000000e-01 1.220912276456826e+00 6.372257838642326e-01
5.850000000000000e-01 1.252005217382601e+00 6.506878677231571e-01
5.900000000000000e-01 1.283880702325469e+00 6.636101955129182e-01
5.950000000000000e-01 1.316558654501151e+00 6.760264769096915e-01
6.000000000000000e-01 1.350059498693518e+00 6.879667255064255e-01
6.050000000000000e-01 1.384404174020732e+00 6.994577857733114e-01
6.100000000000000e-01 1.419614147022888e+00 7.105237651885576e-01
6.150000000000000e-01 1.455711425079295e+00 7.211863939983800e-01
6.200000000000000e-01 1.492718570163803e+00 7.314653292834883e-01
6.250000000000000e-01 1.530658712946775e+00 7.413784161118938e-01
6.300000000000000e-01 1.569555567252506e+00 7.509419157974626e-01
6.350000000000000e-01 1.609433444881138e+00 7.601707092301312e-01
6.400000000000000e-01 1.650317270804325e+00 7.690784817337226e-01
6.450000000000000e-01 1.692232598744148e+00 7.776778947457496e-01
6.500000000000000e-01 1.735205627145031e+00 7.859807486794097e-01
6.550000000000000e-01 1.779263215548615e+00 7.939981405289012e-01
6.600000000000000e-01 1.824432901381847e+00 8.017406190359031e-01
6.650000000000000e-01 1.870742917168772e+00 8.092183394820563e-01
6.700000000000000e-01 1.918222208176775e+00 8.164412193521740e-01
6.750000000000000e-01 1.966900450508319e+00 8.234190951766480e-01
6.800000000000000e-01 2.016808069649473e+00 8.301618797706997e-01
6.850000000000001e-01 2.067976259486829e+00 8.366797178195842e-01
6.900000000000001e-01 2.120437001804702e+00 8.429831363112154e-01
6.950000000000001e-01 2.174223086274785e+00 8.490831847192769e-01
7.000000000000001e-01 2.229368130950753e+00 8.549915581567127e-01
7.050000000000000e-01 2.285906603280654e+00 8.607206950609771e-01
7.100000000000000e-01 2.343873841650178e+00 8.662838394929260e-01
7.150000000000000e-01 2.403306077470301e+00 8.716950570240727e-01
7.200000000000000e-01 2.464240457823092e+00 8.769691926698483e-01
7.250000000000000e-01 2.526715068679855e+00 8.821217596181632e-01
7.300000000000000e-01 2.590768958706095e+00 8.871687487939800e-01
7.350000000000000e-01 2.656442163668210e+00 8.921263517281220e-01
7.400000000000000e-01 2.723775731457148e+00 8.970105928280838e-01
7.450000000000000e-01 2.792811747744667e+00 9.018368719803979e-01
7.500000000000000e-01 2.863593362288260e+00 9.066194244124967e-01
7.550000000000000e-01 2.936164815901156e+00 9.113707118850763e-01
7.600000000000000e-01 3.010571468104263e+00 9.161007676167436e-01
7.650000000000000e-01 3.086859825477351e+00 9.208165269887609e-01
7.700000000000000e-01 3.165077570727174e+00 9.255211871929997e-01
7.750000000000000e-01 3.245273592490716e+00 9.302136515628898e-01
7.800000000000000e-01 3.327498015892184e+00 9.348881278305974e-01
7.850000000000000e-01 3.411802233872832e+00 9.395339623515938e-01
7.900000000000000e-01 3.498238939313234e+00 9.441358009352558e-01
7.950000000000000e-01 3.586862157968046e+00 9.486741651738906e-01
8.000000000000000e-01 3.677727282233856e+00 9.531265120798870e-01
8.050000000000000e-01 3.770891105771243e+00 9.574687942169426e-01
8.100000000000001e-01 3.866411859002656e+00 9.616774508606144e-01
8.150000000000001e-01 3.964349245508326e+00 9.657316435365292e-01
8.200000000000001e-01 4.064764479342956e+00 9.696154270970061e-01
8.250000000000001e-01 4.167720323296481e+00 9.733194664204722e-01
8.300000000000001e-01 4.273281128122877e+00 9.768419214325832e-01
8.350000000000000e-01 4.381512872761445e+00 9.801882605119854e-01
8.400000000000000e-01 4.492483205575838e+00 9.833700058005116e-01
8.450000000000000e-01 4.606261486636447e+00 9.864026881157127e-01
8.500000000000000e-01 4.722918831072739e+00 9.893034894052004e-01
8.550000000000000e-01 4.842528153522501e+00 9.920890950612232e-01
8.600000000000000e-01 4.965164213705875e+00 9.947741531915644e-01
8.650000000000000e-01 5.090903663152626e+00 9.973705054674702e-01
8.700000000000000e-01 5.219825093111814e+00 9.998871170197446e-01
8.750000000000000e-01 5.352009083673925e+00 1.002330478485968e+00
8.800000000000000e-01 5.487538254136007e+00 1.004705214943002e+00
8.850000000000000e-01 5.626497314641444e+00 1.007014690623219e+00
8.900000000000000e-01 5.768973119126561e+00 1.009261492305277e+00
8.950000000000000e-01 5.915054719607133e+00 1.011447759800086e+00
9.000000000000000e-01 6.064833421838831e+00 1.013575384516798e+00
9.050000000000000e-01 6.218402842386253e+00 1.015646116040894e+00
9.100000000000000e-01 6.375858967136348e+00 1.017661614015035e+00
9.150000000000000e-01 6.537300211292723e+00 1.019623471590712e+00
9.200000000000000e-01 6.702827480888332e+00 1.021533225774492e+00
9.250000000000000e-01 6.872544235855034e+00 1.023392362350581e+00
9.300000000000000e-01 7.046556554689444e+00 1.025202318752043e+00
9.350000000000001e-01 7.224973200755413e+00 1.026964486192667e+00
9.400000000000001e-01 7.407905690264673e+00 1.028680211516530e+00
9.450000000000001e-01 7.595468361978146e+00 1.030350798910287e+00
9.500000000000001e-01 7.787778448671316e+00 1.031977511522058e+00
9.550000000000001e-01 7.984956150408610e+00 1.033561573001354e+00
9.600000000000000e-01 8.187124709672272e+00 1.035104168966693e+00
9.650000000000000e-01 8.394410488393007e+00 1.036606448405487e+00
9.700000000000000e-01 8.606943046930221e+00 1.038069525010128e+00
9.750000000000000e-01 8.824855225051540e+00 1.039494478453901e+00
9.800000000000000e-01 9.048283224961922e+00 1.040882355610065e+00
9.850000000000000e-01 9.277366696434507e+00 1.042234171717225e+00
9.900000000000000e-01 9.512248824096272e+00 1.043550911493941e+00
9.950000000000000e-01 9.753076416923058e+00 1.044833530205275e+00
1.000000000000000e+00 1.000000000000000e+01 1.046082954683853e+00
