0.000000000000000e+00 0.000000000000000e+00 5.170198748289178e-03
5.000000000000000e-03 3.369477419287315e-03 5.170399449329221e-03
1.000000000000000e-02 6.741060871647481e-03 5.170936009220493e-03
1.500000000000000e-02 1.011685770649257e-02 5.171833287402013e-03
2.000000000000000e-02 1.349897790673588e-02 5.173092623319786e-03
2.500000000000000e-02 1.688953540759990e-02 5.174717228440738e-03
3.000000000000000e-02 2.029064941789469e-02 5.176712211366639e-03
3.500000000000000e-02 2.370444574459234e-02 5.179082985978497e-03
4.000000000000000e-02 2.713305812152553e-02 5.181835779047949e-03
4.500000000000000e-02 3.057862954304063e-02 5.184978435423557e-03
5.000000000000000e-02 3.404331360343898e-02 5.188519795038144e-03
5.500000000000000e-02 3.752927584304335e-02 5.192469413811330e-03
6.000000000000000e-02 4.103869510173117e-02 5.196838368106268e-03
6.500000000000000e-02 4.457376488078044e-02 5.201639170355713e-03
7.000000000000001e-02 4.813669471387935e-02 5.206885060910280e-03
7.500000000000000e-02 5.172971154815675e-02 5.212590542052862e-03
8.000000000000000e-02 5.535506113609672e-02 5.218772063735369e-03
8.500000000000001e-02 5.901500943920686e-02 5.225447299918311e-03
9.000000000000000e-02 6.271184404431801e-02 5.232634861508393e-03
9.500000000000000e-02 6.644787559340060e-02 5.240355279407254e-03
1.000000000000000e-01 7.022543922779090e-02 5.248631096432964e-03
1.050000000000000e-01 7.404689604773053e-02 5.257486080157379e-03
1.100000000000000e-01 7.791463458813094e-02 5.266945679579528e-03
1.150000000000000e-01 8.183107231148547e-02 5.277037780101053e-03
1.200000000000000e-01 8.579865711886202e-02 5.287792158297749e-03
1.250000000000000e-01 8.981986887992111e-02 5.299240276532642e-03
1.300000000000000e-01 9.389722098291493e-02 5.311416285279570e-03
1.350000000000000e-01 9.803326190563690e-02 5.324357120290110e-03
1.400000000000000e-01 1.022305768083033e-01 5.338101721802277e-03
1.450000000000000e-01 1.064917891493625e-01 5.352691603418986e-03
1.500000000000000e-01 1.108195623252418e-01 5.368171976789300e-03
1.550000000000000e-01 1.152166013350572e-01 5.384591280006698e-03
1.600000000000000e-01 1.196856544713255e-01 5.402000560805502e-03
1.650000000000000e-01 1.242295150377370e-01 5.420454607197487e-03
1.700000000000000e-01 1.288510230950609e-01 5.440012981483004e-03
1.750000000000000e-01 1.335530672362758e-01 5.460739313755823e-03
1.800000000000000e-01 1.383385863920344e-01 5.482700962503586e-03
1.850000000000000e-01 1.432105716675912e-01 5.505970459389543e-03
1.900000000000000e-01 1.481720682123397e-01 5.530626566087833e-03
1.950000000000000e-01 1.532261771231311e-01 5.556753610357973e-03
2.000000000000000e-01 1.583760573825595e-01 5.584441299708458e-03
2.050000000000000e-01 1.636249278334301e-01 5.613786374208667e-03
2.100000000000000e-01 1.689760691906397e-01 5.644894004864964e-03
2.150000000000000e-01 1.744328260917313e-01 5.677877415533160e-03
2.200000000000000e-01 1.799986091874004e-01 5.712857705919765e-03
2.250000000000000e-01 1.856768972732633e-01 5.749965597827569e-03
2.300000000000000e-01 1.914712394642179e-01 5.789343421682037e-03
2.350000000000000e-01 1.973852574127551e-01 5.831145547301192e-03
2.400000000000000e-01 2.034226475726105e-01 5.875538565383500e-03
2.450000000000000e-01 2.095871835091678e-01 5.922702750732221e-03
2.500000000000000e-01 2.158827182580599e-01 5.972834178546740e-03
2.550000000000000e-01 2.223131867334419e-01 6.026146878347321e-03
2.600000000000000e-01 2.288826081874405e-01 6.082874862258604e-03
2.650000000000000e-01 2.355950887223172e-01 6.143273322345251e-03
2.700000000000000e-01 2.424548238569160e-01 6.207620250246824e-03
2.750000000000000e-01 2.494661011489995e-01 6.276220218466823e-03
2.800000000000000e-01 2.566333028751116e-01 6.349408371842371e-03
2.850000000000000e-01 2.639609087696434e-01 6.427553910093159e-03
2.900000000000000e-01 2.714534988248126e-01 6.511064721151794e-03
2.950000000000000e-01 2.791157561533084e-01 6.600391556651390e-03
3.000000000000000e-01 2.869524699153886e-01 6.696032945185617e-03
3.050000000000000e-01 2.949685383122613e-01 6.798542598232744e-03
3.100000000000000e-01 3.031689716476197e-01 6.908536602314054e-03
3.150000000000000e-01 3.115588954592450e-01 7.026703269676430e-03
3.200000000000000e-01 3.201435537226349e-01 7.153814049983994e-03
3.250000000000000e-01 3.289283121286580e-01 7.290736039374591e-03
3.300000000000000e-01 3.379186614372866e-01 7.438447581875341e-03
3.350000000000000e-01 3.471202209094989e-01 7.598055864754742e-03
3.400000000000000e-01 3.565387418195016e-01 7.770819042021828e-03
3.450000000000000e-01 3.661801110494620e-01 7.958172250463757e-03
3.500000000000000e-01 3.760503547690021e-01 8.161759801675765e-03
3.550000000000000e-01 3.861556422017504e-01 8.383474276750484e-03
3.600000000000000e-01 3.965022894813072e-01 8.625504911217247e-03
3.650000000000000e-01 4.070967635990345e-01 8.890397579439812e-03
3.700000000000000e-01 4.179456864461349e-01 9.181129924223897e-03
3.750000000000000e-01 4.290558389525505e-01 9.501206176291237e-03
3.800000000000000e-01 4.404341653252637e-01 9.854777973080256e-03
3.850000000000000e-01 4.520877773886537e-01 1.024679983337586e-02
3.900000000000000e-01 4.640239590296172e-01 1.068323141587502e-02
3.950000000000000e-01 4.762501707502353e-01 1.117130375965957e-02
4.000000000000000e-01 4.887740543308307e-01 1.171987429474929e-02
4.050000000000000e-01 5.016034376063282e-01 1.233990695941983e-02
4.100000000000000e-01 5.147463393589066e-01 1.304513169575507e-02
4.150000000000000e-01 5.282109743299990e-01 1.385296605834305e-02
4.200000000000000e-01 5.420057583547735e-01 1.478582793893638e-02
4.250000000000000e-01 5.561393136223041e-01 1.587304562138306e-02
4.300000000000000e-01 5.706204740647189e-01 1.715370400781783e-02
4.350000000000000e-01 5.854582908786964e-01 1.868100101408557e-02
4.400000000000000e-01 6.006620381827575e-01 2.052911979037867e-02
4.450000000000000e-01 6.162412188138907e-01 2.280444497483205e-02
4.500000000000000e-01 6.322055702671360e-01 2.566458121835302e-02
4.550000000000000e-01 6.485650707818353e-01 2.935198800496699e-02
4.600000000000000e-01 6.653299455783577e-01 3.425616201788095e-02
4.650000000000000e-01 6.825106732491932e-01 4.103340923559206e-02
4.700000000000000e-01 7.001179923084168e-01 5.084245143683904e-02
4.750000000000000e-01 7.181629079036070e-01 6.578547011392515e-02
4.800000000000000e-01 7.366566986944229e-01 8.950458325520258e-02
4.850000000000000e-01 7.556109239021327e-01 1.267592212373979e-01
4.900000000000000e-01 7.750374305345038e-01 1.784001974388265e-01
4.950000000000000e-01 7.949483607905672e-01 2.344588754857918e-01
5.000000000000000e-01 8.153561596498893e-01 2.830278938422758e-01
5.050000000000000e-01 8.362735826510871e-01 3.228549004697158e-01
5.100000000000000e-01 8.577137038644561e-01 3.571983548740065e-01
5.150000000000000e-01 8.796899240636907e-01 3.878973851774808e-01
5.200000000000000e-01 9.022159791018011e-01 4.157685963154655e-01
5.250000000000000e-01 9.253059484964714e-01 4.413849177573846e-01
5.300000000000000e-01 9.489742642302165e-01 4.651412933189347e-01
5.350000000000000e-01 9.732357197708378e-01 4.873112046812380e-01
5.400000000000000e-01 9.981054793178262e-01 5.081095407347578e-01
5.450000000000000e-01 1.023599087280478e+00 5.277034833526104e-01
5.500000000000000e-01 1.049732477993657e+00 5.462270541962593e-01
5.550000000000000e-01 1.076521985677273e+00 5.637912123301710e-01
5.600000000000001e-01 1.103984354645701e+00 5.804881970165972e-01
5.650000000000001e-01 1.132136749773522e+00 5.963961968190516e-01
5.700000000000001e-01 1.160996767224129e+00 6.115821981690867e-01
5.750000000000001e-01 1.190582445447902e+00 6.261040609642589e-01
5.800000000000000e-01 1.220912276456826e+00 6.400122610062522e-01
5.850000000000000e-01 1.252005217382601e+00 6.533511153534164e-01
5.900000000000000e-01 1.283880702325469e+00 6.661597849340418e-01
5.950000000000000e-01 1.316558654501151e+00 6.784730682486664e-01
6.000000000000000e-01 1.350059498693518e+00 6.903220284095842e-01
6.050000000000000e-01 1.384404174020732e+00 7.017345093974521e-01
6.100000000000000e-01 1.419614147022888e+00 7.127355555770086e-01
6.150000000000000e-01 1.455711425079295e+00 7.233477585984801e-01
6.200000000000000e-01 1.492718570163803e+00 7.335915467933966e-01
6.250000000000000e-01 1.530658712946775e+00 7.434854278550248e-01
6.300000000000000e-01 1.569555567252506e+00 7.530461946840061e-01
6.350000000000000e-01 1.609433444881138e+00 7.622891015476906e-01
6.400000000000000e-01 1.650317270804325e+00 7.712280166202276e-01
6.450000000000000e-01 1.692232598744148e+00 7.798755559887760e-01
6.500000000000000e-01 1.735205627145031e+00 7.882432034348119e-01
6.550000000000000e-01 1.779263215548615e+00 7.963414198215097e-01
6.600000000000000e-01 1.824432901381847e+00 8.041797455474623e-01
6.650000000000000e-01 1.870742917168772e+00 8.117668992820471e-01
6.700000000000000e-01 1.918222208176775e+00 8.191108760295804e-01
6.750000000000000e-01 1.966900450508319e+00 8.262190474380854e-01
6.800000000000000e-01 2.016808069649473e+00 8.330982671376838e-01
6.850000000000001e-01 2.067976259486829e+00 8.397549837152706e-01
6.900000000000001e-01 2.120437001804702e+00 8.461953636518075e-01
6.950000000000001e-01 2.174223086274785e+00 8.524254261019028e-01
7.000000000000001e-01 2.229368130950753e+00 8.584511907088649e-01
7.050000000000000e-01 2.285906603280654e+00 8.642788386435132e-01
7.100000000000000e-01 2.343873841650178e+00 8.699148856554529e-01
7.150000000000000e-01 2.403306077470301e+00 8.753663640705300e-01
7.200000000000000e-01 2.464240457823092e+00 8.806410083316224e-01
7.250000000000000e-01 2.526715068679855e+00 8.857474358946338e-01
7.300000000000000e-01 2.590768958706095e+00 8.906953121764102e-01
7.350000000000000e-01 2.656442163668210e+00 8.954954850351695e-01
7.400000000000000e-01 2.723775731457148e+00 9.001600712977287e-01
7.450000000000000e-01 2.792811747744667e+00 9.047024755943486e-01
7.500000000000000e-01 2.863593362288260e+00 9.091373207563506e-01
7.550000000000000e-01 2.936164815901156e+00 9.134802698097583e-01
7.600000000000000e-01 3.010571468104263e+00 9.177477226062483e-01
7.650000000000000e-01 3.086859825477351e+00 9.219563756430008e-01
7.700000000000000e-01 3.165077570727174e+00 9.261226416906491e-01
7.750000000000000e-01 3.245273592490716e+00 9.302619363373801e-01
7.800000000000000e-01 3.327498015892184e+00 9.343878512457541e-01
7.850000000000000e-01 3.411802233872832e+00 9.385112486528530e-01
7.900000000000000e-01 3.498238939313234e+00 9.426393284458610e-01
7.950000000000000e-01 3.586862157968046e+00 9.467747381491439e-01
8.000000000000000e-01 3.677727282233856e+00 9.509148172828032e-01
8.050000000000000e-01 3.770891105771243e+00 9.550510898109046e-01
8.100000000000001e-01 3.866411859002656e+00 9.591691386175198e-01
8.150000000000001e-01 3.964349245508326e+00 9.632490065844070e-01
8.200000000000001e-01 4.064764479342956e+00 9.672662555103271e-01
8.250000000000001e-01 4.167720323296481e+00 9.711937558462336e-01
8.300000000000001e-01 4.273281128122877e+00 9.750041574791976e-01
8.350000000000000e-01 4.381512872761445e+00 9.786728045991051e-01
8.400000000000000e-01 4.492483205575838e+00 9.821806466592616e-01
8.450000000000000e-01 4.606261486636447e+00 9.855165490264433e-01
8.500000000000000e-01 4.722918831072739e+00 9.886784236472960e-01
8.550000000000000e-01 4.842528153522501e+00 9.916728383879084e-01
8.600000000000000e-01 4.965164213705875e+00 9.945131754607304e-01
8.650000000000000e-01 5.090903663152626e+00 9.972168383753719e-01
8.700000000000000e-01 5.219825093111814e+00 9.998022626309963e-01
8.750000000000000e-01 5.352009083673925e+00 1.002286454284039e+00
8.800000000000000e-01 5.487538254136007e+00 1.004683495699600e+00
8.850000000000000e-01 5.626497314641444e+00 1.007004074234424e+00
8.900000000000000e-01 5.768973119126561e+00 1.009255784581404e+00
8.950000000000000e-01 5.915054719607133e+00 1.011443829575246e+00
9.000000000000000e-01 6.064833421838831e+00 1.013571787947845e+00
9.050000000000000e-01 6.218402842386253e+00 1.015642249778052e+00
9.100000000000000e-01 6.375858967136348e+00 1.017657254124569e+00
9.150000000000000e-01 6.537300211292723e+00 1.019618549469806e+00
9.200000000000000e-01 6.702827480888332e+00 1.021527730402990e+00
9.250000000000000e-01 6.872544235855034e+00 1.023386301887847e+00
9.300000000000000e-01 7.046556554689444e+00 1.025195706920508e+00
9.350000000000001e-01 7.224973200755413e+00 1.026957337919457e+00
9.400000000000001e-01 7.407905690264673e+00 1.028672541679331e+00
9.450000000000001e-01 7.595468361978146e+00 1.030342622019877e+00
9.500000000000001e-01 7.787778448671316e+00 1.031968841659398e+00
9.550000000000001e-01 7.984956150408610e+00 1.033552423816752e+00
9.600000000000000e-01 8.187124709672272e+00 1.035094553692214e+00
9.650000000000000e-01 8.394410488393007e+00 1.036596379869468e+00
9.700000000000000e-01 8.606943046930221e+00 1.038059015651548e+00
9.750000000000000e-01 8.824855225051540e+00 1.039483540336187e+00
9.800000000000000e-01 9.048283224961922e+00 1.040871000434313e+00
9.850000000000000e-01 9.277366696434507e+00 1.042222410834855e+00
9.900000000000000e-01 9.512248824096272e+00 1.043538755918807e+00
9.950000000000000e-01 9.753076416923058e+00 1.044820990625266e+00
1.000000000000000e+00 1.000000000000000e+01 1.046070041472011e+00
