0.000000000000000e+00 0.000000000000000e+00 1.889712702915247e-02
5.000000000000000e-03 3.369477419287315e-03 1.889781255403395e-02
1.000000000000000e-02 6.741060871647481e-03 1.889963804240639e-02
1.500000000000000e-02 1.011685770649257e-02 1.890267900091475e-02
2.000000000000000e-02 1.349897790673588e-02 1.890694906230138e-02
2.500000000000000e-02 1.688953540759990e-02 1.891246127020636e-02
3.000000000000000e-02 2.029064941789469e-02 1.891922789394504e-02
3.500000000000000e-02 2.370444574459234e-02 1.892726758400307e-02
4.000000000000000e-02 2.713305812152553e-02 1.893660373221583e-02
4.500000000000000e-02 3.057862954304063e-02 1.894726118671276e-02
5.000000000000000e-02 3.404331360343898e-02 1.895926875563719e-02
5.500000000000000e-02 3.752927584304335e-02 1.897266046943956e-02
6.000000000000000e-02 4.103869510173117e-02 1.898747308989597e-02
6.500000000000000e-02 4.457376488078044e-02 1.900374655075407e-02
7.000000000000001e-02 4.813669471387935e-02 1.902152672147307e-02
7.500000000000000e-02 5.172971154815675e-02 1.904086395755046e-02
8.000000000000000e-02 5.535506113609672e-02 1.906181109165467e-02
8.500000000000001e-02 5.901500943920686e-02 1.908442615689256e-02
9.000000000000000e-02 6.271184404431801e-02 1.910877408000030e-02
9.500000000000000e-02 6.644787559340060e-02 1.913492380783616e-02
1.000000000000000e-01 7.022543922779090e-02 1.916294811889281e-02
1.050000000000000e-01 7.404689604773053e-02 1.919292703602924e-02
1.100000000000000e-01 7.791463458813094e-02 1.922494751834563e-02
1.150000000000000e-01 8.183107231148547e-02 1.925910104968510e-02
1.200000000000000e-01 8.579865711886202e-02 1.929548564931264e-02
1.250000000000000e-01 8.981986887992111e-02 1.933420821973634e-02
1.300000000000000e-01 9.389722098291493e-02 1.937538256179016e-02
1.350000000000000e-01 9.803326190563690e-02 1.941912881883289e-02
1.400000000000000e-01 1.022305768083033e-01 1.946557695989921e-02
1.450000000000000e-01 1.064917891493625e-01 1.951486737737094e-02
1.500000000000000e-01 1.108195623252418e-01 1.956714825618452e-02
1.550000000000000e-01 1.152166013350572e-01 1.962257702244434e-02
1.600000000000000e-01 1.196856544713255e-01 1.968132444509451e-02
1.650000000000000e-01 1.242295150377370e-01 1.974357397071470e-02
1.700000000000000e-01 1.288510230950609e-01 1.980951919666952e-02
1.750000000000000e-01 1.335530672362758e-01 1.987936668089251e-02
1.800000000000000e-01 1.383385863920344e-01 1.995334041812234e-02
1.850000000000000e-01 1.432105716675912e-01 2.003168091722302e-02
1.900000000000000e-01 1.481720682123397e-01 2.011464297182577e-02
1.950000000000000e-01 1.532261771231311e-01 2.020249900066098e-02
2.000000000000000e-01 1.583760573825595e-01 2.029554412629136e-02
2.050000000000000e-01 1.636249278334301e-01 2.039409626222584e-02
2.100000000000000e-01 1.689760691906397e-01 2.049849445659634e-02
2.150000000000000e-01 1.744328260917313e-01 2.060910172580491e-02
2.200000000000000e-01 1.799986091874004e-01 2.072631043698561e-02
2.250000000000000e-01 1.856768972732633e-01 2.085054522148813e-02
2.300000000000000e-01 1.914712394642179e-01 2.098226372161412e-02
2.350000000000000e-01 1.973852574127551e-01 2.112195777187918e-02
2.400000000000000e-01 2.034226475726105e-01 2.127015702321375e-02
2.450000000000000e-01 2.095871835091678e-01 2.142743611655186e-02
2.500000000000000e-01 2.158827182580599e-01 2.159442117472575e-02
2.550000000000000e-01 2.223131867334419e-01 2.177179101648800e-02
2.600000000000000e-01 2.288826081874405e-01 2.196027936759938e-02
2.650000000000000e-01 2.355950887223172e-01 2.216068321267944e-02
2.700000000000000e-01 2.424548238569160e-01 2.237387124970175e-02
2.750000000000000e-01 2.494661011489995e-01 2.260079276816431e-02
2.800000000000000e-01 2.566333028751116e-01 2.284248892419904e-02
2.850000000000000e-01 2.639609087696434e-01 2.310009978897999e-02
2.900000000000000e-01 2.714534988248126e-01 2.337487394220177e-02
2.950000000000000e-01 2.791157561533084e-01 2.366818337213929e-02
3.000000000000000e-01 2.869524699153886e-01 2.398153638397733e-02
3.050000000000000e-01 2.949685383122613e-01 2.431659835860305e-02
3.100000000000000e-01 3.031689716476197e-01 2.467521224984902e-02
3.150000000000000e-01 3.115588954592450e-01 2.505942222191018e-02
3.200000000000000e-01 3.201435537226349e-01 2.547150271702533e-02
3.250000000000000e-01 3.289283121286580e-01 2.591398901277111e-02
3.300000000000000e-01 3.379186614372866e-01 2.638971635686753e-02
3.350000000000000e-01 3.471202209094989e-01 2.690186331672617e-02
3.400000000000000e-01 3.565387418195016e-01 2.745400514155732e-02
3.450000000000000e-01 3.661801110494620e-01 2.805017586747069e-02
3.500000000000000e-01 3.760503547690021e-01 2.869494320435180e-02
3.550000000000000e-01 3.861556422017504e-01 2.939349788147855e-02
3.600000000000000e-01 3.965022894813072e-01 3.015176148981776e-02
3.650000000000000e-01 4.070967635990345e-01 3.097651698564694e-02
3.700000000000000e-01 4.179456864461349e-01 3.187556767557603e-02
3.750000000000000e-01 4.290558389525505e-01 3.285793197889578e-02
3.800000000000000e-01 4.404341653252637e-01 3.393408354343103e-02
3.850000000000000e-01 4.520877773886537e-01 3.511624921409219e-02
3.900000000000000e-01 4.640239590296172e-01 3.641878135570028e-02
3.950000000000000e-01 4.762501707502353e-01 3.785862645823875e-02
4.000000000000000e-01 4.887740543308307e-01 3.945591939938425e-02
4.050000000000000e-01 5.016034376063282e-01 4.123474301568014e-02
4.100000000000000e-01 5.147463393589066e-01 4.322410690775151e-02
4.150000000000000e-01 5.282109743299990e-01 4.545921932833988e-02
4.200000000000000e-01 5.420057583547735e-01 4.798315389121772e-02
4.250000000000000e-01 5.561393136223041e-01 5.084905185710448e-02
4.300000000000000e-01 5.706204740647189e-01 5.412305499241804e-02
4.350000000000000e-01 5.854582908786964e-01 5.788823814830407e-02
4.400000000000000e-01 6.006620381827575e-01 6.224990846745390e-02
4.450000000000000e-01 6.162412188138907e-01 6.734275721613907e-02
4.500000000000000e-01 6.322055702671360e-01 7.334046885954872e-02
4.550000000000000e-01 6.485650707818353e-01 8.046843474294099e-02
4.600000000000000e-01 6.653299455783577e-01 8.901997625295047e-02
4.650000000000000e-01 6.825106732491932e-01 9.937543755350525e-02
4.700000000000000e-01 7.001179923084168e-01 1.120205158864177e-01
4.750000000000000e-01 7.181629079036070e-01 1.275531069615263e-01
4.800000000000000e-01 7.366566986944229e-01 1.466540028947591e-01
4.850000000000000e-01 7.556109239021327e-01 1.699769314463114e-01
4.900000000000000e-01 7.750374305345038e-01 1.979062662591326e-01
4.950000000000000e-01 7.949483607905672e-01 2.301909003814529e-01
5.000000000000000e-01 8.153561596498893e-01 2.656431416518796e-01
5.050000000000000e-01 8.362735826510871e-01 3.022631124514292e-01
5.100000000000000e-01 8.577137038644561e-01 3.379321972080343e-01
5.150000000000000e-01 8.796899240636907e-01 3.712091588648972e-01
5.200000000000000e-01 9.022159791018011e-01 4.015928873919595e-01
5.250000000000000e-01 9.253059484964714e-01 4.292275969494945e-01
5.300000000000000e-01 9.489742642302165e-01 4.544974284108382e-01
5.350000000000000e-01 9.732357197708378e-01 4.777927867820852e-01
5.400000000000000e-01 9.981054793178262e-01 4.994365512023184e-01
5.450000000000000e-01 1.023599087280478e+00 5.196796704520502e-01
5.500000000000000e-01 1.049732477993657e+00 5.387146886363744e-01
5.550000000000000e-01 1.076521985677273e+00 5.566904920476518e-01
5.600000000000001e-01 1.103984354645701e+00 5.737242026728308e-01
5.650000000000001e-01 1.132136749773522e+00 5.899098163962281e-01
5.700000000000001e-01 1.160996767224129e+00 6.053242614703026e-01
5.750000000000001e-01 1.190582445447902e+00 6.200316378201239e-01
5.800000000000000e-01 1.220912276456826e+00 6.340862129186567e-01
5.850000000000000e-01 1.252005217382601e+00 6.475345753635692e-01
5.900000000000000e-01 1.283880702325469e+00 6.604172164925385e-01
5.950000000000000e-01 1.316558654501151e+00 6.727697187850603e-01
6.000000000000000e-01 1.350059498693518e+00 6.846236697054640e-01
6.050000000000000e-01 1.384404174020732e+00 6.960073806658111e-01
6.100000000000000e-01 1.419614147022888e+00 7.069464653256433e-01
6.150000000000000e-01 1.455711425079295e+00 7.174643147109275e-01
6.200000000000000e-01 1.492718570163803e+00 7.275824954505802e-01
6.250000000000000e-01 1.530658712946775e+00 7.373210897729374e-01
6.300000000000000e-01 1.569555567252506e+00 7.466989905113425e-01
6.350000000000000e-01 1.609433444881138e+00 7.557341604324265e-01
6.400000000000000e-01 1.650317270804325e+00 7.644438622102356e-01
6.450000000000000e-01 1.692232598744148e+00 7.728448629988148e-01
6.500000000000000e-01 1.735205627145031e+00 7.809536156009564e-01
6.550000000000000e-01 1.779263215548615e+00 7.887864165690724e-01
6.600000000000000e-01 1.824432901381847e+00 7.963595401405017e-01
6.650000000000000e-01 1.870742917168772e+00 8.036893456812009e-01
6.700000000000000e-01 1.918222208176775e+00 8.107923552973790e-01
6.750000000000000e-01 1.966900450508319e+00 8.176852975058880e-01
6.800000000000000e-01 2.016808069649473e+00 8.243851123776456e-01
6.850000000000001e-01 2.067976259486829e+00 8.309089134370848e-01
6.900000000000001e-01 2.120437001804702e+00 8.372739018659103e-01
6.950000000000001e-01 2.174223086274785e+00 8.434972292635946e-01
7.000000000000001e-01 2.229368130950753e+00 8.495958063888881e-01
7.050000000000000e-01 2.285906603280654e+00 8.555860569616022e-01
7.100000000000000e-01 2.343873841650178e+00 8.614836177503057e-01
7.150000000000000e-01 2.403306077470301e+00 8.673029888223325e-01
7.200000000000000e-01 2.464240457823092e+00 8.730571410210712e-01
7.250000000000000e-01 2.526715068679855e+00 8.787570915292560e-01
7.300000000000000e-01 2.590768958706095e+00 8.844114628799717e-01
7.350000000000000e-01 2.656442163668210e+00 8.900260461095657e-01
7.400000000000000e-01 2.723775731457148e+00 8.956033949867598e-01
7.450000000000000e-01 2.792811747744667e+00 9.011424853251794e-01
7.500000000000000e-01 2.863593362288260e+00 9.066384808893346e-01
7.550000000000000e-01 2.936164815901156e+00 9.120826543678903e-01
7.600000000000000e-01 3.010571468104263e+00 9.174625165073986e-01
7.650000000000000e-01 3.086859825477351e+00 9.227622059176306e-01
7.700000000000000e-01 3.165077570727174e+00 9.279631823928111e-01
7.750000000000000e-01 3.245273592490716e+00 9.330452434980442e-01
7.800000000000000e-01 3.327498015892184e+00 9.379878443046680e-01
7.850000000000000e-01 3.411802233872832e+00 9.427716436838109e-01
7.900000000000000e-01 3.498238939313234e+00 9.473801341823556e-01
7.950000000000000e-01 3.586862157968046e+00 9.518011514473589e-01
8.000000000000000e-01 3.677727282233856e+00 9.560280258154135e-01
8.050000000000000e-01 3.770891105771243e+00 9.600601559472974e-01
8.100000000000001e-01 3.866411859002656e+00 9.639028646508165e-01
8.150000000000001e-01 3.964349245508326e+00 9.675665314063329e-01
8.200000000000001e-01 4.064764479342956e+00 9.710651510944259e-01
8.250000000000001e-01 4.167720323296481e+00 9.744145950820143e-01
8.300000000000001e-01 4.273281128122877e+00 9.776309046060226e-01
8.350000000000000e-01 4.381512872761445e+00 9.807289081540271e-01
8.400000000000000e-01 4.492483205575838e+00 9.837213405912141e-01
8.450000000000000e-01 4.606261486636447e+00 9.866184964515063e-01
8.500000000000000e-01 4.722918831072739e+00 9.894283243977102e-01
8.550000000000000e-01 4.842528153522501e+00 9.921567999897404e-01
8.600000000000000e-01 4.965164213705875e+00 9.948084074114296e-01
8.650000000000000e-01 5.090903663152626e+00 9.973866007560116e-01
8.700000000000000e-01 5.219825093111814e+00 9.998941737214633e-01
8.750000000000000e-01 5.352009083673925e+00 1.002333518512231e+00
8.800000000000000e-01 5.487538254136007e+00 1.004706787646037e+00
8.850000000000000e-01 5.626497314641444e+00 1.007015985466554e+00
8.900000000000000e-01 5.768973119126561e+00 1.009263015657991e+00
8.950000000000000e-01 5.915054719607133e+00 1.011449704431433e+00
9.000000000000000e-01 6.064833421838831e+00 1.013577811671809e+00
9.050000000000000e-01 6.218402842386253e+00 1.015649036691640e+00
9.100000000000000e-01 6.375858967136348e+00 1.017665021759810e+00
9.150000000000000e-01 6.537300211292723e+00 1.019627354751632e+00
9.200000000000000e-01 6.702827480888332e+00 1.021537571435208e+00
9.250000000000000e-01 6.872544235855034e+00 1.023397157574188e+00
9.300000000000000e-01 7.046556554689444e+00 1.025207550906874e+00
9.350000000000001e-01 7.224973200755413e+00 1.026970143022807e+00
9.400000000000001e-01 7.407905690264673e+00 1.028686281146507e+00
9.450000000000001e-01 7.595468361978146e+00 1.030357269834771e+00
9.500000000000001e-01 7.787778448671316e+00 1.031984372592866e+00
9.550000000000001e-01 7.984956150408610e+00 1.033568813414439e+00
9.600000000000000e-01 8.187124709672272e+00 1.035111778249620e+00
9.650000000000000e-01 8.394410488393007e+00 1.036614416405450e+00
9.700000000000000e-01 8.606943046930221e+00 1.038077841882504e+00
9.750000000000000e-01 8.824855225051540e+00 1.039503134651307e+00
9.800000000000000e-01 9.048283224961922e+00 1.040891341871888e+00
9.850000000000000e-01 9.277366696434507e+00 1.042243479059615e+00
9.900000000000000e-01 9.512248824096272e+00 1.043560531200215e+00
9.950000000000000e-01 9.753076416923058e+00 1.044843453816739e+00
1.000000000000000e+00 1.000000000000000e+01 1.046093173991004e+00
