0.000000000000000e+00 0.000000000000000e+00 5.488568335094889e-04
5.000000000000000e-03 3.369477419287315e-03 5.488787743494262e-04
1.000000000000000e-02 6.741060871647481e-03 5.489372709561593e-04
1.500000000000000e-02 1.011685770649257e-02 5.490348315945918e-04
2.000000000000000e-02 1.349897790673588e-02 5.491718001469342e-04
2.500000000000000e-02 1.688953540759990e-02 5.493485741758326e-04
3.000000000000000e-02 2.029064941789469e-02 5.495656202891998e-04
3.500000000000000e-02 2.370444574459234e-02 5.498235422536077e-04
4.000000000000000e-02 2.713305812152553e-02 5.501230473617970e-04
4.500000000000000e-02 3.057862954304063e-02 5.504649640511911e-04
5.000000000000000e-02 3.404331360343898e-02 5.508502674015356e-04
5.500000000000000e-02 3.752927584304335e-02 5.512800264421814e-04
6.000000000000000e-02 4.103869510173117e-02 5.517554209682333e-04
6.500000000000000e-02 4.457376488078044e-02 5.522778035095164e-04
7.000000000000001e-02 4.813669471387935e-02 5.528486570187073e-04
7.500000000000000e-02 5.172971154815675e-02 5.534695647459135e-04
8.000000000000000e-02 5.535506113609672e-02 5.541422920941800e-04
8.500000000000001e-02 5.901500943920686e-02 5.548687873466213e-04
9.000000000000000e-02 6.271184404431801e-02 5.556511044243234e-04
9.500000000000000e-02 6.644787559340060e-02 5.564914597541945e-04
1.000000000000000e-01 7.022543922779090e-02 5.573923168717284e-04
1.050000000000000e-01 7.404689604773053e-02 5.583563103130971e-04
1.100000000000000e-01 7.791463458813094e-02 5.593862086114729e-04
1.150000000000000e-01 8.183107231148547e-02 5.604850297848216e-04
1.200000000000000e-01 8.579865711886202e-02 5.616560650054621e-04
1.250000000000000e-01 8.981986887992111e-02 5.629027880885835e-04
1.300000000000000e-01 9.389722098291493e-02 5.642288996249468e-04
1.350000000000000e-01 9.803326190563690e-02 5.656384291177585e-04
1.400000000000000e-01 1.022305768083033e-01 5.671356906259928e-04
1.450000000000000e-01 1.064917891493625e-01 5.687252447989549e-04
1.500000000000000e-01 1.108195623252418e-01 5.704120082572756e-04
1.550000000000000e-01 1.152166013350572e-01 5.722013011219046e-04
1.600000000000000e-01 1.196856544713255e-01 5.740987705674861e-04
1.650000000000000e-01 1.242295150377370e-01 5.761104252636684e-04
1.700000000000000e-01 1.288510230950609e-01 5.782427765963211e-04
1.750000000000000e-01 1.335530672362758e-01 5.805028410899284e-04
1.800000000000000e-01 1.383385863920344e-01 5.828980657806379e-04
1.850000000000000e-01 1.432105716675912e-01 5.854364178070110e-04
1.900000000000000e-01 1.481720682123397e-01 5.881265440547452e-04
1.950000000000000e-01 1.532261771231311e-01 5.909777644707621e-04
2.000000000000000e-01 1.583760573825595e-01 5.940000132036390e-04
2.050000000000000e-01 1.636249278334301e-01 5.972039565496481e-04
2.100000000000000e-01 1.689760691906397e-01 6.006011785480320e-04
2.150000000000000e-01 1.744328260917313e-01 6.042042125759965e-04
2.200000000000000e-01 1.799986091874004e-01 6.080265128202759e-04
2.250000000000000e-01 1.856768972732633e-01 6.120825704080612e-04
2.300000000000000e-01 1.914712394642179e-01 6.163881213660969e-04
2.350000000000000e-01 1.973852574127551e-01 6.209602830428036e-04
2.400000000000000e-01 2.034226475726105e-01 6.258176227466996e-04
2.450000000000000e-01 2.095871835091678e-01 6.309802450851136e-04
2.500000000000000e-01 2.158827182580599e-01 6.364699679196403e-04
2.550000000000000e-01 2.223131867334419e-01 6.423106232141010e-04
2.600000000000000e-01 2.288826081874405e-01 6.485283475009500e-04
2.650000000000000e-01 2.355950887223172e-01 6.551517152563005e-04
2.700000000000000e-01 2.424548238569160e-01 6.622119178505335e-04
2.750000000000000e-01 2.494661011489995e-01 6.697431587369591e-04
2.800000000000000e-01 2.566333028751116e-01 6.777830764619372e-04
2.850000000000000e-01 2.639609087696434e-01 6.863732097395840e-04
2.900000000000000e-01 2.714534988248126e-01 6.955595727571792e-04
2.950000000000000e-01 2.791157561533084e-01 7.053931326780776e-04
3.000000000000000e-01 2.869524699153886e-01 7.159304171215808e-04
3.050000000000000e-01 2.949685383122613e-01 7.272343504544980e-04
3.100000000000000e-01 3.031689716476197e-01 7.393750981261267e-04
3.150000000000000e-01 3.115588954592450e-01 7.524312574697683e-04
3.200000000000000e-01 3.201435537226349e-01 7.664911497912217e-04
3.250000000000000e-01 3.289283121286580e-01 7.816543565915743e-04
3.300000000000000e-01 3.379186614372866e-01 7.980336067523148e-04
3.350000000000000e-01 3.471202209094989e-01 8.157569328750794e-04
3.400000000000000e-01 3.565387418195016e-01 8.349703918528426e-04
3.450000000000000e-01 3.661801110494620e-01 8.558412824591362e-04
3.500000000000000e-01 3.760503547690021e-01 8.785621623381496e-04
3.550000000000000e-01 3.861556422017504e-01 9.033557605423963e-04
3.600000000000000e-01 3.965022894813072e-01 9.304811162418900e-04
3.650000000000000e-01 4.070967635990345e-01 9.602412605679876e-04
3.700000000000000e-01 4.179456864461349e-01 9.929929429637989e-04
3.750000000000000e-01 4.290558389525505e-01 1.029159051116523e-03
3.800000000000000e-01 4.404341653252637e-01 1.069244644784028e-03
3.850000000000000e-01 4.520877773886537e-01 1.113857890756246e-03
3.900000000000000e-01 4.640239590296172e-01 1.163737744395767e-03
3.950000000000000e-01 4.762501707502353e-01 1.219791061801270e-03
4.000000000000000e-01 4.887740543308307e-01 1.283143124151481e-03
4.050000000000000e-01 5.016034376063282e-01 1.355207604669787e-03
4.100000000000000e-01 5.147463393589066e-01 1.437785328997425e-03
4.150000000000000e-01 5.282109743299990e-01 1.533206714818424e-03
4.200000000000000e-01 5.420057583547735e-01 1.644542304542019e-03
4.250000000000000e-01 5.561393136223041e-01 1.775922816075252e-03
4.300000000000000e-01 5.706204740647189e-01 1.933041811468424e-03
4.350000000000000e-01 5.854582908786964e-01 2.123976015119761e-03
4.400000000000000e-01 6.006620381827575e-01 2.360586590916257e-03
4.450000000000000e-01 6.162412188138907e-01 2.661049405200631e-03
4.500000000000000e-01 6.322055702671360e-01 3.054750054301559e-03
4.550000000000000e-01 6.485650707818353e-01 3.592626984871026e-03
4.600000000000000e-01 6.653299455783577e-01 4.371741750198544e-03
4.650000000000000e-01 6.825106732491932e-01 5.603980987368055e-03
4.700000000000000e-01 7.001179923084168e-01 7.859900927227969e-03
4.750000000000000e-01 7.181629079036070e-01 1.329025089553133e-02
4.800000000000000e-01 7.366566986944229e-01 3.372821368020476e-02
4.850000000000000e-01 7.556109239021327e-01 1.060435412565209e-01
4.900000000000000e-01 7.750374305345038e-01 1.940558017000139e-01
4.950000000000000e-01 7.949483607905672e-01 2.536644685052101e-01
5.000000000000000e-01 8.153561596498893e-01 3.006953938136788e-01
5.050000000000000e-01 8.362735826510871e-01 3.402892766739712e-01
5.100000000000000e-01 8.577137038644561e-01 3.746929806676449e-01
5.150000000000000e-01 8.796899240636907e-01 4.055355095348679e-01
5.200000000000000e-01 9.022159791018011e-01 4.334075930994442e-01
5.250000000000000e-01 9.253059484964714e-01 4.590100712255719e-01
5.300000000000000e-01 9.489742642302165e-01 4.826421602468249e-01
5.350000000000000e-01 9.732357197708378e-01 5.046431126104853e-01
5.400000000000000e-01 9.981054793178262e-01 5.252127816131561e-01
5.450000000000000e-01 1.023599087280478e+00 5.445334758166219e-01
5.500000000000000e-01 1.049732477993657e+00 5.627486924020587e-01
5.550000000000000e-01 1.076521985677273e+00 5.799689264812794e-01
5.600000000000001e-01 1.103984354645701e+00 5.962982869929448e-01
5.650000000000001e-01 1.132136749773522e+00 6.118125166037799e-01
5.700000000000001e-01 1.160996767224129e+00 6.265872279216803e-01
5.750000000000001e-01 1.190582445447902e+00 6.406795827573493e-01
5.800000000000000e-01 1.220912276456826e+00 6.541450531532651e-01
5.850000000000000e-01 1.252005217382601e+00 6.670292115896401e-01
5.900000000000000e-01 1.283880702325469e+00 6.793738088266756e-01
5.950000000000000e-01 1.316558654501151e+00 6.912159725945479e-01
6.000000000000000e-01 1.350059498693518e+00 7.025883562394414e-01
6.050000000000000e-01 1.384404174020732e+00 7.135213621243982e-01
6.100000000000000e-01 1.419614147022888e+00 7.240415722753109e-01
6.150000000000000e-01 1.455711425079295e+00 7.341739656458643e-01
6.200000000000000e-01 1.492718570163803e+00 7.439408360590075e-01
6.250000000000000e-01 1.530658712946775e+00 7.533629167951952e-01
6.300000000000000e-01 1.569555567252506e+00 7.624592043550378e-01
6.350000000000000e-01 1.609433444881138e+00 7.712472045604840e-01
6.400000000000000e-01 1.650317270804325e+00 7.797432226651430e-01
6.450000000000000e-01 1.692232598744148e+00 7.879623026300312e-01
6.500000000000000e-01 1.735205627145031e+00 7.959185259067775e-01
6.550000000000000e-01 1.779263215548615e+00 8.036249851023519e-01
6.600000000000000e-01 1.824432901381847e+00 8.110939388210374e-01
6.650000000000000e-01 1.870742917168772e+00 8.183368645584325e-01
6.700000000000000e-01 1.918222208176775e+00 8.253645189812889e-01
6.750000000000000e-01 1.966900450508319e+00 8.321870069680284e-01
6.800000000000000e-01 2.016808069649473e+00 8.388138149656857e-01
6.850000000000001e-01 2.067976259486829e+00 8.452538592384026e-01
6.900000000000001e-01 2.120437001804702e+00 8.515155138396012e-01
6.950000000000001e-01 2.174223086274785e+00 8.576066377330461e-01
7.000000000000001e-01 2.229368130950753e+00 8.635345947863816e-01
7.050000000000000e-01 2.285906603280654e+00 8.693062671430565e-01
7.100000000000000e-01 2.343873841650178e+00 8.749280641288167e-01
7.150000000000000e-01 2.403306077470301e+00 8.804059250539124e-01
7.200000000000000e-01 2.464240457823092e+00 8.857453172826799e-01
7.250000000000000e-01 2.526715068679855e+00 8.909512293711166e-01
7.300000000000000e-01 2.590768958706095e+00 8.960281598227304e-01
7.350000000000000e-01 2.656442163668210e+00 9.009801020897465e-01
7.400000000000000e-01 2.723775731457148e+00 9.058105266883296e-01
7.450000000000000e-01 2.792811747744667e+00 9.105223617840771e-01
7.500000000000000e-01 2.863593362288260e+00 9.151179741357419e-01
7.550000000000000e-01 2.936164815901156e+00 9.195991530693669e-01
7.600000000000000e-01 3.010571468104263e+00 9.239671011421691e-01
7.650000000000000e-01 3.086859825477351e+00 9.282224364066204e-01
7.700000000000000e-01 3.165077570727174e+00 9.323652127006065e-01
7.750000000000000e-01 3.245273592490716e+00 9.363949661318293e-01
7.800000000000000e-01 3.327498015892184e+00 9.403107977952792e-01
7.850000000000000e-01 3.411802233872832e+00 9.441115045296693e-01
7.900000000000000e-01 3.498238939313234e+00 9.477957707426597e-01
7.950000000000000e-01 3.586862157968046e+00 9.513624343378462e-01
8.000000000000000e-01 3.677727282233856e+00 9.548108375842904e-01
8.050000000000000e-01 3.770891105771243e+00 9.581412680144039e-01
8.100000000000001e-01 3.866411859002656e+00 9.613554835347793e-01
8.150000000000001e-01 3.964349245508326e+00 9.644572986642234e-01
8.200000000000001e-01 4.064764479342956e+00 9.674531849601543e-01
8.250000000000001e-01 4.167720323296481e+00 9.703528098656808e-01
8.300000000000001e-01 4.273281128122877e+00 9.731694091231088e-01
8.350000000000000e-01 4.381512872761445e+00 9.759198667516018e-01
8.400000000000000e-01 4.492483205575838e+00 9.786243725307829e-01
8.450000000000000e-01 4.606261486636447e+00 9.813055466759407e-01
8.500000000000000e-01 4.722918831072739e+00 9.839869688910280e-01
8.550000000000000e-01 4.842528153522501e+00 9.866911254076990e-01
8.600000000000000e-01 4.965164213705875e+00 9.894368855170904e-01
8.650000000000000e-01 5.090903663152626e+00 9.922367196824695e-01
8.700000000000000e-01 5.219825093111814e+00 9.950939640591862e-01
8.750000000000000e-01 5.352009083673925e+00 9.980005483258925e-01
8.800000000000000e-01 5.487538254136007e+00 1.000935779067123e+00
8.850000000000000e-01 5.626497314641444e+00 1.003866965024443e+00
8.900000000000000e-01 5.768973119126561e+00 1.006752651979404e+00
8.950000000000000e-01 5.915054719607133e+00 1.009548676853466e+00
9.000000000000000e-01 6.064833421838831e+00 1.012216074205888e+00
9.050000000000000e-01 6.218402842386253e+00 1.014728577977081e+00
9.100000000000000e-01 6.375858967136348e+00 1.017077004835397e+00
9.150000000000000e-01 6.537300211292723e+00 1.019268830628828e+00
9.200000000000000e-01 6.702827480888332e+00 1.021323384709262e+00
9.250000000000000e-01 6.872544235855034e+00 1.023264977581514e+00
9.300000000000000e-01 7.046556554689444e+00 1.025116761948036e+00
9.350000000000001e-01 7.224973200755413e+00 1.026897111534489e+00
9.400000000000001e-01 7.407905690264673e+00 1.028618714274113e+00
9.450000000000001e-01 7.595468361978146e+00 1.030289462496606e+00
9.500000000000001e-01 7.787778448671316e+00 1.031913983632616e+00
9.550000000000001e-01 7.984956150408610e+00 1.033495021364001e+00
9.600000000000000e-01 8.187124709672272e+00 1.035034371177375e+00
9.650000000000000e-01 8.394410488393007e+00 1.036533399329816e+00
9.700000000000000e-01 8.606943046930221e+00 1.037993287527395e+00
9.750000000000000e-01 8.824855225051540e+00 1.039415133174030e+00
9.800000000000000e-01 9.048283224961922e+00 1.040799985827357e+00
9.850000000000000e-01 9.277366696434507e+00 1.042148859433362e+00
9.900000000000000e-01 9.512248824096272e+00 1.043462736525211e+00
9.950000000000000e-01 9.753076416923058e+00 1.044742570054470e+00
1.000000000000000e+00 1.000000000000000e+01 1.045989284579261e+00
