0.000000000000000e+00 0.000000000000000e+00 1.512449205737188e-03
5.000000000000000e-03 3.369477419287315e-03 1.512509302698432e-03
1.000000000000000e-02 6.741060871647481e-03 1.512669617628073e-03
1.500000000000000e-02 1.011685770649257e-02 1.512937137048261e-03
2.000000000000000e-02 1.349897790673588e-02 1.513312690112504e-03
2.500000000000000e-02 1.688953540759990e-02 1.513797340424221e-03
3.000000000000000e-02 2.029064941789469e-02 1.514392421823006e-03
3.500000000000000e-02 2.370444574459234e-02 1.515099580261616e-03
4.000000000000000e-02 2.713305812152553e-02 1.515920732572625e-03
4.500000000000000e-02 3.057862954304063e-02 1.516858166821325e-03
5.000000000000000e-02 3.404331360343898e-02 1.517914553954453e-03
5.500000000000000e-02 3.752927584304335e-02 1.519092803547774e-03
6.000000000000000e-02 4.103869510173117e-02 1.520396161645652e-03
6.500000000000000e-02 4.457376488078044e-02 1.521828348077732e-03
7.000000000000001e-02 4.813669471387935e-02 1.523393403935186e-03
7.500000000000000e-02 5.172971154815675e-02 1.525095659441718e-03
8.000000000000000e-02 5.535506113609672e-02 1.526939973064132e-03
8.500000000000001e-02 5.901500943920686e-02 1.528931678745224e-03
9.000000000000000e-02 6.271184404431801e-02 1.531076383566324e-03
9.500000000000000e-02 6.644787559340060e-02 1.533380169384917e-03
1.000000000000000e-01 7.022543922779090e-02 1.535849793357574e-03
1.050000000000000e-01 7.404689604773053e-02 1.538492452547625e-03
1.100000000000000e-01 7.791463458813094e-02 1.541315728623115e-03
1.150000000000000e-01 8.183107231148547e-02 1.544327906574005e-03
1.200000000000000e-01 8.579865711886202e-02 1.547537987508253e-03
1.250000000000000e-01 8.981986887992111e-02 1.550955462208395e-03
1.300000000000000e-01 9.389722098291493e-02 1.554590480574250e-03
1.350000000000000e-01 9.803326190563690e-02 1.558454090317836e-03
1.400000000000000e-01 1.022305768083033e-01 1.562558076401390e-03
1.450000000000000e-01 1.064917891493625e-01 1.566914909959504e-03
1.500000000000000e-01 1.108195623252418e-01 1.571538073399749e-03
1.550000000000000e-01 1.152166013350572e-01 1.576442131977471e-03
1.600000000000000e-01 1.196856544713255e-01 1.581642511553894e-03
1.650000000000000e-01 1.242295150377370e-01 1.587155650739227e-03
1.700000000000000e-01 1.288510230950609e-01 1.592999388739199e-03
1.750000000000000e-01 1.335530672362758e-01 1.599192916391274e-03
1.800000000000000e-01 1.383385863920344e-01 1.605756577269334e-03
1.850000000000000e-01 1.432105716675912e-01 1.612712163832781e-03
1.900000000000000e-01 1.481720682123397e-01 1.620083344333562e-03
1.950000000000000e-01 1.532261771231311e-01 1.627895594824988e-03
2.000000000000000e-01 1.583760573825595e-01 1.636176045753091e-03
2.050000000000000e-01 1.636249278334301e-01 1.644953851990062e-03
2.100000000000000e-01 1.689760691906397e-01 1.654260696218743e-03
2.150000000000000e-01 1.744328260917313e-01 1.664130824624986e-03
2.200000000000000e-01 1.799986091874004e-01 1.674600960808776e-03
2.250000000000000e-01 1.856768972732633e-01 1.685710672468242e-03
2.300000000000000e-01 1.914712394642179e-01 1.697502957788621e-03
2.350000000000000e-01 1.973852574127551e-01 1.710024566510661e-03
2.400000000000000e-01 2.034226475726105e-01 1.723326151859619e-03
2.450000000000000e-01 2.095871835091678e-01 1.737462547535639e-03
2.500000000000000e-01 2.158827182580599e-01 1.752493283748721e-03
2.550000000000000e-01 2.223131867334419e-01 1.768483381761586e-03
2.600000000000000e-01 2.288826081874405e-01 1.785504113597719e-03
2.650000000000000e-01 2.355950887223172e-01 1.803633356340453e-03
2.700000000000000e-01 2.424548238569160e-01 1.822956074425832e-03
2.750000000000000e-01 2.494661011489995e-01 1.843565418181514e-03
2.800000000000000e-01 2.566333028751116e-01 1.865563893024796e-03
2.850000000000000e-01 2.639609087696434e-01 1.889064585184402e-03
2.900000000000000e-01 2.714534988248126e-01 1.914192699845397e-03
2.950000000000000e-01 2.791157561533084e-01 1.941086851133652e-03
3.000000000000000e-01 2.869524699153886e-01 1.969900682309940e-03
3.050000000000000e-01 2.949685383122613e-01 2.000805142124485e-03
3.100000000000000e-01 3.031689716476197e-01 2.033990761258500e-03
3.150000000000000e-01 3.115588954592450e-01 2.069670848740072e-03
3.200000000000000e-01 3.201435537226349e-01 2.108084971940281e-03
3.250000000000000e-01 3.289283121286580e-01 2.149503062907834e-03
3.300000000000000e-01 3.379186614372866e-01 2.194230479050460e-03
3.350000000000000e-01 3.471202209094989e-01 2.242613768304989e-03
3.400000000000000e-01 3.565387418195016e-01 2.295047938866769e-03
3.450000000000000e-01 3.661801110494620e-01 2.351985045788337e-03
3.500000000000000e-01 3.760503547690021e-01 2.413944891246669e-03
3.550000000000000e-01 3.861556422017504e-01 2.481528090660065e-03
3.600000000000000e-01 3.965022894813072e-01 2.555432366769019e-03
3.650000000000000e-01 4.070967635990345e-01 2.636472899023582e-03
3.700000000000000e-01 4.179456864461349e-01 2.725608029226960e-03
3.750000000000000e-01 4.290558389525505e-01 2.823972003864591e-03
3.800000000000000e-01 4.404341653252637e-01 2.932917125187057e-03
3.850000000000000e-01 4.520877773886537e-01 3.054068615187565e-03
3.900000000000000e-01 4.640239590296172e-01 3.189396906195327e-03
3.950000000000000e-01 4.762501707502353e-01 3.341314176650376e-03
4.000000000000000e-01 4.887740543308307e-01 3.512805184496366e-03
4.050000000000000e-01 5.016034376063282e-01 3.707607516689221e-03
4.100000000000000e-01 5.147463393589066e-01 3.930464508427951e-03
4.150000000000000e-01 5.282109743299990e-01 4.187487504115591e-03
4.200000000000000e-01 5.420057583547735e-01 4.486686945699121e-03
4.250000000000000e-01 5.561393136223041e-01 4.838771911811070e-03
4.300000000000000e-01 5.706204740647189e-01 5.258391160557160e-03
4.350000000000000e-01 5.854582908786964e-01 5.766129239712834e-03
4.400000000000000e-01 6.006620381827575e-01 6.391854540941438e-03
4.450000000000000e-01 6.162412188138907e-01 7.180623707009696e-03
4.500000000000000e-01 6.322055702671360e-01 8.203748884870020e-03
4.550000000000000e-01 6.485650707818353e-01 9.581170338492569e-03
4.600000000000000e-01 6.653299455783577e-01 1.153121280175801e-02
4.650000000000000e-01 6.825106732491932e-01 1.449561711324628e-02
4.700000000000000e-01 7.001179923084168e-01 1.950568151652791e-02
4.750000000000000e-01 7.181629079036070e-01 2.944181716451582e-02
4.800000000000000e-01 7.366566986944229e-01 5.336278834911394e-02
4.850000000000000e-01 7.556109239021327e-01 1.100641975107015e-01
4.900000000000000e-01 7.750374305345038e-01 1.880364182028405e-01
4.950000000000000e-01 7.949483607905672e-01 2.481194285588847e-01
5.000000000000000e-01 8.153561596498893e-01 2.938485657398365e-01
5.050000000000000e-01 8.362735826510871e-01 3.331593869647246e-01
5.100000000000000e-01 8.577137038644561e-01 3.674502459906250e-01
5.150000000000000e-01 8.796899240636907e-01 3.980854815306418e-01
5.200000000000000e-01 9.022159791018011e-01 4.259601816047550e-01
5.250000000000000e-01 9.253059484964714e-01 4.514979274302311e-01
5.300000000000000e-01 9.489742642302165e-01 4.751510298120989e-01
5.350000000000000e-01 9.732357197708378e-01 4.971691516196192e-01
5.400000000000000e-01 9.981054793178262e-01 5.177821220517519e-01
5.450000000000000e-01 1.023599087280478e+00 5.371638044453193e-01
5.500000000000000e-01 1.049732477993657e+00 5.554487181399683e-01
5.550000000000000e-01 1.076521985677273e+00 5.727572296776128e-01
5.600000000000001e-01 1.103984354645701e+00 5.891814729709759e-01
5.650000000000001e-01 1.132136749773522e+00 6.048049782301085e-01
5.700000000000001e-01 1.160996767224129e+00 6.196965586146300e-01
5.750000000000001e-01 1.190582445447902e+00 6.339164905249319e-01
5.800000000000000e-01 1.220912276456826e+00 6.475176868197631e-01
5.850000000000000e-01 1.252005217382601e+00 6.605460134751630e-01
5.900000000000000e-01 1.283880702325469e+00 6.730427264212412e-01
5.950000000000000e-01 1.316558654501151e+00 6.850441724968936e-01
6.000000000000000e-01 1.350059498693518e+00 6.965831359774362e-01
6.050000000000000e-01 1.384404174020732e+00 7.076890956671694e-01
6.100000000000000e-01 1.419614147022888e+00 7.183887007931388e-01
6.150000000000000e-01 1.455711425079295e+00 7.287062122306179e-01
6.200000000000000e-01 1.492718570163803e+00 7.386637110009961e-01
6.250000000000000e-01 1.530658712946775e+00 7.482814199414868e-01
6.300000000000000e-01 1.569555567252506e+00 7.575778801361138e-01
6.350000000000000e-01 1.609433444881138e+00 7.665701407756688e-01
6.400000000000000e-01 1.650317270804325e+00 7.752739117039277e-01
6.450000000000000e-01 1.692232598744148e+00 7.837036862023223e-01
6.500000000000000e-01 1.735205627145031e+00 7.918728537384369e-01
6.550000000000000e-01 1.779263215548615e+00 7.997937893188813e-01
6.600000000000000e-01 1.824432901381847e+00 8.074779318905179e-01
6.650000000000000e-01 1.870742917168772e+00 8.149358495438030e-01
6.700000000000000e-01 1.918222208176775e+00 8.221772939993758e-01
6.750000000000000e-01 1.966900450508319e+00 8.292112462770520e-01
6.800000000000000e-01 2.016808069649473e+00 8.360459542229094e-01
6.850000000000001e-01 2.067976259486829e+00 8.426889634863666e-01
6.900000000000001e-01 2.120437001804702e+00 8.491471429795147e-01
6.950000000000001e-01 2.174223086274785e+00 8.554267061054919e-01
7.000000000000001e-01 2.229368130950753e+00 8.615332291426607e-01
7.050000000000000e-01 2.285906603280654e+00 8.674716683579364e-01
7.100000000000000e-01 2.343873841650178e+00 8.732463777372150e-01
7.150000000000000e-01 2.403306077470301e+00 8.788611295927694e-01
7.200000000000000e-01 2.464240457823092e+00 8.843191407872544e-01
7.250000000000000e-01 2.526715068679855e+00 8.896231078754336e-01
7.300000000000000e-01 2.590768958706095e+00 8.947752550930633e-01
7.350000000000000e-01 2.656442163668210e+00 8.997773997754436e-01
7.400000000000000e-01 2.723775731457148e+00 9.046310403892941e-01
7.450000000000000e-01 2.792811747744667e+00 9.093374727879376e-01
7.500000000000000e-01 2.863593362288260e+00 9.138979403652022e-01
7.550000000000000e-01 2.936164815901156e+00 9.183138232271260e-01
7.600000000000000e-01 3.010571468104263e+00 9.225868699814005e-01
7.650000000000000e-01 3.086859825477351e+00 9.267194728569716e-01
7.700000000000000e-01 3.165077570727174e+00 9.307149821922973e-01
7.750000000000000e-01 3.245273592490716e+00 9.345780495406241e-01
7.800000000000000e-01 3.327498015892184e+00 9.383149796541227e-01
7.850000000000000e-01 3.411802233872832e+00 9.419340608151379e-01
7.900000000000000e-01 3.498238939313234e+00 9.454458314585700e-01
7.950000000000000e-01 3.586862157968046e+00 9.488632306393098e-01
8.000000000000000e-01 3.677727282233856e+00 9.522015731869445e-01
8.050000000000000e-01 3.770891105771243e+00 9.554782901929533e-01
8.100000000000001e-01 3.866411859002656e+00 9.587123842172375e-01
8.150000000000001e-01 3.964349245508326e+00 9.619235675049632e-01
8.200000000000001e-01 4.064764479342956e+00 9.651310803224579e-01
8.250000000000001e-01 4.167720323296481e+00 9.683522239956430e-01
8.300000000000001e-01 4.273281128122877e+00 9.716006875318410e-01
8.350000000000000e-01 4.381512872761445e+00 9.748847954138288e-01
8.400000000000000e-01 4.492483205575838e+00 9.782058554441253e-01
8.450000000000000e-01 4.606261486636447e+00 9.815568410233799e-01
8.500000000000000e-01 4.722918831072739e+00 9.849217053453106e-01
8.550000000000000e-01 4.842528153522501e+00 9.882756845041403e-01
8.600000000000000e-01 4.965164213705875e+00 9.915869501959118e-01
8.650000000000000e-01 5.090903663152626e+00 9.948198229502956e-01
8.700000000000000e-01 5.219825093111814e+00 9.979393688937751e-01
8.750000000000000e-01 5.352009083673925e+00 1.000916618997779e+00
8.800000000000000e-01 5.487538254136007e+00 1.003733117138294e+00
8.850000000000000e-01 5.626497314641444e+00 1.006383393520482e+00
8.900000000000000e-01 5.768973119126561e+00 1.008874508497786e+00
8.950000000000000e-01 5.915054719607133e+00 1.011222862421048e+00
9.000000000000000e-01 6.064833421838831e+00 1.013449486269683e+00
9.050000000000000e-01 6.218402842386253e+00 1.015575451250659e+00
9.100000000000000e-01 6.375858967136348e+00 1.017618678846084e+00
9.150000000000000e-01 6.537300211292723e+00 1.019592601464037e+00
9.200000000000000e-01 6.702827480888332e+00 1.021506341443918e+00
9.250000000000000e-01 6.872544235855034e+00 1.023365701346752e+00
9.300000000000000e-01 7.046556554689444e+00 1.025174312782890e+00
9.350000000000001e-01 7.224973200755413e+00 1.026934566402159e+00
9.400000000000001e-01 7.407905690264673e+00 1.028648217617551e+00
9.450000000000001e-01 7.595468361978146e+00 1.030316720295376e+00
9.500000000000001e-01 7.787778448671316e+00 1.031941386223943e+00
9.550000000000001e-01 7.984956150408610e+00 1.033523452447037e+00
9.600000000000000e-01 8.187124709672272e+00 1.035064106976711e+00
9.650000000000000e-01 8.394410488393007e+00 1.036564498137953e+00
9.700000000000000e-01 8.606943046930221e+00 1.038025738228849e+00
9.750000000000000e-01 8.824855225051540e+00 1.039448905404380e+00
9.800000000000000e-01 9.048283224961922e+00 1.040835045036945e+00
9.850000000000000e-01 9.277366696434507e+00 1.042185170909935e+00
9.900000000000000e-01 9.512248824096272e+00 1.043500266335945e+00
9.950000000000000e-01 9.753076416923058e+00 1.044781285222208e+00
1.000000000000000e+00 1.000000000000000e+01 1.046029153089796e+00
