0.000000000000000e+00 0.000000000000000e+00 1.521467829579367e-01
5.000000000000000e-03 3.369477419287315e-03 1.521487615913581e-01
1.000000000000000e-02 6.741060871647481e-03 1.521540549864170e-01
1.500000000000000e-02 1.011685770649257e-02 1.521629137331262e-01
2.000000000000000e-02 1.349897790673588e-02 1.521753474082240e-01
2.500000000000000e-02 1.688953540759990e-02 1.521913839555304e-01
3.000000000000000e-02 2.029064941789469e-02 1.522110709230283e-01
3.500000000000000e-02 2.370444574459234e-02 1.522344602077637e-01
4.000000000000000e-02 2.713305812152553e-02 1.522616131291772e-01
4.500000000000000e-02 3.057862954304063e-02 1.522926031318794e-01
5.000000000000000e-02 3.404331360343898e-02 1.523275100409006e-01
5.500000000000000e-02 3.752927584304335e-02 1.523664236411395e-01
6.000000000000000e-02 4.103869510173117e-02 1.524094506373950e-01
6.500000000000000e-02 4.457376488078044e-02 1.524567084395599e-01
7.000000000000001e-02 4.813669471387935e-02 1.525083185304563e-01
7.500000000000000e-02 5.172971154815675e-02 1.525644145192269e-01
8.000000000000000e-02 5.535506113609672e-02 1.526251503291249e-01
8.500000000000001e-02 5.901500943920686e-02 1.526906927673468e-01
9.000000000000000e-02 6.271184404431801e-02 1.527612137942405e-01
9.500000000000000e-02 6.644787559340060e-02 1.528368978276681e-01
1.000000000000000e-01 7.022543922779090e-02 1.529179509407816e-01
1.050000000000000e-01 7.404689604773053e-02 1.530045969788128e-01
1.100000000000000e-01 7.791463458813094e-02 1.530970705696037e-01
1.150000000000000e-01 8.183107231148547e-02 1.531956185849552e-01
1.200000000000000e-01 8.579865711886202e-02 1.533005062681188e-01
1.250000000000000e-01 8.981986887992111e-02 1.534120223192219e-01
1.300000000000000e-01 9.389722098291493e-02 1.535304792376593e-01
1.350000000000000e-01 9.803326190563690e-02 1.536562049479095e-01
1.400000000000000e-01 1.022305768083033e-01 1.537895389008513e-01
1.450000000000000e-01 1.064917891493625e-01 1.539308457322290e-01
1.500000000000000e-01 1.108195623252418e-01 1.540805255012169e-01
1.550000000000000e-01 1.152166013350572e-01 1.542390044535540e-01
1.600000000000000e-01 1.196856544713255e-01 1.544067301076116e-01
1.650000000000000e-01 1.242295150377370e-01 1.545841752501287e-01
1.700000000000000e-01 1.288510230950609e-01 1.547718368391790e-01
1.750000000000000e-01 1.335530672362758e-01 1.549702462709086e-01
1.800000000000000e-01 1.383385863920344e-01 1.551799811502934e-01
1.850000000000000e-01 1.432105716675912e-01 1.554016559337083e-01
1.900000000000000e-01 1.481720682123397e-01 1.556359234445988e-01
1.950000000000000e-01 1.532261771231311e-01 1.558834774749854e-01
2.000000000000000e-01 1.583760573825595e-01 1.561450450795129e-01
2.050000000000000e-01 1.636249278334301e-01 1.564214021601529e-01
2.100000000000000e-01 1.689760691906397e-01 1.567133723133430e-01
2.150000000000000e-01 1.744328260917313e-01 1.570218336878465e-01
2.200000000000000e-01 1.799986091874004e-01 1.573477266408917e-01
2.250000000000000e-01 1.856768972732633e-01 1.576920520778016e-01
2.300000000000000e-01 1.914712394642179e-01 1.580558813872983e-01
2.350000000000000e-01 1.973852574127551e-01 1.584403557333430e-01
2.400000000000000e-01 2.034226475726105e-01 1.588466946441363e-01
2.450000000000000e-01 2.095871835091678e-01 1.592761992870119e-01
2.500000000000000e-01 2.158827182580599e-01 1.597302600437168e-01
2.550000000000000e-01 2.223131867334419e-01 1.602103626639578e-01
2.600000000000000e-01 2.288826081874405e-01 1.607180961024396e-01
2.650000000000000e-01 2.355950887223172e-01 1.612551605305586e-01
2.700000000000000e-01 2.424548238569160e-01 1.618233762981638e-01
2.750000000000000e-01 2.494661011489995e-01 1.624246936053662e-01
2.800000000000000e-01 2.566333028751116e-01 1.630612030906812e-01
2.850000000000000e-01 2.639609087696434e-01 1.637351473757647e-01
2.900000000000000e-01 2.714534988248126e-01 1.644489336804188e-01
2.950000000000000e-01 2.791157561533084e-01 1.652051476072221e-01
3.000000000000000e-01 2.869524699153886e-01 1.660065682125080e-01
3.050000000000000e-01 2.949685383122613e-01 1.668561844884779e-01
3.100000000000000e-01 3.031689716476197e-01 1.677572133933281e-01
3.150000000000000e-01 3.115588954592450e-01 1.687131195781894e-01
3.200000000000000e-01 3.201435537226349e-01 1.697276369725643e-01
3.250000000000000e-01 3.289283121286580e-01 1.708047924033280e-01
3.300000000000000e-01 3.379186614372866e-01 1.719489314361616e-01
3.350000000000000e-01 3.471202209094989e-01 1.731647466422054e-01
3.400000000000000e-01 3.565387418195016e-01 1.744573085064143e-01
3.450000000000000e-01 3.661801110494620e-01 1.758320992070220e-01
3.500000000000000e-01 3.760503547690021e-01 1.772950495069739e-01
3.550000000000000e-01 3.861556422017504e-01 1.788525790071847e-01
3.600000000000000e-01 3.965022894813072e-01 1.805116400166977e-01
3.650000000000000e-01 4.070967635990345e-01 1.822797652945068e-01
3.700000000000000e-01 4.179456864461349e-01 1.841651199095969e-01
3.750000000000000e-01 4.290558389525505e-01 1.861765574465753e-01
3.800000000000000e-01 4.404341653252637e-01 1.883236807500288e-01
3.850000000000000e-01 4.520877773886537e-01 1.906169073461341e-01
3.900000000000000e-01 4.640239590296172e-01 1.930675395981558e-01
3.950000000000000e-01 4.762501707502353e-01 1.956878395343520e-01
4.000000000000000e-01 4.887740543308307e-01 1.984911081209832e-01
4.050000000000000e-01 5.016034376063282e-01 2.014917685249224e-01
4.100000000000000e-01 5.147463393589066e-01 2.047054526012398e-01
4.150000000000000e-01 5.282109743299990e-01 2.081490894278087e-01
4.200000000000000e-01 5.420057583547735e-01 2.118409941626355e-01
4.250000000000000e-01 5.561393136223041e-01 2.158009547851087e-01
4.300000000000000e-01 5.706204740647189e-01 2.200503133576883e-01
4.350000000000000e-01 5.854582908786964e-01 2.246120372608845e-01
4.400000000000000e-01 6.006620381827575e-01 2.295107743571623e-01
4.450000000000000e-01 6.162412188138907e-01 2.347728841713022e-01
4.500000000000000e-01 6.322055702671360e-01 2.404264348815896e-01
4.550000000000000e-01 6.485650707818353e-01 2.465011531576786e-01
4.600000000000000e-01 6.653299455783577e-01 2.530283106481587e-01
4.650000000000000e-01 6.825106732491932e-01 2.600405272637453e-01
4.700000000000000e-01 7.001179923084168e-01 2.675714674698574e-01
4.750000000000000e-01 7.181629079036070e-01 2.756554019000639e-01
4.800000000000000e-01 7.366566986944229e-01 2.843266032632614e-01
4.850000000000000e-01 7.556109239021327e-01 2.936185435916497e-01
4.900000000000000e-01 7.750374305345038e-01 3.035628606149069e-01
4.950000000000000e-01 7.949483607905672e-01 3.141880661604040e-01
5.000000000000000e-01 8.153561596498893e-01 3.255179811209045e-01
5.050000000000000e-01 8.362735826510871e-01 3.375699021087378e-01
5.100000000000000e-01 8.577137038644561e-01 3.503525366503197e-01
5.150000000000000e-01 8.796899240636907e-01 3.638637878904813e-01
5.200000000000000e-01 9.022159791018011e-01 3.780885252810890e-01
5.250000000000000e-01 9.253059484964714e-01 3.929965399195243e-01
5.300000000000000e-01 9.489742642302165e-01 4.085409423014216e-01
5.350000000000000e-01 9.732357197708378e-01 4.246573009626007e-01
5.400000000000000e-01 9.981054793178262e-01 4.412638235267557e-01
5.450000000000000e-01 1.023599087280478e+00 4.582628281917060e-01
5.500000000000000e-01 1.049732477993657e+00 4.755436324984623e-01
5.550000000000000e-01 1.076521985677273e+00 4.929868021392272e-01
5.600000000000001e-01 1.103984354645701e+00 5.104694819896834e-01
5.650000000000001e-01 1.132136749773522e+00 5.278713210122663e-01
5.700000000000001e-01 1.160996767224129e+00 5.450803576177999e-01
5.750000000000001e-01 1.190582445447902e+00 5.619981982730915e-01
5.800000000000000e-01 1.220912276456826e+00 5.785439171275910e-01
5.850000000000000e-01 1.252005217382601e+00 5.946563082896650e-01
5.900000000000000e-01 1.283880702325469e+00 6.102943836200693e-01
5.950000000000000e-01 1.316558654501151e+00 6.254362631611544e-01
6.000000000000000e-01 1.350059498693518e+00 6.400767978205772e-01
6.050000000000000e-01 1.384404174020732e+00 6.542243653904528e-01
6.100000000000000e-01 1.419614147022888e+00 6.678972912287171e-01
6.150000000000000e-01 1.455711425079295e+00 6.811202855688334e-01
6.200000000000000e-01 1.492718570163803e+00 6.939211914655119e-01
6.250000000000000e-01 1.530658712946775e+00 7.063282299891566e-01
6.300000000000000e-01 1.569555567252506e+00 7.183678331774365e-01
6.350000000000000e-01 1.609433444881138e+00 7.300630811186929e-01
6.400000000000000e-01 1.650317270804325e+00 7.414327097328361e-01
6.450000000000000e-01 1.692232598744148e+00 7.524906273822024e-01
6.500000000000000e-01 1.735205627145031e+00 7.632458659999816e-01
6.550000000000000e-01 1.779263215548615e+00 7.737028901859720e-01
6.600000000000000e-01 1.824432901381847e+00 7.838621906757106e-01
6.650000000000000e-01 1.870742917168772e+00 7.937210929976691e-01
6.700000000000000e-01 1.918222208176775e+00 8.032747156394751e-01
6.750000000000000e-01 1.966900450508319e+00 8.125170136148813e-01
6.800000000000000e-01 2.016808069649473e+00 8.214418431041330e-01
6.850000000000001e-01 2.067976259486829e+00 8.300439819571137e-01
6.900000000000001e-01 2.120437001804702e+00 8.383200411254182e-01
6.950000000000001e-01 2.174223086274785e+00 8.462692056527213e-01
7.000000000000001e-01 2.229368130950753e+00 8.538937526193269e-01
7.050000000000000e-01 2.285906603280654e+00 8.611993085437668e-01
7.100000000000000e-01 2.343873841650178e+00 8.681948300419892e-01
7.150000000000000e-01 2.403306077470301e+00 8.748923173114967e-01
7.200000000000000e-01 2.464240457823092e+00 8.813062970351214e-01
7.250000000000000e-01 2.526715068679855e+00 8.874531354118331e-01
7.300000000000000e-01 2.590768958706095e+00 8.933502589686393e-01
7.350000000000000e-01 2.656442163668210e+00 8.990153673110027e-01
7.400000000000000e-01 2.723775731457148e+00 9.044657166351108e-01
7.450000000000000e-01 2.792811747744667e+00 9.097175366147496e-01
7.500000000000000e-01 2.863593362288260e+00 9.147856193623117e-01
7.550000000000000e-01 2.936164815901156e+00 9.196830921922073e-01
7.600000000000000e-01 3.010571468104263e+00 9.244213608705197e-01
7.650000000000000e-01 3.086859825477351e+00 9.290101910597847e-01
7.700000000000000e-01 3.165077570727174e+00 9.334578851740403e-01
7.750000000000000e-01 3.245273592490716e+00 9.377715101691108e-01
7.800000000000000e-01 3.327498015892184e+00 9.419571373658150e-01
7.850000000000000e-01 3.411802233872832e+00 9.460200655148729e-01
7.900000000000000e-01 3.498238939313234e+00 9.499650099266894e-01
7.950000000000000e-01 3.586862157968046e+00 9.537962510457564e-01
8.000000000000000e-01 3.677727282233856e+00 9.575177437455195e-01
8.050000000000000e-01 3.770891105771243e+00 9.611331933205813e-01
8.100000000000001e-01 3.866411859002656e+00 9.646461059867960e-01
8.150000000000001e-01 3.964349245508326e+00 9.680598214830011e-01
8.200000000000001e-01 4.064764479342956e+00 9.713775340284335e-01
8.250000000000001e-01 4.167720323296481e+00 9.746023061964530e-01
8.300000000000001e-01 4.273281128122877e+00 9.777370787099816e-01
8.350000000000000e-01 4.381512872761445e+00 9.807846779691696e-01
8.400000000000000e-01 4.492483205575838e+00 9.837478223168665e-01
8.450000000000000e-01 4.606261486636447e+00 9.866291275619111e-01
8.500000000000000e-01 4.722918831072739e+00 9.894311120148915e-01
8.550000000000000e-01 4.842528153522501e+00 9.921562011585664e-01
8.600000000000000e-01 4.965164213705875e+00 9.948067320142203e-01
8.650000000000000e-01 5.090903663152626e+00 9.973849572389829e-01
8.700000000000000e-01 5.219825093111814e+00 9.998930489781509e-01
8.750000000000000e-01 5.352009083673925e+00 1.002333102491722e+00
8.800000000000000e-01 5.487538254136007e+00 1.004707139571812e+00
8.850000000000000e-01 5.626497314641444e+00 1.007017111765965e+00
8.900000000000000e-01 5.768973119126561e+00 1.009264903420013e+00
8.950000000000000e-01 5.915054719607133e+00 1.011452334553012e+00
9.000000000000000e-01 6.064833421838831e+00 1.013581163575731e+00
9.050000000000000e-01 6.218402842386253e+00 1.015653089863236e+00
9.100000000000000e-01 6.375858967136348e+00 1.017669756191285e+00
9.150000000000000e-01 6.537300211292723e+00 1.019632751045464e+00
9.200000000000000e-01 6.702827480888332e+00 1.021543610811300e+00
9.250000000000000e-01 6.872544235855034e+00 1.023403821852965e+00
9.300000000000000e-01 7.046556554689444e+00 1.025214822487589e+00
9.350000000000001e-01 7.224973200755413e+00 1.026978004861688e+00
9.400000000000001e-01 7.407905690264673e+00 1.028694716735704e+00
9.450000000000001e-01 7.595468361978146e+00 1.030366263182269e+00
9.500000000000001e-01 7.787778448671316e+00 1.031993908203316e+00
9.550000000000001e-01 7.984956150408610e+00 1.033578876270887e+00
9.600000000000000e-01 8.187124709672272e+00 1.035122353796057e+00
9.650000000000000e-01 8.394410488393007e+00 1.036625490530157e+00
9.700000000000000e-01 8.606943046930221e+00 1.038089400902137e+00
9.750000000000000e-01 8.824855225051540e+00 1.039515165295685e+00
9.800000000000000e-01 9.048283224961922e+00 1.040903831269444e+00
9.850000000000000e-01 9.277366696434507e+00 1.042256414723472e+00
9.900000000000000e-01 9.512248824096272e+00 1.043573901014861e+00
9.950000000000000e-01 9.753076416923058e+00 1.044857246025263e+00
1.000000000000000e+00 1.000000000000000e+01 1.046107377182861e+00
