0.000000000000000e+00 0.000000000000000e+00 1.347806556427389e-01
5.000000000000000e-03 3.369477419287315e-03 1.347827966730233e-01
1.000000000000000e-02 6.741060871647481e-03 1.347885222180467e-01
1.500000000000000e-02 1.011685770649257e-02 1.347981009393892e-01
2.000000000000000e-02 1.349897790673588e-02 1.348115466308607e-01
2.500000000000000e-02 1.688953540759990e-02 1.348288889500983e-01
3.000000000000000e-02 2.029064941789469e-02 1.348501767894135e-01
3.500000000000000e-02 2.370444574459234e-02 1.348754674806059e-01
4.000000000000000e-02 2.713305812152553e-02 1.349048283225141e-01
4.500000000000000e-02 3.057862954304063e-02 1.349383362503938e-01
5.000000000000000e-02 3.404331360343898e-02 1.349760762729976e-01
5.500000000000000e-02 3.752927584304335e-02 1.350181473915410e-01
6.000000000000000e-02 4.103869510173117e-02 1.350646649145207e-01
6.500000000000000e-02 4.457376488078044e-02 1.351157521952203e-01
7.000000000000001e-02 4.813669471387935e-02 1.351715390790549e-01
7.500000000000000e-02 5.172971154815675e-02 1.352321723223658e-01
8.000000000000000e-02 5.535506113609672e-02 1.352978184880170e-01
8.500000000000001e-02 5.901500943920686e-02 1.353686533064608e-01
9.000000000000000e-02 6.271184404431801e-02 1.354448590810078e-01
9.500000000000000e-02 6.644787559340060e-02 1.355266370069771e-01
1.000000000000000e-01 7.022543922779090e-02 1.356142123521937e-01
1.050000000000000e-01 7.404689604773053e-02 1.357078229107500e-01
1.100000000000000e-01 7.791463458813094e-02 1.358077135953536e-01
1.150000000000000e-01 8.183107231148547e-02 1.359141492706092e-01
1.200000000000000e-01 8.579865711886202e-02 1.360274237083237e-01
1.250000000000000e-01 8.981986887992111e-02 1.361478495474479e-01
1.300000000000000e-01 9.389722098291493e-02 1.362757499911892e-01
1.350000000000000e-01 9.803326190563690e-02 1.364114680928088e-01
1.400000000000000e-01 1.022305768083033e-01 1.365553770900685e-01
1.450000000000000e-01 1.064917891493625e-01 1.367078781856253e-01
1.500000000000000e-01 1.108195623252418e-01 1.368693958364034e-01
1.550000000000000e-01 1.152166013350572e-01 1.370403760809335e-01
1.600000000000000e-01 1.196856544713255e-01 1.372212881403110e-01
1.650000000000000e-01 1.242295150377370e-01 1.374126358264987e-01
1.700000000000000e-01 1.288510230950609e-01 1.376149665311188e-01
1.750000000000000e-01 1.335530672362758e-01 1.378288604351782e-01
1.800000000000000e-01 1.383385863920344e-01 1.380549231451121e-01
1.850000000000000e-01 1.432105716675912e-01 1.382937963241740e-01
1.900000000000000e-01 1.481720682123397e-01 1.385461624057198e-01
1.950000000000000e-01 1.532261771231311e-01 1.388127503631332e-01
2.000000000000000e-01 1.583760573825595e-01 1.390943476067849e-01
2.050000000000000e-01 1.636249278334301e-01 1.393917911885983e-01
2.100000000000000e-01 1.689760691906397e-01 1.397059659914257e-01
2.150000000000000e-01 1.744328260917313e-01 1.400378135531183e-01
2.200000000000000e-01 1.799986091874004e-01 1.403883260501132e-01
2.250000000000000e-01 1.856768972732633e-01 1.407585623251018e-01
2.300000000000000e-01 1.914712394642179e-01 1.411496510097045e-01
2.350000000000000e-01 1.973852574127551e-01 1.415627957510806e-01
2.400000000000000e-01 2.034226475726105e-01 1.419992856675761e-01
2.450000000000000e-01 2.095871835091678e-01 1.424604949475532e-01
2.500000000000000e-01 2.158827182580599e-01 1.429478943475666e-01
2.550000000000000e-01 2.223131867334419e-01 1.434630536271022e-01
2.600000000000000e-01 2.288826081874405e-01 1.440076519674705e-01
2.650000000000000e-01 2.355950887223172e-01 1.445834846928716e-01
2.700000000000000e-01 2.424548238569160e-01 1.451924735521447e-01
2.750000000000000e-01 2.494661011489995e-01 1.458366764958181e-01
2.800000000000000e-01 2.566333028751116e-01 1.465182991237838e-01
2.850000000000000e-01 2.639609087696434e-01 1.472397068728532e-01
2.900000000000000e-01 2.714534988248126e-01 1.480034385041706e-01
2.950000000000000e-01 2.791157561533084e-01 1.488122208230565e-01
3.000000000000000e-01 2.869524699153886e-01 1.496689848415582e-01
3.050000000000000e-01 2.949685383122613e-01 1.505768835060446e-01
3.100000000000000e-01 3.031689716476197e-01 1.515393111639656e-01
3.150000000000000e-01 3.115588954592450e-01 1.525599249473389e-01
3.200000000000000e-01 3.201435537226349e-01 1.536426682722357e-01
3.250000000000000e-01 3.289283121286580e-01 1.547917966711991e-01
3.300000000000000e-01 3.379186614372866e-01 1.560119061960515e-01
3.350000000000000e-01 3.471202209094989e-01 1.573079646495868e-01
3.400000000000000e-01 3.565387418195016e-01 1.586853459264566e-01
3.450000000000000e-01 3.661801110494620e-01 1.601498677654720e-01
3.500000000000000e-01 3.760503547690021e-01 1.617078332368626e-01
3.550000000000000e-01 3.861556422017504e-01 1.633660763076698e-01
3.600000000000000e-01 3.965022894813072e-01 1.651320118449177e-01
3.650000000000000e-01 4.070967635990345e-01 1.670136904274230e-01
3.700000000000000e-01 4.179456864461349e-01 1.690198583402078e-01
3.750000000000000e-01 4.290558389525505e-01 1.711600231165907e-01
3.800000000000000e-01 4.404341653252637e-01 1.734445249669007e-01
3.850000000000000e-01 4.520877773886537e-01 1.758846143823385e-01
3.900000000000000e-01 4.640239590296172e-01 1.784925361184318e-01
3.950000000000000e-01 4.762501707502353e-01 1.812816196323661e-01
4.000000000000000e-01 4.887740543308307e-01 1.842663758558742e-01
4.050000000000000e-01 5.016034376063282e-01 1.874625999090039e-01
4.100000000000000e-01 5.147463393589066e-01 1.908874789722873e-01
4.150000000000000e-01 5.282109743299990e-01 1.945597040001396e-01
4.200000000000000e-01 5.420057583547735e-01 1.984995832317321e-01
4.250000000000000e-01 5.561393136223041e-01 2.027291544809564e-01
4.300000000000000e-01 5.706204740647189e-01 2.072722918956249e-01
4.350000000000000e-01 5.854582908786964e-01 2.121548011857647e-01
4.400000000000000e-01 6.006620381827575e-01 2.174044951376511e-01
4.450000000000000e-01 6.162412188138907e-01 2.230512384522580e-01
4.500000000000000e-01 6.322055702671360e-01 2.291269474743674e-01
4.550000000000000e-01 6.485650707818353e-01 2.356655261329777e-01
4.600000000000000e-01 6.653299455783577e-01 2.427027143699246e-01
4.650000000000000e-01 6.825106732491932e-01 2.502758195732904e-01
4.700000000000000e-01 7.001179923084168e-01 2.584232953233093e-01
4.750000000000000e-01 7.181629079036070e-01 2.671841256693760e-01
4.800000000000000e-01 7.366566986944229e-01 2.765969682050921e-01
4.850000000000000e-01 7.556109239021327e-01 2.866990070353438e-01
4.900000000000000e-01 7.750374305345038e-01 2.975244697651833e-01
4.950000000000000e-01 7.949483607905672e-01 3.091027741840336e-01
5.000000000000000e-01 8.153561596498893e-01 3.214562944011803e-01
5.050000000000000e-01 8.362735826510871e-01 3.345977770167652e-01
5.100000000000000e-01 8.577137038644561e-01 3.485274986614981e-01
5.150000000000000e-01 8.796899240636907e-01 3.632303370144718e-01
5.200000000000000e-01 9.022159791018011e-01 3.786730224757720e-01
5.250000000000000e-01 9.253059484964714e-01 3.948019325871110e-01
5.300000000000000e-01 9.489742642302165e-01 4.115418614203555e-01
5.350000000000000e-01 9.732357197708378e-01 4.287962087260038e-01
5.400000000000000e-01 9.981054793178262e-01 4.464489554899635e-01
5.450000000000000e-01 1.023599087280478e+00 4.643686037776855e-01
5.500000000000000e-01 1.049732477993657e+00 4.824139686847924e-01
5.550000000000000e-01 1.076521985677273e+00 5.004413678158270e-01
5.600000000000001e-01 1.103984354645701e+00 5.183124428648563e-01
5.650000000000001e-01 1.132136749773522e+00 5.359016631863761e-01
5.700000000000001e-01 1.160996767224129e+00 5.531025710152678e-01
5.750000000000001e-01 1.190582445447902e+00 5.698320418946627e-01
5.800000000000000e-01 1.220912276456826e+00 5.860321943529594e-01
5.850000000000000e-01 1.252005217382601e+00 6.016699872318974e-01
5.900000000000000e-01 1.283880702325469e+00 6.167348849755090e-01
5.950000000000000e-01 1.316558654501151e+00 6.312351794484145e-01
6.000000000000000e-01 1.350059498693518e+00 6.451936131212006e-01
6.050000000000000e-01 1.384404174020732e+00 6.586428802025555e-01
6.100000000000000e-01 1.419614147022888e+00 6.716214407024960e-01
6.150000000000000e-01 1.455711425079295e+00 6.841699193018477e-01
6.200000000000000e-01 1.492718570163803e+00 6.963282140671093e-01
6.250000000000000e-01 1.530658712946775e+00 7.081333289868262e-01
6.300000000000000e-01 1.569555567252506e+00 7.196178732567434e-01
6.350000000000000e-01 1.609433444881138e+00 7.308091340493083e-01
6.400000000000000e-01 1.650317270804325e+00 7.417286190722476e-01
6.450000000000000e-01 1.692232598744148e+00 7.523919711813865e-01
6.500000000000000e-01 1.735205627145031e+00 7.628091718430625e-01
6.550000000000000e-01 1.779263215548615e+00 7.729849675863573e-01
6.600000000000000e-01 1.824432901381847e+00 7.829194698847634e-01
6.650000000000000e-01 1.870742917168772e+00 7.926088917864191e-01
6.700000000000000e-01 1.918222208176775e+00 8.020463927932761e-01
6.750000000000000e-01 1.966900450508319e+00 8.112230065256743e-01
6.800000000000000e-01 2.016808069649473e+00 8.201286238566006e-01
6.850000000000001e-01 2.067976259486829e+00 8.287529983878750e-01
6.900000000000001e-01 2.120437001804702e+00 8.370867329638018e-01
6.950000000000001e-01 2.174223086274785e+00 8.451221975794072e-01
7.000000000000001e-01 2.229368130950753e+00 8.528543231623051e-01
7.050000000000000e-01 2.285906603280654e+00 8.602812149625128e-01
7.100000000000000e-01 2.343873841650178e+00 8.674045358568064e-01
7.150000000000000e-01 2.403306077470301e+00 8.742296248303272e-01
7.200000000000000e-01 2.464240457823092e+00 8.807653386395460e-01
7.250000000000000e-01 2.526715068679855e+00 8.870236326653260e-01
7.300000000000000e-01 2.590768958706095e+00 8.930189260032495e-01
7.350000000000000e-01 2.656442163668210e+00 8.987673207307249e-01
7.400000000000000e-01 2.723775731457148e+00 9.042857610855666e-01
7.450000000000000e-01 2.792811747744667e+00 9.095912215637192e-01
7.500000000000000e-01 2.863593362288260e+00 9.147000028065735e-01
7.550000000000000e-01 2.936164815901156e+00 9.196271926151538e-01
7.600000000000000e-01 3.010571468104263e+00 9.243863209708520e-01
7.650000000000000e-01 3.086859825477351e+00 9.289892083430179e-01
7.700000000000000e-01 3.165077570727174e+00 9.334459814231795e-01
7.750000000000000e-01 3.245273592490716e+00 9.377652137924080e-01
7.800000000000000e-01 3.327498015892184e+00 9.419541425645940e-01
7.850000000000000e-01 3.411802233872832e+00 9.460189149422301e-01
7.900000000000000e-01 3.498238939313234e+00 9.499648281906404e-01
7.950000000000000e-01 3.586862157968046e+00 9.537965392493901e-01
8.000000000000000e-01 3.677727282233856e+00 9.575182327338674e-01
8.050000000000000e-01 3.770891105771243e+00 9.611337460936209e-01
8.100000000000001e-01 3.866411859002656e+00 9.646466571322211e-01
8.150000000000001e-01 3.964349245508326e+00 9.680603420525264e-01
8.200000000000001e-01 4.064764479342956e+00 9.713780125029770e-01
8.250000000000001e-01 4.167720323296481e+00 9.746027388507887e-01
8.300000000000001e-01 4.273281128122877e+00 9.777374650616164e-01
8.350000000000000e-01 4.381512872761445e+00 9.807850187754614e-01
8.400000000000000e-01 4.492483205575838e+00 9.837481187555501e-01
8.450000000000000e-01 4.606261486636447e+00 9.866293809205090e-01
8.500000000000000e-01 4.722918831072739e+00 9.894313235825136e-01
8.550000000000000e-01 4.842528153522501e+00 9.921563721920250e-01
8.600000000000000e-01 4.965164213705875e+00 9.948068637292624e-01
8.650000000000000e-01 5.090903663152626e+00 9.973850508092821e-01
8.700000000000000e-01 5.219825093111814e+00 9.998931055364469e-01
8.750000000000000e-01 5.352009083673925e+00 1.002333123131448e+00
8.800000000000000e-01 5.487538254136007e+00 1.004707125348763e+00
8.850000000000000e-01 5.626497314641444e+00 1.007017063699903e+00
8.900000000000000e-01 5.768973119126561e+00 1.009264822496191e+00
8.950000000000000e-01 5.915054719607133e+00 1.011452221723620e+00
9.000000000000000e-01 6.064833421838831e+00 1.013581019761259e+00
9.050000000000000e-01 6.218402842386253e+00 1.015652915953768e+00
9.100000000000000e-01 6.375858967136348e+00 1.017669553047729e+00
9.150000000000000e-01 6.537300211292723e+00 1.019632519500715e+00
9.200000000000000e-01 6.702827480888332e+00 1.021543351671348e+00
9.250000000000000e-01 6.872544235855034e+00 1.023403535897945e+00
9.300000000000000e-01 7.046556554689444e+00 1.025214510472782e+00
9.350000000000001e-01 7.224973200755413e+00 1.026977667518467e+00
9.400000000000001e-01 7.407905690264673e+00 1.028694354772447e+00
9.450000000000001e-01 7.595468361978146e+00 1.030365877285216e+00
9.500000000000001e-01 7.787778448671316e+00 1.031993499037396e+00
9.550000000000001e-01 7.984956150408610e+00 1.033578444480497e+00
9.600000000000000e-01 8.187124709672272e+00 1.035121900005815e+00
9.650000000000000e-01 8.394410488393007e+00 1.036625015345615e+00
9.700000000000000e-01 8.606943046930221e+00 1.038088904910465e+00
9.750000000000000e-01 8.824855225051540e+00 1.039514649066323e+00
9.800000000000000e-01 9.048283224961922e+00 1.040903295354726e+00
9.850000000000000e-01 9.277366696434507e+00 1.042255859659224e+00
9.900000000000000e-01 9.512248824096272e+00 1.043573327320974e+00
9.950000000000000e-01 9.753076416923058e+00 1.044856654206238e+00
1.000000000000000e+00 1.000000000000000e+01 1.046106767728338e+00
