0.000000000000000e+00 0.000000000000000e+00 4.828363958980666e-02
5.000000000000000e-03 3.369477419287315e-03 4.828511820152163e-02
1.000000000000000e-02 6.741060871647481e-03 4.828906142921320e-02
1.500000000000000e-02 1.011685770649257e-02 4.829564026428045e-02
2.000000000000000e-02 1.349897790673588e-02 4.830487706511487e-02
2.500000000000000e-02 1.688953540759990e-02 4.831679642184385e-02
3.000000000000000e-02 2.029064941789469e-02 4.833142797192767e-02
3.500000000000000e-02 2.370444574459234e-02 4.834881268807198e-02
4.000000000000000e-02 2.713305812152553e-02 4.836899796389423e-02
4.500000000000000e-02 3.057862954304063e-02 4.839203600564874e-02
5.000000000000000e-02 3.404331360343898e-02 4.841798974025734e-02
5.500000000000000e-02 3.752927584304335e-02 4.844693141774117e-02
6.000000000000000e-02 4.103869510173117e-02 4.847893759682841e-02
6.500000000000000e-02 4.457376488078044e-02 4.851409325457053e-02
7.000000000000001e-02 4.813669471387935e-02 4.855249649502621e-02
7.500000000000000e-02 5.172971154815675e-02 4.859425326364196e-02
8.000000000000000e-02 5.535506113609672e-02 4.863947469830434e-02
8.500000000000001e-02 5.901500943920686e-02 4.868828401901955e-02
9.000000000000000e-02 6.271184404431801e-02 4.874081843023708e-02
9.500000000000000e-02 6.644787559340060e-02 4.879722271697261e-02
1.000000000000000e-01 7.022543922779090e-02 4.885765003038300e-02
1.050000000000000e-01 7.404689604773053e-02 4.892226893112131e-02
1.100000000000000e-01 7.791463458813094e-02 4.899126215004014e-02
1.150000000000000e-01 8.183107231148547e-02 4.906482146513568e-02
1.200000000000000e-01 8.579865711886202e-02 4.914315170462515e-02
1.250000000000000e-01 8.981986887992111e-02 4.922647620146756e-02
1.300000000000000e-01 9.389722098291493e-02 4.931503326453776e-02
1.350000000000000e-01 9.803326190563690e-02 4.940907341915654e-02
1.400000000000000e-01 1.022305768083033e-01 4.950886558850558e-02
1.450000000000000e-01 1.064917891493625e-01 4.961470085432483e-02
1.500000000000000e-01 1.108195623252418e-01 4.972688795156501e-02
1.550000000000000e-01 1.152166013350572e-01 4.984575237228673e-02
1.600000000000000e-01 1.196856544713255e-01 4.997164362354746e-02
1.650000000000000e-01 1.242295150377370e-01 5.010493866202884e-02
1.700000000000000e-01 1.288510230950609e-01 5.024603775540371e-02
1.750000000000000e-01 1.335530672362758e-01 5.039536383582551e-02
1.800000000000000e-01 1.383385863920344e-01 5.055336961158374e-02
1.850000000000000e-01 1.432105716675912e-01 5.072054299138636e-02
1.900000000000000e-01 1.481720682123397e-01 5.089740540050793e-02
1.950000000000000e-01 1.532261771231311e-01 5.108450932854846e-02
2.000000000000000e-01 1.583760573825595e-01 5.128244284967919e-02
2.050000000000000e-01 1.636249278334301e-01 5.149183929766530e-02
2.100000000000000e-01 1.689760691906397e-01 5.171338186661855e-02
2.150000000000000e-01 1.744328260917313e-01 5.194779899325578e-02
2.200000000000000e-01 1.799986091874004e-01 5.219586338089881e-02
2.250000000000000e-01 1.856768972732633e-01 5.245840438324773e-02
2.300000000000000e-01 1.914712394642179e-01 5.273631983841920e-02
2.350000000000000e-01 1.973852574127551e-01 5.303057601105281e-02
2.400000000000000e-01 2.034226475726105e-01 5.334220809514845e-02
2.450000000000000e-01 2.095871835091678e-01 5.367232627507800e-02
2.500000000000000e-01 2.158827182580599e-01 5.402212169301265e-02
2.550000000000000e-01 2.223131867334419e-01 5.439288040456094e-02
2.600000000000000e-01 2.288826081874405e-01 5.478599867469448e-02
2.650000000000000e-01 2.355950887223172e-01 5.520298611265071e-02
2.700000000000000e-01 2.424548238569160e-01 5.564547472215638e-02
2.750000000000000e-01 2.494661011489995e-01 5.611523060335032e-02
2.800000000000000e-01 2.566333028751116e-01 5.661416134618860e-02
2.850000000000000e-01 2.639609087696434e-01 5.714433863259346e-02
2.900000000000000e-01 2.714534988248126e-01 5.770801372362502e-02
2.950000000000000e-01 2.791157561533084e-01 5.830763876191736e-02
3.000000000000000e-01 2.869524699153886e-01 5.894589116841366e-02
3.050000000000000e-01 2.949685383122613e-01 5.962569504437305e-02
3.100000000000000e-01 3.031689716476197e-01 6.035025224733072e-02
3.150000000000000e-01 3.115588954592450e-01 6.112307116169789e-02
3.200000000000000e-01 3.201435537226349e-01 6.194800483305238e-02
3.250000000000000e-01 3.289283121286580e-01 6.282929114223899e-02
3.300000000000000e-01 3.379186614372866e-01 6.377160107154367e-02
3.350000000000000e-01 3.471202209094989e-01 6.478009291286965e-02
3.400000000000000e-01 3.565387418195016e-01 6.586047525850479e-02
3.450000000000000e-01 3.661801110494620e-01 6.701907932338931e-02
3.500000000000000e-01 3.760503547690021e-01 6.826294266958571e-02
3.550000000000000e-01 3.861556422017504e-01 6.959990616414014e-02
3.600000000000000e-01 3.965022894813072e-01 7.103872664090580e-02
3.650000000000000e-01 4.070967635990345e-01 7.258920811093358e-02
3.700000000000000e-01 4.179456864461349e-01 7.426235497408948e-02
3.750000000000000e-01 4.290558389525505e-01 7.607055135555035e-02
3.800000000000000e-01 4.404341653252637e-01 7.802777151557019e-02
3.850000000000000e-01 4.520877773886537e-01 8.014982725478080e-02
3.900000000000000e-01 4.640239590296172e-01 8.245465938701529e-02
3.950000000000000e-01 4.762501707502353e-01 8.496268168558964e-02
4.000000000000000e-01 4.887740543308307e-01 8.769718722281257e-02
4.050000000000000e-01 5.016034376063282e-01 9.068482867855443e-02
4.100000000000000e-01 5.147463393589066e-01 9.395618589500265e-02
4.150000000000000e-01 5.282109743299990e-01 9.754643549837712e-02
4.200000000000000e-01 5.420057583547735e-01 1.014961384091224e-01
4.250000000000000e-01 5.561393136223041e-01 1.058521608272660e-01
4.300000000000000e-01 5.706204740647189e-01 1.106687416087710e-01
4.350000000000000e-01 5.854582908786964e-01 1.160087118201182e-01
4.400000000000000e-01 6.006620381827575e-01 1.219448573555803e-01
4.450000000000000e-01 6.162412188138907e-01 1.285613875365028e-01
4.500000000000000e-01 6.322055702671360e-01 1.359554234458057e-01
4.550000000000000e-01 6.485650707818353e-01 1.442383374701929e-01
4.600000000000000e-01 6.653299455783577e-01 1.535366440219906e-01
4.650000000000000e-01 6.825106732491932e-01 1.639919419252035e-01
4.700000000000000e-01 7.001179923084168e-01 1.757591266520037e-01
4.750000000000000e-01 7.181629079036070e-01 1.890017320231662e-01
4.800000000000000e-01 7.366566986944229e-01 2.038828904128035e-01
4.850000000000000e-01 7.556109239021327e-01 2.205502007199584e-01
4.900000000000000e-01 7.750374305345038e-01 2.391131361649114e-01
4.950000000000000e-01 7.949483607905672e-01 2.596130789243269e-01
5.000000000000000e-01 8.153561596498893e-01 2.819891862108715e-01
5.050000000000000e-01 8.362735826510871e-01 3.060479634754923e-01
5.100000000000000e-01 8.577137038644561e-01 3.314489060433308e-01
5.150000000000000e-01 8.796899240636907e-01 3.577191360321767e-01
5.200000000000000e-01 9.022159791018011e-01 3.843027777316542e-01
5.250000000000000e-01 9.253059484964714e-01 4.106363713266472e-01
5.300000000000000e-01 9.489742642302165e-01 4.362276296238156e-01
5.350000000000000e-01 9.732357197708378e-01 4.607118122078417e-01
5.400000000000000e-01 9.981054793178262e-01 4.838712445058563e-01
5.450000000000000e-01 1.023599087280478e+00 5.056208977655465e-01
5.500000000000000e-01 1.049732477993657e+00 5.259746516412128e-01
5.550000000000000e-01 1.076521985677273e+00 5.450079899686203e-01
5.600000000000001e-01 1.103984354645701e+00 5.628270806815614e-01
5.650000000000001e-01 1.132136749773522e+00 5.795475237213142e-01
5.700000000000001e-01 1.160996767224129e+00 5.952818618263601e-01
5.750000000000001e-01 1.190582445447902e+00 6.101334313303224e-01
5.800000000000000e-01 1.220912276456826e+00 6.241941758629118e-01
5.850000000000000e-01 1.252005217382601e+00 6.375446485469949e-01
5.900000000000000e-01 1.283880702325469e+00 6.502550584437647e-01
5.950000000000000e-01 1.316558654501151e+00 6.623866960746894e-01
6.000000000000000e-01 1.350059498693518e+00 6.739933868784617e-01
6.050000000000000e-01 1.384404174020732e+00 6.851228087484655e-01
6.100000000000000e-01 1.419614147022888e+00 6.958176132153296e-01
6.150000000000000e-01 1.455711425079295e+00 7.061163424251485e-01
6.200000000000000e-01 1.492718570163803e+00 7.160541577763259e-01
6.250000000000000e-01 1.530658712946775e+00 7.256634043709401e-01
6.300000000000000e-01 1.569555567252506e+00 7.349740361131678e-01
6.350000000000000e-01 1.609433444881138e+00 7.440139236705874e-01
6.400000000000000e-01 1.650317270804325e+00 7.528090638839007e-01
6.450000000000000e-01 1.692232598744148e+00 7.613837056896271e-01
6.500000000000000e-01 1.735205627145031e+00 7.697604046996103e-01
6.550000000000000e-01 1.779263215548615e+00 7.779600164230435e-01
6.600000000000000e-01 1.824432901381847e+00 7.860016367269725e-01
6.650000000000000e-01 1.870742917168772e+00 7.939024974552394e-01
6.700000000000000e-01 1.918222208176775e+00 8.016778251001876e-01
6.750000000000000e-01 1.966900450508319e+00 8.093406709988089e-01
6.800000000000000e-01 2.016808069649473e+00 8.169017226809832e-01
6.850000000000001e-01 2.067976259486829e+00 8.243691077233921e-01
6.900000000000001e-01 2.120437001804702e+00 8.317482037452854e-01
6.950000000000001e-01 2.174223086274785e+00 8.390414709694672e-01
7.000000000000001e-01 2.229368130950753e+00 8.462483269245292e-01
7.050000000000000e-01 2.285906603280654e+00 8.533650860948523e-01
7.100000000000000e-01 2.343873841650178e+00 8.603849901287454e-01
7.150000000000000e-01 2.403306077470301e+00 8.672983558090717e-01
7.200000000000000e-01 2.464240457823092e+00 8.740928672846803e-01
7.250000000000000e-01 2.526715068679855e+00 8.807540347049426e-01
7.300000000000000e-01 2.590768958706095e+00 8.872658319624935e-01
7.350000000000000e-01 2.656442163668210e+00 8.936115105828928e-01
7.400000000000000e-01 2.723775731457148e+00 8.997745646112690e-01
7.450000000000000e-01 2.792811747744667e+00 9.057397939101586e-01
7.500000000000000e-01 2.863593362288260e+00 9.114943840904466e-01
7.550000000000000e-01 2.936164815901156e+00 9.170288962702260e-01
7.600000000000000e-01 3.010571468104263e+00 9.223380466889953e-01
7.650000000000000e-01 3.086859825477351e+00 9.274211625409752e-01
7.700000000000000e-01 3.165077570727174e+00 9.322822310070116e-01
7.750000000000000e-01 3.245273592490716e+00 9.369295123069035e-01
7.800000000000000e-01 3.327498015892184e+00 9.413747560900134e-01
7.850000000000000e-01 3.411802233872832e+00 9.456321284776118e-01
7.900000000000000e-01 3.498238939313234e+00 9.497170068439024e-01
7.950000000000000e-01 3.586862157968046e+00 9.536448166813446e-01
8.000000000000000e-01 3.677727282233856e+00 9.574300643332365e-01
8.050000000000000e-01 3.770891105771243e+00 9.610856671510096e-01
8.100000000000001e-01 3.866411859002656e+00 9.646226143699566e-01
8.150000000000001e-01 3.964349245508326e+00 9.680499270379674e-01
8.200000000000001e-01 4.064764479342956e+00 9.713748397990122e-01
8.250000000000001e-01 4.167720323296481e+00 9.746031090420012e-01
8.300000000000001e-01 4.273281128122877e+00 9.777393591170372e-01
8.350000000000000e-01 4.381512872761445e+00 9.807874022015418e-01
8.400000000000000e-01 4.492483205575838e+00 9.837504967611245e-01
8.450000000000000e-01 4.606261486636447e+00 9.866315351337487e-01
8.500000000000000e-01 4.722918831072739e+00 9.894331676556152e-01
8.550000000000000e-01 4.842528153522501e+00 9.921578784174065e-01
8.600000000000000e-01 4.965164213705875e+00 9.948080284991994e-01
8.650000000000000e-01 5.090903663152626e+00 9.973858795745015e-01
8.700000000000000e-01 5.219825093111814e+00 9.998936067558329e-01
8.750000000000000e-01 5.352009083673925e+00 1.002333306030651e+00
8.800000000000000e-01 5.487538254136007e+00 1.004706999160677e+00
8.850000000000000e-01 5.626497314641444e+00 1.007016637434107e+00
8.900000000000000e-01 5.768973119126561e+00 1.009264104881275e+00
8.950000000000000e-01 5.915054719607133e+00 1.011451221200961e+00
9.000000000000000e-01 6.064833421838831e+00 1.013579744492472e+00
9.050000000000000e-01 6.218402842386253e+00 1.015651373831143e+00
9.100000000000000e-01 6.375858967136348e+00 1.017667751704895e+00
9.150000000000000e-01 6.537300211292723e+00 1.019630466322931e+00
9.200000000000000e-01 6.702827480888332e+00 1.021541053805304e+00
9.250000000000000e-01 6.872544235855034e+00 1.023401000261080e+00
9.300000000000000e-01 7.046556554689444e+00 1.025211743762149e+00
9.350000000000001e-01 7.224973200755413e+00 1.026974676219164e+00
9.400000000000001e-01 7.407905690264673e+00 1.028691145165648e+00
9.450000000000001e-01 7.595468361978146e+00 1.030362455455816e+00
9.500000000000001e-01 7.787778448671316e+00 1.031989870881307e+00
9.550000000000001e-01 7.984956150408610e+00 1.033574615711603e+00
9.600000000000000e-01 8.187124709672272e+00 1.035117876162609e+00
9.650000000000000e-01 8.394410488393007e+00 1.036620801797535e+00
9.700000000000000e-01 8.606943046930221e+00 1.038084506863953e+00
9.750000000000000e-01 8.824855225051540e+00 1.039510071570613e+00
9.800000000000000e-01 9.048283224961922e+00 1.040898543307379e+00
9.850000000000000e-01 9.277366696434507e+00 1.042250937811425e+00
9.900000000000000e-01 9.512248824096272e+00 1.043568240282605e+00
9.950000000000000e-01 9.753076416923058e+00 1.044851406450734e+00
1.000000000000000e+00 1.000000000000000e+01 1.046101363597339e+00
