0.000000000000000e+00 0.000000000000000e+00 1.640227969902802e-04
5.000000000000000e-03 3.369477419287315e-03 1.640293687260348e-04
1.000000000000000e-02 6.741060871647481e-03 1.640468862291175e-04
1.500000000000000e-02 1.011685770649257e-02 1.640760963564419e-04
2.000000000000000e-02 1.349897790673588e-02 1.641171064588643e-04
2.500000000000000e-02 1.688953540759990e-02 1.641700365631870e-04
3.000000000000000e-02 2.029064941789469e-02 1.642350242248845e-04
3.500000000000000e-02 2.370444574459234e-02 1.643122506174537e-04
4.000000000000000e-02 2.713305812152553e-02 1.644019284668520e-04
4.500000000000000e-02 3.057862954304063e-02 1.645043051321424e-04
5.000000000000000e-02 3.404331360343898e-02 1.646196725958543e-04
5.500000000000000e-02 3.752927584304335e-02 1.647483518637122e-04
6.000000000000000e-02 4.103869510173117e-02 1.648906957947260e-04
6.500000000000000e-02 4.457376488078044e-02 1.650471088116976e-04
7.000000000000001e-02 4.813669471387935e-02 1.652180359283333e-04
7.500000000000000e-02 5.172971154815675e-02 1.654039517434881e-04
8.000000000000000e-02 5.535506113609672e-02 1.656053840766280e-04
8.500000000000001e-02 5.901500943920686e-02 1.658229164891085e-04
9.000000000000000e-02 6.271184404431801e-02 1.660571650489849e-04
9.500000000000000e-02 6.644787559340060e-02 1.663087932868498e-04
1.000000000000000e-01 7.022543922779090e-02 1.665785385940912e-04
1.050000000000000e-01 7.404689604773053e-02 1.668671908238359e-04
1.100000000000000e-01 7.791463458813094e-02 1.671755794376247e-04
1.150000000000000e-01 8.183107231148547e-02 1.675046076728418e-04
1.200000000000000e-01 8.579865711886202e-02 1.678552617695734e-04
1.250000000000000e-01 8.981986887992111e-02 1.682285832766355e-04
1.300000000000000e-01 9.389722098291493e-02 1.686256801640790e-04
1.350000000000000e-01 9.803326190563690e-02 1.690477588781891e-04
1.400000000000000e-01 1.022305768083033e-01 1.694961128566095e-04
1.450000000000000e-01 1.064917891493625e-01 1.699721091120123e-04
1.500000000000000e-01 1.108195623252418e-01 1.704772197014949e-04
1.550000000000000e-01 1.152166013350572e-01 1.710130383378304e-04
1.600000000000000e-01 1.196856544713255e-01 1.715812582846326e-04
1.650000000000000e-01 1.242295150377370e-01 1.721836802512803e-04
1.700000000000000e-01 1.288510230950609e-01 1.728222543879320e-04
1.750000000000000e-01 1.335530672362758e-01 1.734990833990985e-04
1.800000000000000e-01 1.383385863920344e-01 1.742164002147720e-04
1.850000000000000e-01 1.432105716675912e-01 1.749765926049575e-04
1.900000000000000e-01 1.481720682123397e-01 1.757822511890844e-04
1.950000000000000e-01 1.532261771231311e-01 1.766361696215790e-04
2.000000000000000e-01 1.583760573825595e-01 1.775413268649745e-04
2.050000000000000e-01 1.636249278334301e-01 1.785009204518551e-04
2.100000000000000e-01 1.689760691906397e-01 1.795184220685203e-04
2.150000000000000e-01 1.744328260917313e-01 1.805975892192469e-04
2.200000000000000e-01 1.799986091874004e-01 1.817424572078760e-04
2.250000000000000e-01 1.856768972732633e-01 1.829573718637177e-04
2.300000000000000e-01 1.914712394642179e-01 1.842470509750126e-04
2.350000000000000e-01 1.973852574127551e-01 1.856166273163856e-04
2.400000000000000e-01 2.034226475726105e-01 1.870716708075857e-04
2.450000000000000e-01 2.095871835091678e-01 1.886182131962895e-04
2.500000000000000e-01 2.158827182580599e-01 1.902627993355171e-04
2.550000000000000e-01 2.223131867334419e-01 1.920125783852961e-04
2.600000000000000e-01 2.288826081874405e-01 1.938753922394020e-04
2.650000000000000e-01 2.355950887223172e-01 1.958598160789015e-04
2.700000000000000e-01 2.424548238569160e-01 1.979752124061075e-04
2.750000000000000e-01 2.494661011489995e-01 2.002318486758502e-04
2.800000000000000e-01 2.566333028751116e-01 2.026410235265783e-04
2.850000000000000e-01 2.639609087696434e-01 2.052152080708951e-04
2.900000000000000e-01 2.714534988248126e-01 2.079682197528540e-04
2.950000000000000e-01 2.791157561533084e-01 2.109153662147952e-04
3.000000000000000e-01 2.869524699153886e-01 2.140736291287208e-04
3.050000000000000e-01 2.949685383122613e-01 2.174619152800092e-04
3.100000000000000e-01 3.031689716476197e-01 2.211013110309144e-04
3.150000000000000e-01 3.115588954592450e-01 2.250154417196953e-04
3.200000000000000e-01 3.201435537226349e-01 2.292308611821356e-04
3.250000000000000e-01 3.289283121286580e-01 2.337775162006690e-04
3.300000000000000e-01 3.379186614372866e-01 2.386893163638899e-04
3.350000000000000e-01 3.471202209094989e-01 2.440047859666066e-04
3.400000000000000e-01 3.565387418195016e-01 2.497678866396989e-04
3.450000000000000e-01 3.661801110494620e-01 2.560289907660957e-04
3.500000000000000e-01 3.760503547690021e-01 2.628460975849592e-04
3.550000000000000e-01 3.861556422017504e-01 2.702863212770559e-04
3.600000000000000e-01 3.965022894813072e-01 2.784277519357158e-04
3.650000000000000e-01 4.070967635990345e-01 2.873617861323373e-04
3.700000000000000e-01 4.179456864461349e-01 2.971960803903198e-04
3.750000000000000e-01 4.290558389525505e-01 3.080583262222543e-04
3.800000000000000e-01 4.404341653252637e-01 3.201011288798773e-04
3.850000000000000e-01 4.520877773886537e-01 3.335083850869991e-04
3.900000000000000e-01 4.640239590296172e-01 3.485037275051500e-04
3.950000000000000e-01 4.762501707502353e-01 3.653618634058818e-04
4.000000000000000e-01 4.887740543308307e-01 3.844240379681188e-04
4.050000000000000e-01 5.016034376063282e-01 4.061194908560632e-04
4.100000000000000e-01 5.147463393589066e-01 4.309958126941148e-04
4.150000000000000e-01 5.282109743299990e-01 4.597628454415818e-04
4.200000000000000e-01 5.420057583547735e-01 4.933577757611776e-04
4.250000000000000e-01 5.561393136223041e-01 5.330444664024902e-04
4.300000000000000e-01 5.706204740647189e-01 5.805701869517429e-04
4.350000000000000e-01 5.854582908786964e-01 6.384228523800503e-04
4.400000000000000e-01 6.006620381827575e-01 7.102736322076216e-04
4.450000000000000e-01 6.162412188138907e-01 8.017837410464047e-04
4.500000000000000e-01 6.322055702671360e-01 9.221853486037045e-04
4.550000000000000e-01 6.485650707818353e-01 1.087683731510512e-03
4.600000000000000e-01 6.653299455783577e-01 1.329771667698324e-03
4.650000000000000e-01 6.825106732491932e-01 1.719667408687356e-03
4.700000000000000e-01 7.001179923084168e-01 2.464932680180065e-03
4.750000000000000e-01 7.181629079036070e-01 4.562500434346746e-03
4.800000000000000e-01 7.366566986944229e-01 1.893816628365979e-02
4.850000000000000e-01 7.556109239021327e-01 1.032557536636963e-01
4.900000000000000e-01 7.750374305345038e-01 1.986019576205963e-01
4.950000000000000e-01 7.949483607905672e-01 2.591629756051343e-01
5.000000000000000e-01 8.153561596498893e-01 3.065368410030336e-01
5.050000000000000e-01 8.362735826510871e-01 3.461177195813342e-01
5.100000000000000e-01 8.577137038644561e-01 3.807243903536450e-01
5.150000000000000e-01 8.796899240636907e-01 4.115811398611629e-01
5.200000000000000e-01 9.022159791018011e-01 4.395674652858965e-01
5.250000000000000e-01 9.253059484964714e-01 4.652089497229841e-01
5.300000000000000e-01 9.489742642302165e-01 4.889065998376498e-01
5.350000000000000e-01 9.732357197708378e-01 5.109460791787014e-01
5.400000000000000e-01 9.981054793178262e-01 5.315516546671386e-01
5.450000000000000e-01 1.023599087280478e+00 5.508979808271736e-01
5.500000000000000e-01 1.049732477993657e+00 5.691281120485330e-01
5.550000000000000e-01 1.076521985677273e+00 5.863569758645292e-01
5.600000000000001e-01 1.103984354645701e+00 6.026840162451665e-01
5.650000000000001e-01 1.132136749773522e+00 6.181893810488629e-01
5.700000000000001e-01 1.160996767224129e+00 6.329459409941125e-01
5.750000000000001e-01 1.190582445447902e+00 6.470126858079577e-01
5.800000000000000e-01 1.220912276456826e+00 6.604446318341755e-01
5.850000000000000e-01 1.252005217382601e+00 6.732874381680504e-01
5.900000000000000e-01 1.283880702325469e+00 6.855833802962795e-01
5.950000000000000e-01 1.316558654501151e+00 6.973692834175824e-01
6.000000000000000e-01 1.350059498693518e+00 7.086781519049629e-01
6.050000000000000e-01 1.384404174020732e+00 7.195404765488242e-01
6.100000000000000e-01 1.419614147022888e+00 7.299826047891352e-01
6.150000000000000e-01 1.455711425079295e+00 7.400300589164254e-01
6.200000000000000e-01 1.492718570163803e+00 7.497045308828520e-01
6.250000000000000e-01 1.530658712946775e+00 7.590274095243782e-01
6.300000000000000e-01 1.569555567252506e+00 7.680171456916682e-01
6.350000000000000e-01 1.609433444881138e+00 7.766916788145914e-01
6.400000000000000e-01 1.650317270804325e+00 7.850670721448720e-01
6.450000000000000e-01 1.692232598744148e+00 7.931585050890548e-01
6.500000000000000e-01 1.735205627145031e+00 8.009800870141053e-01
6.550000000000000e-01 1.779263215548615e+00 8.085449005836883e-01
6.600000000000000e-01 1.824432901381847e+00 8.158653425566743e-01
6.650000000000000e-01 1.870742917168772e+00 8.229529219817983e-01
6.700000000000000e-01 1.918222208176775e+00 8.298185537807637e-01
6.750000000000000e-01 1.966900450508319e+00 8.364724994582055e-01
6.800000000000000e-01 2.016808069649473e+00 8.429244545258217e-01
6.850000000000001e-01 2.067976259486829e+00 8.491836218365461e-01
6.900000000000001e-01 2.120437001804702e+00 8.552587139600464e-01
6.950000000000001e-01 2.174223086274785e+00 8.611580220597508e-01
7.000000000000001e-01 2.229368130950753e+00 8.668894409704272e-01
7.050000000000000e-01 2.285906603280654e+00 8.724604881204489e-01
7.100000000000000e-01 2.343873841650178e+00 8.778783484979440e-01
7.150000000000000e-01 2.403306077470301e+00 8.831498760512470e-01
7.200000000000000e-01 2.464240457823092e+00 8.882816246898892e-01
7.250000000000000e-01 2.526715068679855e+00 8.932798544718517e-01
7.300000000000000e-01 2.590768958706095e+00 8.981505420233772e-01
7.350000000000000e-01 2.656442163668210e+00 9.028993863340189e-01
7.400000000000000e-01 2.723775731457148e+00 9.075318066502365e-01
7.450000000000000e-01 2.792811747744667e+00 9.120529389806286e-01
7.500000000000000e-01 2.863593362288260e+00 9.164676246868972e-01
7.550000000000000e-01 2.936164815901156e+00 9.207803945877254e-01
7.600000000000000e-01 3.010571468104263e+00 9.249954463707127e-01
7.650000000000000e-01 3.086859825477351e+00 9.291166154537346e-01
7.700000000000000e-01 3.165077570727174e+00 9.331473390745637e-01
7.750000000000000e-01 3.245273592490716e+00 9.370906134168453e-01
7.800000000000000e-01 3.327498015892184e+00 9.409489442736476e-01
7.850000000000000e-01 3.411802233872832e+00 9.447242921143369e-01
7.900000000000000e-01 3.498238939313234e+00 9.484180134261562e-01
7.950000000000000e-01 3.586862157968046e+00 9.520308014928116e-01
8.000000000000000e-01 3.677727282233856e+00 9.555626315570175e-01
8.050000000000000e-01 3.770891105771243e+00 9.590127177544739e-01
8.100000000000001e-01 3.866411859002656e+00 9.623794925836070e-01
8.150000000000001e-01 3.964349245508326e+00 9.656606238311370e-01
8.200000000000001e-01 4.064764479342956e+00 9.688530885601632e-01
8.250000000000001e-01 4.167720323296481e+00 9.719533291062220e-01
8.300000000000001e-01 4.273281128122877e+00 9.749575211384995e-01
8.350000000000000e-01 4.381512872761445e+00 9.778619859184845e-01
8.400000000000000e-01 4.492483205575838e+00 9.806637750179671e-01
8.450000000000000e-01 4.606261486636447e+00 9.833614428778988e-01
8.500000000000000e-01 4.722918831072739e+00 9.859559937006773e-01
8.550000000000000e-01 4.842528153522501e+00 9.884519363256342e-01
8.600000000000000e-01 4.965164213705875e+00 9.908583076007254e-01
8.650000000000000e-01 5.090903663152626e+00 9.931894495289681e-01
8.700000000000000e-01 5.219825093111814e+00 9.954652677634801e-01
8.750000000000000e-01 5.352009083673925e+00 9.977106790077851e-01
8.800000000000000e-01 5.487538254136007e+00 9.999540089749719e-01
8.850000000000000e-01 5.626497314641444e+00 1.002224261165659e+00
8.900000000000000e-01 5.768973119126561e+00 1.004547396638102e+00
8.950000000000000e-01 5.915054719607133e+00 1.006941941041616e+00
9.000000000000000e-01 6.064833421838831e+00 1.009414367017257e+00
9.050000000000000e-01 6.218402842386253e+00 1.011955000445833e+00
9.100000000000000e-01 6.375858967136348e+00 1.014535832791494e+00
9.150000000000000e-01 6.537300211292723e+00 1.017112200619360e+00
9.200000000000000e-01 6.702827480888332e+00 1.019629817954041e+00
9.250000000000000e-01 6.872544235855034e+00 1.022036429350266e+00
9.300000000000000e-01 7.046556554689444e+00 1.024294282882983e+00
9.350000000000001e-01 7.224973200755413e+00 1.026388109468633e+00
9.400000000000001e-01 7.407905690264673e+00 1.028325149528255e+00
9.450000000000001e-01 7.595468361978146e+00 1.030128033493029e+00
9.500000000000001e-01 7.787778448671316e+00 1.031824828965554e+00
9.550000000000001e-01 7.984956150408610e+00 1.033440925695347e+00
9.600000000000000e-01 8.187124709672272e+00 1.034995081757029e+00
9.650000000000000e-01 8.394410488393007e+00 1.036499204173706e+00
9.700000000000000e-01 8.606943046930221e+00 1.037960070332943e+00
9.750000000000000e-01 8.824855225051540e+00 1.039381355831855e+00
9.800000000000000e-01 9.048283224961922e+00 1.040765151092955e+00
9.850000000000000e-01 9.277366696434507e+00 1.042112840672779e+00
9.900000000000000e-01 9.512248824096272e+00 1.043425523556724e+00
9.950000000000000e-01 9.753076416923058e+00 1.044704184924654e+00
1.000000000000000e+00 1.000000000000000e+01 1.045949756634498e+00
