0.000000000000000e+00 0.000000000000000e+00 2.621358083167567e-02
5.000000000000000e-03 3.369477419287315e-03 2.621449014143668e-02
1.000000000000000e-02 6.741060871647481e-03 2.621691725400779e-02
1.500000000000000e-02 1.011685770649257e-02 2.622097003079603e-02
2.000000000000000e-02 1.349897790673588e-02 2.622665944613168e-02
2.500000000000000e-02 1.688953540759990e-02 2.623400027232879e-02
3.000000000000000e-02 2.029064941789469e-02 2.624301288918365e-02
3.500000000000000e-02 2.370444574459234e-02 2.625372254787784e-02
4.000000000000000e-02 2.713305812152553e-02 2.626615752792410e-02
4.500000000000000e-02 3.057862954304063e-02 2.628035117125761e-02
5.000000000000000e-02 3.404331360343898e-02 2.629634356919034e-02
5.500000000000000e-02 3.752927584304335e-02 2.631417871560100e-02
6.000000000000000e-02 4.103869510173117e-02 2.633390419037143e-02
6.500000000000000e-02 4.457376488078044e-02 2.635557455299135e-02
7.000000000000001e-02 4.813669471387935e-02 2.637925076029713e-02
7.500000000000000e-02 5.172971154815675e-02 2.640499748507247e-02
8.000000000000000e-02 5.535506113609672e-02 2.643288545963851e-02
8.500000000000001e-02 5.901500943920686e-02 2.646299355137242e-02
9.000000000000000e-02 6.271184404431801e-02 2.649540595906766e-02
9.500000000000000e-02 6.644787559340060e-02 2.653021207604560e-02
1.000000000000000e-01 7.022543922779090e-02 2.656751053333399e-02
1.050000000000000e-01 7.404689604773053e-02 2.660740840587386e-02
1.100000000000000e-01 7.791463458813094e-02 2.665001784581654e-02
1.150000000000000e-01 8.183107231148547e-02 2.669545907257434e-02
1.200000000000000e-01 8.579865711886202e-02 2.674386429986095e-02
1.250000000000000e-01 8.981986887992111e-02 2.679537452607070e-02
1.300000000000000e-01 9.389722098291493e-02 2.685013731275083e-02
1.350000000000000e-01 9.803326190563690e-02 2.690831182805050e-02
1.400000000000000e-01 1.022305768083033e-01 2.697007153565001e-02
1.450000000000000e-01 1.064917891493625e-01 2.703560005812866e-02
1.500000000000000e-01 1.108195623252418e-01 2.710509070969583e-02
1.550000000000000e-01 1.152166013350572e-01 2.717875230244247e-02
1.600000000000000e-01 1.196856544713255e-01 2.725681075352434e-02
1.650000000000000e-01 1.242295150377370e-01 2.733950512380373e-02
1.700000000000000e-01 1.288510230950609e-01 2.742708841627802e-02
1.750000000000000e-01 1.335530672362758e-01 2.751983371996944e-02
1.800000000000000e-01 1.383385863920344e-01 2.761803583610050e-02
1.850000000000000e-01 1.432105716675912e-01 2.772200771374542e-02
1.900000000000000e-01 1.481720682123397e-01 2.783208140789326e-02
1.950000000000000e-01 1.532261771231311e-01 2.794861496046835e-02
2.000000000000000e-01 1.583760573825595e-01 2.807199572683097e-02
2.050000000000000e-01 1.636249278334301e-01 2.820263718457361e-02
2.100000000000000e-01 1.689760691906397e-01 2.834097873754565e-02
2.150000000000000e-01 1.744328260917313e-01 2.848749348777175e-02
2.200000000000000e-01 1.799986091874004e-01 2.864269487403346e-02
2.250000000000000e-01 1.856768972732633e-01 2.880713527698665e-02
2.300000000000000e-01 1.914712394642179e-01 2.898140492723654e-02
2.350000000000000e-01 1.973852574127551e-01 2.916613859977811e-02
2.400000000000000e-01 2.034226475726105e-01 2.936202386581424e-02
2.450000000000000e-01 2.095871835091678e-01 2.956980589558927e-02
2.500000000000000e-01 2.158827182580599e-01 2.979029171925366e-02
2.550000000000000e-01 2.223131867334419e-01 3.002435307213947e-02
2.600000000000000e-01 2.288826081874405e-01 3.027293031836317e-02
2.650000000000000e-01 2.355950887223172e-01 3.053704468322972e-02
2.700000000000000e-01 2.424548238569160e-01 3.081781074889140e-02
2.750000000000000e-01 2.494661011489995e-01 3.111644363568939e-02
2.800000000000000e-01 2.566333028751116e-01 3.143427044782716e-02
2.850000000000000e-01 2.639609087696434e-01 3.177274024293290e-02
2.900000000000000e-01 2.714534988248126e-01 3.213343422864676e-02
2.950000000000000e-01 2.791157561533084e-01 3.251808581753471e-02
3.000000000000000e-01 2.869524699153886e-01 3.292859691624194e-02
3.050000000000000e-01 2.949685383122613e-01 3.336706138688214e-02
3.100000000000000e-01 3.031689716476197e-01 3.383579024566506e-02
3.150000000000000e-01 3.115588954592450e-01 3.433733794057330e-02
3.200000000000000e-01 3.201435537226349e-01 3.487453647484118e-02
3.250000000000000e-01 3.289283121286580e-01 3.545053053598106e-02
3.300000000000000e-01 3.379186614372866e-01 3.606882231078810e-02
3.350000000000000e-01 3.471202209094989e-01 3.673332115301784e-02
3.400000000000000e-01 3.565387418195016e-01 3.744840378954491e-02
3.450000000000000e-01 3.661801110494620e-01 3.821898415434023e-02
3.500000000000000e-01 3.760503547690021e-01 3.905059656528925e-02
3.550000000000000e-01 3.861556422017504e-01 3.994949415206896e-02
3.600000000000000e-01 3.965022894813072e-01 4.092276633715664e-02
3.650000000000000e-01 4.070967635990345e-01 4.197847945025008e-02
3.700000000000000e-01 4.179456864461349e-01 4.312584592604252e-02
3.750000000000000e-01 4.290558389525505e-01 4.437542884457543e-02
3.800000000000000e-01 4.404341653252637e-01 4.573939046105600e-02
3.850000000000000e-01 4.520877773886537e-01 4.723179575135006e-02
3.900000000000000e-01 4.640239590296172e-01 4.886898513702488e-02
3.950000000000000e-01 4.762501707502353e-01 5.067003465590651e-02
4.000000000000000e-01 4.887740543308307e-01 5.265732723651524e-02
4.050000000000000e-01 5.016034376063282e-01 5.485726582205219e-02
4.100000000000000e-01 5.147463393589066e-01 5.730116839064943e-02
4.150000000000000e-01 5.282109743299990e-01 6.002639705870760e-02
4.200000000000000e-01 5.420057583547735e-01 6.307778912259927e-02
4.250000000000000e-01 5.561393136223041e-01 6.650947769237807e-02
4.300000000000000e-01 5.706204740647189e-01 7.038721362358225e-02
4.350000000000000e-01 5.854582908786964e-01 7.479132750142967e-02
4.400000000000000e-01 6.006620381827575e-01 7.982049585333149e-02
4.450000000000000e-01 6.162412188138907e-01 8.559648741179184e-02
4.500000000000000e-01 6.322055702671360e-01 9.227003503428141e-02
4.550000000000000e-01 6.485650707818353e-01 1.000278466035458e-01
4.600000000000000e-01 6.653299455783577e-01 1.091004127429377e-01
4.650000000000000e-01 6.825106732491932e-01 1.197694643160663e-01
4.700000000000000e-01 7.001179923084168e-01 1.323723029416825e-01
4.750000000000000e-01 7.181629079036070e-01 1.472972846292866e-01
4.800000000000000e-01 7.366566986944229e-01 1.649602489636312e-01
4.850000000000000e-01 7.556109239021327e-01 1.857469229855355e-01
4.900000000000000e-01 7.750374305345038e-01 2.099066421948612e-01
4.950000000000000e-01 7.949483607905672e-01 2.373996933624809e-01
5.000000000000000e-01 8.153561596498893e-01 2.677452615704095e-01
5.050000000000000e-01 8.362735826510871e-01 2.999731125101894e-01
5.100000000000000e-01 8.577137038644561e-01 3.327806718805535e-01
5.150000000000000e-01 8.796899240636907e-01 3.648735695376895e-01
5.200000000000000e-01 9.022159791018011e-01 3.953027032681745e-01
5.250000000000000e-01 9.253059484964714e-01 4.236019270049603e-01
5.300000000000000e-01 9.489742642302165e-01 4.497054576535575e-01
5.350000000000000e-01 9.732357197708378e-01 4.737735612531614e-01
5.400000000000000e-01 9.981054793178262e-01 4.960470255658794e-01
5.450000000000000e-01 1.023599087280478e+00 5.167670389398010e-01
5.500000000000000e-01 1.049732477993657e+00 5.361441171103954e-01
5.550000000000000e-01 1.076521985677273e+00 5.543519385215245e-01
5.600000000000001e-01 1.103984354645701e+00 5.715308879590458e-01
5.650000000000001e-01 1.132136749773522e+00 5.877941973155604e-01
5.700000000000001e-01 1.160996767224129e+00 6.032338946321177e-01
5.750000000000001e-01 1.190582445447902e+00 6.179257152485637e-01
5.800000000000000e-01 1.220912276456826e+00 6.319329023400438e-01
5.850000000000000e-01 1.252005217382601e+00 6.453090720276689e-01
5.900000000000000e-01 1.283880702325469e+00 6.581003586921198e-01
5.950000000000000e-01 1.316558654501151e+00 6.703470285119161e-01
6.000000000000000e-01 1.350059498693518e+00 6.820847068673984e-01
6.050000000000000e-01 1.384404174020732e+00 6.933453263840317e-01
6.100000000000000e-01 1.419614147022888e+00 7.041578717629243e-01
6.150000000000000e-01 1.455711425079295e+00 7.145489749300032e-01
6.200000000000000e-01 1.492718570163803e+00 7.245433978237977e-01
6.250000000000000e-01 1.530658712946775e+00 7.341644286587362e-01
6.300000000000000e-01 1.569555567252506e+00 7.434342093702653e-01
6.350000000000000e-01 1.609433444881138e+00 7.523740061488119e-01
6.400000000000000e-01 1.650317270804325e+00 7.610044307851435e-01
6.450000000000000e-01 1.692232598744148e+00 7.693456174962192e-01
6.500000000000000e-01 1.735205627145031e+00 7.774173576623409e-01
6.550000000000000e-01 1.779263215548615e+00 7.852391932848266e-01
6.600000000000000e-01 1.824432901381847e+00 7.928304688492656e-01
6.650000000000000e-01 1.870742917168772e+00 8.002103405848641e-01
6.700000000000000e-01 1.918222208176775e+00 8.073977418088614e-01
6.750000000000000e-01 1.966900450508319e+00 8.144113031170033e-01
6.800000000000000e-01 2.016808069649473e+00 8.212692266151905e-01
6.850000000000001e-01 2.067976259486829e+00 8.279891141761813e-01
6.900000000000001e-01 2.120437001804702e+00 8.345877508454840e-01
6.950000000000001e-01 2.174223086274785e+00 8.410808460181669e-01
7.000000000000001e-01 2.229368130950753e+00 8.474827368853539e-01
7.050000000000000e-01 2.285906603280654e+00 8.538060609516278e-01
7.100000000000000e-01 2.343873841650178e+00 8.600614072255344e-01
7.150000000000000e-01 2.403306077470301e+00 8.662569590786641e-01
7.200000000000000e-01 2.464240457823092e+00 8.723981458447740e-01
7.250000000000000e-01 2.526715068679855e+00 8.784873250265173e-01
7.300000000000000e-01 2.590768958706095e+00 8.845235223949243e-01
7.350000000000000e-01 2.656442163668210e+00 8.905022629501101e-01
7.400000000000000e-01 2.723775731457148e+00 8.964155308940330e-01
7.450000000000000e-01 2.792811747744667e+00 9.022519001068093e-01
7.500000000000000e-01 2.863593362288260e+00 9.079968760895346e-01
7.550000000000000e-01 2.936164815901156e+00 9.136334832713615e-01
7.600000000000000e-01 3.010571468104263e+00 9.191431150415361e-01
7.650000000000000e-01 3.086859825477351e+00 9.245066355349602e-01
7.700000000000000e-01 3.165077570727174e+00 9.297056818299205e-01
7.750000000000000e-01 3.245273592490716e+00 9.347240664746889e-01
7.800000000000000e-01 3.327498015892184e+00 9.395491321585513e-01
7.850000000000000e-01 3.411802233872832e+00 9.441728770441676e-01
7.900000000000000e-01 3.498238939313234e+00 9.485926670311874e-01
7.950000000000000e-01 3.586862157968046e+00 9.528113922488043e-01
8.000000000000000e-01 3.677727282233856e+00 9.568370102278925e-01
8.050000000000000e-01 3.770891105771243e+00 9.606815321452499e-01
8.100000000000001e-01 3.866411859002656e+00 9.643596214175827e-01
8.150000000000001e-01 3.964349245508326e+00 9.678870508932537e-01
8.200000000000001e-01 4.064764479342956e+00 9.712792801601612e-01
8.250000000000001e-01 4.167720323296481e+00 9.745503631603413e-01
8.300000000000001e-01 4.273281128122877e+00 9.777122972701218e-01
8.350000000000000e-01 4.381512872761445e+00 9.807748128679159e-01
8.400000000000000e-01 4.492483205575838e+00 9.837455124932786e-01
8.450000000000000e-01 4.606261486636447e+00 9.866302230237648e-01
8.500000000000000e-01 4.722918831072739e+00 9.894334252959587e-01
8.550000000000000e-01 4.842528153522501e+00 9.921586594436618e-01
8.600000000000000e-01 4.965164213705875e+00 9.948088503117773e-01
8.650000000000000e-01 5.090903663152626e+00 9.973865380003957e-01
8.700000000000000e-01 5.219825093111814e+00 9.998940247127733e-01
8.750000000000000e-01 5.352009083673925e+00 1.002333459950667e+00
8.800000000000000e-01 5.487538254136007e+00 1.004706886174008e+00
8.850000000000000e-01 5.626497314641444e+00 1.007016261941543e+00
8.900000000000000e-01 5.768973119126561e+00 1.009263473517321e+00
8.950000000000000e-01 5.915054719607133e+00 1.011450341105645e+00
9.000000000000000e-01 6.064833421838831e+00 1.013578622772659e+00
9.050000000000000e-01 6.218402842386253e+00 1.015650017411700e+00
9.100000000000000e-01 6.375858967136348e+00 1.017666167296176e+00
9.150000000000000e-01 6.537300211292723e+00 1.019628660419660e+00
9.200000000000000e-01 6.702827480888332e+00 1.021539032692945e+00
9.250000000000000e-01 6.872544235855034e+00 1.023398770023576e+00
9.300000000000000e-01 7.046556554689444e+00 1.025209310289630e+00
9.350000000000001e-01 7.224973200755413e+00 1.026972045215352e+00
9.400000000000001e-01 7.407905690264673e+00 1.028688322154915e+00
9.450000000000001e-01 7.595468361978146e+00 1.030359445789911e+00
9.500000000000001e-01 7.787778448671316e+00 1.031986679745769e+00
9.550000000000001e-01 7.984956150408610e+00 1.033571248131878e+00
9.600000000000000e-01 8.187124709672272e+00 1.035114337009885e+00
9.650000000000000e-01 8.394410488393007e+00 1.036617095794322e+00
9.700000000000000e-01 8.606943046930221e+00 1.038080638589405e+00
9.750000000000000e-01 8.824855225051540e+00 1.039506045465615e+00
9.800000000000000e-01 9.048283224961922e+00 1.040894363679424e+00
9.850000000000000e-01 9.277366696434507e+00 1.042246608839269e+00
9.900000000000000e-01 9.512248824096272e+00 1.043563766020725e+00
9.950000000000000e-01 9.753076416923058e+00 1.044846790833602e+00
1.000000000000000e+00 1.000000000000000e+01 1.046096610443517e+00
