0.000000000000000e+00 0.000000000000000e+00 1.481159832796766e-03
5.000000000000000e-03 3.369477419287315e-03 1.481218698202704e-03
1.000000000000000e-02 6.741060871647481e-03 1.481375724819101e-03
1.500000000000000e-02 1.011685770649257e-02 1.481637752095577e-03
2.000000000000000e-02 1.349897790673588e-02 1.482005595941904e-03
2.500000000000000e-02 1.688953540759990e-02 1.482480299022195e-03
3.000000000000000e-02 2.029064941789469e-02 1.483063166015717e-03
3.500000000000000e-02 2.370444574459234e-02 1.483755809388593e-03
4.000000000000000e-02 2.713305812152553e-02 1.484560107325852e-03
4.500000000000000e-02 3.057862954304063e-02 1.485478300397542e-03
5.000000000000000e-02 3.404331360343898e-02 1.486513004848518e-03
5.500000000000000e-02 3.752927584304335e-02 1.487667071197367e-03
6.000000000000000e-02 4.103869510173117e-02 1.488943678459036e-03
6.500000000000000e-02 4.457376488078044e-02 1.490346469783838e-03
7.000000000000001e-02 4.813669471387935e-02 1.491879404124368e-03
7.500000000000000e-02 5.172971154815675e-02 1.493546723105649e-03
8.000000000000000e-02 5.535506113609672e-02 1.495353184905479e-03
8.500000000000001e-02 5.901500943920686e-02 1.497304014291423e-03
9.000000000000000e-02 6.271184404431801e-02 1.499404703982359e-03
9.500000000000000e-02 6.644787559340060e-02 1.501661210790561e-03
1.000000000000000e-01 7.022543922779090e-02 1.504080153156255e-03
1.050000000000000e-01 7.404689604773053e-02 1.506668581283332e-03
1.100000000000000e-01 7.791463458813094e-02 1.509433921429553e-03
1.150000000000000e-01 8.183107231148547e-02 1.512384288192736e-03
1.200000000000000e-01 8.579865711886202e-02 1.515528498711832e-03
1.250000000000000e-01 8.981986887992111e-02 1.518875850013974e-03
1.300000000000000e-01 9.389722098291493e-02 1.522436283489121e-03
1.350000000000000e-01 9.803326190563690e-02 1.526220620131270e-03
1.400000000000000e-01 1.022305768083033e-01 1.530240404412842e-03
1.450000000000000e-01 1.064917891493625e-01 1.534507852487337e-03
1.500000000000000e-01 1.108195623252418e-01 1.539036169943065e-03
1.550000000000000e-01 1.152166013350572e-01 1.543839623808464e-03
1.600000000000000e-01 1.196856544713255e-01 1.548933325133232e-03
1.650000000000000e-01 1.242295150377370e-01 1.554333376184332e-03
1.700000000000000e-01 1.288510230950609e-01 1.560057250453169e-03
1.750000000000000e-01 1.335530672362758e-01 1.566123746423139e-03
1.800000000000000e-01 1.383385863920344e-01 1.572552792437836e-03
1.850000000000000e-01 1.432105716675912e-01 1.579365735225129e-03
1.900000000000000e-01 1.481720682123397e-01 1.586585758515449e-03
1.950000000000000e-01 1.532261771231311e-01 1.594237817959546e-03
2.000000000000000e-01 1.583760573825595e-01 1.602348490491633e-03
2.050000000000000e-01 1.636249278334301e-01 1.610946335344640e-03
2.100000000000000e-01 1.689760691906397e-01 1.620062387392880e-03
2.150000000000000e-01 1.744328260917313e-01 1.629730193686635e-03
2.200000000000000e-01 1.799986091874004e-01 1.639985729275074e-03
2.250000000000000e-01 1.856768972732633e-01 1.650867754847287e-03
2.300000000000000e-01 1.914712394642179e-01 1.662418390654798e-03
2.350000000000000e-01 1.973852574127551e-01 1.674683432689559e-03
2.400000000000000e-01 2.034226475726105e-01 1.687712502596946e-03
2.450000000000000e-01 2.095871835091678e-01 1.701559317735175e-03
2.500000000000000e-01 2.158827182580599e-01 1.716282195552156e-03
2.550000000000000e-01 2.223131867334419e-01 1.731944832861110e-03
2.600000000000000e-01 2.288826081874405e-01 1.748617051163056e-03
2.650000000000000e-01 2.355950887223172e-01 1.766375143958967e-03
2.700000000000000e-01 2.424548238569160e-01 1.785302349353298e-03
2.750000000000000e-01 2.494661011489995e-01 1.805489925604029e-03
2.800000000000000e-01 2.566333028751116e-01 1.827038296040984e-03
2.850000000000000e-01 2.639609087696434e-01 1.850058251214825e-03
2.900000000000000e-01 2.714534988248126e-01 1.874672456739311e-03
2.950000000000000e-01 2.791157561533084e-01 1.901016717361627e-03
3.000000000000000e-01 2.869524699153886e-01 1.929241565322323e-03
3.050000000000000e-01 2.949685383122613e-01 1.959514490519185e-03
3.100000000000000e-01 3.031689716476197e-01 1.992022171427244e-03
3.150000000000000e-01 3.115588954592450e-01 2.026973608093134e-03
3.200000000000000e-01 3.201435537226349e-01 2.064603532680450e-03
3.250000000000000e-01 3.289283121286580e-01 2.105176434851559e-03
3.300000000000000e-01 3.379186614372866e-01 2.148991522162207e-03
3.350000000000000e-01 3.471202209094989e-01 2.196388371524035e-03
3.400000000000000e-01 3.565387418195016e-01 2.247754055688240e-03
3.450000000000000e-01 3.661801110494620e-01 2.303531561001259e-03
3.500000000000000e-01 3.760503547690021e-01 2.364230277897146e-03
3.550000000000000e-01 3.861556422017504e-01 2.430438811481824e-03
3.600000000000000e-01 3.965022894813072e-01 2.502840958013755e-03
3.650000000000000e-01 4.070967635990345e-01 2.582235658938566e-03
3.700000000000000e-01 4.179456864461349e-01 2.669562209013945e-03
3.750000000000000e-01 4.290558389525505e-01 2.765932367537926e-03
3.800000000000000e-01 4.404341653252637e-01 2.872671700739531e-03
3.850000000000000e-01 4.520877773886537e-01 2.991373398604451e-03
3.900000000000000e-01 4.640239590296172e-01 3.123969193760162e-03
3.950000000000000e-01 4.762501707502353e-01 3.272824077622599e-03
4.000000000000000e-01 4.887740543308307e-01 3.440864686346303e-03
4.050000000000000e-01 5.016034376063282e-01 3.631756207905848e-03
4.100000000000000e-01 5.147463393589066e-01 3.850150658966665e-03
4.150000000000000e-01 5.282109743299990e-01 4.102042575869711e-03
4.200000000000000e-01 5.420057583547735e-01 4.395290607995629e-03
4.250000000000000e-01 5.561393136223041e-01 4.740403007819211e-03
4.300000000000000e-01 5.706204740647189e-01 5.151757326747133e-03
4.350000000000000e-01 5.854582908786964e-01 5.649563099670840e-03
4.400000000000000e-01 6.006620381827575e-01 6.263155747087666e-03
4.450000000000000e-01 6.162412188138907e-01 7.036809821403718e-03
4.500000000000000e-01 6.322055702671360e-01 8.040646185016697e-03
4.550000000000000e-01 6.485650707818353e-01 9.392711218791237e-03
4.600000000000000e-01 6.653299455783577e-01 1.130817853444077e-02
4.650000000000000e-01 6.825106732491932e-01 1.422336995462960e-02
4.700000000000000e-01 7.001179923084168e-01 1.916081385773985e-02
4.750000000000000e-01 7.181629079036070e-01 2.899631491793119e-02
4.800000000000000e-01 7.366566986944229e-01 5.287551961474934e-02
4.850000000000000e-01 7.556109239021327e-01 1.099323919012025e-01
4.900000000000000e-01 7.750374305345038e-01 1.882109624947732e-01
4.950000000000000e-01 7.949483607905672e-01 2.482499618425964e-01
5.000000000000000e-01 8.153561596498893e-01 2.939909724886020e-01
5.050000000000000e-01 8.362735826510871e-01 3.333242108167828e-01
5.100000000000000e-01 8.577137038644561e-01 3.676138868578638e-01
5.150000000000000e-01 8.796899240636907e-01 3.982548431178943e-01
5.200000000000000e-01 9.022159791018011e-01 4.261304696841782e-01
5.250000000000000e-01 9.253059484964714e-01 4.516679638017458e-01
5.300000000000000e-01 9.489742642302165e-01 4.753211002423228e-01
5.350000000000000e-01 9.732357197708378e-01 4.973373890517492e-01
5.400000000000000e-01 9.981054793178262e-01 5.179488467331437e-01
5.450000000000000e-01 1.023599087280478e+00 5.373281230564474e-01
5.500000000000000e-01 1.049732477993657e+00 5.556104150492187e-01
5.550000000000000e-01 1.076521985677273e+00 5.729160122250996e-01
5.600000000000001e-01 1.103984354645701e+00 5.893369616548196e-01
5.650000000000001e-01 1.132136749773522e+00 6.049570306285845e-01
5.700000000000001e-01 1.160996767224129e+00 6.198448747826587e-01
5.750000000000001e-01 1.190582445447902e+00 6.340609143791253e-01
5.800000000000000e-01 1.220912276456826e+00 6.476580244405837e-01
5.850000000000000e-01 1.252005217382601e+00 6.606820997911659e-01
5.900000000000000e-01 1.283880702325469e+00 6.731744257954947e-01
5.950000000000000e-01 1.316558654501151e+00 6.851713445087078e-01
6.000000000000000e-01 1.350059498693518e+00 6.967056720427761e-01
6.050000000000000e-01 1.384404174020732e+00 7.078068917538023e-01
6.100000000000000e-01 1.419614147022888e+00 7.185016716654266e-01
6.150000000000000e-01 1.455711425079295e+00 7.288142878292995e-01
6.200000000000000e-01 1.492718570163803e+00 7.387668355880831e-01
6.250000000000000e-01 1.530658712946775e+00 7.483795561149105e-01
6.300000000000000e-01 1.569555567252506e+00 7.576710072148330e-01
6.350000000000000e-01 1.609433444881138e+00 7.666582576221446e-01
6.400000000000000e-01 1.650317270804325e+00 7.753570376629214e-01
6.450000000000000e-01 1.692232598744148e+00 7.837818627903774e-01
6.500000000000000e-01 1.735205627145031e+00 7.919461467119999e-01
6.550000000000000e-01 1.779263215548615e+00 7.998622905674784e-01
6.600000000000000e-01 1.824432901381847e+00 8.075417617616037e-01
6.650000000000000e-01 1.870742917168772e+00 8.149951591761658e-01
6.700000000000000e-01 1.918222208176775e+00 8.222322677979557e-01
6.750000000000000e-01 1.966900450508319e+00 8.292621044477092e-01
6.800000000000000e-01 2.016808069649473e+00 8.360929552806022e-01
6.850000000000001e-01 2.067976259486829e+00 8.427324066693649e-01
6.900000000000001e-01 2.120437001804702e+00 8.491873704346731e-01
6.950000000000001e-01 2.174223086274785e+00 8.554641046932734e-01
7.000000000000001e-01 2.229368130950753e+00 8.615682316594709e-01
7.050000000000000e-01 2.285906603280654e+00 8.675047539207377e-01
7.100000000000000e-01 2.343873841650178e+00 8.732780710139307e-01
7.150000000000000e-01 2.403306077470301e+00 8.788919984900274e-01
7.200000000000000e-01 2.464240457823092e+00 8.843497921293032e-01
7.250000000000000e-01 2.526715068679855e+00 8.896541805268964e-01
7.300000000000000e-01 2.590768958706095e+00 8.948074099014314e-01
7.350000000000000e-01 2.656442163668210e+00 8.998113056486085e-01
7.400000000000000e-01 2.723775731457148e+00 9.046673557970585e-01
7.450000000000000e-01 2.792811747744667e+00 9.093768220103694e-01
7.500000000000000e-01 2.863593362288260e+00 9.139408839398140e-01
7.550000000000000e-01 2.936164815901156e+00 9.183608223149392e-01
7.600000000000000e-01 3.010571468104263e+00 9.226382448288489e-01
7.650000000000000e-01 3.086859825477351e+00 9.267753562246327e-01
7.700000000000000e-01 3.165077570727174e+00 9.307752695855908e-01
7.750000000000000e-01 3.245273592490716e+00 9.346423493084223e-01
7.800000000000000e-01 3.327498015892184e+00 9.383825674511203e-01
7.850000000000000e-01 3.411802233872832e+00 9.420038443933740e-01
7.900000000000000e-01 3.498238939313234e+00 9.455163329989745e-01
7.950000000000000e-01 3.586862157968046e+00 9.489325945060367e-01
8.000000000000000e-01 3.677727282233856e+00 9.522676067075156e-01
8.050000000000000e-01 3.770891105771243e+00 9.555385435268184e-01
8.100000000000001e-01 3.866411859002656e+00 9.587642724523403e-01
8.150000000000001e-01 3.964349245508326e+00 9.619645339491882e-01
8.200000000000001e-01 4.064764479342956e+00 9.651587948723330e-01
8.250000000000001e-01 4.167720323296481e+00 9.683648048954756e-01
8.300000000000001e-01 4.273281128122877e+00 9.715969292347062e-01
8.350000000000000e-01 4.381512872761445e+00 9.748643800153124e-01
8.400000000000000e-01 4.492483205575838e+00 9.781695203310591e-01
8.450000000000000e-01 4.606261486636447e+00 9.815064705416117e-01
8.500000000000000e-01 4.722918831072739e+00 9.848603096757591e-01
8.550000000000000e-01 4.842528153522501e+00 9.882072281662708e-01
8.600000000000000e-01 4.965164213705875e+00 9.915160045376321e-01
8.650000000000000e-01 5.090903663152626e+00 9.947510520641530e-01
8.700000000000000e-01 5.219825093111814e+00 9.978769176669623e-01
8.750000000000000e-01 5.352009083673925e+00 1.000863535726563e+00
8.800000000000000e-01 5.487538254136007e+00 1.003690972730337e+00
8.850000000000000e-01 5.626497314641444e+00 1.006352220412272e+00
8.900000000000000e-01 5.768973119126561e+00 1.008853076595263e+00
8.950000000000000e-01 5.915054719607133e+00 1.011209185169315e+00
9.000000000000000e-01 6.064833421838831e+00 1.013441375130446e+00
9.050000000000000e-01 6.218402842386253e+00 1.015570949933907e+00
9.100000000000000e-01 6.375858967136348e+00 1.017616291842797e+00
9.150000000000000e-01 6.537300211292723e+00 1.019591328631877e+00
9.200000000000000e-01 6.702827480888332e+00 1.021505590834614e+00
9.250000000000000e-01 6.872544235855034e+00 1.023365160902447e+00
9.300000000000000e-01 7.046556554689444e+00 1.025173835512440e+00
9.350000000000001e-01 7.224973200755413e+00 1.026934090464843e+00
9.400000000000001e-01 7.407905690264673e+00 1.028647719970624e+00
9.450000000000001e-01 7.595468361978146e+00 1.030316193604212e+00
9.500000000000001e-01 7.787778448671316e+00 1.031940828822480e+00
9.550000000000001e-01 7.984956150408610e+00 1.033522864489699e+00
9.600000000000000e-01 8.187124709672272e+00 1.035063489129784e+00
9.650000000000000e-01 8.394410488393007e+00 1.036563851183181e+00
9.700000000000000e-01 8.606943046930221e+00 1.038025062956433e+00
9.750000000000000e-01 8.824855225051540e+00 1.039448202587556e+00
9.800000000000000e-01 9.048283224961922e+00 1.040834315427064e+00
9.850000000000000e-01 9.277366696434507e+00 1.042184415236132e+00
9.900000000000000e-01 9.512248824096272e+00 1.043499485305713e+00
9.950000000000000e-01 9.753076416923058e+00 1.044780479522110e+00
1.000000000000000e+00 1.000000000000000e+01 1.046028323386174e+00
