0.000000000000000e+00 0.000000000000000e+00 7.047903398681384e-02
5.000000000000000e-03 3.369477419287315e-03 7.048091842372931e-02
1.000000000000000e-02 6.741060871647481e-03 7.048594220061699e-02
1.500000000000000e-02 1.011685770649257e-02 7.049432061913397e-02
2.000000000000000e-02 1.349897790673588e-02 7.050608409758771e-02
2.500000000000000e-02 1.688953540759990e-02 7.052126503957619e-02
3.000000000000000e-02 2.029064941789469e-02 7.053989894969774e-02
3.500000000000000e-02 2.370444574459234e-02 7.056203650562504e-02
4.000000000000000e-02 2.713305812152553e-02 7.058773954755182e-02
4.500000000000000e-02 3.057862954304063e-02 7.061707444798469e-02
5.000000000000000e-02 3.404331360343898e-02 7.065011795683783e-02
5.500000000000000e-02 3.752927584304335e-02 7.068696095099089e-02
6.000000000000000e-02 4.103869510173117e-02 7.072770246403977e-02
6.500000000000000e-02 4.457376488078044e-02 7.077244875565959e-02
7.000000000000001e-02 4.813669471387935e-02 7.082132060044194e-02
7.500000000000000e-02 5.172971154815675e-02 7.087445262737588e-02
8.000000000000000e-02 5.535506113609672e-02 7.093198657327954e-02
8.500000000000001e-02 5.901500943920686e-02 7.099407475701011e-02
9.000000000000000e-02 6.271184404431801e-02 7.106088793126147e-02
9.500000000000000e-02 6.644787559340060e-02 7.113261088394947e-02
1.000000000000000e-01 7.022543922779090e-02 7.120943594609057e-02
1.050000000000000e-01 7.404689604773053e-02 7.129157010852699e-02
1.100000000000000e-01 7.791463458813094e-02 7.137924260315590e-02
1.150000000000000e-01 8.183107231148547e-02 7.147269791997743e-02
1.200000000000000e-01 8.579865711886202e-02 7.157219017142209e-02
1.250000000000000e-01 8.981986887992111e-02 7.167799258989591e-02
1.300000000000000e-01 9.389722098291493e-02 7.179040485240124e-02
1.350000000000000e-01 9.803326190563690e-02 7.190974492028936e-02
1.400000000000000e-01 1.022305768083033e-01 7.203634385237843e-02
1.450000000000000e-01 1.064917891493625e-01 7.217055652159994e-02
1.500000000000000e-01 1.108195623252418e-01 7.231276974443546e-02
1.550000000000000e-01 1.152166013350572e-01 7.246339423210521e-02
1.600000000000000e-01 1.196856544713255e-01 7.262285870976329e-02
1.650000000000000e-01 1.242295150377370e-01 7.279162064352108e-02
1.700000000000000e-01 1.288510230950609e-01 7.297017651674424e-02
1.750000000000000e-01 1.335530672362758e-01 7.315905592368122e-02
1.800000000000000e-01 1.383385863920344e-01 7.335881466787639e-02
1.850000000000000e-01 1.432105716675912e-01 7.357004280582040e-02
1.900000000000000e-01 1.481720682123397e-01 7.379337608123168e-02
1.950000000000000e-01 1.532261771231311e-01 7.402949660411180e-02
2.000000000000000e-01 1.583760573825595e-01 7.427912932859579e-02
2.050000000000000e-01 1.636249278334301e-01 7.454304260736386e-02
2.100000000000000e-01 1.689760691906397e-01 7.482205350344670e-02
2.150000000000000e-01 1.744328260917313e-01 7.511703947481210e-02
2.200000000000000e-01 1.799986091874004e-01 7.542894755191543e-02
2.250000000000000e-01 1.856768972732633e-01 7.575878880352231e-02
2.300000000000000e-01 1.914712394642179e-01 7.610763489616466e-02
2.350000000000000e-01 1.973852574127551e-01 7.647663110651728e-02
2.400000000000000e-01 2.034226475726105e-01 7.686700690573618e-02
2.450000000000000e-01 2.095871835091678e-01 7.728008411333870e-02
2.500000000000000e-01 2.158827182580599e-01 7.771729035736344e-02
2.550000000000000e-01 2.223131867334419e-01 7.818015861369536e-02
2.600000000000000e-01 2.288826081874405e-01 7.867033044766278e-02
2.650000000000000e-01 2.355950887223172e-01 7.918957135920736e-02
2.700000000000000e-01 2.424548238569160e-01 7.973977534008549e-02
2.750000000000000e-01 2.494661011489995e-01 8.032298563146670e-02
2.800000000000000e-01 2.566333028751116e-01 8.094140884160317e-02
2.850000000000000e-01 2.639609087696434e-01 8.159742955638483e-02
2.900000000000000e-01 2.714534988248126e-01 8.229363153964395e-02
2.950000000000000e-01 2.791157561533084e-01 8.303281212225003e-02
3.000000000000000e-01 2.869524699153886e-01 8.381800711388623e-02
3.050000000000000e-01 2.949685383122613e-01 8.465251173466623e-02
3.100000000000000e-01 3.031689716476197e-01 8.553990937165175e-02
3.150000000000000e-01 3.115588954592450e-01 8.648410086864709e-02
3.200000000000000e-01 3.201435537226349e-01 8.748933937571556e-02
3.250000000000000e-01 3.289283121286580e-01 8.856026870725249e-02
3.300000000000000e-01 3.379186614372866e-01 8.970196710476844e-02
3.350000000000000e-01 3.471202209094989e-01 9.091999650232441e-02
3.400000000000000e-01 3.565387418195016e-01 9.222045839569949e-02
3.450000000000000e-01 3.661801110494620e-01 9.361005716582485e-02
3.500000000000000e-01 3.760503547690021e-01 9.509617201331108e-02
3.550000000000000e-01 3.861556422017504e-01 9.668693877280968e-02
3.600000000000000e-01 3.965022894813072e-01 9.839134309431193e-02
3.650000000000000e-01 4.070967635990345e-01 1.002193266943564e-01
3.700000000000000e-01 4.179456864461349e-01 1.021819086338736e-01
3.750000000000000e-01 4.290558389525505e-01 1.042913238572077e-01
3.800000000000000e-01 4.404341653252637e-01 1.065611815294524e-01
3.850000000000000e-01 4.520877773886537e-01 1.090066460270923e-01
3.900000000000000e-01 4.640239590296172e-01 1.116446437546223e-01
3.950000000000000e-01 4.762501707502353e-01 1.144940992494771e-01
4.000000000000000e-01 4.887740543308307e-01 1.175762042531345e-01
4.050000000000000e-01 5.016034376063282e-01 1.209147234934804e-01
4.100000000000000e-01 5.147463393589066e-01 1.245363407260500e-01
4.150000000000000e-01 5.282109743299990e-01 1.284710479404377e-01
4.200000000000000e-01 5.420057583547735e-01 1.327525792816967e-01
4.250000000000000e-01 5.561393136223041e-01 1.374188887604585e-01
4.300000000000000e-01 5.706204740647189e-01 1.425126666367168e-01
4.350000000000000e-01 5.854582908786964e-01 1.480818826077366e-01
4.400000000000000e-01 6.006620381827575e-01 1.541803334132331e-01
4.450000000000000e-01 6.162412188138907e-01 1.608681565659842e-01
4.500000000000000e-01 6.322055702671360e-01 1.682122485237811e-01
4.550000000000000e-01 6.485650707818353e-01 1.762864922331251e-01
4.600000000000000e-01 6.653299455783577e-01 1.851716530227213e-01
4.650000000000000e-01 6.825106732491932e-01 1.949547415478231e-01
4.700000000000000e-01 7.001179923084168e-01 2.057275688038859e-01
4.750000000000000e-01 7.181629079036070e-01 2.175841381426365e-01
4.800000000000000e-01 7.366566986944229e-01 2.306164512622382e-01
4.850000000000000e-01 7.556109239021327e-01 2.449082865694720e-01
4.900000000000000e-01 7.750374305345038e-01 2.605266016758302e-01
4.950000000000000e-01 7.949483607905672e-01 2.775105039761396e-01
5.000000000000000e-01 8.153561596498893e-01 2.958583140745975e-01
5.050000000000000e-01 8.362735826510871e-01 3.155141510040558e-01
5.100000000000000e-01 8.577137038644561e-01 3.363565764954852e-01
5.150000000000000e-01 8.796899240636907e-01 3.581927728871452e-01
5.200000000000000e-01 9.022159791018011e-01 3.807618663752501e-01
5.250000000000000e-01 9.253059484964714e-01 4.037497056471043e-01
5.300000000000000e-01 9.489742642302165e-01 4.268145227028120e-01
5.350000000000000e-01 9.732357197708378e-01 4.496192588886510e-01
5.400000000000000e-01 9.981054793178262e-01 4.718636086068300e-01
5.450000000000000e-01 1.023599087280478e+00 4.933085998946650e-01
5.500000000000000e-01 1.049732477993657e+00 5.137890999696869e-01
5.550000000000000e-01 1.076521985677273e+00 5.332136848182512e-01
5.600000000000001e-01 1.103984354645701e+00 5.515548237568183e-01
5.650000000000001e-01 1.132136749773522e+00 5.688339490262804e-01
5.700000000000001e-01 1.160996767224129e+00 5.851056545492708e-01
5.750000000000001e-01 1.190582445447902e+00 6.004438452046204e-01
5.800000000000000e-01 1.220912276456826e+00 6.149310912977328e-01
5.850000000000000e-01 1.252005217382601e+00 6.286512908095434e-01
5.900000000000000e-01 1.283880702325469e+00 6.416851270595723e-01
5.950000000000000e-01 1.316558654501151e+00 6.541076100340355e-01
6.000000000000000e-01 1.350059498693518e+00 6.659870275613218e-01
6.050000000000000e-01 1.384404174020732e+00 6.773847677706297e-01
6.100000000000000e-01 1.419614147022888e+00 6.883556250565719e-01
6.150000000000000e-01 1.455711425079295e+00 6.989483313808442e-01
6.200000000000000e-01 1.492718570163803e+00 7.092061527877321e-01
6.250000000000000e-01 1.530658712946775e+00 7.191674594174917e-01
6.300000000000000e-01 1.569555567252506e+00 7.288662222206127e-01
6.350000000000000e-01 1.609433444881138e+00 7.383324175419810e-01
6.400000000000000e-01 1.650317270804325e+00 7.475923372349568e-01
6.450000000000000e-01 1.692232598744148e+00 7.566688111034985e-01
6.500000000000000e-01 1.735205627145031e+00 7.655813531727137e-01
6.550000000000000e-01 1.779263215548615e+00 7.743462455363651e-01
6.600000000000000e-01 1.824432901381847e+00 7.829765746243047e-01
6.650000000000000e-01 1.870742917168772e+00 7.914822354899635e-01
6.700000000000000e-01 1.918222208176775e+00 7.998699206072640e-01
6.750000000000000e-01 1.966900450508319e+00 8.081431108956507e-01
6.800000000000000e-01 2.016808069649473e+00 8.163020882535371e-01
6.850000000000001e-01 2.067976259486829e+00 8.243439905671676e-01
6.900000000000001e-01 2.120437001804702e+00 8.322629315661008e-01
6.950000000000001e-01 2.174223086274785e+00 8.400502084063235e-01
7.000000000000001e-01 2.229368130950753e+00 8.476946186742359e-01
7.050000000000000e-01 2.285906603280654e+00 8.551829046814234e-01
7.100000000000000e-01 2.343873841650178e+00 8.625003355184907e-01
7.150000000000000e-01 2.403306077470301e+00 8.696314256388705e-01
7.200000000000000e-01 2.464240457823092e+00 8.765607725940148e-01
7.250000000000000e-01 2.526715068679855e+00 8.832739767472597e-01
7.300000000000000e-01 2.590768958706095e+00 8.897585844906342e-01
7.350000000000000e-01 2.656442163668210e+00 8.960049772868315e-01
7.400000000000000e-01 2.723775731457148e+00 9.020071165498046e-01
7.450000000000000e-01 2.792811747744667e+00 9.077630540393964e-01
7.500000000000000e-01 2.863593362288260e+00 9.132751329566181e-01
7.550000000000000e-01 2.936164815901156e+00 9.185498372224474e-01
7.600000000000000e-01 3.010571468104263e+00 9.235972921325262e-01
7.650000000000000e-01 3.086859825477351e+00 9.284304707978215e-01
7.700000000000000e-01 3.165077570727174e+00 9.330642064929122e-01
7.750000000000000e-01 3.245273592490716e+00 9.375141400693161e-01
7.800000000000000e-01 3.327498015892184e+00 9.417957362159882e-01
7.850000000000000e-01 3.411802233872832e+00 9.459234810964645e-01
7.900000000000000e-01 3.498238939313234e+00 9.499103323748664e-01
7.950000000000000e-01 3.586862157968046e+00 9.537674418524120e-01
8.000000000000000e-01 3.677727282233856e+00 9.575041236305035e-01
8.050000000000000e-01 3.770891105771243e+00 9.611280073394002e-01
8.100000000000001e-01 3.866411859002656e+00 9.646453017021748e-01
8.150000000000001e-01 3.964349245508326e+00 9.680610976646867e-01
8.200000000000001e-01 4.064764479342956e+00 9.713796569729927e-01
8.250000000000001e-01 4.167720323296481e+00 9.746046539230961e-01
8.300000000000001e-01 4.273281128122877e+00 9.777393583478342e-01
8.350000000000000e-01 4.381512872761445e+00 9.807867626182039e-01
8.400000000000000e-01 4.492483205575838e+00 9.837496633603752e-01
8.450000000000000e-01 4.606261486636447e+00 9.866307108016568e-01
8.500000000000000e-01 4.722918831072739e+00 9.894324372691768e-01
8.550000000000000e-01 4.842528153522501e+00 9.921572734522440e-01
8.600000000000000e-01 4.965164213705875e+00 9.948075580542329e-01
8.650000000000000e-01 5.090903663152626e+00 9.973855441131677e-01
8.700000000000000e-01 5.219825093111814e+00 9.998934037159622e-01
8.750000000000000e-01 5.352009083673925e+00 1.002333231932446e+00
8.800000000000000e-01 5.487538254136007e+00 1.004707050333431e+00
8.850000000000000e-01 5.626497314641444e+00 1.007016810244016e+00
8.900000000000000e-01 5.768973119126561e+00 1.009264395794373e+00
8.950000000000000e-01 5.915054719607133e+00 1.011451626796315e+00
9.000000000000000e-01 6.064833421838831e+00 1.013580261461806e+00
9.050000000000000e-01 6.218402842386253e+00 1.015651998975205e+00
9.100000000000000e-01 6.375858967136348e+00 1.017668481929257e+00
9.150000000000000e-01 6.537300211292723e+00 1.019631298633841e+00
9.200000000000000e-01 6.702827480888332e+00 1.021541985305716e+00
9.250000000000000e-01 6.872544235855034e+00 1.023402028146879e+00
9.300000000000000e-01 7.046556554689444e+00 1.025212865318555e+00
9.350000000000001e-01 7.224973200755413e+00 1.026975888817319e+00
9.400000000000001e-01 7.407905690264673e+00 1.028692446259357e+00
9.450000000000001e-01 7.595468361978146e+00 1.030363842578448e+00
9.500000000000001e-01 7.787778448671316e+00 1.031991341642839e+00
9.550000000000001e-01 7.984956150408610e+00 1.033576167795800e+00
9.600000000000000e-01 8.187124709672272e+00 1.035119507324333e+00
9.650000000000000e-01 8.394410488393007e+00 1.036622509860179e+00
9.700000000000000e-01 8.606943046930221e+00 1.038086289716982e+00
9.750000000000000e-01 8.824855225051540e+00 1.039511927167218e+00
9.800000000000000e-01 9.048283224961922e+00 1.040900469662237e+00
9.850000000000000e-01 9.277366696434507e+00 1.042252932998547e+00
9.900000000000000e-01 9.512248824096272e+00 1.043570302433281e+00
9.950000000000000e-01 9.753076416923058e+00 1.044853533751568e+00
1.000000000000000e+00 1.000000000000000e+01 1.046103554288358e+00
