0.000000000000000e+00 0.000000000000000e+00 7.981047133057440e-03
5.000000000000000e-03 3.369477419287315e-03 7.981351845148164e-03
1.000000000000000e-02 6.741060871647481e-03 7.982167149983430e-03
1.500000000000000e-02 1.011685770649257e-02 7.983531686747036e-03
2.000000000000000e-02 1.349897790673588e-02 7.985446698353570e-03
2.500000000000000e-02 1.688953540759990e-02 7.987916866229921e-03
3.000000000000000e-02 2.029064941789469e-02 7.990950214246034e-03
3.500000000000000e-02 2.370444574459234e-02 7.994554900755558e-03
4.000000000000000e-02 2.713305812152553e-02 7.998740419234839e-03
4.500000000000000e-02 3.057862954304063e-02 8.003518751220176e-03
5.000000000000000e-02 3.404331360343898e-02 8.008903101860280e-03
5.500000000000000e-02 3.752927584304335e-02 8.014907967086714e-03
6.000000000000000e-02 4.103869510173117e-02 8.021550391317670e-03
6.500000000000000e-02 4.457376488078044e-02 8.028849243734704e-03
7.000000000000001e-02 4.813669471387935e-02 8.036824431041926e-03
7.500000000000000e-02 5.172971154815675e-02 8.045498163581069e-03
8.000000000000000e-02 5.535506113609672e-02 8.054895433095116e-03
8.500000000000001e-02 5.901500943920686e-02 8.065042758864773e-03
9.000000000000000e-02 6.271184404431801e-02 8.075968466697189e-03
9.500000000000000e-02 6.644787559340060e-02 8.087703968613913e-03
1.000000000000000e-01 7.022543922779090e-02 8.100283185144807e-03
1.050000000000000e-01 7.404689604773053e-02 8.113741896595736e-03
1.100000000000000e-01 7.791463458813094e-02 8.128119008801477e-03
1.150000000000000e-01 8.183107231148547e-02 8.143456918230095e-03
1.200000000000000e-01 8.579865711886202e-02 8.159800349376637e-03
1.250000000000000e-01 8.981986887992111e-02 8.177196914405769e-03
1.300000000000000e-01 9.389722098291493e-02 8.195698685104870e-03
1.350000000000000e-01 9.803326190563690e-02 8.215361502085836e-03
1.400000000000000e-01 1.022305768083033e-01 8.236243998717569e-03
1.450000000000000e-01 1.064917891493625e-01 8.258409163627472e-03
1.500000000000000e-01 1.108195623252418e-01 8.281925618090111e-03
1.550000000000000e-01 1.152166013350572e-01 8.306866374139184e-03
1.600000000000000e-01 1.196856544713255e-01 8.333308467333224e-03
1.650000000000000e-01 1.242295150377370e-01 8.361335006727845e-03
1.700000000000000e-01 1.288510230950609e-01 8.391036076658498e-03
1.750000000000000e-01 1.335530672362758e-01 8.422507467367250e-03
1.800000000000000e-01 1.383385863920344e-01 8.455850850645607e-03
1.850000000000000e-01 1.432105716675912e-01 8.491176055577629e-03
1.900000000000000e-01 1.481720682123397e-01 8.528601959603661e-03
1.950000000000000e-01 1.532261771231311e-01 8.568255408716601e-03
2.000000000000000e-01 1.583760573825595e-01 8.610271591245529e-03
2.050000000000000e-01 1.636249278334301e-01 8.654796622883475e-03
2.100000000000000e-01 1.689760691906397e-01 8.701989048469472e-03
2.150000000000000e-01 1.744328260917313e-01 8.752019049788956e-03
2.200000000000000e-01 1.799986091874004e-01 8.805068616564842e-03
2.250000000000000e-01 1.856768972732633e-01 8.861334519013119e-03
2.300000000000000e-01 1.914712394642179e-01 8.921031042224581e-03
2.350000000000000e-01 1.973852574127551e-01 8.984390065429624e-03
2.400000000000000e-01 2.034226475726105e-01 9.051661223887512e-03
2.450000000000000e-01 2.095871835091678e-01 9.123114732348368e-03
2.500000000000000e-01 2.158827182580599e-01 9.199044910531471e-03
2.550000000000000e-01 2.223131867334419e-01 9.279772742672094e-03
2.600000000000000e-01 2.288826081874405e-01 9.365648338697794e-03
2.650000000000000e-01 2.355950887223172e-01 9.457052995847058e-03
2.700000000000000e-01 2.424548238569160e-01 9.554401821642775e-03
2.750000000000000e-01 2.494661011489995e-01 9.658149413799151e-03
2.800000000000000e-01 2.566333028751116e-01 9.768795911469260e-03
2.850000000000000e-01 2.639609087696434e-01 9.886891615906189e-03
2.900000000000000e-01 2.714534988248126e-01 1.001304341116823e-02
2.950000000000000e-01 2.791157561533084e-01 1.014792107470539e-02
3.000000000000000e-01 2.869524699153886e-01 1.029226424559906e-02
3.050000000000000e-01 2.949685383122613e-01 1.044689338106795e-02
3.100000000000000e-01 3.031689716476197e-01 1.061272025328766e-02
3.150000000000000e-01 3.115588954592450e-01 1.079076194360143e-02
3.200000000000000e-01 3.201435537226349e-01 1.098215661796114e-02
3.250000000000000e-01 3.289283121286580e-01 1.118818122815388e-02
3.300000000000000e-01 3.379186614372866e-01 1.141027377387926e-02
3.350000000000000e-01 3.471202209094989e-01 1.165005825509677e-02
3.400000000000000e-01 3.565387418195016e-01 1.190937594927248e-02
3.450000000000000e-01 3.661801110494620e-01 1.219032208816363e-02
3.500000000000000e-01 3.760503547690021e-01 1.249529099503221e-02
3.550000000000000e-01 3.861556422017504e-01 1.282703068336816e-02
3.600000000000000e-01 3.965022894813072e-01 1.318871005482759e-02
3.650000000000000e-01 4.070967635990345e-01 1.358400176032727e-02
3.700000000000000e-01 4.179456864461349e-01 1.401718533964842e-02
3.750000000000000e-01 4.290558389525505e-01 1.449327652431327e-02
3.800000000000000e-01 4.404341653252637e-01 1.501819077359854e-02
3.850000000000000e-01 4.520877773886537e-01 1.559895199386978e-02
3.900000000000000e-01 4.640239590296172e-01 1.624396158176158e-02
3.950000000000000e-01 4.762501707502353e-01 1.696334895257775e-02
4.000000000000000e-01 4.887740543308307e-01 1.776943355980020e-02
4.050000000000000e-01 5.016034376063282e-01 1.867734158504291e-02
4.100000000000000e-01 5.147463393589066e-01 1.970584044448693e-02
4.150000000000000e-01 5.282109743299990e-01 2.087848507298766e-02
4.200000000000000e-01 5.420057583547735e-01 2.222521844121626e-02
4.250000000000000e-01 5.561393136223041e-01 2.378464667523196e-02
4.300000000000000e-01 5.706204740647189e-01 2.560733709737571e-02
4.350000000000000e-01 5.854582908786964e-01 2.776070243937413e-02
4.400000000000000e-01 6.006620381827575e-01 3.033640380733190e-02
4.450000000000000e-01 6.162412188138907e-01 3.346185313632164e-02
4.500000000000000e-01 6.322055702671360e-01 3.731855178243946e-02
4.550000000000000e-01 6.485650707818353e-01 4.217207047690120e-02
4.600000000000000e-01 6.653299455783577e-01 4.842207619464636e-02
4.650000000000000e-01 6.825106732491932e-01 5.668638696948388e-02
4.700000000000000e-01 7.001179923084168e-01 6.793810547032103e-02
4.750000000000000e-01 7.181629079036070e-01 8.370132002634555e-02
4.800000000000000e-01 7.366566986944229e-01 1.062027664076183e-01
4.850000000000000e-01 7.556109239021327e-01 1.379914900664966e-01
4.900000000000000e-01 7.750374305345038e-01 1.799995700604075e-01
4.950000000000000e-01 7.949483607905672e-01 2.284597859682321e-01
5.000000000000000e-01 8.153561596498893e-01 2.758188813551238e-01
5.050000000000000e-01 8.362735826510871e-01 3.171883856361761e-01
5.100000000000000e-01 8.577137038644561e-01 3.526653673548993e-01
5.150000000000000e-01 8.796899240636907e-01 3.839291639151372e-01
5.200000000000000e-01 9.022159791018011e-01 4.121471573815135e-01
5.250000000000000e-01 9.253059484964714e-01 4.379912507689039e-01
5.300000000000000e-01 9.489742642302165e-01 4.619098504836536e-01
5.350000000000000e-01 9.732357197708378e-01 4.842169957967072e-01
5.400000000000000e-01 9.981054793178262e-01 5.051396499447227e-01
5.450000000000000e-01 1.023599087280478e+00 5.248521328875848e-01
5.500000000000000e-01 1.049732477993657e+00 5.434923284033277e-01
5.550000000000000e-01 1.076521985677273e+00 5.611718148653505e-01
5.600000000000001e-01 1.103984354645701e+00 5.779830132178256e-01
5.650000000000001e-01 1.132136749773522e+00 5.940036274171718e-01
5.700000000000001e-01 1.160996767224129e+00 6.092998482038123e-01
5.750000000000001e-01 1.190582445447902e+00 6.239287000368575e-01
5.800000000000000e-01 1.220912276456826e+00 6.379397470433358e-01
5.850000000000000e-01 1.252005217382601e+00 6.513764050335517e-01
5.900000000000000e-01 1.283880702325469e+00 6.642769555034674e-01
5.950000000000000e-01 1.316558654501151e+00 6.766753415841048e-01
6.000000000000000e-01 1.350059498693518e+00 6.886018058512051e-01
6.050000000000000e-01 1.384404174020732e+00 7.000834063287851e-01
6.100000000000000e-01 1.419614147022888e+00 7.111444398150312e-01
6.150000000000000e-01 1.455711425079295e+00 7.218067936847417e-01
6.200000000000000e-01 1.492718570163803e+00 7.320902418643079e-01
6.250000000000000e-01 1.530658712946775e+00 7.420126973507050e-01
6.300000000000000e-01 1.569555567252506e+00 7.515904309204026e-01
6.350000000000000e-01 1.609433444881138e+00 7.608382637897179e-01
6.400000000000000e-01 1.650317270804325e+00 7.697697406064501e-01
6.450000000000000e-01 1.692232598744148e+00 7.783972880989284e-01
6.500000000000000e-01 1.735205627145031e+00 7.867323639090810e-01
6.550000000000000e-01 1.779263215548615e+00 7.947855994906371e-01
6.600000000000000e-01 1.824432901381847e+00 8.025669403948361e-01
6.650000000000000e-01 1.870742917168772e+00 8.100857867331998e-01
6.700000000000000e-01 1.918222208176775e+00 8.173511360415565e-01
6.750000000000000e-01 1.966900450508319e+00 8.243717301164886e-01
6.800000000000000e-01 2.016808069649473e+00 8.311562066015321e-01
6.850000000000001e-01 2.067976259486829e+00 8.377132551173968e-01
6.900000000000001e-01 2.120437001804702e+00 8.440517765195025e-01
6.950000000000001e-01 2.174223086274785e+00 8.501810424059069e-01
7.000000000000001e-01 2.229368130950753e+00 8.561108502953489e-01
7.050000000000000e-01 2.285906603280654e+00 8.618516679937700e-01
7.100000000000000e-01 2.343873841650178e+00 8.674147586636275e-01
7.150000000000000e-01 2.403306077470301e+00 8.728122761568212e-01
7.200000000000000e-01 2.464240457823092e+00 8.780573184809393e-01
7.250000000000000e-01 2.526715068679855e+00 8.831639260999722e-01
7.300000000000000e-01 2.590768958706095e+00 8.881470114100040e-01
7.350000000000000e-01 2.656442163668210e+00 8.930222064534254e-01
7.400000000000000e-01 2.723775731457148e+00 8.978056179677305e-01
7.450000000000000e-01 2.792811747744667e+00 9.025134823485149e-01
7.500000000000000e-01 2.863593362288260e+00 9.071617180838223e-01
7.550000000000000e-01 2.936164815901156e+00 9.117653796502146e-01
7.600000000000000e-01 3.010571468104263e+00 9.163380246814369e-01
7.650000000000000e-01 3.086859825477351e+00 9.208910154006316e-01
7.700000000000000e-01 3.165077570727174e+00 9.254327859171404e-01
7.750000000000000e-01 3.245273592490716e+00 9.299681191859511e-01
7.800000000000000e-01 3.327498015892184e+00 9.344974913080847e-01
7.850000000000000e-01 3.411802233872832e+00 9.390165561033372e-01
7.900000000000000e-01 3.498238939313234e+00 9.435158582009076e-01
7.950000000000000e-01 3.586862157968046e+00 9.479808750714224e-01
8.000000000000000e-01 3.677727282233856e+00 9.523924912891347e-01
8.050000000000000e-01 3.770891105771243e+00 9.567279919659207e-01
8.100000000000001e-01 3.866411859002656e+00 9.609626142117712e-01
8.150000000000001e-01 3.964349245508326e+00 9.650716055482166e-01
8.200000000000001e-01 4.064764479342956e+00 9.690326085744837e-01
8.250000000000001e-01 4.167720323296481e+00 9.728280472903017e-01
8.300000000000001e-01 4.273281128122877e+00 9.764470842788376e-01
8.350000000000000e-01 4.381512872761445e+00 9.798867134390824e-01
8.400000000000000e-01 4.492483205575838e+00 9.831516928809229e-01
8.450000000000000e-01 4.606261486636447e+00 9.862532921587329e-01
8.500000000000000e-01 4.722918831072739e+00 9.892071427310558e-01
8.550000000000000e-01 4.842528153522501e+00 9.920307168600697e-01
8.600000000000000e-01 4.965164213705875e+00 9.947410185376243e-01
8.650000000000000e-01 5.090903663152626e+00 9.973529315412397e-01
8.700000000000000e-01 5.219825093111814e+00 9.998784068697963e-01
8.750000000000000e-01 5.352009083673925e+00 1.002326404934444e+00
8.800000000000000e-01 5.487538254136007e+00 1.004703338066332e+00
8.850000000000000e-01 5.626497314641444e+00 1.007013721900931e+00
8.900000000000000e-01 5.768973119126561e+00 1.009260809700587e+00
8.950000000000000e-01 5.915054719607133e+00 1.011447089730303e+00
9.000000000000000e-01 6.064833421838831e+00 1.013574618443349e+00
9.050000000000000e-01 6.218402842386253e+00 1.015645216350922e+00
9.100000000000000e-01 6.375858967136348e+00 1.017660570747359e+00
9.150000000000000e-01 6.537300211292723e+00 1.019622284532218e+00
9.200000000000000e-01 6.702827480888332e+00 1.021531897777247e+00
9.250000000000000e-01 6.872544235855034e+00 1.023390897078408e+00
9.300000000000000e-01 7.046556554689444e+00 1.025200719994878e+00
9.350000000000001e-01 7.224973200755413e+00 1.026962757679942e+00
9.400000000000001e-01 7.407905690264673e+00 1.028678356873661e+00
9.450000000000001e-01 7.595468361978146e+00 1.030348821652105e+00
9.500000000000001e-01 7.787778448671316e+00 1.031975415054735e+00
9.550000000000001e-01 7.984956150408610e+00 1.033559360625998e+00
9.600000000000000e-01 8.187124709672272e+00 1.035101843883105e+00
9.650000000000000e-01 8.394410488393007e+00 1.036604013715810e+00
9.700000000000000e-01 8.606943046930221e+00 1.038066983722345e+00
9.750000000000000e-01 8.824855225051540e+00 1.039491833485177e+00
9.800000000000000e-01 9.048283224961922e+00 1.040879609789944e+00
9.850000000000000e-01 9.277366696434507e+00 1.042231327790693e+00
9.900000000000000e-01 9.512248824096272e+00 1.043547972124351e+00
9.950000000000000e-01 9.753076416923058e+00 1.044830497977155e+00
1.000000000000000e+00 1.000000000000000e+01 1.046079832105594e+00
