0.000000000000000e+00 0.000000000000000e+00 1.679009468257490e-03
5.000000000000000e-03 3.369477419287315e-03 1.679076112646791e-03
1.000000000000000e-02 6.741060871647481e-03 1.679253911793864e-03
1.500000000000000e-02 1.011685770649257e-02 1.679550637060228e-03
2.000000000000000e-02 1.349897790673588e-02 1.679967185217319e-03
2.500000000000000e-02 1.688953540759990e-02 1.680504730535055e-03
3.000000000000000e-02 2.029064941789469e-02 1.681164763205405e-03
3.500000000000000e-02 2.370444574459234e-02 1.681949107044621e-03
4.000000000000000e-02 2.713305812152553e-02 1.682859883936988e-03
4.500000000000000e-02 3.057862954304063e-02 1.683899634874814e-03
5.000000000000000e-02 3.404331360343898e-02 1.685071321546189e-03
5.500000000000000e-02 3.752927584304335e-02 1.686378167132083e-03
6.000000000000000e-02 4.103869510173117e-02 1.687823774443319e-03
6.500000000000000e-02 4.457376488078044e-02 1.689412271232253e-03
7.000000000000001e-02 4.813669471387935e-02 1.691148134784157e-03
7.500000000000000e-02 5.172971154815675e-02 1.693036166331471e-03
8.000000000000000e-02 5.535506113609672e-02 1.695081758010453e-03
8.500000000000001e-02 5.901500943920686e-02 1.697290824018590e-03
9.000000000000000e-02 6.271184404431801e-02 1.699669579122890e-03
9.500000000000000e-02 6.644787559340060e-02 1.702224770332833e-03
1.000000000000000e-01 7.022543922779090e-02 1.704963892366334e-03
1.050000000000000e-01 7.404689604773053e-02 1.707894922579566e-03
1.100000000000000e-01 7.791463458813094e-02 1.711026269000555e-03
1.150000000000000e-01 8.183107231148547e-02 1.714367122935696e-03
1.200000000000000e-01 8.579865711886202e-02 1.717927463124098e-03
1.250000000000000e-01 8.981986887992111e-02 1.721717809950574e-03
1.300000000000000e-01 9.389722098291493e-02 1.725749422274581e-03
1.350000000000000e-01 9.803326190563690e-02 1.730034553315983e-03
1.400000000000000e-01 1.022305768083033e-01 1.734586265838192e-03
1.450000000000000e-01 1.064917891493625e-01 1.739418386230527e-03
1.500000000000000e-01 1.108195623252418e-01 1.744545868978169e-03
1.550000000000000e-01 1.152166013350572e-01 1.749984864586515e-03
1.600000000000000e-01 1.196856544713255e-01 1.755752471694325e-03
1.650000000000000e-01 1.242295150377370e-01 1.761866916776789e-03
1.700000000000000e-01 1.288510230950609e-01 1.768347983408391e-03
1.750000000000000e-01 1.335530672362758e-01 1.775216947629175e-03
1.800000000000000e-01 1.383385863920344e-01 1.782496359437322e-03
1.850000000000000e-01 1.432105716675912e-01 1.790210380482472e-03
1.900000000000000e-01 1.481720682123397e-01 1.798385254548777e-03
1.950000000000000e-01 1.532261771231311e-01 1.807049223127257e-03
2.000000000000000e-01 1.583760573825595e-01 1.816232357691345e-03
2.050000000000000e-01 1.636249278334301e-01 1.825966978597297e-03
2.100000000000000e-01 1.689760691906397e-01 1.836288211512463e-03
2.150000000000000e-01 1.744328260917313e-01 1.847234017589426e-03
2.200000000000000e-01 1.799986091874004e-01 1.858845097247051e-03
2.250000000000000e-01 1.856768972732633e-01 1.871165305974000e-03
2.300000000000000e-01 1.914712394642179e-01 1.884242307198248e-03
2.350000000000000e-01 1.973852574127551e-01 1.898127918153896e-03
2.400000000000000e-01 2.034226475726105e-01 1.912878271825755e-03
2.450000000000000e-01 2.095871835091678e-01 1.928554131732475e-03
2.500000000000000e-01 2.158827182580599e-01 1.945221470695724e-03
2.550000000000000e-01 2.223131867334419e-01 1.962952345738778e-03
2.600000000000000e-01 2.288826081874405e-01 1.981825733391383e-03
2.650000000000000e-01 2.355950887223172e-01 2.001927921041454e-03
2.700000000000000e-01 2.424548238569160e-01 2.023353040675474e-03
2.750000000000000e-01 2.494661011489995e-01 2.046204289920997e-03
2.800000000000000e-01 2.566333028751116e-01 2.070595230526503e-03
2.850000000000000e-01 2.639609087696434e-01 2.096651138301985e-03
2.900000000000000e-01 2.714534988248126e-01 2.124510701481403e-03
2.950000000000000e-01 2.791157561533084e-01 2.154327448171963e-03
3.000000000000000e-01 2.869524699153886e-01 2.186271534857718e-03
3.050000000000000e-01 2.949685383122613e-01 2.220532267992152e-03
3.100000000000000e-01 3.031689716476197e-01 2.257320621684347e-03
3.150000000000000e-01 3.115588954592450e-01 2.296872769814592e-03
3.200000000000000e-01 3.201435537226349e-01 2.339453933964872e-03
3.250000000000000e-01 3.289283121286580e-01 2.385362917918052e-03
3.300000000000000e-01 3.379186614372866e-01 2.434937699129911e-03
3.350000000000000e-01 3.471202209094989e-01 2.488561795357292e-03
3.400000000000000e-01 3.565387418195016e-01 2.546672291979149e-03
3.450000000000000e-01 3.661801110494620e-01 2.609769321327102e-03
3.500000000000000e-01 3.760503547690021e-01 2.678427871658268e-03
3.550000000000000e-01 3.861556422017504e-01 2.753312203383565e-03
3.600000000000000e-01 3.965022894813072e-01 2.835193820452865e-03
3.650000000000000e-01 4.070967635990345e-01 2.924973906770405e-03
3.700000000000000e-01 4.179456864461349e-01 3.023711656868928e-03
3.750000000000000e-01 4.290558389525505e-01 3.132660346265500e-03
3.800000000000000e-01 4.404341653252637e-01 3.253313744463374e-03
3.850000000000000e-01 4.520877773886537e-01 3.387466493785429e-03
3.900000000000000e-01 4.640239590296172e-01 3.537293618531815e-03
3.950000000000000e-01 4.762501707502353e-01 3.705456628096061e-03
4.000000000000000e-01 4.887740543308307e-01 3.895247205780818e-03
4.050000000000000e-01 5.016034376063282e-01 4.110784994481670e-03
4.100000000000000e-01 5.147463393589066e-01 4.357294839589593e-03
4.150000000000000e-01 5.282109743299990e-01 4.641503419134010e-03
4.200000000000000e-01 5.420057583547735e-01 4.972219909536121e-03
4.250000000000000e-01 5.561393136223041e-01 5.361208714944224e-03
4.300000000000000e-01 5.706204740647189e-01 5.824541409333504e-03
4.350000000000000e-01 5.854582908786964e-01 6.384765887897788e-03
4.400000000000000e-01 6.006620381827575e-01 7.074533493620709e-03
4.450000000000000e-01 6.162412188138907e-01 7.942970379075421e-03
4.500000000000000e-01 6.322055702671360e-01 9.067557747294504e-03
4.550000000000000e-01 6.485650707818353e-01 1.057797553363259e-02
4.600000000000000e-01 6.653299455783577e-01 1.270857950455914e-02
4.650000000000000e-01 6.825106732491932e-01 1.592816200569252e-02
4.700000000000000e-01 7.001179923084168e-01 2.130998512025703e-02
4.750000000000000e-01 7.181629079036070e-01 3.174842839525683e-02
4.800000000000000e-01 7.366566986944229e-01 5.585616147847793e-02
4.850000000000000e-01 7.556109239021327e-01 1.107783196290772e-01
4.900000000000000e-01 7.750374305345038e-01 1.871289084959207e-01
4.950000000000000e-01 7.949483607905672e-01 2.474407716746538e-01
5.000000000000000e-01 8.153561596498893e-01 2.931378781120622e-01
5.050000000000000e-01 8.362735826510871e-01 3.323305139073133e-01
5.100000000000000e-01 8.577137038644561e-01 3.666255636910430e-01
5.150000000000000e-01 8.796899240636907e-01 3.972348707081272e-01
5.200000000000000e-01 9.022159791018011e-01 4.251023287099968e-01
5.250000000000000e-01 9.253059484964714e-01 4.506427500254602e-01
5.300000000000000e-01 9.489742642302165e-01 4.742957126491990e-01
5.350000000000000e-01 9.732357197708378e-01 4.963233915904081e-01
5.400000000000000e-01 9.981054793178262e-01 5.169448849202580e-01
5.450000000000000e-01 1.023599087280478e+00 5.363389825148716e-01
5.500000000000000e-01 1.049732477993657e+00 5.546379708943192e-01
5.550000000000000e-01 1.076521985677273e+00 5.719617349717209e-01
5.600000000000001e-01 1.103984354645701e+00 5.884032699928735e-01
5.650000000000001e-01 1.132136749773522e+00 6.040447970062898e-01
5.700000000000001e-01 1.160996767224129e+00 6.189558240824465e-01
5.750000000000001e-01 1.190582445447902e+00 6.331960552983985e-01
5.800000000000000e-01 1.220912276456826e+00 6.468184424325849e-01
5.850000000000000e-01 1.252005217382601e+00 6.598687949029814e-01
5.900000000000000e-01 1.283880702325469e+00 6.723881741582041e-01
5.950000000000000e-01 1.316558654501151e+00 6.844129482852680e-01
6.000000000000000e-01 1.350059498693518e+00 6.959757522375134e-01
6.050000000000000e-01 1.384404174020732e+00 7.071060173322955e-01
6.100000000000000e-01 1.419614147022888e+00 7.178303071009823e-01
6.150000000000000e-01 1.455711425079295e+00 7.281727934622012e-01
6.200000000000000e-01 1.492718570163803e+00 7.381554813449849e-01
6.250000000000000e-01 1.530658712946775e+00 7.477984967018445e-01
6.300000000000000e-01 1.569555567252506e+00 7.571202885616237e-01
6.350000000000000e-01 1.609433444881138e+00 7.661378029492710e-01
6.400000000000000e-01 1.650317270804325e+00 7.748666395084896e-01
6.450000000000000e-01 1.692232598744148e+00 7.833211735364543e-01
6.500000000000000e-01 1.735205627145031e+00 7.915146659098413e-01
6.550000000000000e-01 1.779263215548615e+00 7.994593532913978e-01
6.600000000000000e-01 1.824432901381847e+00 8.071665248790411e-01
6.650000000000000e-01 1.870742917168772e+00 8.146465873738329e-01
6.700000000000000e-01 1.918222208176775e+00 8.219091191160295e-01
6.750000000000000e-01 1.966900450508319e+00 8.289629156455025e-01
6.800000000000000e-01 2.016808069649473e+00 8.358160276663815e-01
6.850000000000001e-01 2.067976259486829e+00 8.424757928999796e-01
6.900000000000001e-01 2.120437001804702e+00 8.489488631613972e-01
6.950000000000001e-01 2.174223086274785e+00 8.552412280898428e-01
7.000000000000001e-01 2.229368130950753e+00 8.613582371669040e-01
7.050000000000000e-01 2.285906603280654e+00 8.673046218810030e-01
7.100000000000000e-01 2.343873841650178e+00 8.730845202428691e-01
7.150000000000000e-01 2.403306077470301e+00 8.787015062726423e-01
7.200000000000000e-01 2.464240457823092e+00 8.841586275762425e-01
7.250000000000000e-01 2.526715068679855e+00 8.894584546844544e-01
7.300000000000000e-01 2.590768958706095e+00 8.946031464029657e-01
7.350000000000000e-01 2.656442163668210e+00 8.995945359486063e-01
7.400000000000000e-01 2.723775731457148e+00 9.044342430165044e-01
7.450000000000000e-01 2.792811747744667e+00 9.091238169721266e-01
7.500000000000000e-01 2.863593362288260e+00 9.136649158639537e-01
7.550000000000000e-01 2.936164815901156e+00 9.180595246115942e-01
7.600000000000000e-01 3.010571468104263e+00 9.223102131890500e-01
7.650000000000000e-01 3.086859825477351e+00 9.264204315279985e-01
7.700000000000000e-01 3.165077570727174e+00 9.303948319147236e-01
7.750000000000000e-01 3.245273592490716e+00 9.342396017507645e-01
7.800000000000000e-01 3.327498015892184e+00 9.379627799752840e-01
7.850000000000000e-01 3.411802233872832e+00 9.415745200592328e-01
7.900000000000000e-01 3.498238939313234e+00 9.450872528087689e-01
7.950000000000000e-01 3.586862157968046e+00 9.485156954049399e-01
8.000000000000000e-01 3.677727282233856e+00 9.518766516316887e-01
8.050000000000000e-01 3.770891105771243e+00 9.551885543670687e-01
8.100000000000001e-01 3.866411859002656e+00 9.584707165076570e-01
8.150000000000001e-01 3.964349245508326e+00 9.617422806431279e-01
8.200000000000001e-01 4.064764479342956e+00 9.650208900284694e-01
8.250000000000001e-01 4.167720323296481e+00 9.683211422552573e-01
8.300000000000001e-01 4.273281128122877e+00 9.716529307217292e-01
8.350000000000000e-01 4.381512872761445e+00 9.750198258018015e-01
8.400000000000000e-01 4.492483205575838e+00 9.784176975769057e-01
8.450000000000000e-01 4.606261486636447e+00 9.818338375230913e-01
8.500000000000000e-01 4.722918831072739e+00 9.852468936591230e-01
8.550000000000000e-01 4.842528153522501e+00 9.886279610925173e-01
8.600000000000000e-01 4.965164213705875e+00 9.919430940600726e-01
8.650000000000000e-01 5.090903663152626e+00 9.951572372845916e-01
8.700000000000000e-01 5.219825093111814e+00 9.982390942432999e-01
8.750000000000000e-01 5.352009083673925e+00 1.001165903212542e+00
8.800000000000000e-01 5.487538254136007e+00 1.003926787071012e+00
8.850000000000000e-01 5.626497314641444e+00 1.006523579663540e+00
8.900000000000000e-01 5.768973119126561e+00 1.008968842910093e+00
8.950000000000000e-01 5.915054719607133e+00 1.011281821498092e+00
9.000000000000000e-01 6.064833421838831e+00 1.013483783034354e+00
9.050000000000000e-01 6.218402842386253e+00 1.015594193567407e+00
9.100000000000000e-01 6.375858967136348e+00 1.017628558172964e+00
9.150000000000000e-01 6.537300211292723e+00 1.019597942528470e+00
9.200000000000000e-01 6.702827480888332e+00 1.021509626348142e+00
9.250000000000000e-01 6.872544235855034e+00 1.023368201703498e+00
9.300000000000000e-01 7.046556554689444e+00 1.025176611375013e+00
9.350000000000001e-01 7.224973200755413e+00 1.026936901695488e+00
9.400000000000001e-01 7.407905690264673e+00 1.028650675634378e+00
9.450000000000001e-01 7.595468361978146e+00 1.030319326974816e+00
9.500000000000001e-01 7.787778448671316e+00 1.031944146380313e+00
9.550000000000001e-01 7.984956150408610e+00 1.033526364294392e+00
9.600000000000000e-01 8.187124709672272e+00 1.035067166942149e+00
9.650000000000000e-01 8.394410488393007e+00 1.036567702283936e+00
9.700000000000000e-01 8.606943046930221e+00 1.038029082627408e+00
9.750000000000000e-01 8.824855225051540e+00 1.039452386223059e+00
9.800000000000000e-01 9.048283224961922e+00 1.040838658554000e+00
9.850000000000000e-01 9.277366696434507e+00 1.042188913514074e+00
9.900000000000000e-01 9.512248824096272e+00 1.043504134523132e+00
9.950000000000000e-01 9.753076416923058e+00 1.044785275592075e+00
1.000000000000000e+00 1.000000000000000e+01 1.046033262342129e+00
