0.000000000000000e+00 0.000000000000000e+00 8.401962154891081e-04
5.000000000000000e-03 3.369477419287315e-03 8.402297424913791e-04
1.000000000000000e-02 6.741060871647481e-03 8.403191435409230e-04
1.500000000000000e-02 1.011685770649257e-02 8.404682701072121e-04
2.000000000000000e-02 1.349897790673588e-02 8.406776294193220e-04
2.500000000000000e-02 1.688953540759990e-02 8.409478249359492e-04
3.000000000000000e-02 2.029064941789469e-02 8.412795787940264e-04
3.500000000000000e-02 2.370444574459234e-02 8.416738122644165e-04
4.000000000000000e-02 2.713305812152553e-02 8.421316026449615e-04
4.500000000000000e-02 3.057862954304063e-02 8.426542189942041e-04
5.000000000000000e-02 3.404331360343898e-02 8.432431514642678e-04
5.500000000000000e-02 3.752927584304335e-02 8.439000304124484e-04
6.000000000000000e-02 4.103869510173117e-02 8.446266608956837e-04
6.500000000000000e-02 4.457376488078044e-02 8.454251123321085e-04
7.000000000000001e-02 4.813669471387935e-02 8.462976473369014e-04
7.500000000000000e-02 5.172971154815675e-02 8.472466839102589e-04
8.000000000000000e-02 5.535506113609672e-02 8.482749235557565e-04
8.500000000000001e-02 5.901500943920686e-02 8.493853431519436e-04
9.000000000000000e-02 6.271184404431801e-02 8.505810778871010e-04
9.500000000000000e-02 6.644787559340060e-02 8.518655161990680e-04
1.000000000000000e-01 7.022543922779090e-02 8.532424243113866e-04
1.050000000000000e-01 7.404689604773053e-02 8.547158248514100e-04
1.100000000000000e-01 7.791463458813094e-02 8.562899477315095e-04
1.150000000000000e-01 8.183107231148547e-02 8.579694076873971e-04
1.200000000000000e-01 8.579865711886202e-02 8.597592317763973e-04
1.250000000000000e-01 8.981986887992111e-02 8.616647240367868e-04
1.300000000000000e-01 9.389722098291493e-02 8.636915412445101e-04
1.350000000000000e-01 9.803326190563690e-02 8.658458426026051e-04
1.400000000000000e-01 1.022305768083033e-01 8.681342150515633e-04
1.450000000000000e-01 1.064917891493625e-01 8.705636238065541e-04
1.500000000000000e-01 1.108195623252418e-01 8.731415842482509e-04
1.550000000000000e-01 1.152166013350572e-01 8.758762248540887e-04
1.600000000000000e-01 1.196856544713255e-01 8.787761677007642e-04
1.650000000000000e-01 1.242295150377370e-01 8.818505908154161e-04
1.700000000000000e-01 1.288510230950609e-01 8.851094446781419e-04
1.750000000000000e-01 1.335530672362758e-01 8.885634464519790e-04
1.800000000000000e-01 1.383385863920344e-01 8.922239663545135e-04
1.850000000000000e-01 1.432105716675912e-01 8.961031732857293e-04
1.900000000000000e-01 1.481720682123397e-01 9.002142775274952e-04
1.950000000000000e-01 1.532261771231311e-01 9.045715119550162e-04
2.000000000000000e-01 1.583760573825595e-01 9.091900429385701e-04
2.050000000000000e-01 1.636249278334301e-01 9.140861586703097e-04
2.100000000000000e-01 1.689760691906397e-01 9.192775523690501e-04
2.150000000000000e-01 1.744328260917313e-01 9.247833618674791e-04
2.200000000000000e-01 1.799986091874004e-01 9.306241242879729e-04
2.250000000000000e-01 1.856768972732633e-01 9.368219617118869e-04
2.300000000000000e-01 1.914712394642179e-01 9.434009020851613e-04
2.350000000000000e-01 1.973852574127551e-01 9.503870789176788e-04
2.400000000000000e-01 2.034226475726105e-01 9.578088299251483e-04
2.450000000000000e-01 2.095871835091678e-01 9.656968366206088e-04
2.500000000000000e-01 2.158827182580599e-01 9.740843989071763e-04
2.550000000000000e-01 2.223131867334419e-01 9.830078901338398e-04
2.600000000000000e-01 2.288826081874405e-01 9.925071950777670e-04
2.650000000000000e-01 2.355950887223172e-01 1.002625911607892e-03
2.700000000000000e-01 2.424548238569160e-01 1.013411622600127e-03
2.750000000000000e-01 2.494661011489995e-01 1.024916502643393e-03
2.800000000000000e-01 2.566333028751116e-01 1.037197966256125e-03
2.850000000000000e-01 2.639609087696434e-01 1.050319370521385e-03
2.900000000000000e-01 2.714534988248126e-01 1.064350887945980e-03
2.950000000000000e-01 2.791157561533084e-01 1.079370232919024e-03
3.000000000000000e-01 2.869524699153886e-01 1.095463582549010e-03
3.050000000000000e-01 2.949685383122613e-01 1.112726852180724e-03
3.100000000000000e-01 3.031689716476197e-01 1.131266979415230e-03
3.150000000000000e-01 3.115588954592450e-01 1.151203732793167e-03
3.200000000000000e-01 3.201435537226349e-01 1.172671676198276e-03
3.250000000000000e-01 3.289283121286580e-01 1.195822499145561e-03
3.300000000000000e-01 3.379186614372866e-01 1.220827882199975e-03
3.350000000000000e-01 3.471202209094989e-01 1.247882768083801e-03
3.400000000000000e-01 3.565387418195016e-01 1.277209488069555e-03
3.450000000000000e-01 3.661801110494620e-01 1.309062640273988e-03
3.500000000000000e-01 3.760503547690021e-01 1.343735176607970e-03
3.550000000000000e-01 3.861556422017504e-01 1.381565843372641e-03
3.600000000000000e-01 3.965022894813072e-01 1.422948473312580e-03
3.650000000000000e-01 4.070967635990345e-01 1.468343606492527e-03
3.700000000000000e-01 4.179456864461349e-01 1.518293193765402e-03
3.750000000000000e-01 4.290558389525505e-01 1.573439357991576e-03
3.800000000000000e-01 4.404341653252637e-01 1.634548593822046e-03
3.850000000000000e-01 4.520877773886537e-01 1.702543334985060e-03
3.900000000000000e-01 4.640239590296172e-01 1.778543650392363e-03
3.950000000000000e-01 4.762501707502353e-01 1.863923078592663e-03
4.000000000000000e-01 4.887740543308307e-01 1.960384537292121e-03
4.050000000000000e-01 5.016034376063282e-01 2.070065280560775e-03
4.100000000000000e-01 5.147463393589066e-01 2.195684782651637e-03
4.150000000000000e-01 5.282109743299990e-01 2.340757580103562e-03
4.200000000000000e-01 5.420057583547735e-01 2.509907085324824e-03
4.250000000000000e-01 5.561393136223041e-01 2.709341236817738e-03
4.300000000000000e-01 5.706204740647189e-01 2.947596878666522e-03
4.350000000000000e-01 5.854582908786964e-01 3.236749169898820e-03
4.400000000000000e-01 6.006620381827575e-01 3.594466002493246e-03
4.450000000000000e-01 6.162412188138907e-01 4.047690818991334e-03
4.500000000000000e-01 6.322055702671360e-01 4.639698113956233e-03
4.550000000000000e-01 6.485650707818353e-01 5.444797082375754e-03
4.600000000000000e-01 6.653299455783577e-01 6.602536731095177e-03
4.650000000000000e-01 6.825106732491932e-01 8.410054285288340e-03
4.700000000000000e-01 7.001179923084168e-01 1.162859864197380e-02
4.750000000000000e-01 7.181629079036070e-01 1.881353479848959e-02
4.800000000000000e-01 7.366566986944229e-01 4.103995925156125e-02
4.850000000000000e-01 7.556109239021327e-01 1.073524260704242e-01
4.900000000000000e-01 7.750374305345038e-01 1.920322619116890e-01
4.950000000000000e-01 7.949483607905672e-01 2.514414022041593e-01
5.000000000000000e-01 8.153561596498893e-01 2.978949079517738e-01
5.050000000000000e-01 8.362735826510871e-01 3.375406579072607e-01
5.100000000000000e-01 8.577137038644561e-01 3.718438974112148e-01
5.150000000000000e-01 8.796899240636907e-01 4.026445294373587e-01
5.200000000000000e-01 9.022159791018011e-01 4.305068589504270e-01
5.250000000000000e-01 9.253059484964714e-01 4.560745420294461e-01
5.300000000000000e-01 9.489742642302165e-01 4.797159326594273e-01
5.350000000000000e-01 9.732357197708378e-01 5.017064377452940e-01
5.400000000000000e-01 9.981054793178262e-01 5.222902245095755e-01
5.450000000000000e-01 1.023599087280478e+00 5.416200091298057e-01
5.500000000000000e-01 1.049732477993657e+00 5.598539085914016e-01
5.550000000000000e-01 1.076521985677273e+00 5.770966875251776e-01
5.600000000000001e-01 1.103984354645701e+00 5.934514595149997e-01
5.650000000000001e-01 1.132136749773522e+00 6.089976765063153e-01
5.700000000000001e-01 1.160996767224129e+00 6.238057456690034e-01
5.750000000000001e-01 1.190582445447902e+00 6.379373835731217e-01
5.800000000000000e-01 1.220912276456826e+00 6.514441629216039e-01
5.850000000000000e-01 1.252005217382601e+00 6.643740169040574e-01
5.900000000000000e-01 1.283880702325469e+00 6.767672420932949e-01
5.950000000000000e-01 1.316558654501151e+00 6.886612717728855e-01
6.000000000000000e-01 1.350059498693518e+00 7.000888455696928e-01
6.050000000000000e-01 1.384404174020732e+00 7.110797824686751e-01
6.100000000000000e-01 1.419614147022888e+00 7.216611254399693e-01
6.150000000000000e-01 1.455711425079295e+00 7.318572894881252e-01
6.200000000000000e-01 1.492718570163803e+00 7.416907928214750e-01
6.250000000000000e-01 1.530658712946775e+00 7.511821040712796e-01
6.300000000000000e-01 1.569555567252506e+00 7.603501566193788e-01
6.350000000000000e-01 1.609433444881138e+00 7.692123685212003e-01
6.400000000000000e-01 1.650317270804325e+00 7.777848579446213e-01
6.450000000000000e-01 1.692232598744148e+00 7.860825800245995e-01
6.500000000000000e-01 1.735205627145031e+00 7.941194123944089e-01
6.550000000000000e-01 1.779263215548615e+00 8.019082822353625e-01
6.600000000000000e-01 1.824432901381847e+00 8.094612289136498e-01
6.650000000000000e-01 1.870742917168772e+00 8.167894851979307e-01
6.700000000000000e-01 1.918222208176775e+00 8.239035341289802e-01
6.750000000000000e-01 1.966900450508319e+00 8.308131590144877e-01
6.800000000000000e-01 2.016808069649473e+00 8.375274867047802e-01
6.850000000000001e-01 2.067976259486829e+00 8.440550204046211e-01
6.900000000000001e-01 2.120437001804702e+00 8.504036673300428e-01
6.950000000000001e-01 2.174223086274785e+00 8.565807589202549e-01
7.000000000000001e-01 2.229368130950753e+00 8.625930654337043e-01
7.050000000000000e-01 2.285906603280654e+00 8.684468051540846e-01
7.100000000000000e-01 2.343873841650178e+00 8.741476487429393e-01
7.150000000000000e-01 2.403306077470301e+00 8.797007195676393e-01
7.200000000000000e-01 2.464240457823092e+00 8.851105907884633e-01
7.250000000000000e-01 2.526715068679855e+00 8.903812803834649e-01
7.300000000000000e-01 2.590768958706095e+00 8.955162455992206e-01
7.350000000000000e-01 2.656442163668210e+00 9.005183788197657e-01
7.400000000000000e-01 2.723775731457148e+00 9.053900074811057e-01
7.450000000000000e-01 2.792811747744667e+00 9.101329014516992e-01
7.500000000000000e-01 2.863593362288260e+00 9.147482922656568e-01
7.550000000000000e-01 2.936164815901156e+00 9.192369097132832e-01
7.600000000000000e-01 3.010571468104263e+00 9.235990425144738e-01
7.650000000000000e-01 3.086859825477351e+00 9.278346310093798e-01
7.700000000000000e-01 3.165077570727174e+00 9.319434007948867e-01
7.750000000000000e-01 3.245273592490716e+00 9.359250466784728e-01
7.800000000000000e-01 3.327498015892184e+00 9.397794757048592e-01
7.850000000000000e-01 3.411802233872832e+00 9.435071156487360e-01
7.900000000000000e-01 3.498238939313234e+00 9.471092904146998e-01
7.950000000000000e-01 3.586862157968046e+00 9.505886553352287e-01
8.000000000000000e-01 3.677727282233856e+00 9.539496727253078e-01
8.050000000000000e-01 3.770891105771243e+00 9.571990912656106e-01
8.100000000000001e-01 3.866411859002656e+00 9.603463730856772e-01
8.150000000000001e-01 3.964349245508326e+00 9.634039926801140e-01
8.200000000000001e-01 4.064764479342956e+00 9.663875167177628e-01
8.250000000000001e-01 4.167720323296481e+00 9.693153692207092e-01
8.300000000000001e-01 4.273281128122877e+00 9.722081975216260e-01
8.350000000000000e-01 4.381512872761445e+00 9.750877834276818e-01
8.400000000000000e-01 4.492483205575838e+00 9.779754913802267e-01
8.450000000000000e-01 4.606261486636447e+00 9.808903091269596e-01
8.500000000000000e-01 4.722918831072739e+00 9.838466103746085e-01
8.550000000000000e-01 4.842528153522501e+00 9.868518440350349e-01
8.600000000000000e-01 4.965164213705875e+00 9.899044304050068e-01
8.650000000000000e-01 5.090903663152626e+00 9.929922381301779e-01
8.700000000000000e-01 5.219825093111814e+00 9.960921382315114e-01
8.750000000000000e-01 5.352009083673925e+00 9.991712238845428e-01
8.800000000000000e-01 5.487538254136007e+00 1.002190177500269e+00
8.850000000000000e-01 5.626497314641444e+00 1.005108764317357e+00
8.900000000000000e-01 5.768973119126561e+00 1.007892536480516e+00
8.950000000000000e-01 5.915054719607133e+00 1.010518931098931e+00
9.000000000000000e-01 6.064833421838831e+00 1.012980690228994e+00
9.050000000000000e-01 6.218402842386253e+00 1.015285342970138e+00
9.100000000000000e-01 6.375858967136348e+00 1.017451087781599e+00
9.150000000000000e-01 6.537300211292723e+00 1.019500878480056e+00
9.200000000000000e-01 6.702827480888332e+00 1.021456974184519e+00
9.250000000000000e-01 6.872544235855034e+00 1.023337512552116e+00
9.300000000000000e-01 7.046556554689444e+00 1.025155425250984e+00
9.350000000000001e-01 7.224973200755413e+00 1.026919039283570e+00
9.400000000000001e-01 7.407905690264673e+00 1.028633396192195e+00
9.450000000000001e-01 7.595468361978146e+00 1.030301548140417e+00
9.500000000000001e-01 7.787778448671316e+00 1.031925495340260e+00
9.550000000000001e-01 7.984956150408610e+00 1.033506738667440e+00
9.600000000000000e-01 8.187124709672272e+00 1.035046556229347e+00
9.650000000000000e-01 8.394410488393007e+00 1.036546123597816e+00
9.700000000000000e-01 8.606943046930221e+00 1.038006560110122e+00
9.750000000000000e-01 8.824855225051540e+00 1.039428945169759e+00
9.800000000000000e-01 9.048283224961922e+00 1.040814323923661e+00
9.850000000000000e-01 9.277366696434507e+00 1.042163709606081e+00
9.900000000000000e-01 9.512248824096272e+00 1.043478084930267e+00
9.950000000000000e-01 9.753076416923058e+00 1.044758403211672e+00
1.000000000000000e+00 1.000000000000000e+01 1.046005589397536e+00
