0.000000000000000e+00 0.000000000000000e+00 1.015696320391398e-03
5.000000000000000e-03 3.369477419287315e-03 1.015736806039414e-03
1.000000000000000e-02 6.741060871647481e-03 1.015844773539205e-03
1.500000000000000e-02 1.011685770649257e-02 1.016024887875710e-03
2.000000000000000e-02 1.349897790673588e-02 1.016277747824247e-03
2.500000000000000e-02 1.688953540759990e-02 1.016604079020181e-03
3.000000000000000e-02 2.029064941789469e-02 1.017004760299317e-03
3.500000000000000e-02 2.370444574459234e-02 1.017480903183901e-03
4.000000000000000e-02 2.713305812152553e-02 1.018033806034853e-03
4.500000000000000e-02 3.057862954304063e-02 1.018665003634114e-03
5.000000000000000e-02 3.404331360343898e-02 1.019376295473423e-03
5.500000000000000e-02 3.752927584304335e-02 1.020169647997070e-03
6.000000000000000e-02 4.103869510173117e-02 1.021047242654871e-03
6.500000000000000e-02 4.457376488078044e-02 1.022011580277520e-03
7.000000000000001e-02 4.813669471387935e-02 1.023065390549993e-03
7.500000000000000e-02 5.172971154815675e-02 1.024211592499216e-03
8.000000000000000e-02 5.535506113609672e-02 1.025453451161932e-03
8.500000000000001e-02 5.901500943920686e-02 1.026794561018160e-03
9.000000000000000e-02 6.271184404431801e-02 1.028238705630464e-03
9.500000000000000e-02 6.644787559340060e-02 1.029789978013785e-03
1.000000000000000e-01 7.022543922779090e-02 1.031452927292914e-03
1.050000000000000e-01 7.404689604773053e-02 1.033232408683244e-03
1.100000000000000e-01 7.791463458813094e-02 1.035133529774478e-03
1.150000000000000e-01 8.183107231148547e-02 1.037161865364955e-03
1.200000000000000e-01 8.579865711886202e-02 1.039323484278697e-03
1.250000000000000e-01 8.981986887992111e-02 1.041624788429709e-03
1.300000000000000e-01 9.389722098291493e-02 1.044072610316381e-03
1.350000000000000e-01 9.803326190563690e-02 1.046674388844409e-03
1.400000000000000e-01 1.022305768083033e-01 1.049438074247186e-03
1.450000000000000e-01 1.064917891493625e-01 1.052372074790945e-03
1.500000000000000e-01 1.108195623252418e-01 1.055485467587674e-03
1.550000000000000e-01 1.152166013350572e-01 1.058788067409884e-03
1.600000000000000e-01 1.196856544713255e-01 1.062290280689213e-03
1.650000000000000e-01 1.242295150377370e-01 1.066003187925002e-03
1.700000000000000e-01 1.288510230950609e-01 1.069938805372926e-03
1.750000000000000e-01 1.335530672362758e-01 1.074110071205951e-03
1.800000000000000e-01 1.383385863920344e-01 1.078530708860669e-03
1.850000000000000e-01 1.432105716675912e-01 1.083215409182047e-03
1.900000000000000e-01 1.481720682123397e-01 1.088180122334293e-03
1.950000000000000e-01 1.532261771231311e-01 1.093442028948769e-03
2.000000000000000e-01 1.583760573825595e-01 1.099019433386219e-03
2.050000000000000e-01 1.636249278334301e-01 1.104931996977993e-03
2.100000000000000e-01 1.689760691906397e-01 1.111201079500632e-03
2.150000000000000e-01 1.744328260917313e-01 1.117849780690342e-03
2.200000000000000e-01 1.799986091874004e-01 1.124902884443331e-03
2.250000000000000e-01 1.856768972732633e-01 1.132387089010811e-03
2.300000000000000e-01 1.914712394642179e-01 1.140331396645454e-03
2.350000000000000e-01 1.973852574127551e-01 1.148767348297047e-03
2.400000000000000e-01 2.034226475726105e-01 1.157729138249953e-03
2.450000000000000e-01 2.095871835091678e-01 1.167253787283856e-03
2.500000000000000e-01 2.158827182580599e-01 1.177381478450282e-03
2.550000000000000e-01 2.223131867334419e-01 1.188156103018281e-03
2.600000000000000e-01 2.288826081874405e-01 1.199625784985537e-03
2.650000000000000e-01 2.355950887223172e-01 1.211843123176854e-03
2.700000000000000e-01 2.424548238569160e-01 1.224865518582045e-03
2.750000000000000e-01 2.494661011489995e-01 1.238755908995939e-03
2.800000000000000e-01 2.566333028751116e-01 1.253583553086105e-03
2.850000000000000e-01 2.639609087696434e-01 1.269424872958313e-03
2.900000000000000e-01 2.714534988248126e-01 1.286364503572554e-03
2.950000000000000e-01 2.791157561533084e-01 1.304496167736869e-03
3.000000000000000e-01 2.869524699153886e-01 1.323923782675007e-03
3.050000000000000e-01 2.949685383122613e-01 1.344762998529615e-03
3.100000000000000e-01 3.031689716476197e-01 1.367142744412921e-03
3.150000000000000e-01 3.115588954592450e-01 1.391207404476709e-03
3.200000000000000e-01 3.201435537226349e-01 1.417119182759713e-03
3.250000000000000e-01 3.289283121286580e-01 1.445060904642909e-03
3.300000000000000e-01 3.379186614372866e-01 1.475239463650862e-03
3.350000000000000e-01 3.471202209094989e-01 1.507889754099069e-03
3.400000000000000e-01 3.565387418195016e-01 1.543279631513214e-03
3.450000000000000e-01 3.661801110494620e-01 1.581715775520243e-03
3.500000000000000e-01 3.760503547690021e-01 1.623551002898093e-03
3.550000000000000e-01 3.861556422017504e-01 1.669193204483859e-03
3.600000000000000e-01 3.965022894813072e-01 1.719116501708327e-03
3.650000000000000e-01 4.070967635990345e-01 1.773875194159439e-03
3.700000000000000e-01 4.179456864461349e-01 1.834121399454726e-03
3.750000000000000e-01 4.290558389525505e-01 1.900627550942219e-03
3.800000000000000e-01 4.404341653252637e-01 1.974315402250000e-03
3.850000000000000e-01 4.520877773886537e-01 2.056293840563968e-03
3.900000000000000e-01 4.640239590296172e-01 2.147908800865552e-03
3.950000000000000e-01 4.762501707502353e-01 2.250810056827382e-03
4.000000000000000e-01 4.887740543308307e-01 2.367041951544093e-03
4.050000000000000e-01 5.016034376063282e-01 2.499168729502068e-03
4.100000000000000e-01 5.147463393589066e-01 2.650450936571823e-03
4.150000000000000e-01 5.282109743299990e-01 2.825098982886587e-03
4.200000000000000e-01 5.420057583547735e-01 3.028646437778191e-03
4.250000000000000e-01 5.561393136223041e-01 3.268514830348250e-03
4.300000000000000e-01 5.706204740647189e-01 3.554895643643567e-03
4.350000000000000e-01 5.854582908786964e-01 3.902179506728973e-03
4.400000000000000e-01 6.006620381827575e-01 4.331375842408869e-03
4.450000000000000e-01 6.162412188138907e-01 4.874431650622989e-03
4.500000000000000e-01 6.322055702671360e-01 5.582457463005194e-03
4.550000000000000e-01 6.485650707818353e-01 6.542730981053508e-03
4.600000000000000e-01 6.653299455783577e-01 7.917773179661218e-03
4.650000000000000e-01 6.825106732491932e-01 1.004877054605384e-02
4.700000000000000e-01 7.001179923084168e-01 1.378669616100130e-02
4.750000000000000e-01 7.181629079036070e-01 2.183099900366683e-02
4.800000000000000e-01 7.366566986944229e-01 4.471611509464775e-02
4.850000000000000e-01 7.556109239021327e-01 1.080514083681266e-01
4.900000000000000e-01 7.750374305345038e-01 1.909366026890401e-01
4.950000000000000e-01 7.949483607905672e-01 2.504206590470752e-01
5.000000000000000e-01 8.153561596498893e-01 2.965862273431663e-01
5.050000000000000e-01 8.362735826510871e-01 3.361953673068481e-01
5.100000000000000e-01 8.577137038644561e-01 3.704774119790502e-01
5.150000000000000e-01 8.796899240636907e-01 4.012315774985716e-01
5.200000000000000e-01 9.022159791018011e-01 4.291012349573998e-01
5.250000000000000e-01 9.253059484964714e-01 4.546523939178370e-01
5.300000000000000e-01 9.489742642302165e-01 4.783006649475298e-01
5.350000000000000e-01 9.732357197708378e-01 5.002936653006066e-01
5.400000000000000e-01 9.981054793178262e-01 5.208852325218717e-01
5.450000000000000e-01 1.023599087280478e+00 5.402272431308011e-01
5.500000000000000e-01 1.049732477993657e+00 5.584731562630126e-01
5.550000000000000e-01 1.076521985677273e+00 5.757333074263432e-01
5.600000000000001e-01 1.103984354645701e+00 5.921052858473747e-01
5.650000000000001e-01 1.132136749773522e+00 6.076723072124478e-01
5.700000000000001e-01 1.160996767224129e+00 6.225022624776064e-01
5.750000000000001e-01 1.190582445447902e+00 6.366577938214794e-01
5.800000000000000e-01 1.220912276456826e+00 6.501902719404510e-01
5.850000000000000e-01 1.252005217382601e+00 6.631471219780876e-01
5.900000000000000e-01 1.283880702325469e+00 6.755691637733864e-01
5.950000000000000e-01 1.316558654501151e+00 6.874931950740159e-01
6.000000000000000e-01 1.350059498693518e+00 6.989522875429679e-01
6.050000000000000e-01 1.384404174020732e+00 7.099759682298259e-01
6.100000000000000e-01 1.419614147022888e+00 7.205912846945380e-01
6.150000000000000e-01 1.455711425079295e+00 7.308226022212196e-01
6.200000000000000e-01 1.492718570163803e+00 7.406923052587705e-01
6.250000000000000e-01 1.530658712946775e+00 7.502208485796741e-01
6.300000000000000e-01 1.569555567252506e+00 7.594270370907523e-01
6.350000000000000e-01 1.609433444881138e+00 7.683282233102564e-01
6.400000000000000e-01 1.650317270804325e+00 7.769404195479109e-01
6.450000000000000e-01 1.692232598744148e+00 7.852784698090046e-01
6.500000000000000e-01 1.735205627145031e+00 7.933561359428364e-01
6.550000000000000e-01 1.779263215548615e+00 8.011862052955536e-01
6.600000000000000e-01 1.824432901381847e+00 8.087805691111746e-01
6.650000000000000e-01 1.870742917168772e+00 8.161502901006931e-01
6.700000000000000e-01 1.918222208176775e+00 8.233056626144416e-01
6.750000000000000e-01 1.966900450508319e+00 8.302562593348534e-01
6.800000000000000e-01 2.016808069649473e+00 8.370109718974147e-01
6.850000000000001e-01 2.067976259486829e+00 8.435780426913758e-01
6.900000000000001e-01 2.120437001804702e+00 8.499650900613301e-01
6.950000000000001e-01 2.174223086274785e+00 8.561791274002476e-01
7.000000000000001e-01 2.229368130950753e+00 8.622265766916491e-01
7.050000000000000e-01 2.285906603280654e+00 8.681132774866362e-01
7.100000000000000e-01 2.343873841650178e+00 8.738444920856688e-01
7.150000000000000e-01 2.403306077470301e+00 8.794249080605459e-01
7.200000000000000e-01 2.464240457823092e+00 8.848586394627205e-01
7.250000000000000e-01 2.526715068679855e+00 8.901492284529436e-01
7.300000000000000e-01 2.590768958706095e+00 8.952996495867370e-01
7.350000000000000e-01 2.656442163668210e+00 9.003123196103383e-01
7.400000000000000e-01 2.723775731457148e+00 9.051891163877193e-01
7.450000000000000e-01 2.792811747744667e+00 9.099314114706135e-01
7.500000000000000e-01 2.863593362288260e+00 9.145401218129278e-01
7.550000000000000e-01 2.936164815901156e+00 9.190157871412166e-01
7.600000000000000e-01 3.010571468104263e+00 9.233586803848736e-01
7.650000000000000e-01 3.086859825477351e+00 9.275689591147818e-01
7.700000000000000e-01 3.165077570727174e+00 9.316468657877292e-01
7.750000000000000e-01 3.245273592490716e+00 9.355929832536773e-01
7.800000000000000e-01 3.327498015892184e+00 9.394085488295010e-01
7.850000000000000e-01 3.411802233872832e+00 9.430958245729990e-01
7.900000000000000e-01 3.498238939313234e+00 9.466585125547484e-01
7.950000000000000e-01 3.586862157968046e+00 9.501021916055368e-01
8.000000000000000e-01 3.677727282233856e+00 9.534347366374853e-01
8.050000000000000e-01 3.770891105771243e+00 9.566666647430879e-01
8.100000000000001e-01 3.866411859002656e+00 9.598113367609775e-01
8.150000000000001e-01 3.964349245508326e+00 9.628849330201383e-01
8.200000000000001e-01 4.064764479342956e+00 9.659061221880088e-01
8.250000000000001e-01 4.167720323296481e+00 9.688953561778249e-01
8.300000000000001e-01 4.273281128122877e+00 9.718737533611937e-01
8.350000000000000e-01 4.381512872761445e+00 9.748615763653006e-01
8.400000000000000e-01 4.492483205575838e+00 9.778763673467984e-01
8.450000000000000e-01 4.606261486636447e+00 9.809308680846736e-01
8.500000000000000e-01 4.722918831072739e+00 9.840309185008215e-01
8.550000000000000e-01 4.842528153522501e+00 9.871735957176315e-01
8.600000000000000e-01 4.965164213705875e+00 9.903459383802989e-01
8.650000000000000e-01 5.090903663152626e+00 9.935247010307853e-01
8.700000000000000e-01 5.219825093111814e+00 9.966776469112782e-01
8.750000000000000e-01 5.352009083673925e+00 9.997667751371300e-01
8.800000000000000e-01 5.487538254136007e+00 1.002753433644489e+00
8.850000000000000e-01 5.626497314641444e+00 1.005604498162290e+00
8.900000000000000e-01 5.768973119126561e+00 1.008298018398157e+00
8.950000000000000e-01 5.915054719607133e+00 1.010826487513381e+00
9.000000000000000e-01 6.064833421838831e+00 1.013196555488304e+00
9.050000000000000e-01 6.218402842386253e+00 1.015425385260953e+00
9.100000000000000e-01 6.375858967136348e+00 1.017535187853052e+00
9.150000000000000e-01 6.537300211292723e+00 1.019547985461166e+00
9.200000000000000e-01 6.702827480888332e+00 1.021482127780028e+00
9.250000000000000e-01 6.872544235855034e+00 1.023350998133848e+00
9.300000000000000e-01 7.046556554689444e+00 1.025163404455646e+00
9.350000000000001e-01 7.224973200755413e+00 1.026924774944987e+00
9.400000000000001e-01 7.407905690264673e+00 1.028638423145869e+00
9.450000000000001e-01 7.595468361978146e+00 1.030306508519704e+00
9.500000000000001e-01 7.787778448671316e+00 1.031930626655980e+00
9.550000000000001e-01 7.984956150408610e+00 1.033512116301379e+00
9.600000000000000e-01 8.187124709672272e+00 1.035052197884708e+00
9.650000000000000e-01 8.394410488393007e+00 1.036552028762014e+00
9.700000000000000e-01 8.606943046930221e+00 1.038012723232473e+00
9.750000000000000e-01 8.824855225051540e+00 1.039435359569677e+00
9.800000000000000e-01 9.048283224961922e+00 1.040820982821397e+00
9.850000000000000e-01 9.277366696434507e+00 1.042170606361992e+00
9.900000000000000e-01 9.512248824096272e+00 1.043485213090362e+00
9.950000000000000e-01 9.753076416923058e+00 1.044765756510920e+00
1.000000000000000e+00 1.000000000000000e+01 1.046013161755115e+00
