0.000000000000000e+00 0.000000000000000e+00 2.016600083436862e-01
5.000000000000000e-03 3.369477419287315e-03 2.016609512874731e-01
1.000000000000000e-02 6.741060871647481e-03 2.016634535249855e-01
1.500000000000000e-02 1.011685770649257e-02 2.016676072423784e-01
2.000000000000000e-02 1.349897790673588e-02 2.016734420803981e-01
2.500000000000000e-02 1.688953540759990e-02 2.016809812775281e-01
3.000000000000000e-02 2.029064941789469e-02 2.016902397469312e-01
3.500000000000000e-02 2.370444574459234e-02 2.017012452676147e-01
4.000000000000000e-02 2.713305812152553e-02 2.017140346972071e-01
4.500000000000000e-02 3.057862954304063e-02 2.017286447612066e-01
5.000000000000000e-02 3.404331360343898e-02 2.017451175218015e-01
5.500000000000000e-02 3.752927584304335e-02 2.017635054473738e-01
6.000000000000000e-02 4.103869510173117e-02 2.017838679149672e-01
6.500000000000000e-02 4.457376488078044e-02 2.018062660958328e-01
7.000000000000001e-02 4.813669471387935e-02 2.018307640866397e-01
7.500000000000000e-02 5.172971154815675e-02 2.018574366795096e-01
8.000000000000000e-02 5.535506113609672e-02 2.018863731808201e-01
8.500000000000001e-02 5.901500943920686e-02 2.019176680467871e-01
9.000000000000000e-02 6.271184404431801e-02 2.019514157133715e-01
9.500000000000000e-02 6.644787559340060e-02 2.019877191715529e-01
1.000000000000000e-01 7.022543922779090e-02 2.020266926447268e-01
1.050000000000000e-01 7.404689604773053e-02 2.020684609359958e-01
1.100000000000000e-01 7.791463458813094e-02 2.021131656968294e-01
1.150000000000000e-01 8.183107231148547e-02 2.021609581386425e-01
1.200000000000000e-01 8.579865711886202e-02 2.022119949475591e-01
1.250000000000000e-01 8.981986887992111e-02 2.022664462733804e-01
1.300000000000000e-01 9.389722098291493e-02 2.023244892530668e-01
1.350000000000000e-01 9.803326190563690e-02 2.023863162733698e-01
1.400000000000000e-01 1.022305768083033e-01 2.024521359612125e-01
1.450000000000000e-01 1.064917891493625e-01 2.025221718328316e-01
1.500000000000000e-01 1.108195623252418e-01 2.025966679924583e-01
1.550000000000000e-01 1.152166013350572e-01 2.026758850337408e-01
1.600000000000000e-01 1.196856544713255e-01 2.027601051655057e-01
1.650000000000000e-01 1.242295150377370e-01 2.028496305762989e-01
1.700000000000000e-01 1.288510230950609e-01 2.029447867596020e-01
1.750000000000000e-01 1.335530672362758e-01 2.030459232220307e-01
1.800000000000000e-01 1.383385863920344e-01 2.031534159254648e-01
1.850000000000000e-01 1.432105716675912e-01 2.032676691339508e-01
1.900000000000000e-01 1.481720682123397e-01 2.033891178001132e-01
1.950000000000000e-01 1.532261771231311e-01 2.035182299922922e-01
2.000000000000000e-01 1.583760573825595e-01 2.036555095953946e-01
2.050000000000000e-01 1.636249278334301e-01 2.038014992203894e-01
2.100000000000000e-01 1.689760691906397e-01 2.039567833753416e-01
2.150000000000000e-01 1.744328260917313e-01 2.041219919099649e-01
2.200000000000000e-01 1.799986091874004e-01 2.042978037618045e-01
2.250000000000000e-01 1.856768972732633e-01 2.044849510292748e-01
2.300000000000000e-01 1.914712394642179e-01 2.046842234002473e-01
2.350000000000000e-01 1.973852574127551e-01 2.048964729666898e-01
2.400000000000000e-01 2.034226475726105e-01 2.051226194583732e-01
2.450000000000000e-01 2.095871835091678e-01 2.053636559312141e-01
2.500000000000000e-01 2.158827182580599e-01 2.056206549485725e-01
2.550000000000000e-01 2.223131867334419e-01 2.058947752967516e-01
2.600000000000000e-01 2.288826081874405e-01 2.061872692790389e-01
2.650000000000000e-01 2.355950887223172e-01 2.064994906359010e-01
2.700000000000000e-01 2.424548238569160e-01 2.068329031423858e-01
2.750000000000000e-01 2.494661011489995e-01 2.071890899373967e-01
2.800000000000000e-01 2.566333028751116e-01 2.075697636432736e-01
2.850000000000000e-01 2.639609087696434e-01 2.079767773380412e-01
2.900000000000000e-01 2.714534988248126e-01 2.084121364467308e-01
2.950000000000000e-01 2.791157561533084e-01 2.088780116223564e-01
3.000000000000000e-01 2.869524699153886e-01 2.093767526913598e-01
3.050000000000000e-01 2.949685383122613e-01 2.099109037426223e-01
3.100000000000000e-01 3.031689716476197e-01 2.104832194433951e-01
3.150000000000000e-01 3.115588954592450e-01 2.110966826696655e-01
3.200000000000000e-01 3.201435537226349e-01 2.117545235424408e-01
3.250000000000000e-01 3.289283121286580e-01 2.124602399650875e-01
3.300000000000000e-01 3.379186614372866e-01 2.132176197600300e-01
3.350000000000000e-01 3.471202209094989e-01 2.140307645055869e-01
3.400000000000000e-01 3.565387418195016e-01 2.149041151752379e-01
3.450000000000000e-01 3.661801110494620e-01 2.158424796818021e-01
3.500000000000000e-01 3.760503547690021e-01 2.168510624274449e-01
3.550000000000000e-01 3.861556422017504e-01 2.179354959565169e-01
3.600000000000000e-01 3.965022894813072e-01 2.191018748012514e-01
3.650000000000000e-01 4.070967635990345e-01 2.203567915993608e-01
3.700000000000000e-01 4.179456864461349e-01 2.217073755464064e-01
3.750000000000000e-01 4.290558389525505e-01 2.231613332229663e-01
3.800000000000000e-01 4.404341653252637e-01 2.247269918052279e-01
3.850000000000000e-01 4.520877773886537e-01 2.264133446253231e-01
3.900000000000000e-01 4.640239590296172e-01 2.282300989915874e-01
3.950000000000000e-01 4.762501707502353e-01 2.301877261053335e-01
4.000000000000000e-01 4.887740543308307e-01 2.322975128152265e-01
4.050000000000000e-01 5.016034376063282e-01 2.345716148275124e-01
4.100000000000000e-01 5.147463393589066e-01 2.370231108335963e-01
4.150000000000000e-01 5.282109743299990e-01 2.396660568179624e-01
4.200000000000000e-01 5.420057583547735e-01 2.425155395598879e-01
4.250000000000000e-01 5.561393136223041e-01 2.455877280310924e-01
4.300000000000000e-01 5.706204740647189e-01 2.488999210061411e-01
4.350000000000000e-01 5.854582908786964e-01 2.524705887295927e-01
4.400000000000000e-01 6.006620381827575e-01 2.563194059091860e-01
4.450000000000000e-01 6.162412188138907e-01 2.604672726134489e-01
4.500000000000000e-01 6.322055702671360e-01 2.649363188320382e-01
4.550000000000000e-01 6.485650707818353e-01 2.697498874985880e-01
4.600000000000000e-01 6.653299455783577e-01 2.749324896765548e-01
4.650000000000000e-01 6.825106732491932e-01 2.805097243780642e-01
4.700000000000000e-01 7.001179923084168e-01 2.865081541522275e-01
4.750000000000000e-01 7.181629079036070e-01 2.929551261985121e-01
4.800000000000000e-01 7.366566986944229e-01 2.998785274272990e-01
4.850000000000000e-01 7.556109239021327e-01 3.073064607513631e-01
4.900000000000000e-01 7.750374305345038e-01 3.152668291645508e-01
4.950000000000000e-01 7.949483607905672e-01 3.237868141464661e-01
5.000000000000000e-01 8.153561596498893e-01 3.328922360174824e-01
5.050000000000000e-01 8.362735826510871e-01 3.426067865442112e-01
5.100000000000000e-01 8.577137038644561e-01 3.529511289241087e-01
5.150000000000000e-01 8.796899240636907e-01 3.639418678459149e-01
5.200000000000000e-01 9.022159791018011e-01 3.755904031447091e-01
5.250000000000000e-01 9.253059484964714e-01 3.879016949354492e-01
5.300000000000000e-01 9.489742642302165e-01 4.008729858657927e-01
5.350000000000000e-01 9.732357197708378e-01 4.144925464270148e-01
5.400000000000000e-01 9.981054793178262e-01 4.287385302913805e-01
5.450000000000000e-01 1.023599087280478e+00 4.435780454643577e-01
5.500000000000000e-01 1.049732477993657e+00 4.589665596160780e-01
5.550000000000000e-01 1.076521985677273e+00 4.748477595483619e-01
5.600000000000001e-01 1.103984354645701e+00 4.911539707539420e-01
5.650000000000001e-01 1.132136749773522e+00 5.078072102286170e-01
5.700000000000001e-01 1.160996767224129e+00 5.247208937892097e-01
5.750000000000001e-01 1.190582445447902e+00 5.418021519637201e-01
5.800000000000000e-01 1.220912276456826e+00 5.589546344867579e-01
5.850000000000000e-01 1.252005217382601e+00 5.760816147096860e-01
5.900000000000000e-01 1.283880702325469e+00 5.930891553578483e-01
5.950000000000000e-01 1.316558654501151e+00 6.098890775806695e-01
6.000000000000000e-01 1.350059498693518e+00 6.264014923024436e-01
6.050000000000000e-01 1.384404174020732e+00 6.425567050900789e-01
6.100000000000000e-01 1.419614147022888e+00 6.582963841073026e-01
6.150000000000000e-01 1.455711425079295e+00 6.735739708453642e-01
6.200000000000000e-01 1.492718570163803e+00 6.883543991762979e-01
6.250000000000000e-01 1.530658712946775e+00 7.026132560858875e-01
6.300000000000000e-01 1.569555567252506e+00 7.163355585105668e-01
6.350000000000000e-01 1.609433444881138e+00 7.295143324713180e-01
6.400000000000000e-01 1.650317270804325e+00 7.421491661106827e-01
6.450000000000000e-01 1.692232598744148e+00 7.542448739855200e-01
6.500000000000000e-01 1.735205627145031e+00 7.658103644154594e-01
6.550000000000000e-01 1.779263215548615e+00 7.768577531114456e-01
6.600000000000000e-01 1.824432901381847e+00 7.874017217192094e-01
6.650000000000000e-01 1.870742917168772e+00 7.974590844622915e-01
6.700000000000000e-01 1.918222208176775e+00 8.070485028881089e-01
6.750000000000000e-01 1.966900450508319e+00 8.161902789755002e-01
6.800000000000000e-01 2.016808069649473e+00 8.249061599243753e-01
6.850000000000001e-01 2.067976259486829e+00 8.332191016331094e-01
6.900000000000001e-01 2.120437001804702e+00 8.411529587773942e-01
6.950000000000001e-01 2.174223086274785e+00 8.487320933949710e-01
7.000000000000001e-01 2.229368130950753e+00 8.559809166753926e-01
7.050000000000000e-01 2.285906603280654e+00 8.629233964985407e-01
7.100000000000000e-01 2.343873841650178e+00 8.695825735335118e-01
7.150000000000000e-01 2.403306077470301e+00 8.759801303109621e-01
7.200000000000000e-01 2.464240457823092e+00 8.821360511765550e-01
7.250000000000000e-01 2.526715068679855e+00 8.880683984101830e-01
7.300000000000000e-01 2.590768958706095e+00 8.937932139735831e-01
7.350000000000000e-01 2.656442163668210e+00 8.993245405135143e-01
7.400000000000000e-01 2.723775731457148e+00 9.046745421878313e-01
7.450000000000000e-01 2.792811747744667e+00 9.098536974758735e-01
7.500000000000000e-01 2.863593362288260e+00 9.148710330916484e-01
7.550000000000000e-01 2.936164815901156e+00 9.197343700093374e-01
7.600000000000000e-01 3.010571468104263e+00 9.244505581480454e-01
7.650000000000000e-01 3.086859825477351e+00 9.290256837276107e-01
7.700000000000000e-01 3.165077570727174e+00 9.334652409987816e-01
7.750000000000000e-01 3.245273592490716e+00 9.377742666422378e-01
7.800000000000000e-01 3.327498015892184e+00 9.419574398597793e-01
7.850000000000000e-01 3.411802233872832e+00 9.460191538624466e-01
7.900000000000000e-01 3.498238939313234e+00 9.499635653578111e-01
7.950000000000000e-01 3.586862157968046e+00 9.537946282654214e-01
8.000000000000000e-01 3.677727282233856e+00 9.575161168116666e-01
8.050000000000000e-01 3.770891105771243e+00 9.611316418498650e-01
8.100000000000001e-01 3.866411859002656e+00 9.646446630367906e-01
8.150000000000001e-01 3.964349245508326e+00 9.680584985308556e-01
8.200000000000001e-01 4.064764479342956e+00 9.713763331944457e-01
8.250000000000001e-01 4.167720323296481e+00 9.746012258461961e-01
8.300000000000001e-01 4.273281128122877e+00 9.777361158535183e-01
8.350000000000000e-01 4.381512872761445e+00 9.807838292179354e-01
8.400000000000000e-01 4.492483205575838e+00 9.837470842367197e-01
8.450000000000000e-01 4.606261486636447e+00 9.866284967916092e-01
8.500000000000000e-01 4.722918831072739e+00 9.894305853002519e-01
8.550000000000000e-01 4.842528153522501e+00 9.921557753587418e-01
8.600000000000000e-01 4.965164213705875e+00 9.948064040996170e-01
8.650000000000000e-01 5.090903663152626e+00 9.973847242870257e-01
8.700000000000000e-01 5.219825093111814e+00 9.998929081686997e-01
8.750000000000000e-01 5.352009083673925e+00 1.002333051102605e+00
8.800000000000000e-01 5.487538254136007e+00 1.004707174974583e+00
8.850000000000000e-01 5.626497314641444e+00 1.007017231421884e+00
8.900000000000000e-01 5.768973119126561e+00 1.009265104876252e+00
8.950000000000000e-01 5.915054719607133e+00 1.011452615439061e+00
9.000000000000000e-01 6.064833421838831e+00 1.013581521599998e+00
9.050000000000000e-01 6.218402842386253e+00 1.015653522809822e+00
9.100000000000000e-01 6.375858967136348e+00 1.017670261916930e+00
9.150000000000000e-01 6.537300211292723e+00 1.019633327476644e+00
9.200000000000000e-01 6.702827480888332e+00 1.021544255941476e+00
9.250000000000000e-01 6.872544235855034e+00 1.023404533739964e+00
9.300000000000000e-01 7.046556554689444e+00 1.025215599251119e+00
9.350000000000001e-01 7.224973200755413e+00 1.026978844680962e+00
9.400000000000001e-01 7.407905690264673e+00 1.028695617847197e+00
9.450000000000001e-01 7.595468361978146e+00 1.030367223877561e+00
9.500000000000001e-01 7.787778448671316e+00 1.031994926827049e+00
9.550000000000001e-01 7.984956150408610e+00 1.033579951218810e+00
9.600000000000000e-01 8.187124709672272e+00 1.035123483513165e+00
9.650000000000000e-01 8.394410488393007e+00 1.036626673508908e+00
9.700000000000000e-01 8.606943046930221e+00 1.038090635680756e+00
9.750000000000000e-01 8.824855225051540e+00 1.039516450456533e+00
9.800000000000000e-01 9.048283224961922e+00 1.040905165437468e+00
9.850000000000000e-01 9.277366696434507e+00 1.042257796564716e+00
9.900000000000000e-01 9.512248824096272e+00 1.043575329235044e+00
9.950000000000000e-01 9.753076416923058e+00 1.044858719368412e+00
1.000000000000000e+00 1.000000000000000e+01 1.046108894430008e+00
