0.000000000000000e+00 0.000000000000000e+00 2.093272316146788e-02
5.000000000000000e-03 3.369477419287315e-03 2.093347421399283e-02
1.000000000000000e-02 6.741060871647481e-03 2.093547394012286e-02
1.500000000000000e-02 1.011685770649257e-02 2.093880478534369e-02
2.000000000000000e-02 1.349897790673588e-02 2.094348196452974e-02
2.500000000000000e-02 1.688953540759990e-02 2.094951965513468e-02
3.000000000000000e-02 2.029064941789469e-02 2.095693130510946e-02
3.500000000000000e-02 2.370444574459234e-02 2.096573753505290e-02
4.000000000000000e-02 2.713305812152553e-02 2.097596363108499e-02
4.500000000000000e-02 3.057862954304063e-02 2.098763659827215e-02
5.000000000000000e-02 3.404331360343898e-02 2.100078841070204e-02
5.500000000000000e-02 3.752927584304335e-02 2.101545631489883e-02
6.000000000000000e-02 4.103869510173117e-02 2.103168002614653e-02
6.500000000000000e-02 4.457376488078044e-02 2.104950338466072e-02
7.000000000000001e-02 4.813669471387935e-02 2.106897693603118e-02
7.500000000000000e-02 5.172971154815675e-02 2.109015538980831e-02
8.000000000000000e-02 5.535506113609672e-02 2.111309633528310e-02
8.500000000000001e-02 5.901500943920686e-02 2.113786371249936e-02
9.000000000000000e-02 6.271184404431801e-02 2.116452842708842e-02
9.500000000000000e-02 6.644787559340060e-02 2.119316530088172e-02
1.000000000000000e-01 7.022543922779090e-02 2.122385421419504e-02
1.050000000000000e-01 7.404689604773053e-02 2.125668315465464e-02
1.100000000000000e-01 7.791463458813094e-02 2.129174662256055e-02
1.150000000000000e-01 8.183107231148547e-02 2.132914415326854e-02
1.200000000000000e-01 8.579865711886202e-02 2.136898351051714e-02
1.250000000000000e-01 8.981986887992111e-02 2.141138177767554e-02
1.300000000000000e-01 9.389722098291493e-02 2.145646253774417e-02
1.350000000000000e-01 9.803326190563690e-02 2.150435686766159e-02
1.400000000000000e-01 1.022305768083033e-01 2.155520741961053e-02
1.450000000000000e-01 1.064917891493625e-01 2.160916747842527e-02
1.500000000000000e-01 1.108195623252418e-01 2.166639812994327e-02
1.550000000000000e-01 1.152166013350572e-01 2.172707132447522e-02
1.600000000000000e-01 1.196856544713255e-01 2.179137405490982e-02
1.650000000000000e-01 1.242295150377370e-01 2.185950627176753e-02
1.700000000000000e-01 1.288510230950609e-01 2.193167856301484e-02
1.750000000000000e-01 1.335530672362758e-01 2.200811644985819e-02
1.800000000000000e-01 1.383385863920344e-01 2.208906476576266e-02
1.850000000000000e-01 1.432105716675912e-01 2.217478545924839e-02
1.900000000000000e-01 1.481720682123397e-01 2.226555558719282e-02
1.950000000000000e-01 1.532261771231311e-01 2.236167213410885e-02
2.000000000000000e-01 1.583760573825595e-01 2.246345726703328e-02
2.050000000000000e-01 1.636249278334301e-01 2.257125714932004e-02
2.100000000000000e-01 1.689760691906397e-01 2.268544008726668e-02
2.150000000000000e-01 1.744328260917313e-01 2.280640094449635e-02
2.200000000000000e-01 1.799986091874004e-01 2.293456739641138e-02
2.250000000000000e-01 1.856768972732633e-01 2.307040169735952e-02
2.300000000000000e-01 1.914712394642179e-01 2.321440063224435e-02
2.350000000000000e-01 1.973852574127551e-01 2.336709796513624e-02
2.400000000000000e-01 2.034226475726105e-01 2.352906937606678e-02
2.450000000000000e-01 2.095871835091678e-01 2.370093946783386e-02
2.500000000000000e-01 2.158827182580599e-01 2.388338794119983e-02
2.550000000000000e-01 2.223131867334419e-01 2.407715083431202e-02
2.600000000000000e-01 2.288826081874405e-01 2.428302292044794e-02
2.650000000000000e-01 2.355950887223172e-01 2.450186739517823e-02
2.700000000000000e-01 2.424548238569160e-01 2.473462557514819e-02
2.750000000000000e-01 2.494661011489995e-01 2.498232550941098e-02
2.800000000000000e-01 2.566333028751116e-01 2.524609356203646e-02
2.850000000000000e-01 2.639609087696434e-01 2.552716206474707e-02
2.900000000000000e-01 2.714534988248126e-01 2.582687910786376e-02
2.950000000000000e-01 2.791157561533084e-01 2.614672500585036e-02
3.000000000000000e-01 2.869524699153886e-01 2.648832616152682e-02
3.050000000000000e-01 2.949685383122613e-01 2.685347687723541e-02
3.100000000000000e-01 3.031689716476197e-01 2.724416130897862e-02
3.150000000000000e-01 3.115588954592450e-01 2.766257805275310e-02
3.200000000000000e-01 3.201435537226349e-01 2.811117088185650e-02
3.250000000000000e-01 3.289283121286580e-01 2.859266080906251e-02
3.300000000000000e-01 3.379186614372866e-01 2.911008715782197e-02
3.350000000000000e-01 3.471202209094989e-01 2.966685303983789e-02
3.400000000000000e-01 3.565387418195016e-01 3.026678110512532e-02
3.450000000000000e-01 3.661801110494620e-01 3.091417836069127e-02
3.500000000000000e-01 3.760503547690021e-01 3.161391405173491e-02
3.550000000000000e-01 3.861556422017504e-01 3.237151236224408e-02
3.600000000000000e-01 3.965022894813072e-01 3.319326394290002e-02
3.650000000000000e-01 4.070967635990345e-01 3.408636044711528e-02
3.700000000000000e-01 4.179456864461349e-01 3.505905784131872e-02
3.750000000000000e-01 4.290558389525505e-01 3.612087569651463e-02
3.800000000000000e-01 4.404341653252637e-01 3.728284185060613e-02
3.850000000000000e-01 4.520877773886537e-01 3.855779461561552e-02
3.900000000000000e-01 4.640239590296172e-01 3.996075847637627e-02
3.950000000000000e-01 4.762501707502353e-01 4.150941429005760e-02
4.000000000000000e-01 4.887740543308307e-01 4.322469186017138e-02
4.050000000000000e-01 5.016034376063282e-01 4.513152210368450e-02
4.100000000000000e-01 5.147463393589066e-01 4.725979880809728e-02
4.150000000000000e-01 5.282109743299990e-01 4.964561748762247e-02
4.200000000000000e-01 5.420057583547735e-01 5.233288283434197e-02
4.250000000000000e-01 5.561393136223041e-01 5.537540894069107e-02
4.300000000000000e-01 5.706204740647189e-01 5.883968040323789e-02
4.350000000000000e-01 5.854582908786964e-01 6.280849985214980e-02
4.400000000000000e-01 6.006620381827575e-01 6.738581835737205e-02
4.450000000000000e-01 6.162412188138907e-01 7.270312210541369e-02
4.500000000000000e-01 6.322055702671360e-01 7.892780443734428e-02
4.550000000000000e-01 6.485650707818353e-01 8.627391113801791e-02
4.600000000000000e-01 6.653299455783577e-01 9.501532326230235e-02
4.650000000000000e-01 6.825106732491932e-01 1.055004200327318e-01
4.700000000000000e-01 7.001179923084168e-01 1.181647053834887e-01
4.750000000000000e-01 7.181629079036070e-01 1.335323694511474e-01
4.800000000000000e-01 7.366566986944229e-01 1.521877993144892e-01
4.850000000000000e-01 7.556109239021327e-01 1.746851143983372e-01
4.900000000000000e-01 7.750374305345038e-01 2.013607165005636e-01
4.950000000000000e-01 7.949483607905672e-01 2.320544869994898e-01
5.000000000000000e-01 8.153561596498893e-01 2.658623663893895e-01
5.050000000000000e-01 8.362735826510871e-01 3.011678474911539e-01
5.100000000000000e-01 8.577137038644561e-01 3.361032599564891e-01
5.150000000000000e-01 8.796899240636907e-01 3.691981707304400e-01
5.200000000000000e-01 9.022159791018011e-01 3.997356056540654e-01
5.250000000000000e-01 9.253059484964714e-01 4.276457168620806e-01
5.300000000000000e-01 9.489742642302165e-01 4.531900178433937e-01
5.350000000000000e-01 9.732357197708378e-01 4.767133525164283e-01
5.400000000000000e-01 9.981054793178262e-01 4.985312508681099e-01
5.450000000000000e-01 1.023599087280478e+00 5.189009691830869e-01
5.500000000000000e-01 1.049732477993657e+00 5.380244577551272e-01
5.550000000000000e-01 1.076521985677273e+00 5.560592926060038e-01
5.600000000000001e-01 1.103984354645701e+00 5.731295400773212e-01
5.650000000000001e-01 1.132136749773522e+00 5.893344351381539e-01
5.700000000000001e-01 1.160996767224129e+00 6.047547794215357e-01
5.750000000000001e-01 1.190582445447902e+00 6.194575342508249e-01
5.800000000000000e-01 1.220912276456826e+00 6.334991081492790e-01
5.850000000000000e-01 1.252005217382601e+00 6.469277304309295e-01
5.900000000000000e-01 1.283880702325469e+00 6.597851922988680e-01
5.950000000000000e-01 1.316558654501151e+00 6.721081495061360e-01
6.000000000000000e-01 1.350059498693518e+00 6.839291182291366e-01
6.050000000000000e-01 1.384404174020732e+00 6.952772534444482e-01
6.100000000000000e-01 1.419614147022888e+00 7.061789707277203e-01
6.150000000000000e-01 1.455711425079295e+00 7.166584534128815e-01
6.200000000000000e-01 1.492718570163803e+00 7.267380742628228e-01
6.250000000000000e-01 1.530658712946775e+00 7.364387520435801e-01
6.300000000000000e-01 1.569555567252506e+00 7.457802572498171e-01
6.350000000000000e-01 1.609433444881138e+00 7.547814767881781e-01
6.400000000000000e-01 1.650317270804325e+00 7.634606441011933e-01
6.450000000000000e-01 1.692232598744148e+00 7.718355386363658e-01
6.500000000000000e-01 1.735205627145031e+00 7.799236565025592e-01
6.550000000000000e-01 1.779263215548615e+00 7.877423524731254e-01
6.600000000000000e-01 1.824432901381847e+00 7.953089521213412e-01
6.650000000000000e-01 1.870742917168772e+00 8.026408317824181e-01
6.700000000000000e-01 1.918222208176775e+00 8.097554632316825e-01
6.750000000000000e-01 1.966900450508319e+00 8.166704194735727e-01
6.800000000000000e-01 2.016808069649473e+00 8.234033378830637e-01
6.850000000000001e-01 2.067976259486829e+00 8.299718371630240e-01
6.900000000000001e-01 2.120437001804702e+00 8.363933852050526e-01
6.950000000000001e-01 2.174223086274785e+00 8.426851159855668e-01
7.000000000000001e-01 2.229368130950753e+00 8.488635951029494e-01
7.050000000000000e-01 2.285906603280654e+00 8.549445354726577e-01
7.100000000000000e-01 2.343873841650178e+00 8.609424670608293e-01
7.150000000000000e-01 2.403306077470301e+00 8.668703673898542e-01
7.200000000000000e-01 2.464240457823092e+00 8.727392629601649e-01
7.250000000000000e-01 2.526715068679855e+00 8.785578158017564e-01
7.300000000000000e-01 2.590768958706095e+00 8.843319142092012e-01
7.350000000000000e-01 2.656442163668210e+00 8.900642923968139e-01
7.400000000000000e-01 2.723775731457148e+00 8.957542102691034e-01
7.450000000000000e-01 2.792811747744667e+00 9.013972313780685e-01
7.500000000000000e-01 2.863593362288260e+00 9.069851435803463e-01
7.550000000000000e-01 2.936164815901156e+00 9.125060713340741e-01
7.600000000000000e-01 3.010571468104263e+00 9.179448284961303e-01
7.650000000000000e-01 3.086859825477351e+00 9.232835525028525e-01
7.700000000000000e-01 3.165077570727174e+00 9.285026410982185e-01
7.750000000000000e-01 3.245273592490716e+00 9.335819781962289e-01
7.800000000000000e-01 3.327498015892184e+00 9.385023856913449e-01
7.850000000000000e-01 3.411802233872832e+00 9.432471780901995e-01
7.900000000000000e-01 3.498238939313234e+00 9.478036390736353e-01
7.950000000000000e-01 3.586862157968046e+00 9.521642025725406e-01
8.000000000000000e-01 3.677727282233856e+00 9.563271265612028e-01
8.050000000000000e-01 3.770891105771243e+00 9.602965092733826e-01
8.100000000000001e-01 3.866411859002656e+00 9.640816116383220e-01
8.150000000000001e-01 3.964349245508326e+00 9.676955912513041e-01
8.200000000000001e-01 4.064764479342956e+00 9.711538803702763e-01
8.250000000000001e-01 4.167720323296481e+00 9.744725104319940e-01
8.300000000000001e-01 4.273281128122877e+00 9.776666736425761e-01
8.350000000000000e-01 4.381512872761445e+00 9.807497239623002e-01
8.400000000000000e-01 4.492483205575838e+00 9.837326892881527e-01
8.450000000000000e-01 4.606261486636447e+00 9.866242404420545e-01
8.500000000000000e-01 4.722918831072739e+00 9.894309791252284e-01
8.550000000000000e-01 4.842528153522501e+00 9.921578820232198e-01
8.600000000000000e-01 4.965164213705875e+00 9.948087630324995e-01
8.650000000000000e-01 5.090903663152626e+00 9.973866665876917e-01
8.700000000000000e-01 5.219825093111814e+00 9.998941575492988e-01
8.750000000000000e-01 5.352009083673925e+00 1.002333511072741e+00
8.800000000000000e-01 5.487538254136007e+00 1.004706824816601e+00
8.850000000000000e-01 5.626497314641444e+00 1.007016079571093e+00
8.900000000000000e-01 5.768973119126561e+00 1.009263169772567e+00
8.950000000000000e-01 5.915054719607133e+00 1.011449918329333e+00
9.000000000000000e-01 6.064833421838831e+00 1.013578084072279e+00
9.050000000000000e-01 6.218402842386253e+00 1.015649366033831e+00
9.100000000000000e-01 6.375858967136348e+00 1.017665406444463e+00
9.150000000000000e-01 6.537300211292723e+00 1.019627793208770e+00
9.200000000000000e-01 6.702827480888332e+00 1.021538062140285e+00
9.250000000000000e-01 6.872544235855034e+00 1.023397699050441e+00
9.300000000000000e-01 7.046556554689444e+00 1.025208141724369e+00
9.350000000000001e-01 7.224973200755413e+00 1.026970781796826e+00
9.400000000000001e-01 7.407905690264673e+00 1.028686966535867e+00
9.450000000000001e-01 7.595468361978146e+00 1.030358000540194e+00
9.500000000000001e-01 7.787778448671316e+00 1.031985147355425e+00
9.550000000000001e-01 7.984956150408610e+00 1.033569631014074e+00
9.600000000000000e-01 8.187124709672272e+00 1.035112637503720e+00
9.650000000000000e-01 8.394410488393007e+00 1.036615316167498e+00
9.700000000000000e-01 8.606943046930221e+00 1.038078781040787e+00
9.750000000000000e-01 8.824855225051540e+00 1.039504112127678e+00
9.800000000000000e-01 9.048283224961922e+00 1.040892356620586e+00
9.850000000000000e-01 9.277366696434507e+00 1.042244530066131e+00
9.900000000000000e-01 9.512248824096272e+00 1.043561617480213e+00
9.950000000000000e-01 9.753076416923058e+00 1.044844574415017e+00
1.000000000000000e+00 1.000000000000000e+01 1.046094327980498e+00
