0.000000000000000e+00 0.000000000000000e+00 0.000000000000000e+00
5.000000000000000e-03 3.369477419287315e-03 -1.058825635670663e-03
1.000000000000000e-02 6.741060871647481e-03 -3.690537328108637e-03
1.500000000000000e-02 1.011685770649257e-02 -8.272873585841068e-03
2.000000000000000e-02 1.349897790673588e-02 -1.147962910482664e-02
2.500000000000000e-02 1.688953540759990e-02 -1.455962580780308e-02
3.000000000000000e-02 2.029064941789469e-02 -1.754639801582262e-02
3.500000000000000e-02 2.370444574459234e-02 -2.072918528086053e-02
4.000000000000000e-02 2.713305812152553e-02 -2.385193321047722e-02
4.500000000000000e-02 3.057862954304063e-02 -2.698502144046922e-02
5.000000000000000e-02 3.404331360343898e-02 -3.004477669205557e-02
5.500000000000000e-02 3.752927584304335e-02 -3.318120177755987e-02
6.000000000000000e-02 4.103869510173117e-02 -3.634156924215112e-02
6.500000000000000e-02 4.457376488078044e-02 -3.952394732497253e-02
7.000000000000001e-02 4.813669471387935e-02 -4.266963065281357e-02
7.500000000000000e-02 5.172971154815675e-02 -4.586753909662388e-02
8.000000000000000e-02 5.535506113609672e-02 -4.910918445875585e-02
8.500000000000001e-02 5.901500943920686e-02 -5.238602626835470e-02
9.000000000000000e-02 6.271184404431801e-02 -5.564626195753743e-02
9.500000000000000e-02 6.644787559340060e-02 -5.894216439807860e-02
1.000000000000000e-01 7.022543922779090e-02 -6.229284007097013e-02
1.050000000000000e-01 7.404689604773053e-02 -6.570131701170005e-02
1.100000000000000e-01 7.791463458813094e-02 -6.910994731525008e-02
1.150000000000000e-01 8.183107231148547e-02 -7.253679317726995e-02
1.200000000000000e-01 8.579865711886202e-02 -7.601919360961702e-02
1.250000000000000e-01 8.981986887992111e-02 -7.958243202589865e-02
1.300000000000000e-01 9.389722098291493e-02 -8.317171475621418e-02
1.350000000000000e-01 9.803326190563690e-02 -8.677526813106536e-02
1.400000000000000e-01 1.022305768083033e-01 -9.042041930139195e-02
1.450000000000000e-01 1.064917891493625e-01 -9.414282978351277e-02
1.500000000000000e-01 1.108195623252418e-01 -9.792412512928209e-02
1.550000000000000e-01 1.152166013350572e-01 -1.017567426394457e-01
1.600000000000000e-01 1.196856544713255e-01 -1.056226828122696e-01
1.650000000000000e-01 1.242295150377370e-01 -1.095259428708246e-01
1.700000000000000e-01 1.288510230950609e-01 -1.134922755094277e-01
1.750000000000000e-01 1.335530672362758e-01 -1.175465700284737e-01
1.800000000000000e-01 1.383385863920344e-01 -1.216633637922395e-01
1.850000000000000e-01 1.432105716675912e-01 -1.258386435932234e-01
1.900000000000000e-01 1.481720682123397e-01 -1.300635075158847e-01
1.950000000000000e-01 1.532261771231311e-01 -1.343301801748529e-01
2.000000000000000e-01 1.583760573825595e-01 -1.386593532792844e-01
2.050000000000000e-01 1.636249278334301e-01 -1.430634092971446e-01
2.100000000000000e-01 1.689760691906397e-01 -1.475376661048143e-01
2.150000000000000e-01 1.744328260917313e-01 -1.521037221324033e-01
2.200000000000000e-01 1.799986091874004e-01 -1.567364530737765e-01
2.250000000000000e-01 1.856768972732633e-01 -1.614530986028775e-01
2.300000000000000e-01 1.914712394642179e-01 -1.662352193305704e-01
2.350000000000000e-01 1.973852574127551e-01 -1.710923669201429e-01
2.400000000000000e-01 2.034226475726105e-01 -1.760177752627274e-01
2.450000000000000e-01 2.095871835091678e-01 -1.810155491220556e-01
2.500000000000000e-01 2.158827182580599e-01 -1.860843862012350e-01
2.550000000000000e-01 2.223131867334419e-01 -1.912256407468530e-01
2.600000000000000e-01 2.288826081874405e-01 -1.964391361699543e-01
2.650000000000000e-01 2.355950887223172e-01 -2.017249556234832e-01
2.700000000000000e-01 2.424548238569160e-01 -2.070826537158196e-01
2.750000000000000e-01 2.494661011489995e-01 -2.125115621184145e-01
2.800000000000000e-01 2.566333028751116e-01 -2.180106689881452e-01
2.850000000000000e-01 2.639609087696434e-01 -2.235786475477898e-01
2.900000000000000e-01 2.714534988248126e-01 -2.292138251113491e-01
2.950000000000000e-01 2.791157561533084e-01 -2.349141650312638e-01
3.000000000000000e-01 2.869524699153886e-01 -2.406772394812935e-01
3.050000000000000e-01 2.949685383122613e-01 -2.465002007783749e-01
3.100000000000000e-01 3.031689716476197e-01 -2.523797495594748e-01
3.150000000000000e-01 3.115588954592450e-01 -2.583121005751169e-01
3.200000000000000e-01 3.201435537226349e-01 -2.642929460433834e-01
3.250000000000000e-01 3.289283121286580e-01 -2.703174166398178e-01
3.300000000000000e-01 3.379186614372866e-01 -2.763800401234389e-01
3.350000000000000e-01 3.471202209094989e-01 -2.824746975956565e-01
3.400000000000000e-01 3.565387418195016e-01 -2.885945773796899e-01
3.450000000000000e-01 3.661801110494620e-01 -2.947321265057772e-01
3.500000000000000e-01 3.760503547690021e-01 -3.008789997858672e-01
3.550000000000000e-01 3.861556422017504e-01 -3.070260064595219e-01
3.600000000000000e-01 3.965022894813072e-01 -3.131630543886602e-01
3.650000000000000e-01 4.070967635990345e-01 -3.192790917711105e-01
3.700000000000000e-01 4.179456864461349e-01 -3.253620463301988e-01
3.750000000000000e-01 4.290558389525505e-01 -3.313987619182698e-01
3.800000000000000e-01 4.404341653252637e-01 -3.373749324448378e-01
3.850000000000000e-01 4.520877773886537e-01 -3.432750330038465e-01
3.900000000000000e-01 4.640239590296172e-01 -3.490822480288857e-01
3.950000000000000e-01 4.762501707502353e-01 -3.547783962506166e-01
4.000000000000000e-01 4.887740543308307e-01 -3.603438521694948e-01
4.050000000000000e-01 5.016034376063282e-01 -3.657574636940706e-01
4.100000000000000e-01 5.147463393589066e-01 -3.709964655397334e-01
4.150000000000000e-01 5.282109743299990e-01 -3.760363879500687e-01
4.200000000000000e-01 5.420057583547735e-01 -3.808509603166788e-01
4.250000000000000e-01 5.561393136223041e-01 -3.854120093697427e-01
4.300000000000000e-01 5.706204740647189e-01 -3.896893518438007e-01
4.350000000000000e-01 5.854582908786964e-01 -3.936506819673691e-01
4.400000000000000e-01 6.006620381827575e-01 -3.972614548871321e-01
4.450000000000000e-01 6.162412188138907e-01 -4.004847683617844e-01
4.500000000000000e-01 6.322055702671360e-01 -4.032812469377123e-01
4.550000000000000e-01 6.485650707818353e-01 -4.056089355914231e-01
4.600000000000000e-01 6.653299455783577e-01 -4.074232137877614e-01
4.650000000000000e-01 6.825106732491932e-01 -4.086767463959913e-01
4.700000000000000e-01 7.001179923084168e-01 -4.093194952731851e-01
4.750000000000000e-01 7.181629079036070e-01 -4.092988248501123e-01
4.800000000000000e-01 7.366566986944229e-01 -4.085597468350054e-01
4.850000000000000e-01 7.556109239021327e-01 -4.070453628902906e-01
4.900000000000000e-01 7.750374305345038e-01 -4.046975788511702e-01
4.950000000000000e-01 7.949483607905672e-01 -4.014581776748112e-01
5.000000000000000e-01 8.153561596498893e-01 -3.972703472451887e-01
5.050000000000000e-01 8.362735826510871e-01 -3.920807579448589e-01
5.100000000000000e-01 8.577137038644561e-01 -3.858422661777171e-01
5.150000000000000e-01 8.796899240636907e-01 -3.785172752318453e-01
5.200000000000000e-01 9.022159791018011e-01 -3.700817061623620e-01
5.250000000000000e-01 9.253059484964714e-01 -3.605294150478715e-01
5.300000000000000e-01 9.489742642302165e-01 -3.498767442731731e-01
5.350000000000000e-01 9.732357197708378e-01 -3.381667335879308e-01
5.400000000000000e-01 9.981054793178262e-01 -3.254723773403430e-01
5.450000000000000e-01 1.023599087280478e+00 -3.118982466821170e-01
5.500000000000000e-01 1.049732477993657e+00 -2.975798505887464e-01
5.550000000000000e-01 1.076521985677273e+00 -2.826803200227196e-01
5.600000000000001e-01 1.103984354645701e+00 -2.673843583441980e-01
5.650000000000001e-01 1.132136749773522e+00 -2.518898484392997e-01
5.700000000000001e-01 1.160996767224129e+00 -2.363979384154629e-01
5.750000000000001e-01 1.190582445447902e+00 -2.211027247692849e-01
5.800000000000000e-01 1.220912276456826e+00 -2.061817266798905e-01
5.850000000000000e-01 1.252005217382601e+00 -1.917881761638570e-01
5.900000000000000e-01 1.283880702325469e+00 -1.780457905203973e-01
5.950000000000000e-01 1.316558654501151e+00 -1.650462522775910e-01
6.000000000000000e-01 1.350059498693518e+00 -1.528492134299427e-01
6.050000000000000e-01 1.384404174020732e+00 -1.414843497731108e-01
6.100000000000000e-01 1.419614147022888e+00 -1.309548509856955e-01
6.150000000000000e-01 1.455711425079295e+00 -1.212417286283380e-01
6.200000000000000e-01 1.492718570163803e+00 -1.123084148098720e-01
6.250000000000000e-01 1.530658712946775e+00 -1.041052596618668e-01
6.300000000000000e-01 1.569555567252506e+00 -9.657367558836517e-02
6.350000000000000e-01 1.609433444881138e+00 -8.964979540624300e-02
6.400000000000000e-01 1.650317270804325e+00 -8.326759939299141e-02
6.450000000000000e-01 1.692232598744148e+00 -7.736152264396763e-02
6.500000000000000e-01 1.735205627145031e+00 -7.186858428640364e-02
6.550000000000000e-01 1.779263215548615e+00 -6.673009113714698e-02
6.600000000000000e-01 1.824432901381847e+00 -6.189296710654488e-02
6.650000000000000e-01 1.870742917168772e+00 -5.731075149697015e-02
6.700000000000000e-01 1.918222208176775e+00 -5.294429828107483e-02
6.750000000000000e-01 1.966900450508319e+00 -4.876219717840036e-02
6.800000000000000e-01 2.016808069649473e+00 -4.474092770709746e-02
6.850000000000001e-01 2.067976259486829e+00 -4.086475065782303e-02
6.900000000000001e-01 2.120437001804702e+00 -3.712533858280876e-02
6.950000000000001e-01 2.174223086274785e+00 -3.352114861450078e-02
7.000000000000001e-01 2.229368130950753e+00 -3.005654757754999e-02
7.050000000000000e-01 2.285906603280654e+00 -2.674071076058893e-02
7.100000000000000e-01 2.343873841650178e+00 -2.358633097288372e-02
7.150000000000000e-01 2.403306077470301e+00 -2.060819189371708e-02
7.200000000000000e-01 2.464240457823092e+00 -1.782167672551696e-02
7.250000000000000e-01 2.526715068679855e+00 -1.524129679803435e-02
7.300000000000000e-01 2.590768958706095e+00 -1.287933206492881e-02
7.350000000000000e-01 2.656442163668210e+00 -1.074467402849954e-02
7.400000000000000e-01 2.723775731457148e+00 -8.841950347638744e-03
7.450000000000000e-01 2.792811747744667e+00 -7.170989597167928e-03
7.500000000000000e-01 2.863593362288260e+00 -5.726656316104631e-03
7.550000000000000e-01 2.936164815901156e+00 -4.499053880703200e-03
7.600000000000000e-01 3.010571468104263e+00 -3.474059903754149e-03
7.650000000000000e-01 3.086859825477351e+00 -2.634129928259024e-03
7.700000000000000e-01 3.165077570727174e+00 -1.959283727981070e-03
7.750000000000000e-01 3.245273592490716e+00 -1.428177048489899e-03
7.800000000000000e-01 3.327498015892184e+00 -1.019161214342198e-03
7.850000000000000e-01 3.411802233872832e+00 -7.112432674169551e-04
7.900000000000000e-01 3.498238939313234e+00 -4.848783446583147e-04
7.950000000000000e-01 3.586862157968046e+00 -3.225508808114232e-04
8.000000000000000e-01 3.677727282233856e+00 -2.091282980142672e-04
8.050000000000000e-01 3.770891105771243e+00 -1.319963922268111e-04
8.100000000000001e-01 3.866411859002656e+00 -8.100642510813885e-05
8.150000000000001e-01 3.964349245508326e+00 -4.827777232148704e-05
8.200000000000001e-01 4.064764479342956e+00 -2.790598206042373e-05
8.250000000000001e-01 4.167720323296481e+00 -1.562473752156641e-05
8.300000000000001e-01 4.273281128122877e+00 -8.463089295764403e-06
8.350000000000000e-01 4.381512872761445e+00 -4.428691156607828e-06
8.400000000000000e-01 4.492483205575838e+00 -2.236029475447853e-06
8.450000000000000e-01 4.606261486636447e+00 -1.087823791455856e-06
8.500000000000000e-01 4.722918831072739e+00 -5.092625620828104e-07
8.550000000000000e-01 4.842528153522501e+00 -2.291145850963943e-07
8.600000000000000e-01 4.965164213705875e+00 -9.892861833189920e-08
8.650000000000000e-01 5.090903663152626e+00 -4.094371064894232e-08
8.700000000000000e-01 5.219825093111814e+00 -1.622170119297760e-08
8.750000000000000e-01 5.352009083673925e+00 -6.144834967391447e-09
8.800000000000000e-01 5.487538254136007e+00 -2.222823092986561e-09
8.850000000000000e-01 5.626497314641444e+00 -7.669638663363383e-10
8.900000000000000e-01 5.768973119126561e+00 -2.521364368631989e-10
8.950000000000000e-01 5.915054719607133e+00 -7.889070260605903e-11
9.000000000000000e-01 6.064833421838831e+00 -2.346983961973947e-11
9.050000000000000e-01 6.218402842386253e+00 -6.632557113670859e-12
9.100000000000000e-01 6.375858967136348e+00 -1.778937668646257e-12
9.150000000000000e-01 6.537300211292723e+00 -4.524837106921003e-13
9.200000000000000e-01 6.702827480888332e+00 -1.090671242574234e-13
9.250000000000000e-01 6.872544235855034e+00 -2.489735036376803e-14
9.300000000000000e-01 7.046556554689444e+00 -5.379406470397139e-15
9.350000000000001e-01 7.224973200755413e+00 -1.099575925036373e-15
9.400000000000001e-01 7.407905690264673e+00 -2.125431915202906e-16
9.450000000000001e-01 7.595468361978146e+00 -3.883783204079372e-17
9.500000000000001e-01 7.787778448671316e+00 -6.707111809213874e-18
9.550000000000001e-01 7.984956150408610e+00 -1.094477783959669e-18
9.600000000000000e-01 8.187124709672272e+00 -1.687395390890297e-19
9.650000000000000e-01 8.394410488393007e+00 -2.457768020299884e-20
9.700000000000000e-01 8.606943046930221e+00 -3.382056017508283e-21
9.750000000000000e-01 8.824855225051540e+00 -4.397061541880679e-22
9.800000000000000e-01 9.048283224961922e+00 -5.401747350382529e-23
9.850000000000000e-01 9.277366696434507e+00 -6.271439270425547e-24
9.900000000000000e-01 9.512248824096272e+00 -6.878039155161024e-25
9.950000000000000e-01 9.753076416923058e+00 -7.494195076152772e-26
1.000000000000000e+00 1.000000000000000e+01 3.069205582258927e-26
