0.000000000000000e+00 0.000000000000000e+00 0.000000000000000e+00
5.000000000000000e-03 3.369477419287315e-03 -3.053018518814058e-03
1.000000000000000e-02 6.741060871647481e-03 -5.734395880569093e-03
1.500000000000000e-02 1.011685770649257e-02 -8.432641210231103e-03
2.000000000000000e-02 1.349897790673588e-02 -1.171433415791720e-02
2.500000000000000e-02 1.688953540759990e-02 -1.541728807817875e-02
3.000000000000000e-02 2.029064941789469e-02 -1.855922393756695e-02
3.500000000000000e-02 2.370444574459234e-02 -2.182825445786905e-02
4.000000000000000e-02 2.713305812152553e-02 -2.512892103661847e-02
4.500000000000000e-02 3.057862954304063e-02 -2.841641754706415e-02
5.000000000000000e-02 3.404331360343898e-02 -3.163706444155818e-02
5.500000000000000e-02 3.752927584304335e-02 -3.499718886375816e-02
6.000000000000000e-02 4.103869510173117e-02 -3.832266721632507e-02
6.500000000000000e-02 4.457376488078044e-02 -4.162679932392985e-02
7.000000000000001e-02 4.813669471387935e-02 -4.497291752474365e-02
7.500000000000000e-02 5.172971154815675e-02 -4.840593158859950e-02
8.000000000000000e-02 5.535506113609672e-02 -5.180022005391228e-02
8.500000000000001e-02 5.901500943920686e-02 -5.522618703528947e-02
9.000000000000000e-02 6.271184404431801e-02 -5.871750465170394e-02
9.500000000000000e-02 6.644787559340060e-02 -6.224269238845997e-02
1.000000000000000e-01 7.022543922779090e-02 -6.576111119201976e-02
1.050000000000000e-01 7.404689604773053e-02 -6.935765629207626e-02
1.100000000000000e-01 7.791463458813094e-02 -7.300628597510711e-02
1.150000000000000e-01 8.183107231148547e-02 -7.666689909360766e-02
1.200000000000000e-01 8.579865711886202e-02 -8.036370160478355e-02
1.250000000000000e-01 8.981986887992111e-02 -8.415454954831088e-02
1.300000000000000e-01 9.389722098291493e-02 -8.798202618769806e-02
1.350000000000000e-01 9.803326190563690e-02 -9.183181930113452e-02
1.400000000000000e-01 1.022305768083033e-01 -9.574942752725478e-02
1.450000000000000e-01 1.064917891493625e-01 -9.975665435865538e-02
1.500000000000000e-01 1.108195623252418e-01 -1.037989115210952e-01
1.550000000000000e-01 1.152166013350572e-01 -1.078865574221346e-01
1.600000000000000e-01 1.196856544713255e-01 -1.120587258148181e-01
1.650000000000000e-01 1.242295150377370e-01 -1.163147627700580e-01
1.700000000000000e-01 1.288510230950609e-01 -1.206155460982541e-01
1.750000000000000e-01 1.335530672362758e-01 -1.249818146220497e-01
1.800000000000000e-01 1.383385863920344e-01 -1.294419425021115e-01
1.850000000000000e-01 1.432105716675912e-01 -1.339884734864644e-01
1.900000000000000e-01 1.481720682123397e-01 -1.385935665473632e-01
1.950000000000000e-01 1.532261771231311e-01 -1.432765651612419e-01
2.000000000000000e-01 1.583760573825595e-01 -1.480615080138636e-01
2.050000000000000e-01 1.636249278334301e-01 -1.529447697185076e-01
2.100000000000000e-01 1.689760691906397e-01 -1.579018609815712e-01
2.150000000000000e-01 1.744328260917313e-01 -1.629427325505986e-01
2.200000000000000e-01 1.799986091874004e-01 -1.680924750701298e-01
2.250000000000000e-01 1.856768972732633e-01 -1.733590378469561e-01
2.300000000000000e-01 1.914712394642179e-01 -1.787193756639258e-01
2.350000000000000e-01 1.973852574127551e-01 -1.841689713071153e-01
2.400000000000000e-01 2.034226475726105e-01 -1.897293386102474e-01
2.450000000000000e-01 2.095871835091678e-01 -1.954208171883367e-01
2.500000000000000e-01 2.158827182580599e-01 -2.012334086266568e-01
2.550000000000000e-01 2.223131867334419e-01 -2.071577068973084e-01
2.600000000000000e-01 2.288826081874405e-01 -2.131954344999174e-01
2.650000000000000e-01 2.355950887223172e-01 -2.193581961759724e-01
2.700000000000000e-01 2.424548238569160e-01 -2.256603025608241e-01
2.750000000000000e-01 2.494661011489995e-01 -2.321133804708199e-01
2.800000000000000e-01 2.566333028751116e-01 -2.387079534599314e-01
2.850000000000000e-01 2.639609087696434e-01 -2.454407166463558e-01
2.900000000000000e-01 2.714534988248126e-01 -2.523173150054910e-01
2.950000000000000e-01 2.791157561533084e-01 -2.593425694480519e-01
3.000000000000000e-01 2.869524699153886e-01 -2.665308698191832e-01
3.050000000000000e-01 2.949685383122613e-01 -2.738961443692783e-01
3.100000000000000e-01 3.031689716476197e-01 -2.814407927688423e-01
3.150000000000000e-01 3.115588954592450e-01 -2.891798466668004e-01
3.200000000000000e-01 3.201435537226349e-01 -2.971117796615367e-01
3.250000000000000e-01 3.289283121286580e-01 -3.052508924683218e-01
3.300000000000000e-01 3.379186614372866e-01 -3.136020262622010e-01
3.350000000000000e-01 3.471202209094989e-01 -3.221799998056009e-01
3.400000000000000e-01 3.565387418195016e-01 -3.309970137210729e-01
3.450000000000000e-01 3.661801110494620e-01 -3.400703397474500e-01
3.500000000000000e-01 3.760503547690021e-01 -3.494183743251831e-01
3.550000000000000e-01 3.861556422017504e-01 -3.590632162330016e-01
3.600000000000000e-01 3.965022894813072e-01 -3.690302520444963e-01
3.650000000000000e-01 4.070967635990345e-01 -3.793494180736632e-01
3.700000000000000e-01 4.179456864461349e-01 -3.900560235033301e-01
3.750000000000000e-01 4.290558389525505e-01 -4.011921151512945e-01
3.800000000000000e-01 4.404341653252637e-01 -4.128080847145140e-01
3.850000000000000e-01 4.520877773886537e-01 -4.249647812492984e-01
3.900000000000000e-01 4.640239590296172e-01 -4.377362361687826e-01
3.950000000000000e-01 4.762501707502353e-01 -4.512132493093584e-01
4.000000000000000e-01 4.887740543308307e-01 -4.655081596445233e-01
4.050000000000000e-01 5.016034376063282e-01 -4.807612868903819e-01
4.100000000000000e-01 5.147463393589066e-01 -4.971497683286927e-01
4.150000000000000e-01 5.282109743299990e-01 -5.148999015687227e-01
4.200000000000000e-01 5.420057583547735e-01 -5.343047374906839e-01
4.250000000000000e-01 5.561393136223041e-01 -5.557497406775563e-01
4.300000000000000e-01 5.706204740647189e-01 -5.797512117835439e-01
4.350000000000000e-01 5.854582908786964e-01 -6.070155718252273e-01
4.400000000000000e-01 6.006620381827575e-01 -6.385340373152603e-01
4.450000000000000e-01 6.162412188138907e-01 -6.757398738270513e-01
4.500000000000000e-01 6.322055702671360e-01 -7.207813725503173e-01
4.550000000000000e-01 6.485650707818353e-01 -7.770183319884242e-01
4.600000000000000e-01 6.653299455783577e-01 -8.499608577623686e-01
4.650000000000000e-01 6.825106732491932e-01 -9.490247421699087e-01
4.700000000000000e-01 7.001179923084168e-01 -1.089951789533875e+00
4.750000000000000e-01 7.181629079036070e-01 -1.289325010406143e+00
4.800000000000000e-01 7.366566986944229e-01 -1.489238487140404e+00
4.850000000000000e-01 7.556109239021327e-01 -1.353222744254555e+00
4.900000000000000e-01 7.750374305345038e-01 -6.670183608069044e-01
4.950000000000000e-01 7.949483607905672e-01 -1.318231511121033e-01
5.000000000000000e-01 8.153561596498893e-01 -1.073407545902290e-01
5.050000000000000e-01 8.362735826510871e-01 -7.720251912150596e-02
5.100000000000000e-01 8.577137038644561e-01 -2.301737722429777e-02
5.150000000000000e-01 8.796899240636907e-01 -2.971792430221608e-02
5.200000000000000e-01 9.022159791018011e-01 -7.630282274798132e-03
5.250000000000000e-01 9.253059484964714e-01 -4.363591598606761e-03
5.300000000000000e-01 9.489742642302165e-01 1.397719462049231e-04
5.350000000000000e-01 9.732357197708378e-01 6.060563141493374e-03
5.400000000000000e-01 9.981054793178262e-01 6.482876809922744e-03
5.450000000000000e-01 1.023599087280478e+00 1.018800272908187e-02
5.500000000000000e-01 1.049732477993657e+00 1.079569160797721e-02
5.550000000000000e-01 1.076521985677273e+00 1.227688622967012e-02
5.600000000000001e-01 1.103984354645701e+00 1.316239577733523e-02
5.650000000000001e-01 1.132136749773522e+00 1.363380045505129e-02
5.700000000000001e-01 1.160996767224129e+00 1.428791043421187e-02
5.750000000000001e-01 1.190582445447902e+00 1.448351293473089e-02
5.800000000000000e-01 1.220912276456826e+00 1.478420056744021e-02
5.850000000000000e-01 1.252005217382601e+00 1.489400568156751e-02
5.900000000000000e-01 1.283880702325469e+00 1.496087826162213e-02
5.950000000000000e-01 1.316558654501151e+00 1.498206688481157e-02
6.000000000000000e-01 1.350059498693518e+00 1.493288129917961e-02
6.050000000000000e-01 1.384404174020732e+00 1.486439894677203e-02
6.100000000000000e-01 1.419614147022888e+00 1.475111810944851e-02
6.150000000000000e-01 1.455711425079295e+00 1.461502589871876e-02
6.200000000000000e-01 1.492718570163803e+00 1.445420458435889e-02
6.250000000000000e-01 1.530658712946775e+00 1.427172190733913e-02
6.300000000000000e-01 1.569555567252506e+00 1.407184899145452e-02
6.350000000000000e-01 1.609433444881138e+00 1.385456387068289e-02
6.400000000000000e-01 1.650317270804325e+00 1.362220754251863e-02
6.450000000000000e-01 1.692232598744148e+00 1.337520411414961e-02
6.500000000000000e-01 1.735205627145031e+00 1.311413084406758e-02
6.550000000000000e-01 1.779263215548615e+00 1.283921202445235e-02
6.600000000000000e-01 1.824432901381847e+00 1.255028810173028e-02
6.650000000000000e-01 1.870742917168772e+00 1.224704088214288e-02
6.700000000000000e-01 1.918222208176775e+00 1.192886988622072e-02
6.750000000000000e-01 1.966900450508319e+00 1.159497825600607e-02
6.800000000000000e-01 2.016808069649473e+00 1.124436447345259e-02
6.850000000000001e-01 2.067976259486829e+00 1.087583398100595e-02
6.900000000000001e-01 2.120437001804702e+00 1.048801122360774e-02
6.950000000000001e-01 2.174223086274785e+00 1.007934499253704e-02
7.000000000000001e-01 2.229368130950753e+00 9.648118084874856e-03
7.050000000000000e-01 2.285906603280654e+00 9.192456975417623e-03
7.100000000000000e-01 2.343873841650178e+00 8.710344959489712e-03
7.150000000000000e-01 2.403306077470301e+00 8.199640043264751e-03
7.200000000000000e-01 2.464240457823092e+00 7.658099590787931e-03
7.250000000000000e-01 2.526715068679855e+00 7.083414297074876e-03
7.300000000000000e-01 2.590768958706095e+00 6.473254374659844e-03
7.350000000000000e-01 2.656442163668210e+00 5.825331398574021e-03
7.400000000000000e-01 2.723775731457148e+00 5.137479673271301e-03
7.450000000000000e-01 2.792811747744667e+00 4.407761280536871e-03
7.500000000000000e-01 2.863593362288260e+00 3.634598969275379e-03
7.550000000000000e-01 2.936164815901156e+00 2.816940543986359e-03
7.600000000000000e-01 3.010571468104263e+00 1.954457096408987e-03
7.650000000000000e-01 3.086859825477351e+00 1.047774994832503e-03
7.700000000000000e-01 3.165077570727174e+00 9.873775851349378e-05
7.750000000000000e-01 3.245273592490716e+00 -8.893113740211298e-04
7.800000000000000e-01 3.327498015892184e+00 -1.911242079239326e-03
7.850000000000000e-01 3.411802233872832e+00 -2.959867798822120e-03
7.900000000000000e-01 3.498238939313234e+00 -4.025723606943196e-03
7.950000000000000e-01 3.586862157968046e+00 -5.096922629679519e-03
8.000000000000000e-01 3.677727282233856e+00 -6.159120693265058e-03
8.050000000000000e-01 3.770891105771243e+00 -7.195610705251242e-03
8.100000000000001e-01 3.866411859002656e+00 -8.187553624704963e-03
8.150000000000001e-01 3.964349245508326e+00 -9.114336521073142e-03
8.200000000000001e-01 4.064764479342956e+00 -9.954038275243172e-03
8.250000000000001e-01 4.167720323296481e+00 -1.068398296992393e-02
8.300000000000001e-01 4.273281128122877e+00 -1.128136490747412e-02
8.350000000000000e-01 4.381512872761445e+00 -1.172393810058137e-02
8.400000000000000e-01 4.492483205575838e+00 -1.199079809017740e-02
8.450000000000000e-01 4.606261486636447e+00 -1.206336914411945e-02
8.500000000000000e-01 4.722918831072739e+00 -1.192682043420095e-02
8.550000000000000e-01 4.842528153522501e+00 -1.157216500105337e-02
8.600000000000000e-01 4.965164213705875e+00 -1.099910950198442e-02
8.650000000000000e-01 5.090903663152626e+00 -1.021927932631751e-02
8.700000000000000e-01 5.219825093111814e+00 -9.258894968382378e-03
8.750000000000000e-01 5.352009083673925e+00 -8.159636710763342e-03
8.800000000000000e-01 5.487538254136007e+00 -6.976608549739282e-03
8.850000000000000e-01 5.626497314641444e+00 -5.773076126470537e-03
8.900000000000000e-01 5.768973119126561e+00 -4.612758220712426e-03
8.950000000000000e-01 5.915054719607133e+00 -3.551418820889867e-03
9.000000000000000e-01 6.064833421838831e+00 -2.629878160802710e-03
9.050000000000000e-01 6.218402842386253e+00 -1.870148786396843e-03
9.100000000000000e-01 6.375858967136348e+00 -1.275390037222761e-03
9.150000000000000e-01 6.537300211292723e+00 -8.332071579614165e-04
9.200000000000000e-01 6.702827480888332e+00 -5.209670563549293e-04
9.250000000000000e-01 6.872544235855034e+00 -3.115272969070412e-04
9.300000000000000e-01 7.046556554689444e+00 -1.780569571249353e-04
9.350000000000001e-01 7.224973200755413e+00 -9.723109139025079e-05
9.400000000000001e-01 7.407905690264673e+00 -5.070967690985373e-05
9.450000000000001e-01 7.595468361978146e+00 -2.525309027278859e-05
9.500000000000001e-01 7.787778448671316e+00 -1.200634512912212e-05
9.550000000000001e-01 7.984956150408610e+00 -5.449351686876695e-06
9.600000000000000e-01 8.187124709672272e+00 -2.361061974263266e-06
9.650000000000000e-01 8.394410488393007e+00 -9.765869366667550e-07
9.700000000000000e-01 8.606943046930221e+00 -3.856428023950541e-07
9.750000000000000e-01 8.824855225051540e+00 -1.454049967894305e-07
9.800000000000000e-01 9.048283224961922e+00 -5.234985181173551e-08
9.850000000000000e-01 9.277366696434507e+00 -1.801055023294052e-08
9.900000000000000e-01 9.512248824096272e+00 -5.884691711594208e-09
9.950000000000000e-01 9.753076416923058e+00 -1.920639426104296e-09
1.000000000000000e+00 1.000000000000000e+01 -3.018901155668686e-10
