0.000000000000000e+00 0.000000000000000e+00 0.000000000000000e+00
5.000000000000000e-03 3.369477419287315e-03 -2.919067507828907e-03
1.000000000000000e-02 6.741060871647481e-03 -5.604954757219852e-03
1.500000000000000e-02 1.011685770649257e-02 -8.475658396612016e-03
2.000000000000000e-02 1.349897790673588e-02 -1.176328570706271e-02
2.500000000000000e-02 1.688953540759990e-02 -1.545135725814821e-02
3.000000000000000e-02 2.029064941789469e-02 -1.860383382443880e-02
3.500000000000000e-02 2.370444574459234e-02 -2.187363007930007e-02
4.000000000000000e-02 2.713305812152553e-02 -2.518282068607586e-02
4.500000000000000e-02 3.057862954304063e-02 -2.848993846119521e-02
5.000000000000000e-02 3.404331360343898e-02 -3.171264290216096e-02
5.500000000000000e-02 3.752927584304335e-02 -3.507208344046866e-02
6.000000000000000e-02 4.103869510173117e-02 -3.841414250629119e-02
6.500000000000000e-02 4.457376488078044e-02 -4.172895279696237e-02
7.000000000000001e-02 4.813669471387935e-02 -4.507339742682514e-02
7.500000000000000e-02 5.172971154815675e-02 -4.851746707338635e-02
8.000000000000000e-02 5.535506113609672e-02 -5.192855103173581e-02
8.500000000000001e-02 5.901500943920686e-02 -5.535611545982447e-02
9.000000000000000e-02 6.271184404431801e-02 -5.884997129804511e-02
9.500000000000000e-02 6.644787559340060e-02 -6.239241134244785e-02
1.000000000000000e-01 7.022543922779090e-02 -6.592244872460387e-02
1.050000000000000e-01 7.404689604773053e-02 -6.951966149643331e-02
1.100000000000000e-01 7.791463458813094e-02 -7.317767202404253e-02
1.150000000000000e-01 8.183107231148547e-02 -7.685442828030684e-02
1.200000000000000e-01 8.579865711886202e-02 -8.055831974783872e-02
1.250000000000000e-01 8.981986887992111e-02 -8.435449109699823e-02
1.300000000000000e-01 9.389722098291493e-02 -8.819595064112430e-02
1.350000000000000e-01 9.803326190563690e-02 -9.205832420872209e-02
1.400000000000000e-01 1.022305768083033e-01 -9.598201193592262e-02
1.450000000000000e-01 1.064917891493625e-01 -9.999977488361489e-02
1.500000000000000e-01 1.108195623252418e-01 -1.040577826532966e-01
1.550000000000000e-01 1.152166013350572e-01 -1.081560190532417e-01
1.600000000000000e-01 1.196856544713255e-01 -1.123358772637379e-01
1.650000000000000e-01 1.242295150377370e-01 -1.166059850760292e-01
1.700000000000000e-01 1.288510230950609e-01 -1.209232889772124e-01
1.750000000000000e-01 1.335530672362758e-01 -1.253005947870791e-01
1.800000000000000e-01 1.383385863920344e-01 -1.297709192502178e-01
1.850000000000000e-01 1.432105716675912e-01 -1.343337164536053e-01
1.900000000000000e-01 1.481720682123397e-01 -1.389566419691445e-01
1.950000000000000e-01 1.532261771231311e-01 -1.436530239416562e-01
2.000000000000000e-01 1.583760573825595e-01 -1.484508605277871e-01
2.050000000000000e-01 1.636249278334301e-01 -1.533520438109053e-01
2.100000000000000e-01 1.689760691906397e-01 -1.583292421348543e-01
2.150000000000000e-01 1.744328260917313e-01 -1.633875314927218e-01
2.200000000000000e-01 1.799986091874004e-01 -1.685535736991285e-01
2.250000000000000e-01 1.856768972732633e-01 -1.738395743264720e-01
2.300000000000000e-01 1.914712394642179e-01 -1.792226859234538e-01
2.350000000000000e-01 1.973852574127551e-01 -1.846954782963486e-01
2.400000000000000e-01 2.034226475726105e-01 -1.902777818925609e-01
2.450000000000000e-01 2.095871835091678e-01 -1.959912852466684e-01
2.500000000000000e-01 2.158827182580599e-01 -2.018290227928313e-01
2.550000000000000e-01 2.223131867334419e-01 -2.077823702922966e-01
2.600000000000000e-01 2.288826081874405e-01 -2.138502523078334e-01
2.650000000000000e-01 2.355950887223172e-01 -2.200425824396573e-01
2.700000000000000e-01 2.424548238569160e-01 -2.263753191102344e-01
2.750000000000000e-01 2.494661011489995e-01 -2.328616030394572e-01
2.800000000000000e-01 2.566333028751116e-01 -2.394928027537415e-01
2.850000000000000e-01 2.639609087696434e-01 -2.462661689730773e-01
2.900000000000000e-01 2.714534988248126e-01 -2.531860250606135e-01
2.950000000000000e-01 2.791157561533084e-01 -2.602566357599886e-01
3.000000000000000e-01 2.869524699153886e-01 -2.674931423215123e-01
3.050000000000000e-01 2.949685383122613e-01 -2.749095496002241e-01
3.100000000000000e-01 3.031689716476197e-01 -2.825096496493710e-01
3.150000000000000e-01 3.115588954592450e-01 -2.903090728447665e-01
3.200000000000000e-01 3.201435537226349e-01 -2.983068877977848e-01
3.250000000000000e-01 3.289283121286580e-01 -3.065181988872316e-01
3.300000000000000e-01 3.379186614372866e-01 -3.149482742403250e-01
3.350000000000000e-01 3.471202209094989e-01 -3.236129350327702e-01
3.400000000000000e-01 3.565387418195016e-01 -3.325252314337778e-01
3.450000000000000e-01 3.661801110494620e-01 -3.417037365901346e-01
3.500000000000000e-01 3.760503547690021e-01 -3.511682584237263e-01
3.550000000000000e-01 3.861556422017504e-01 -3.609426784941212e-01
3.600000000000000e-01 3.965022894813072e-01 -3.710544850526688e-01
3.650000000000000e-01 4.070967635990345e-01 -3.815361799916658e-01
3.700000000000000e-01 4.179456864461349e-01 -3.924261940954521e-01
3.750000000000000e-01 4.290558389525505e-01 -4.037704216646757e-01
3.800000000000000e-01 4.404341653252637e-01 -4.156240368109728e-01
3.850000000000000e-01 4.520877773886537e-01 -4.280538991323858e-01
3.900000000000000e-01 4.640239590296172e-01 -4.411416815322857e-01
3.950000000000000e-01 4.762501707502353e-01 -4.549880245029367e-01
4.000000000000000e-01 4.887740543308307e-01 -4.697181212460483e-01
4.050000000000000e-01 5.016034376063282e-01 -4.854893513972990e-01
4.100000000000000e-01 5.147463393589066e-01 -5.025019030486606e-01
4.150000000000000e-01 5.282109743299990e-01 -5.210138589528300e-01
4.200000000000000e-01 5.420057583547735e-01 -5.413631314876757e-01
4.250000000000000e-01 5.561393136223041e-01 -5.640002319399523e-01
4.300000000000000e-01 5.706204740647189e-01 -5.895387994193287e-01
4.350000000000000e-01 5.854582908786964e-01 -6.188364830897177e-01
4.400000000000000e-01 6.006620381827575e-01 -6.531303507689211e-01
4.450000000000000e-01 6.162412188138907e-01 -6.942763538563271e-01
4.500000000000000e-01 6.322055702671360e-01 -7.452028509203266e-01
4.550000000000000e-01 6.485650707818353e-01 -8.108487164474201e-01
4.600000000000000e-01 6.653299455783577e-01 -9.003455243515858e-01
4.650000000000000e-01 6.825106732491932e-01 -1.032982323118413e+00
4.700000000000000e-01 7.001179923084168e-01 -1.258385492112140e+00
4.750000000000000e-01 7.181629079036070e-01 -1.730955691937743e+00
4.800000000000000e-01 7.366566986944229e-01 -2.420750705453241e+00
4.850000000000000e-01 7.556109239021327e-01 -1.445989154993625e+00
4.900000000000000e-01 7.750374305345038e-01 -8.974856100089548e-03
4.950000000000000e-01 7.949483607905672e-01 -1.286526813288028e-01
5.000000000000000e-01 8.153561596498893e-01 1.648254396012735e-03
5.050000000000000e-01 8.362735826510871e-01 -5.326608548563035e-03
5.100000000000000e-01 8.577137038644561e-01 -1.056612510590117e-02
5.150000000000000e-01 8.796899240636907e-01 2.862729339657189e-02
5.200000000000000e-01 9.022159791018011e-01 -1.320125160380139e-02
5.250000000000000e-01 9.253059484964714e-01 3.639222629703474e-02
5.300000000000000e-01 9.489742642302165e-01 -9.574533800035298e-03
5.350000000000000e-01 9.732357197708378e-01 3.402029022120132e-02
5.400000000000000e-01 9.981054793178262e-01 -3.261040751216687e-03
5.450000000000000e-01 1.023599087280478e+00 2.801868777234619e-02
5.500000000000000e-01 1.049732477993657e+00 3.350535832927395e-03
5.550000000000000e-01 1.076521985677273e+00 2.155336064502761e-02
5.600000000000001e-01 1.103984354645701e+00 8.855166214796055e-03
5.650000000000001e-01 1.132136749773522e+00 1.618412391332166e-02
5.700000000000001e-01 1.160996767224129e+00 1.259228732404914e-02
5.750000000000001e-01 1.190582445447902e+00 1.252679703228888e-02
5.800000000000000e-01 1.220912276456826e+00 1.446154489802022e-02
5.850000000000000e-01 1.252005217382601e+00 1.058744186284091e-02
5.900000000000000e-01 1.283880702325469e+00 1.476101520515049e-02
5.950000000000000e-01 1.316558654501151e+00 9.992507247732435e-03
6.000000000000000e-01 1.350059498693518e+00 1.402179017702023e-02
6.050000000000000e-01 1.384404174020732e+00 1.019004765127523e-02
6.100000000000000e-01 1.419614147022888e+00 1.283501514923339e-02
6.150000000000000e-01 1.455711425079295e+00 1.063531974229428e-02
6.200000000000000e-01 1.492718570163803e+00 1.169122564743726e-02
6.250000000000000e-01 1.530658712946775e+00 1.093940532565059e-02
6.300000000000000e-01 1.569555567252506e+00 1.086935282826946e-02
6.350000000000000e-01 1.609433444881138e+00 1.094440543077841e-02
6.400000000000000e-01 1.650317270804325e+00 1.041247030426953e-02
6.450000000000000e-01 1.692232598744148e+00 1.070027526739202e-02
6.500000000000000e-01 1.735205627145031e+00 1.019916333256912e-02
6.550000000000000e-01 1.779263215548615e+00 1.035900312738798e-02
6.600000000000000e-01 1.824432901381847e+00 1.006939746018209e-02
6.650000000000000e-01 1.870742917168772e+00 1.005103475382947e-02
6.700000000000000e-01 1.918222208176775e+00 9.926501483700169e-03
6.750000000000000e-01 1.966900450508319e+00 9.821233095849076e-03
6.800000000000000e-01 2.016808069649473e+00 9.757324149261401e-03
6.850000000000001e-01 2.067976259486829e+00 9.648474130995326e-03
6.900000000000001e-01 2.120437001804702e+00 9.586500644136579e-03
6.950000000000001e-01 2.174223086274785e+00 9.499544953335326e-03
7.000000000000001e-01 2.229368130950753e+00 9.430285772210127e-03
7.050000000000000e-01 2.285906603280654e+00 9.357615898572431e-03
7.100000000000000e-01 2.343873841650178e+00 9.286761072730326e-03
7.150000000000000e-01 2.403306077470301e+00 9.217644787551237e-03
7.200000000000000e-01 2.464240457823092e+00 9.146626779137731e-03
7.250000000000000e-01 2.526715068679855e+00 9.075090263050806e-03
7.300000000000000e-01 2.590768958706095e+00 9.000473504416240e-03
7.350000000000000e-01 2.656442163668210e+00 8.922240494200526e-03
7.400000000000000e-01 2.723775731457148e+00 8.838843824007415e-03
7.450000000000000e-01 2.792811747744667e+00 8.748842397204750e-03
7.500000000000000e-01 2.863593362288260e+00 8.650653188278325e-03
7.550000000000000e-01 2.936164815901156e+00 8.542464140049206e-03
7.600000000000000e-01 3.010571468104263e+00 8.422322838391354e-03
7.650000000000000e-01 3.086859825477351e+00 8.288045196712104e-03
7.700000000000000e-01 3.165077570727174e+00 8.137226568266437e-03
7.750000000000000e-01 3.245273592490716e+00 7.967207778568276e-03
7.800000000000000e-01 3.327498015892184e+00 7.775054889477395e-03
7.850000000000000e-01 3.411802233872832e+00 7.557537534429867e-03
7.900000000000000e-01 3.498238939313234e+00 7.311110461200808e-03
7.950000000000000e-01 3.586862157968046e+00 7.031902090793860e-03
8.000000000000000e-01 3.677727282233856e+00 6.715712320089276e-03
8.050000000000000e-01 3.770891105771243e+00 6.358028324129651e-03
8.100000000000001e-01 3.866411859002656e+00 5.954068644492898e-03
8.150000000000001e-01 3.964349245508326e+00 5.498864883636056e-03
8.200000000000001e-01 4.064764479342956e+00 4.987397135117366e-03
8.250000000000001e-01 4.167720323296481e+00 4.414811381645571e-03
8.300000000000001e-01 4.273281128122877e+00 3.776744584048454e-03
8.350000000000000e-01 4.381512872761445e+00 3.069774012938737e-03
8.400000000000000e-01 4.492483205575838e+00 2.292018462246890e-03
8.450000000000000e-01 4.606261486636447e+00 1.443921115074828e-03
8.500000000000000e-01 4.722918831072739e+00 5.291741696818203e-04
8.550000000000000e-01 4.842528153522501e+00 -4.443594779665369e-04
8.600000000000000e-01 4.965164213705875e+00 -1.463887214207040e-03
8.650000000000000e-01 5.090903663152626e+00 -2.511172944305376e-03
8.700000000000000e-01 5.219825093111814e+00 -3.562350347364223e-03
8.750000000000000e-01 5.352009083673925e+00 -4.588264980875072e-03
8.800000000000000e-01 5.487538254136007e+00 -5.555519990604431e-03
8.850000000000000e-01 5.626497314641444e+00 -6.428002164481739e-03
8.900000000000000e-01 5.768973119126561e+00 -7.168226351654103e-03
8.950000000000000e-01 5.915054719607133e+00 -7.738076091333456e-03
9.000000000000000e-01 6.064833421838831e+00 -8.099653944917580e-03
9.050000000000000e-01 6.218402842386253e+00 -8.218097935722632e-03
9.100000000000000e-01 6.375858967136348e+00 -8.067967445880410e-03
9.150000000000000e-01 6.537300211292723e+00 -7.642636799547914e-03
9.200000000000000e-01 6.702827480888332e+00 -6.963246171253609e-03
9.250000000000000e-01 6.872544235855034e+00 -6.082326202698949e-03
9.300000000000000e-01 7.046556554689444e+00 -5.078672438046826e-03
9.350000000000001e-01 7.224973200755413e+00 -4.043850600788336e-03
9.400000000000001e-01 7.407905690264673e+00 -3.064646318961414e-03
9.450000000000001e-01 7.595468361978146e+00 -2.207534601361917e-03
9.500000000000001e-01 7.787778448671316e+00 -1.509999054252265e-03
9.550000000000001e-01 7.984956150408610e+00 -9.802858701066829e-04
9.600000000000000e-01 8.187124709672272e+00 -6.038517384337922e-04
9.650000000000000e-01 8.394410488393007e+00 -3.529449551498589e-04
9.700000000000000e-01 8.606943046930221e+00 -1.957682413273559e-04
9.750000000000000e-01 8.824855225051540e+00 -1.030857334182681e-04
9.800000000000000e-01 9.048283224961922e+00 -5.152898847429534e-05
9.850000000000000e-01 9.277366696434507e+00 -2.450422385038023e-05
9.900000000000000e-01 9.512248824096272e+00 -1.099067166883982e-05
9.950000000000000e-01 9.753076416923058e+00 -4.831509049469397e-06
1.000000000000000e+00 1.000000000000000e+01 -1.661860925878076e-06
