0.000000000000000e+00 0.000000000000000e+00 0.000000000000000e+00
5.000000000000000e-03 3.369477419287315e-03 -1.138349403013901e-03
1.000000000000000e-02 6.741060871647481e-03 -3.768091379233154e-03
1.500000000000000e-02 1.011685770649257e-02 -8.452906492503248e-03
2.000000000000000e-02 1.349897790673588e-02 -1.145802139397333e-02
2.500000000000000e-02 1.688953540759990e-02 -1.448636273492155e-02
3.000000000000000e-02 2.029064941789469e-02 -1.761468967463007e-02
3.500000000000000e-02 2.370444574459234e-02 -2.083140252526719e-02
4.000000000000000e-02 2.713305812152553e-02 -2.385187063789220e-02
4.500000000000000e-02 3.057862954304063e-02 -2.699262659699249e-02
5.000000000000000e-02 3.404331360343898e-02 -3.014017217017283e-02
5.500000000000000e-02 3.752927584304335e-02 -3.326916342094399e-02
6.000000000000000e-02 4.103869510173117e-02 -3.637362426112697e-02
6.500000000000000e-02 4.457376488078044e-02 -3.958899244078709e-02
7.000000000000001e-02 4.813669471387935e-02 -4.279140500551414e-02
7.500000000000000e-02 5.172971154815675e-02 -4.597673034683138e-02
8.000000000000000e-02 5.535506113609672e-02 -4.919740223880077e-02
8.500000000000001e-02 5.901500943920686e-02 -5.250602889729281e-02
9.000000000000000e-02 6.271184404431801e-02 -5.579895861871226e-02
9.500000000000000e-02 6.644787559340060e-02 -5.910140904627195e-02
1.000000000000000e-01 7.022543922779090e-02 -6.246411150898570e-02
1.050000000000000e-01 7.404689604773053e-02 -6.589032832313313e-02
1.100000000000000e-01 7.791463458813094e-02 -6.931156142619344e-02
1.150000000000000e-01 8.183107231148547e-02 -7.277162143775069e-02
1.200000000000000e-01 8.579865711886202e-02 -7.629943647967199e-02
1.250000000000000e-01 8.981986887992111e-02 -7.987492791567731e-02
1.300000000000000e-01 9.389722098291493e-02 -8.346269755049739e-02
1.350000000000000e-01 9.803326190563690e-02 -8.711042063574388e-02
1.400000000000000e-01 1.022305768083033e-01 -9.082799753879628e-02
1.450000000000000e-01 1.064917891493625e-01 -9.458947563653276e-02
1.500000000000000e-01 1.108195623252418e-01 -9.837957604111387e-02
1.550000000000000e-01 1.152166013350572e-01 -1.022411184793452e-01
1.600000000000000e-01 1.196856544713255e-01 -1.061763886373405e-01
1.650000000000000e-01 1.242295150377370e-01 -1.101617044915884e-01
1.700000000000000e-01 1.288510230950609e-01 -1.141876634859245e-01
1.750000000000000e-01 1.335530672362758e-01 -1.182888735827938e-01
1.800000000000000e-01 1.383385863920344e-01 -1.224711047066217e-01
1.850000000000000e-01 1.432105716675912e-01 -1.267173636532984e-01
1.900000000000000e-01 1.481720682123397e-01 -1.310131429454401e-01
1.950000000000000e-01 1.532261771231311e-01 -1.353808022830538e-01
2.000000000000000e-01 1.583760573825595e-01 -1.398368039147022e-01
2.050000000000000e-01 1.636249278334301e-01 -1.443778457025503e-01
2.100000000000000e-01 1.689760691906397e-01 -1.489801860163382e-01
2.150000000000000e-01 1.744328260917313e-01 -1.536464788429131e-01
2.200000000000000e-01 1.799986091874004e-01 -1.584002206477331e-01
2.250000000000000e-01 1.856768972732633e-01 -1.632573632240436e-01
2.300000000000000e-01 1.914712394642179e-01 -1.681978630545264e-01
2.350000000000000e-01 1.973852574127551e-01 -1.732092914079047e-01
2.400000000000000e-01 2.034226475726105e-01 -1.782986494678900e-01
2.450000000000000e-01 2.095871835091678e-01 -1.834800300439073e-01
2.500000000000000e-01 2.158827182580599e-01 -1.887611307502156e-01
2.550000000000000e-01 2.223131867334419e-01 -1.941484468592580e-01
2.600000000000000e-01 2.288826081874405e-01 -1.996264011682290e-01
2.650000000000000e-01 2.355950887223172e-01 -2.051868730642997e-01
2.700000000000000e-01 2.424548238569160e-01 -2.108358160960000e-01
2.750000000000000e-01 2.494661011489995e-01 -2.165755545400904e-01
2.800000000000000e-01 2.566333028751116e-01 -2.224149278020408e-01
2.850000000000000e-01 2.639609087696434e-01 -2.283643481766674e-01
2.900000000000000e-01 2.714534988248126e-01 -2.344159775338200e-01
2.950000000000000e-01 2.791157561533084e-01 -2.405790083566373e-01
3.000000000000000e-01 2.869524699153886e-01 -2.468416292123793e-01
3.050000000000000e-01 2.949685383122613e-01 -2.532094211816021e-01
3.100000000000000e-01 3.031689716476197e-01 -2.596761746795971e-01
3.150000000000000e-01 3.115588954592450e-01 -2.662444971185261e-01
3.200000000000000e-01 3.201435537226349e-01 -2.729124025741004e-01
3.250000000000000e-01 3.289283121286580e-01 -2.796805541997893e-01
3.300000000000000e-01 3.379186614372866e-01 -2.865480941964292e-01
3.350000000000000e-01 3.471202209094989e-01 -2.935145072795274e-01
3.400000000000000e-01 3.565387418195016e-01 -3.005786850881642e-01
3.450000000000000e-01 3.661801110494620e-01 -3.077392921394819e-01
3.500000000000000e-01 3.760503547690021e-01 -3.149945965161334e-01
3.550000000000000e-01 3.861556422017504e-01 -3.223425088081666e-01
3.600000000000000e-01 3.965022894813072e-01 -3.297805316411132e-01
3.650000000000000e-01 4.070967635990345e-01 -3.373057257695199e-01
3.700000000000000e-01 4.179456864461349e-01 -3.449146517116247e-01
3.750000000000000e-01 4.290558389525505e-01 -3.526032950128687e-01
3.800000000000000e-01 4.404341653252637e-01 -3.603669642894657e-01
3.850000000000000e-01 4.520877773886537e-01 -3.682001533908926e-01
3.900000000000000e-01 4.640239590296172e-01 -3.760963533454068e-01
3.950000000000000e-01 4.762501707502353e-01 -3.840477945791691e-01
4.000000000000000e-01 4.887740543308307e-01 -3.920450920081327e-01
4.050000000000000e-01 5.016034376063282e-01 -4.000767548625588e-01
4.100000000000000e-01 5.147463393589066e-01 -4.081285081515418e-01
4.150000000000000e-01 5.282109743299990e-01 -4.161823519908647e-01
4.200000000000000e-01 5.420057583547735e-01 -4.242152565325962e-01
4.250000000000000e-01 5.561393136223041e-01 -4.321973513780824e-01
4.300000000000000e-01 5.706204740647189e-01 -4.400894161749160e-01
4.350000000000000e-01 5.854582908786964e-01 -4.478394108233686e-01
4.400000000000000e-01 6.006620381827575e-01 -4.553776982478526e-01
4.450000000000000e-01 6.162412188138907e-01 -4.626105139972064e-01
4.500000000000000e-01 6.322055702671360e-01 -4.694111411829009e-01
4.550000000000000e-01 6.485650707818353e-01 -4.756081985565208e-01
4.600000000000000e-01 6.653299455783577e-01 -4.809705363950165e-01
4.650000000000000e-01 6.825106732491932e-01 -4.851886406805330e-01
4.700000000000000e-01 7.001179923084168e-01 -4.878534887231975e-01
4.750000000000000e-01 7.181629079036070e-01 -4.884359581961640e-01
4.800000000000000e-01 7.366566986944229e-01 -4.862737119707953e-01
4.850000000000000e-01 7.556109239021327e-01 -4.805781517088486e-01
4.900000000000000e-01 7.750374305345038e-01 -4.704803551585061e-01
4.950000000000000e-01 7.949483607905672e-01 -4.551376716539919e-01
5.000000000000000e-01 8.153561596498893e-01 -4.339136479444536e-01
5.050000000000000e-01 8.362735826510871e-01 -4.066141643143699e-01
5.100000000000000e-01 8.577137038644561e-01 -3.737132350615203e-01
5.150000000000000e-01 8.796899240636907e-01 -3.364585783876870e-01
5.200000000000000e-01 9.022159791018011e-01 -2.967569431488498e-01
5.250000000000000e-01 9.253059484964714e-01 -2.568301853858526e-01
5.300000000000000e-01 9.489742642302165e-01 -2.187624419188085e-01
5.350000000000000e-01 9.732357197708378e-01 -1.841262038458138e-01
5.400000000000000e-01 9.981054793178262e-01 -1.538196004512677e-01
5.450000000000000e-01 1.023599087280478e+00 -1.281183031065319e-01
5.500000000000000e-01 1.049732477993657e+00 -1.068492240554161e-01
5.550000000000000e-01 1.076521985677273e+00 -8.958218373991945e-02
5.600000000000001e-01 1.103984354645701e+00 -7.578002846302284e-02
5.650000000000001e-01 1.132136749773522e+00 -6.489399894532508e-02
5.700000000000001e-01 1.160996767224129e+00 -5.641478283025162e-02
5.750000000000001e-01 1.190582445447902e+00 -4.989453520669870e-02
5.800000000000000e-01 1.220912276456826e+00 -4.495219821852131e-02
5.850000000000000e-01 1.252005217382601e+00 -4.127025462426063e-02
5.900000000000000e-01 1.283880702325469e+00 -3.858773308841865e-02
5.950000000000000e-01 1.316558654501151e+00 -3.669209195382060e-02
6.000000000000000e-01 1.350059498693518e+00 -3.541129559201558e-02
6.050000000000000e-01 1.384404174020732e+00 -3.460666364581032e-02
6.100000000000000e-01 1.419614147022888e+00 -3.416668652422192e-02
6.150000000000000e-01 1.455711425079295e+00 -3.400180955520350e-02
6.200000000000000e-01 1.492718570163803e+00 -3.404010333926937e-02
6.250000000000000e-01 1.530658712946775e+00 -3.422370791679300e-02
6.300000000000000e-01 1.569555567252506e+00 -3.450593526398153e-02
6.350000000000000e-01 1.609433444881138e+00 -3.484892344620624e-02
6.400000000000000e-01 1.650317270804325e+00 -3.522174885264576e-02
6.450000000000000e-01 1.692232598744148e+00 -3.559891661966364e-02
6.500000000000000e-01 1.735205627145031e+00 -3.595916200415972e-02
6.550000000000000e-01 1.779263215548615e+00 -3.628450653611491e-02
6.600000000000000e-01 1.824432901381847e+00 -3.655952222348801e-02
6.650000000000000e-01 1.870742917168772e+00 -3.677076509527134e-02
6.700000000000000e-01 1.918222208176775e+00 -3.690634622421988e-02
6.750000000000000e-01 1.966900450508319e+00 -3.695561434849193e-02
6.800000000000000e-01 2.016808069649473e+00 -3.690892955529620e-02
6.850000000000001e-01 2.067976259486829e+00 -3.675751238816007e-02
6.900000000000001e-01 2.120437001804702e+00 -3.649335731364652e-02
6.950000000000001e-01 2.174223086274785e+00 -3.610920377788080e-02
7.000000000000001e-01 2.229368130950753e+00 -3.559856205674365e-02
7.050000000000000e-01 2.285906603280654e+00 -3.495579461537583e-02
7.100000000000000e-01 2.343873841650178e+00 -3.417625648379038e-02
7.150000000000000e-01 2.403306077470301e+00 -3.325649982487842e-02
7.200000000000000e-01 2.464240457823092e+00 -3.219454785448150e-02
7.250000000000000e-01 2.526715068679855e+00 -3.099024084196092e-02
7.300000000000000e-01 2.590768958706095e+00 -2.964565123506833e-02
7.350000000000000e-01 2.656442163668210e+00 -2.816555522311432e-02
7.400000000000000e-01 2.723775731457148e+00 -2.655793384554187e-02
7.450000000000000e-01 2.792811747744667e+00 -2.483445848921118e-02
7.500000000000000e-01 2.863593362288260e+00 -2.301089517711897e-02
7.550000000000000e-01 2.936164815901156e+00 -2.110734328362524e-02
7.600000000000000e-01 3.010571468104263e+00 -1.914821307182784e-02
7.650000000000000e-01 3.086859825477351e+00 -1.716184973871289e-02
7.700000000000000e-01 3.165077570727174e+00 -1.517973566019998e-02
7.750000000000000e-01 3.245273592490716e+00 -1.323524988113376e-02
7.800000000000000e-01 3.327498015892184e+00 -1.136203109939642e-02
7.850000000000000e-01 3.411802233872832e+00 -9.592066758381000e-03
7.900000000000000e-01 3.498238939313234e+00 -7.953699969579986e-03
7.950000000000000e-01 3.586862157968046e+00 -6.469789753560115e-03
8.000000000000000e-01 3.677727282233856e+00 -5.156264239140313e-03
8.050000000000000e-01 3.770891105771243e+00 -4.021265410901119e-03
8.100000000000001e-01 3.866411859002656e+00 -3.065003224468107e-03
8.150000000000001e-01 3.964349245508326e+00 -2.280331931681027e-03
8.200000000000001e-01 4.064764479342956e+00 -1.653953798208735e-03
8.250000000000001e-01 4.167720323296481e+00 -1.168066997921826e-03
8.300000000000001e-01 4.273281128122877e+00 -8.022222764340282e-04
8.350000000000000e-01 4.381512872761445e+00 -5.351451288511527e-04
8.400000000000000e-01 4.492483205575838e+00 -3.463146849406288e-04
8.450000000000000e-01 4.606261486636447e+00 -2.171562049791514e-04
8.500000000000000e-01 4.722918831072739e+00 -1.317843794248520e-04
8.550000000000000e-01 4.842528153522501e+00 -7.731168082186991e-05
8.600000000000000e-01 4.965164213705875e+00 -4.379531711246004e-05
8.650000000000000e-01 5.090903663152626e+00 -2.392975297472678e-05
8.700000000000000e-01 5.219825093111814e+00 -1.259853030667386e-05
8.750000000000000e-01 5.352009083673925e+00 -6.384605708168001e-06
8.800000000000000e-01 5.487538254136007e+00 -3.111443864919297e-06
8.850000000000000e-01 5.626497314641444e+00 -1.456819656812640e-06
8.900000000000000e-01 5.768973119126561e+00 -6.547717931511953e-07
8.950000000000000e-01 5.915054719607133e+00 -2.822681780177854e-07
9.000000000000000e-01 6.064833421838831e+00 -1.166252974097226e-07
9.050000000000000e-01 6.218402842386253e+00 -4.615063161065509e-08
9.100000000000000e-01 6.375858967136348e+00 -1.747978005117453e-08
9.150000000000000e-01 6.537300211292723e+00 -6.333026479658863e-09
9.200000000000000e-01 6.702827480888332e+00 -2.193669784541582e-09
9.250000000000000e-01 6.872544235855034e+00 -7.261176414958041e-10
9.300000000000000e-01 7.046556554689444e+00 -2.295793011659311e-10
9.350000000000001e-01 7.224973200755413e+00 -6.930826992422840e-11
9.400000000000001e-01 7.407905690264673e+00 -1.997202574601687e-11
9.450000000000001e-01 7.595468361978146e+00 -5.491901251224907e-12
9.500000000000001e-01 7.787778448671316e+00 -1.440739223806568e-12
9.550000000000001e-01 7.984956150408610e+00 -3.605182796180747e-13
9.600000000000000e-01 8.187124709672272e+00 -8.603660323324689e-14
9.650000000000000e-01 8.394410488393007e+00 -1.957963586934359e-14
9.700000000000000e-01 8.606943046930221e+00 -4.248720057393994e-15
9.750000000000000e-01 8.824855225051540e+00 -8.790729275244340e-16
9.800000000000000e-01 9.048283224961922e+00 -1.734196678158337e-16
9.850000000000000e-01 9.277366696434507e+00 -3.262198586450668e-17
9.900000000000000e-01 9.512248824096272e+00 -5.839390739913186e-18
9.950000000000000e-01 9.753076416923058e+00 -1.053211652205921e-18
1.000000000000000e+00 1.000000000000000e+01 1.853167087935633e-19
