0.000000000000000e+00 0.000000000000000e+00 0.000000000000000e+00
5.000000000000000e-03 3.369477419287315e-03 -1.318358569726281e-03
1.000000000000000e-02 6.741060871647481e-03 -3.993105501193531e-03
1.500000000000000e-02 1.011685770649257e-02 -8.248382805515344e-03
2.000000000000000e-02 1.349897790673588e-02 -1.134922886506369e-02
2.500000000000000e-02 1.688953540759990e-02 -1.449926547707687e-02
3.000000000000000e-02 2.029064941789469e-02 -1.754255376894144e-02
3.500000000000000e-02 2.370444574459234e-02 -2.067247790163228e-02
4.000000000000000e-02 2.713305812152553e-02 -2.373404435074649e-02
4.500000000000000e-02 3.057862954304063e-02 -2.689303707062073e-02
5.000000000000000e-02 3.404331360343898e-02 -2.998537217664795e-02
5.500000000000000e-02 3.752927584304335e-02 -3.307867862295419e-02
6.000000000000000e-02 4.103869510173117e-02 -3.619174408969945e-02
6.500000000000000e-02 4.457376488078044e-02 -3.939376396826778e-02
7.000000000000001e-02 4.813669471387935e-02 -4.256360345490093e-02
7.500000000000000e-02 5.172971154815675e-02 -4.572678639507012e-02
8.000000000000000e-02 5.535506113609672e-02 -4.892607381519915e-02
8.500000000000001e-02 5.901500943920686e-02 -5.221050992160636e-02
9.000000000000000e-02 6.271184404431801e-02 -5.549085790085147e-02
9.500000000000000e-02 6.644787559340060e-02 -5.876716545003867e-02
1.000000000000000e-01 7.022543922779090e-02 -6.207983438456283e-02
1.050000000000000e-01 7.404689604773053e-02 -6.547703159131586e-02
1.100000000000000e-01 7.791463458813094e-02 -6.889807101253799e-02
1.150000000000000e-01 8.183107231148547e-02 -7.232608429491279e-02
1.200000000000000e-01 8.579865711886202e-02 -7.578270354462605e-02
1.250000000000000e-01 8.981986887992111e-02 -7.931369566582640e-02
1.300000000000000e-01 9.389722098291493e-02 -8.289648335396367e-02
1.350000000000000e-01 9.803326190563690e-02 -8.651620560525713e-02
1.400000000000000e-01 1.022305768083033e-01 -9.015865364795272e-02
1.450000000000000e-01 1.064917891493625e-01 -9.384612299781324e-02
1.500000000000000e-01 1.108195623252418e-01 -9.759890812844763e-02
1.550000000000000e-01 1.152166013350572e-01 -1.014310432254924e-01
1.600000000000000e-01 1.196856544713255e-01 -1.053033329816054e-01
1.650000000000000e-01 1.242295150377370e-01 -1.092040793879165e-01
1.700000000000000e-01 1.288510230950609e-01 -1.131545821745934e-01
1.750000000000000e-01 1.335530672362758e-01 -1.171783051144740e-01
1.800000000000000e-01 1.383385863920344e-01 -1.212721700773718e-01
1.850000000000000e-01 1.432105716675912e-01 -1.254448588704627e-01
1.900000000000000e-01 1.481720682123397e-01 -1.296708926664147e-01
1.950000000000000e-01 1.532261771231311e-01 -1.339390187227257e-01
2.000000000000000e-01 1.583760573825595e-01 -1.382639529262343e-01
2.050000000000000e-01 1.636249278334301e-01 -1.426494529933000e-01
2.100000000000000e-01 1.689760691906397e-01 -1.471049631012211e-01
2.150000000000000e-01 1.744328260917313e-01 -1.516495811603104e-01
2.200000000000000e-01 1.799986091874004e-01 -1.562638512353833e-01
2.250000000000000e-01 1.856768972732633e-01 -1.609668848369410e-01
2.300000000000000e-01 1.914712394642179e-01 -1.657363051341043e-01
2.350000000000000e-01 1.973852574127551e-01 -1.705841549140632e-01
2.400000000000000e-01 2.034226475726105e-01 -1.754996889884093e-01
2.450000000000000e-01 2.095871835091678e-01 -1.804885871648809e-01
2.500000000000000e-01 2.158827182580599e-01 -1.855480201105420e-01
2.550000000000000e-01 2.223131867334419e-01 -1.906800435441303e-01
2.600000000000000e-01 2.288826081874405e-01 -1.958841901973149e-01
2.650000000000000e-01 2.355950887223172e-01 -2.011608055376708e-01
2.700000000000000e-01 2.424548238569160e-01 -2.065094643714822e-01
2.750000000000000e-01 2.494661011489995e-01 -2.119296074134242e-01
2.800000000000000e-01 2.566333028751116e-01 -2.174202831627019e-01
2.850000000000000e-01 2.639609087696434e-01 -2.229802333730071e-01
2.900000000000000e-01 2.714534988248126e-01 -2.286078460039868e-01
2.950000000000000e-01 2.791157561533084e-01 -2.343011459262831e-01
3.000000000000000e-01 2.869524699153886e-01 -2.400577670220301e-01
3.050000000000000e-01 2.949685383122613e-01 -2.458749249806572e-01
3.100000000000000e-01 3.031689716476197e-01 -2.517493857669794e-01
3.150000000000000e-01 3.115588954592450e-01 -2.576774316948059e-01
3.200000000000000e-01 3.201435537226349e-01 -2.636548248241766e-01
3.250000000000000e-01 3.289283121286580e-01 -2.696767678675612e-01
3.300000000000000e-01 3.379186614372866e-01 -2.757378625953966e-01
3.350000000000000e-01 3.471202209094989e-01 -2.818320657390805e-01
3.400000000000000e-01 3.565387418195016e-01 -2.879526423651523e-01
3.450000000000000e-01 3.661801110494620e-01 -2.940921166859585e-01
3.500000000000000e-01 3.760503547690021e-01 -3.002422202633261e-01
3.550000000000000e-01 3.861556422017504e-01 -3.063938375528029e-01
3.600000000000000e-01 3.965022894813072e-01 -3.125369487241800e-01
3.650000000000000e-01 4.070967635990345e-01 -3.186605696775546e-01
3.700000000000000e-01 4.179456864461349e-01 -3.247526891512745e-01
3.750000000000000e-01 4.290558389525505e-01 -3.308002027868822e-01
3.800000000000000e-01 4.404341653252637e-01 -3.367888439750885e-01
3.850000000000000e-01 4.520877773886537e-01 -3.427031112543991e-01
3.900000000000000e-01 4.640239590296172e-01 -3.485261919697071e-01
3.950000000000000e-01 4.762501707502353e-01 -3.542398818222646e-01
4.000000000000000e-01 4.887740543308307e-01 -3.598244998574535e-01
4.050000000000000e-01 5.016034376063282e-01 -3.652587983480903e-01
4.100000000000000e-01 5.147463393589066e-01 -3.705198669486492e-01
4.150000000000000e-01 5.282109743299990e-01 -3.755830304370340e-01
4.200000000000000e-01 5.420057583547735e-01 -3.804217393523167e-01
4.250000000000000e-01 5.561393136223041e-01 -3.850074529208575e-01
4.300000000000000e-01 5.706204740647189e-01 -3.893095139006886e-01
4.350000000000000e-01 5.854582908786964e-01 -3.932950154534738e-01
4.400000000000000e-01 6.006620381827575e-01 -3.969286609988720e-01
4.450000000000000e-01 6.162412188138907e-01 -4.001726193873438e-01
4.500000000000000e-01 6.322055702671360e-01 -4.029863798699144e-01
4.550000000000000e-01 6.485650707818353e-01 -4.053266145359652e-01
4.600000000000000e-01 6.653299455783577e-01 -4.071470604862724e-01
4.650000000000000e-01 6.825106732491932e-01 -4.083984404131164e-01
4.700000000000000e-01 7.001179923084168e-01 -4.090284488873229e-01
4.750000000000000e-01 7.181629079036070e-01 -4.089818428433159e-01
4.800000000000000e-01 7.366566986944229e-01 -4.082006886148783e-01
4.850000000000000e-01 7.556109239021327e-01 -4.066248340278318e-01
4.900000000000000e-01 7.750374305345038e-01 -4.041926912634615e-01
4.950000000000000e-01 7.949483607905672e-01 -4.008424318840829e-01
5.000000000000000e-01 8.153561596498893e-01 -3.965137050927369e-01
5.050000000000000e-01 8.362735826510871e-01 -3.911499872229149e-01
5.100000000000000e-01 8.577137038644561e-01 -3.847016456198964e-01
5.150000000000000e-01 8.796899240636907e-01 -3.771297432588857e-01
5.200000000000000e-01 9.022159791018011e-01 -3.684105127714066e-01
5.250000000000000e-01 9.253059484964714e-01 -3.585402869849743e-01
5.300000000000000e-01 9.489742642302165e-01 -3.475404964557450e-01
5.350000000000000e-01 9.732357197708378e-01 -3.354621592961105e-01
5.400000000000000e-01 9.981054793178262e-01 -3.223891411805493e-01
5.450000000000000e-01 1.023599087280478e+00 -3.084394139766560e-01
5.500000000000000e-01 1.049732477993657e+00 -2.937636473334577e-01
5.550000000000000e-01 1.076521985677273e+00 -2.785407576222991e-01
5.600000000000001e-01 1.103984354645701e+00 -2.629704882629067e-01
5.650000000000001e-01 1.132136749773522e+00 -2.472636169602999e-01
5.700000000000001e-01 1.160996767224129e+00 -2.316308456501645e-01
5.750000000000001e-01 1.190582445447902e+00 -2.162716940484621e-01
5.800000000000000e-01 1.220912276456826e+00 -2.013647061845115e-01
5.850000000000000e-01 1.252005217382601e+00 -1.870599973081258e-01
5.900000000000000e-01 1.283880702325469e+00 -1.734747068550386e-01
5.950000000000000e-01 1.316558654501151e+00 -1.606914176141702e-01
6.000000000000000e-01 1.350059498693518e+00 -1.487591788462047e-01
6.050000000000000e-01 1.384404174020732e+00 -1.376965087386424e-01
6.100000000000000e-01 1.419614147022888e+00 -1.274956635095283e-01
6.150000000000000e-01 1.455711425079295e+00 -1.181275122828476e-01
6.200000000000000e-01 1.492718570163803e+00 -1.095464918456362e-01
6.250000000000000e-01 1.530658712946775e+00 -1.016952785933992e-01
6.300000000000000e-01 1.569555567252506e+00 -9.450896692449529e-02
6.350000000000000e-01 1.609433444881138e+00 -8.791866329641071e-02
6.400000000000000e-01 1.650317270804325e+00 -8.185448751596099e-02
6.450000000000000e-01 1.692232598744148e+00 -7.624802133925003e-02
6.500000000000000e-01 1.735205627145031e+00 -7.103426691411356e-02
6.550000000000000e-01 1.779263215548615e+00 -6.615318235454820e-02
6.600000000000000e-01 1.824432901381847e+00 -6.155085586659514e-02
6.650000000000000e-01 1.870742917168772e+00 -5.718036857197865e-02
6.700000000000000e-01 1.918222208176775e+00 -5.300238300208467e-02
6.750000000000000e-01 1.966900450508319e+00 -4.898548137242531e-02
6.800000000000000e-01 2.016808069649473e+00 -4.510626659978072e-02
6.850000000000001e-01 2.067976259486829e+00 -4.134923058264861e-02
6.900000000000001e-01 2.120437001804702e+00 -3.770638935884627e-02
6.950000000000001e-01 2.174223086274785e+00 -3.417668412279906e-02
7.000000000000001e-01 2.229368130950753e+00 -3.076515129538343e-02
7.050000000000000e-01 2.285906603280654e+00 -2.748187407386445e-02
7.100000000000000e-01 2.343873841650178e+00 -2.434074168963156e-02
7.150000000000000e-01 2.403306077470301e+00 -2.135805965909335e-02
7.200000000000000e-01 2.464240457823092e+00 -1.855107241948849e-02
7.250000000000000e-01 2.526715068679855e+00 -1.593647597016950e-02
7.300000000000000e-01 2.590768958706095e+00 -1.352900928124009e-02
7.350000000000000e-01 2.656442163668210e+00 -1.134021640806918e-02
7.400000000000000e-01 2.723775731457148e+00 -9.377464570975989e-03
7.450000000000000e-01 2.792811747744667e+00 -7.643286529595577e-03
7.500000000000000e-01 2.863593362288260e+00 -6.135089718355027e-03
7.550000000000000e-01 2.936164815901156e+00 -4.845242693680364e-03
7.600000000000000e-01 3.010571468104263e+00 -3.761515443465226e-03
7.650000000000000e-01 3.086859825477351e+00 -2.867818402574415e-03
7.700000000000000e-01 3.165077570727174e+00 -2.145159668683444e-03
7.750000000000000e-01 3.245273592490716e+00 -1.572724045079687e-03
7.800000000000000e-01 3.327498015892184e+00 -1.128972898478131e-03
7.850000000000000e-01 3.411802233872832e+00 -7.926705698057210e-04
7.900000000000000e-01 3.498238939313234e+00 -5.437598066837544e-04
7.950000000000000e-01 3.586862157968046e+00 -3.640326639602280e-04
8.000000000000000e-01 3.677727282233856e+00 -2.375709172785124e-04
8.050000000000000e-01 3.770891105771243e+00 -1.509573161383650e-04
8.100000000000001e-01 3.866411859002656e+00 -9.328235690346396e-05
8.150000000000001e-01 3.964349245508326e+00 -5.598798531480033e-05
8.200000000000001e-01 4.064764479342956e+00 -3.259836357397814e-05
8.250000000000001e-01 4.167720323296481e+00 -1.838863128308416e-05
8.300000000000001e-01 4.273281128122877e+00 -1.003680516846077e-05
8.350000000000000e-01 4.381512872761445e+00 -5.293810134582242e-06
8.400000000000000e-01 4.492483205575838e+00 -2.694626500869398e-06
8.450000000000000e-01 4.606261486636447e+00 -1.321949851562071e-06
8.500000000000000e-01 4.722918831072739e+00 -6.242331658552476e-07
8.550000000000000e-01 4.842528153522501e+00 -2.833519162438430e-07
8.600000000000000e-01 4.965164213705875e+00 -1.234781450988074e-07
8.650000000000000e-01 5.090903663152626e+00 -5.159214145681018e-08
8.700000000000000e-01 5.219825093111814e+00 -2.064247420894941e-08
8.750000000000000e-01 5.352009083673925e+00 -7.899378237412441e-09
8.800000000000000e-01 5.487538254136007e+00 -2.887758874493583e-09
8.850000000000000e-01 5.626497314641444e+00 -1.007321280578451e-09
8.900000000000000e-01 5.768973119126561e+00 -3.349170210364460e-10
8.950000000000000e-01 5.915054719607133e+00 -1.060266186723138e-10
9.000000000000000e-01 6.064833421838831e+00 -3.192809254714626e-11
9.050000000000000e-01 6.218402842386253e+00 -9.137152299199277e-12
9.100000000000000e-01 6.375858967136348e+00 -2.482889409196346e-12
9.150000000000000e-01 6.537300211292723e+00 -6.401357912033465e-13
9.200000000000000e-01 6.702827480888332e+00 -1.564755957565388e-13
9.250000000000000e-01 6.872544235855034e+00 -3.624141740082157e-14
9.300000000000000e-01 7.046556554689444e+00 -7.948867407862112e-15
9.350000000000001e-01 7.224973200755413e+00 -1.650203682653123e-15
9.400000000000001e-01 7.407905690264673e+00 -3.241348585645540e-16
9.450000000000001e-01 7.595468361978146e+00 -6.021793104933924e-17
9.500000000000001e-01 7.787778448671316e+00 -1.057852875535026e-17
9.550000000000001e-01 7.984956150408610e+00 -1.756878573484696e-18
9.600000000000000e-01 8.187124709672272e+00 -2.758174610217203e-19
9.650000000000000e-01 8.394410488393007e+00 -4.092974166781633e-20
9.700000000000000e-01 8.606943046930221e+00 -5.741067242750062e-21
9.750000000000000e-01 8.824855225051540e+00 -7.612115577185561e-22
9.800000000000000e-01 9.048283224961922e+00 -9.541607801652228e-23
9.850000000000000e-01 9.277366696434507e+00 -1.130859027049158e-23
9.900000000000000e-01 9.512248824096272e+00 -1.266627710398797e-24
9.950000000000000e-01 9.753076416923058e+00 -1.410684556239297e-25
1.000000000000000e+00 1.000000000000000e+01 5.648807835112970e-26
