0.000000000000000e+00 0.000000000000000e+00 0.000000000000000e+00
5.000000000000000e-03 3.369477419287315e-03 -2.948632528940773e-03
1.000000000000000e-02 6.741060871647481e-03 -5.633660745670336e-03
1.500000000000000e-02 1.011685770649257e-02 -8.466771993477279e-03
2.000000000000000e-02 1.349897790673588e-02 -1.175378091487820e-02
2.500000000000000e-02 1.688953540759990e-02 -1.544643227104812e-02
3.000000000000000e-02 2.029064941789469e-02 -1.859667866068081e-02
3.500000000000000e-02 2.370444574459234e-02 -2.186584472308586e-02
4.000000000000000e-02 2.713305812152553e-02 -2.517405536721001e-02
4.500000000000000e-02 3.057862954304063e-02 -2.847791553028032e-02
5.000000000000000e-02 3.404331360343898e-02 -3.169996921298799e-02
5.500000000000000e-02 3.752927584304335e-02 -3.505973554712044e-02
6.000000000000000e-02 4.103869510173117e-02 -3.839924608934649e-02
6.500000000000000e-02 4.457376488078044e-02 -4.171202937354388e-02
7.000000000000001e-02 4.813669471387935e-02 -4.505667996715004e-02
7.500000000000000e-02 5.172971154815675e-02 -4.849916690348575e-02
8.000000000000000e-02 5.535506113609672e-02 -5.190745437011349e-02
8.500000000000001e-02 5.901500943920686e-02 -5.533458130335762e-02
9.000000000000000e-02 6.271184404431801e-02 -5.882810895582555e-02
9.500000000000000e-02 6.644787559340060e-02 -6.236779293685889e-02
1.000000000000000e-01 7.022543922779090e-02 -6.589579148494920e-02
1.050000000000000e-01 7.404689604773053e-02 -6.949288220305921e-02
1.100000000000000e-01 7.791463458813094e-02 -7.314946850185662e-02
1.150000000000000e-01 8.183107231148547e-02 -7.682351340657539e-02
1.200000000000000e-01 8.579865711886202e-02 -8.052613031779703e-02
1.250000000000000e-01 8.981986887992111e-02 -8.432150690139488e-02
1.300000000000000e-01 9.389722098291493e-02 -8.816073532803441e-02
1.350000000000000e-01 9.803326190563690e-02 -9.202093486674014e-02
1.400000000000000e-01 1.022305768083033e-01 -9.594357270034252e-02
1.450000000000000e-01 1.064917891493625e-01 -9.995969399094198e-02
1.500000000000000e-01 1.108195623252418e-01 -1.040151241475543e-01
1.550000000000000e-01 1.152166013350572e-01 -1.081115249939599e-01
1.600000000000000e-01 1.196856544713255e-01 -1.122901100696856e-01
1.650000000000000e-01 1.242295150377370e-01 -1.165579711496222e-01
1.700000000000000e-01 1.288510230950609e-01 -1.208725416791561e-01
1.750000000000000e-01 1.335530672362758e-01 -1.252479610028227e-01
1.800000000000000e-01 1.383385863920344e-01 -1.297166130799277e-01
1.850000000000000e-01 1.432105716675912e-01 -1.342767813221951e-01
1.900000000000000e-01 1.481720682123397e-01 -1.388967528418291e-01
1.950000000000000e-01 1.532261771231311e-01 -1.435908744517393e-01
2.000000000000000e-01 1.583760573825595e-01 -1.483865875470778e-01
2.050000000000000e-01 1.636249278334301e-01 -1.532848588078622e-01
2.100000000000000e-01 1.689760691906397e-01 -1.582587392747915e-01
2.150000000000000e-01 1.744328260917313e-01 -1.633141087986038e-01
2.200000000000000e-01 1.799986091874004e-01 -1.684774469255313e-01
2.250000000000000e-01 1.856768972732633e-01 -1.737602740642641e-01
2.300000000000000e-01 1.914712394642179e-01 -1.791396454742797e-01
2.350000000000000e-01 1.973852574127551e-01 -1.846085806237923e-01
2.400000000000000e-01 2.034226475726105e-01 -1.901872332528960e-01
2.450000000000000e-01 2.095871835091678e-01 -1.958971051220328e-01
2.500000000000000e-01 2.158827182580599e-01 -2.017307104346329e-01
2.550000000000000e-01 2.223131867334419e-01 -2.076792684251468e-01
2.600000000000000e-01 2.288826081874405e-01 -2.137421580434080e-01
2.650000000000000e-01 2.355950887223172e-01 -2.199295795341858e-01
2.700000000000000e-01 2.424548238569160e-01 -2.262572424041195e-01
2.750000000000000e-01 2.494661011489995e-01 -2.327380470611336e-01
2.800000000000000e-01 2.566333028751116e-01 -2.393632038075428e-01
2.850000000000000e-01 2.639609087696434e-01 -2.461298615899982e-01
2.900000000000000e-01 2.714534988248126e-01 -2.530425613336009e-01
2.950000000000000e-01 2.791157561533084e-01 -2.601056574610121e-01
3.000000000000000e-01 2.869524699153886e-01 -2.673341772427260e-01
3.050000000000000e-01 2.949685383122613e-01 -2.747421149247301e-01
3.100000000000000e-01 3.031689716476197e-01 -2.823330307779433e-01
3.150000000000000e-01 3.115588954592450e-01 -2.901224565085536e-01
3.200000000000000e-01 3.201435537226349e-01 -2.981093575676139e-01
3.250000000000000e-01 3.289283121286580e-01 -3.063087046313367e-01
3.300000000000000e-01 3.379186614372866e-01 -3.147256930479402e-01
3.350000000000000e-01 3.471202209094989e-01 -3.233759766289582e-01
3.400000000000000e-01 3.565387418195016e-01 -3.322724634256966e-01
3.450000000000000e-01 3.661801110494620e-01 -3.414335086699765e-01
3.500000000000000e-01 3.760503547690021e-01 -3.508786838083139e-01
3.550000000000000e-01 3.861556422017504e-01 -3.606315711643047e-01
3.600000000000000e-01 3.965022894813072e-01 -3.707193058764804e-01
3.650000000000000e-01 4.070967635990345e-01 -3.811739581335033e-01
3.700000000000000e-01 4.179456864461349e-01 -3.920334327253687e-01
3.750000000000000e-01 4.290558389525505e-01 -4.033429745968803e-01
3.800000000000000e-01 4.404341653252637e-01 -4.151569492894936e-01
3.850000000000000e-01 4.520877773886537e-01 -4.275411981741796e-01
3.900000000000000e-01 4.640239590296172e-01 -4.405760967463153e-01
3.950000000000000e-01 4.762501707502353e-01 -4.543606104776735e-01
4.000000000000000e-01 4.887740543308307e-01 -4.690177382703538e-01
4.050000000000000e-01 5.016034376063282e-01 -4.847019378177529e-01
4.100000000000000e-01 5.147463393589066e-01 -5.016094338690691e-01
4.150000000000000e-01 5.282109743299990e-01 -5.199928191195518e-01
4.200000000000000e-01 5.420057583547735e-01 -5.401822151326841e-01
4.250000000000000e-01 5.561393136223041e-01 -5.626167625307491e-01
4.300000000000000e-01 5.706204740647189e-01 -5.878929466526169e-01
4.350000000000000e-01 5.854582908786964e-01 -6.168414927244263e-01
4.400000000000000e-01 6.006620381827575e-01 -6.506551153536850e-01
4.450000000000000e-01 6.162412188138907e-01 -6.911121407608568e-01
4.500000000000000e-01 6.322055702671360e-01 -7.409940188631828e-01
4.550000000000000e-01 6.485650707818353e-01 -8.049306953399872e-01
4.600000000000000e-01 6.653299455783577e-01 -8.912989465783854e-01
4.650000000000000e-01 6.825106732491932e-01 -1.017072610302193e+00
4.700000000000000e-01 7.001179923084168e-01 -1.221842634392480e+00
4.750000000000000e-01 7.181629079036070e-01 -1.599686180006582e+00
4.800000000000000e-01 7.366566986944229e-01 -2.083293231065729e+00
4.850000000000000e-01 7.556109239021327e-01 -1.491177121721848e+00
4.900000000000000e-01 7.750374305345038e-01 -1.870462695385122e-01
4.950000000000000e-01 7.949483607905672e-01 -8.696220352435448e-02
5.000000000000000e-01 8.153561596498893e-01 -1.009991653480748e-01
5.050000000000000e-01 8.362735826510871e-01 2.483943767778493e-02
5.100000000000000e-01 8.577137038644561e-01 -5.249799849172862e-02
5.150000000000000e-01 8.796899240636907e-01 2.925191556166984e-02
5.200000000000000e-01 9.022159791018011e-01 -1.740301889006098e-02
5.250000000000000e-01 9.253059484964714e-01 1.940959704447197e-02
5.300000000000000e-01 9.489742642302165e-01 3.854217358183190e-03
5.350000000000000e-01 9.732357197708378e-01 1.212664789692971e-02
5.400000000000000e-01 9.981054793178262e-01 1.428007715193616e-02
5.450000000000000e-01 1.023599087280478e+00 9.429660370943591e-03
5.500000000000000e-01 1.049732477993657e+00 1.771610545640211e-02
5.550000000000000e-01 1.076521985677273e+00 9.858026658857932e-03
5.600000000000001e-01 1.103984354645701e+00 1.749932965550486e-02
5.650000000000001e-01 1.132136749773522e+00 1.153835154755575e-02
5.700000000000001e-01 1.160996767224129e+00 1.599564184318610e-02
5.750000000000001e-01 1.190582445447902e+00 1.312681964556221e-02
5.800000000000000e-01 1.220912276456826e+00 1.454741864746945e-02
5.850000000000000e-01 1.252005217382601e+00 1.400272689970760e-02
5.900000000000000e-01 1.283880702325469e+00 1.365074316883235e-02
5.950000000000000e-01 1.316558654501151e+00 1.413237555385799e-02
6.000000000000000e-01 1.350059498693518e+00 1.325813695921843e-02
6.050000000000000e-01 1.384404174020732e+00 1.379539484311454e-02
6.100000000000000e-01 1.419614147022888e+00 1.310547932038231e-02
6.150000000000000e-01 1.455711425079295e+00 1.331253162965124e-02
6.200000000000000e-01 1.492718570163803e+00 1.296115244140552e-02
6.250000000000000e-01 1.530658712946775e+00 1.287849065493429e-02
6.300000000000000e-01 1.569555567252506e+00 1.273236158539342e-02
6.350000000000000e-01 1.609433444881138e+00 1.253648575443183e-02
6.400000000000000e-01 1.650317270804325e+00 1.243876577781796e-02
6.450000000000000e-01 1.692232598744148e+00 1.224858247075156e-02
6.500000000000000e-01 1.735205627145031e+00 1.213114027760153e-02
6.550000000000000e-01 1.779263215548615e+00 1.197375937051094e-02
6.600000000000000e-01 1.824432901381847e+00 1.183686174299499e-02
6.650000000000000e-01 1.870742917168772e+00 1.169728759162001e-02
6.700000000000000e-01 1.918222208176775e+00 1.155607607521983e-02
6.750000000000000e-01 1.966900450508319e+00 1.141967211231269e-02
6.800000000000000e-01 2.016808069649473e+00 1.127962962848936e-02
6.850000000000001e-01 2.067976259486829e+00 1.114085355483724e-02
6.900000000000001e-01 2.120437001804702e+00 1.099954051278590e-02
6.950000000000001e-01 2.174223086274785e+00 1.085597336054519e-02
7.000000000000001e-01 2.229368130950753e+00 1.070895970107181e-02
7.050000000000000e-01 2.285906603280654e+00 1.055727730771884e-02
7.100000000000000e-01 2.343873841650178e+00 1.039990136475120e-02
7.150000000000000e-01 2.403306077470301e+00 1.023539740704180e-02
7.200000000000000e-01 2.464240457823092e+00 1.006237045388519e-02
7.250000000000000e-01 2.526715068679855e+00 9.879211317794756e-03
7.300000000000000e-01 2.590768958706095e+00 9.684178115627778e-03
7.350000000000000e-01 2.656442163668210e+00 9.475361210364873e-03
7.400000000000000e-01 2.723775731457148e+00 9.250667519537783e-03
7.450000000000000e-01 2.792811747744667e+00 9.007812696235082e-03
7.500000000000000e-01 2.863593362288260e+00 8.744304172240244e-03
7.550000000000000e-01 2.936164815901156e+00 8.457431419352396e-03
7.600000000000000e-01 3.010571468104263e+00 8.144257023075599e-03
7.650000000000000e-01 3.086859825477351e+00 7.801613546209635e-03
7.700000000000000e-01 3.165077570727174e+00 7.426108483477682e-03
7.750000000000000e-01 3.245273592490716e+00 7.014141427615284e-03
7.800000000000000e-01 3.327498015892184e+00 6.561938766058909e-03
7.850000000000000e-01 3.411802233872832e+00 6.065613101845327e-03
7.900000000000000e-01 3.498238939313234e+00 5.521256939921932e-03
7.950000000000000e-01 3.586862157968046e+00 4.925081540576006e-03
8.000000000000000e-01 3.677727282233856e+00 4.273613429848613e-03
8.050000000000000e-01 3.770891105771243e+00 3.563963473353993e-03
8.100000000000001e-01 3.866411859002656e+00 2.794182330352849e-03
8.150000000000001e-01 3.964349245508326e+00 1.963707968532160e-03
8.200000000000001e-01 4.064764479342956e+00 1.073899479540309e-03
8.250000000000001e-01 4.167720323296481e+00 1.286369225579854e-04
8.300000000000001e-01 4.273281128122877e+00 -8.650613248930157e-04
8.350000000000000e-01 4.381512872761445e+00 -1.896491366423005e-03
8.400000000000000e-01 4.492483205575838e+00 -2.950890076587372e-03
8.450000000000000e-01 4.606261486636447e+00 -4.009307024630134e-03
8.500000000000000e-01 4.722918831072739e+00 -5.048752842625895e-03
8.550000000000000e-01 4.842528153522501e+00 -6.042652404341093e-03
8.600000000000000e-01 4.965164213705875e+00 -6.961630343288881e-03
8.650000000000000e-01 5.090903663152626e+00 -7.774564171507017e-03
8.700000000000000e-01 5.219825093111814e+00 -8.449688630352208e-03
8.750000000000000e-01 5.352009083673925e+00 -8.955557516518036e-03
8.800000000000000e-01 5.487538254136007e+00 -9.262066386696457e-03
8.850000000000000e-01 5.626497314641444e+00 -9.342326907182702e-03
8.900000000000000e-01 5.768973119126561e+00 -9.176369979373133e-03
8.950000000000000e-01 5.915054719607133e+00 -8.756915161807453e-03
9.000000000000000e-01 6.064833421838831e+00 -8.095908624967695e-03
9.050000000000000e-01 6.218402842386253e+00 -7.229104054456446e-03
9.100000000000000e-01 6.375858967136348e+00 -6.215752850325504e-03
9.150000000000000e-01 6.537300211292723e+00 -5.131958438577322e-03
9.200000000000000e-01 6.702827480888332e+00 -4.058827079633398e-03
9.250000000000000e-01 6.872544235855034e+00 -3.068849463930556e-03
9.300000000000000e-01 7.046556554689444e+00 -2.214725565734081e-03
9.350000000000001e-01 7.224973200755413e+00 -1.523747885288563e-03
9.400000000000001e-01 7.407905690264673e+00 -9.985758667785682e-04
9.450000000000001e-01 7.595468361978146e+00 -6.229772600076595e-04
9.500000000000001e-01 7.787778448671316e+00 -3.698576287387518e-04
9.550000000000001e-01 7.984956150408610e+00 -2.089275255978647e-04
9.600000000000000e-01 8.187124709672272e+00 -1.122909614641122e-04
9.650000000000000e-01 8.394410488393007e+00 -5.742751816765257e-05
9.700000000000000e-01 8.606943046930221e+00 -2.795065775374718e-05
9.750000000000000e-01 8.824855225051540e+00 -1.295026243087086e-05
9.800000000000000e-01 9.048283224961922e+00 -5.712157940713608e-06
9.850000000000000e-01 9.277366696434507e+00 -2.402212993073080e-06
9.900000000000000e-01 9.512248824096272e+00 -9.556920991801750e-07
9.950000000000000e-01 9.753076416923058e+00 -3.757641494679640e-07
1.000000000000000e+00 1.000000000000000e+01 -1.024396630005057e-07
