0.000000000000000e+00 0.000000000000000e+00 0.000000000000000e+00
5.000000000000000e-03 3.369477419287315e-03 -1.286619039572822e-03
1.000000000000000e-02 6.741060871647481e-03 -4.452121202715668e-03
1.500000000000000e-02 1.011685770649257e-02 -9.394700684326853e-03
2.000000000000000e-02 1.349897790673588e-02 -1.278744014526941e-02
2.500000000000000e-02 1.688953540759990e-02 -1.596949089746314e-02
3.000000000000000e-02 2.029064941789469e-02 -1.922534281341066e-02
3.500000000000000e-02 2.370444574459234e-02 -2.287645406740248e-02
4.000000000000000e-02 2.713305812152553e-02 -2.637105498389560e-02
4.500000000000000e-02 3.057862954304063e-02 -3.003628875236871e-02
5.000000000000000e-02 3.404331360343898e-02 -3.357889506125903e-02
5.500000000000000e-02 3.752927584304335e-02 -3.714085532189172e-02
6.000000000000000e-02 4.103869510173117e-02 -4.067513122774095e-02
6.500000000000000e-02 4.457376488078044e-02 -4.421797338365922e-02
7.000000000000001e-02 4.813669471387935e-02 -4.777096856418701e-02
7.500000000000000e-02 5.172971154815675e-02 -5.134299298312968e-02
8.000000000000000e-02 5.535506113609672e-02 -5.493794797126496e-02
8.500000000000001e-02 5.901500943920686e-02 -5.855946199711688e-02
9.000000000000000e-02 6.271184404431801e-02 -6.221033593140043e-02
9.500000000000000e-02 6.644787559340060e-02 -6.589305721525386e-02
1.000000000000000e-01 7.022543922779090e-02 -6.960988315537496e-02
1.050000000000000e-01 7.404689604773053e-02 -7.336293032265639e-02
1.100000000000000e-01 7.791463458813094e-02 -7.715421671339930e-02
1.150000000000000e-01 8.183107231148547e-02 -8.098568859612490e-02
1.200000000000000e-01 8.579865711886202e-02 -8.485923643598352e-02
1.250000000000000e-01 8.981986887992111e-02 -8.877670454710231e-02
1.300000000000000e-01 9.389722098291493e-02 -9.273989666846123e-02
1.350000000000000e-01 9.803326190563690e-02 -9.675057882357388e-02
1.400000000000000e-01 1.022305768083033e-01 -1.008104802789626e-01
1.450000000000000e-01 1.064917891493625e-01 -1.049212931105206e-01
1.500000000000000e-01 1.108195623252418e-01 -1.090846706996692e-01
1.550000000000000e-01 1.152166013350572e-01 -1.133022253645068e-01
1.600000000000000e-01 1.196856544713255e-01 -1.175755252561758e-01
1.650000000000000e-01 1.242295150377370e-01 -1.219060906013528e-01
1.700000000000000e-01 1.288510230950609e-01 -1.262953893385394e-01
1.750000000000000e-01 1.335530672362758e-01 -1.307448321729454e-01
1.800000000000000e-01 1.383385863920344e-01 -1.352557670586067e-01
1.850000000000000e-01 1.432105716675912e-01 -1.398294731047396e-01
1.900000000000000e-01 1.481720682123397e-01 -1.444671538947171e-01
1.950000000000000e-01 1.532261771231311e-01 -1.491699301995422e-01
2.000000000000000e-01 1.583760573825595e-01 -1.539388320626502e-01
2.050000000000000e-01 1.636249278334301e-01 -1.587747902288847e-01
2.100000000000000e-01 1.689760691906397e-01 -1.636786268873117e-01
2.150000000000000e-01 1.744328260917313e-01 -1.686510456949337e-01
2.200000000000000e-01 1.799986091874004e-01 -1.736926210463065e-01
2.250000000000000e-01 1.856768972732633e-01 -1.788037865523867e-01
2.300000000000000e-01 1.914712394642179e-01 -1.839848226907014e-01
2.350000000000000e-01 1.973852574127551e-01 -1.892358435880706e-01
2.400000000000000e-01 2.034226475726105e-01 -1.945567828966579e-01
2.450000000000000e-01 2.095871835091678e-01 -1.999473787241173e-01
2.500000000000000e-01 2.158827182580599e-01 -2.054071575790777e-01
2.550000000000000e-01 2.223131867334419e-01 -2.109354172942088e-01
2.600000000000000e-01 2.288826081874405e-01 -2.165312088907548e-01
2.650000000000000e-01 2.355950887223172e-01 -2.221933173507378e-01
2.700000000000000e-01 2.424548238569160e-01 -2.279202412661506e-01
2.750000000000000e-01 2.494661011489995e-01 -2.337101713384890e-01
2.800000000000000e-01 2.566333028751116e-01 -2.395609677070162e-01
2.850000000000000e-01 2.639609087696434e-01 -2.454701360903581e-01
2.900000000000000e-01 2.714534988248126e-01 -2.514348027335452e-01
2.950000000000000e-01 2.791157561533084e-01 -2.574516881616039e-01
3.000000000000000e-01 2.869524699153886e-01 -2.635170797514320e-01
3.050000000000000e-01 2.949685383122613e-01 -2.696268031461589e-01
3.100000000000000e-01 3.031689716476197e-01 -2.757761925507007e-01
3.150000000000000e-01 3.115588954592450e-01 -2.819600599639798e-01
3.200000000000000e-01 3.201435537226349e-01 -2.881726634225222e-01
3.250000000000000e-01 3.289283121286580e-01 -2.944076743521028e-01
3.300000000000000e-01 3.379186614372866e-01 -3.006581441490274e-01
3.350000000000000e-01 3.471202209094989e-01 -3.069164701407687e-01
3.400000000000000e-01 3.565387418195016e-01 -3.131743611072592e-01
3.450000000000000e-01 3.661801110494620e-01 -3.194228025794233e-01
3.500000000000000e-01 3.760503547690021e-01 -3.256520221707471e-01
3.550000000000000e-01 3.861556422017504e-01 -3.318514552410416e-01
3.600000000000000e-01 3.965022894813072e-01 -3.380097112392412e-01
3.650000000000000e-01 4.070967635990345e-01 -3.441145411242424e-01
3.700000000000000e-01 4.179456864461349e-01 -3.501528063195079e-01
3.750000000000000e-01 4.290558389525505e-01 -3.561104497184815e-01
3.800000000000000e-01 4.404341653252637e-01 -3.619724693237118e-01
3.850000000000000e-01 4.520877773886537e-01 -3.677228951727895e-01
3.900000000000000e-01 4.640239590296172e-01 -3.733447702784964e-01
3.950000000000000e-01 4.762501707502353e-01 -3.788201363884636e-01
4.000000000000000e-01 4.887740543308307e-01 -3.841300254505510e-01
4.050000000000000e-01 5.016034376063282e-01 -3.892544577532281e-01
4.100000000000000e-01 5.147463393589066e-01 -3.941724477943702e-01
4.150000000000000e-01 5.282109743299990e-01 -3.988620190157561e-01
4.200000000000000e-01 5.420057583547735e-01 -4.033002286224982e-01
4.250000000000000e-01 5.561393136223041e-01 -4.074632037846160e-01
4.300000000000000e-01 5.706204740647189e-01 -4.113261905896714e-01
4.350000000000000e-01 5.854582908786964e-01 -4.148636171780062e-01
4.400000000000000e-01 6.006620381827575e-01 -4.180491725425318e-01
4.450000000000000e-01 6.162412188138907e-01 -4.208559025095535e-01
4.500000000000000e-01 6.322055702671360e-01 -4.232563244318070e-01
4.550000000000000e-01 6.485650707818353e-01 -4.252225621151955e-01
4.600000000000000e-01 6.653299455783577e-01 -4.267265024617855e-01
4.650000000000000e-01 6.825106732491932e-01 -4.277399752380567e-01
4.700000000000000e-01 7.001179923084168e-01 -4.282349572634451e-01
4.750000000000000e-01 7.181629079036070e-01 -4.281838021535416e-01
4.800000000000000e-01 7.366566986944229e-01 -4.275594965380160e-01
4.850000000000000e-01 7.556109239021327e-01 -4.263359433977948e-01
4.900000000000000e-01 7.750374305345038e-01 -4.244882728205097e-01
4.950000000000000e-01 7.949483607905672e-01 -4.219931800476405e-01
5.000000000000000e-01 8.153561596498893e-01 -4.188292901690271e-01
5.050000000000000e-01 8.362735826510871e-01 -4.149775481959365e-01
5.100000000000000e-01 8.577137038644561e-01 -4.104216324949254e-01
5.150000000000000e-01 8.796899240636907e-01 -4.051483886704079e-01
5.200000000000000e-01 9.022159791018011e-01 -3.991482799201002e-01
5.250000000000000e-01 9.253059484964714e-01 -3.924158486292297e-01
5.300000000000000e-01 9.489742642302165e-01 -3.849501824936613e-01
5.350000000000000e-01 9.732357197708378e-01 -3.767553767546519e-01
5.400000000000000e-01 9.981054793178262e-01 -3.678409821931223e-01
5.450000000000000e-01 1.023599087280478e+00 -3.582224264049966e-01
5.500000000000000e-01 1.049732477993657e+00 -3.479213936447884e-01
5.550000000000000e-01 1.076521985677273e+00 -3.369661463291629e-01
5.600000000000001e-01 1.103984354645701e+00 -3.253917693574289e-01
5.650000000000001e-01 1.132136749773522e+00 -3.132403170293783e-01
5.700000000000001e-01 1.160996767224129e+00 -3.005608418785686e-01
5.750000000000001e-01 1.190582445447902e+00 -2.874092855649960e-01
5.800000000000000e-01 1.220912276456826e+00 -2.738482144114448e-01
5.850000000000000e-01 1.252005217382601e+00 -2.599463864179921e-01
5.900000000000000e-01 1.283880702325469e+00 -2.457781426283430e-01
5.950000000000000e-01 1.316558654501151e+00 -2.314226232509444e-01
6.000000000000000e-01 1.350059498693518e+00 -2.169628173690636e-01
6.050000000000000e-01 1.384404174020732e+00 -2.024844635894308e-01
6.100000000000000e-01 1.419614147022888e+00 -1.880748266645543e-01
6.150000000000000e-01 1.455711425079295e+00 -1.738213811526461e-01
6.200000000000000e-01 1.492718570163803e+00 -1.598104370003802e-01
6.250000000000000e-01 1.530658712946775e+00 -1.461257434085464e-01
6.300000000000000e-01 1.569555567252506e+00 -1.328471067768538e-01
6.350000000000000e-01 1.609433444881138e+00 -1.200490565889413e-01
6.400000000000000e-01 1.650317270804325e+00 -1.077995906279840e-01
6.450000000000000e-01 1.692232598744148e+00 -9.615902867045532e-02
6.500000000000000e-01 1.735205627145031e+00 -8.517900226098384e-02
6.550000000000000e-01 1.779263215548615e+00 -7.490160736683860e-02
6.600000000000000e-01 1.824432901381847e+00 -6.535874624618490e-02
6.650000000000000e-01 1.870742917168772e+00 -5.657168400402680e-02
6.700000000000000e-01 1.918222208176775e+00 -4.855084317467540e-02
6.750000000000000e-01 1.966900450508319e+00 -4.129585546174974e-02
6.800000000000000e-01 2.016808069649473e+00 -3.479588297064736e-02
6.850000000000001e-01 2.067976259486829e+00 -2.903021178721342e-02
6.900000000000001e-01 2.120437001804702e+00 -2.396910896237114e-02
6.950000000000001e-01 2.174223086274785e+00 -1.957492066261743e-02
7.000000000000001e-01 2.229368130950753e+00 -1.580337557761458e-02
7.050000000000000e-01 2.285906603280654e+00 -1.260504495638832e-02
7.100000000000000e-01 2.343873841650178e+00 -9.926900202248467e-03
7.150000000000000e-01 2.403306077470301e+00 -7.713901968978595e-03
7.200000000000000e-01 2.464240457823092e+00 -5.910552045049752e-03
7.250000000000000e-01 2.526715068679855e+00 -4.462341460415064e-03
7.300000000000000e-01 2.590768958706095e+00 -3.317035203136797e-03
7.350000000000000e-01 2.656442163668210e+00 -2.425745206826377e-03
7.400000000000000e-01 2.723775731457148e+00 -1.743757933164810e-03
7.450000000000000e-01 2.792811747744667e+00 -1.231099635948082e-03
7.500000000000000e-01 2.863593362288260e+00 -8.528397376847398e-04
7.550000000000000e-01 2.936164815901156e+00 -5.791491009299495e-04
7.600000000000000e-01 3.010571468104263e+00 -3.851438806385567e-04
7.650000000000000e-01 3.086859825477351e+00 -2.505559427142952e-04
7.700000000000000e-01 3.165077570727174e+00 -1.592768044125903e-04
7.750000000000000e-01 3.245273592490716e+00 -9.882348824017913e-05
7.800000000000000e-01 3.327498015892184e+00 -5.977190257562115e-05
7.850000000000000e-01 3.411802233872832e+00 -3.519714762735171e-05
7.900000000000000e-01 3.498238939313234e+00 -2.015159612950842e-05
7.950000000000000e-01 3.586862157968046e+00 -1.120196142634552e-05
8.000000000000000e-01 3.677727282233856e+00 -6.037045373379866e-06
8.050000000000000e-01 3.770891105771243e+00 -3.149450949023589e-06
8.100000000000001e-01 3.866411859002656e+00 -1.587924977577702e-06
8.150000000000001e-01 3.964349245508326e+00 -7.724745048019072e-07
8.200000000000001e-01 4.064764479342956e+00 -3.619434121709014e-07
8.250000000000001e-01 4.167720323296481e+00 -1.630464254384485e-07
8.300000000000001e-01 4.273281128122877e+00 -7.048159486551000e-08
8.350000000000000e-01 4.381512872761445e+00 -2.917974579646103e-08
8.400000000000000e-01 4.492483205575838e+00 -1.154632589491447e-08
8.450000000000000e-01 4.606261486636447e+00 -4.357582822691177e-09
8.500000000000000e-01 4.722918831072739e+00 -1.565086097155357e-09
8.550000000000000e-01 4.842528153522501e+00 -5.337546072498287e-10
8.600000000000000e-01 4.965164213705875e+00 -1.724430724301038e-10
8.650000000000000e-01 5.090903663152626e+00 -5.265159803865428e-11
8.700000000000000e-01 5.219825093111814e+00 -1.515558532117206e-11
8.750000000000000e-01 5.352009083673925e+00 -4.102395331143779e-12
8.800000000000000e-01 5.487538254136007e+00 -1.041576437659825e-12
8.850000000000000e-01 5.626497314641444e+00 -2.473992688690727e-13
8.900000000000000e-01 5.768973119126561e+00 -5.482854967539258e-14
8.950000000000000e-01 5.915054719607133e+00 -1.130706573939359e-14
9.000000000000000e-01 6.064833421838831e+00 -2.163974893391869e-15
9.050000000000000e-01 6.218402842386253e+00 -3.832956781297728e-16
9.100000000000000e-01 6.375858967136348e+00 -6.266398898410387e-17
9.150000000000000e-01 6.537300211292723e+00 -9.430597090770485e-18
9.200000000000000e-01 6.702827480888332e+00 -1.303032518155027e-18
9.250000000000000e-01 6.872544235855034e+00 -1.648778436250889e-19
9.300000000000000e-01 7.046556554689444e+00 -1.905957220288568e-20
9.350000000000001e-01 7.224973200755413e+00 -2.008348650814342e-21
9.400000000000001e-01 7.407905690264673e+00 -1.925189452352160e-22
9.450000000000001e-01 7.595468361978146e+00 -1.676001153228195e-23
9.500000000000001e-01 7.787778448671316e+00 -1.323254287877100e-24
9.550000000000001e-01 7.984956150408610e+00 -9.465370265877789e-26
9.600000000000000e-01 8.187124709672272e+00 -6.130179165953475e-27
9.650000000000000e-01 8.394410488393007e+00 -3.593524957349091e-28
9.700000000000000e-01 8.606943046930221e+00 -1.906764718255766e-29
9.750000000000000e-01 8.824855225051540e+00 -9.161287033702109e-31
9.800000000000000e-01 9.048283224961922e+00 -3.988232347474951e-32
9.850000000000000e-01 9.277366696434507e+00 -1.574588809087819e-33
9.900000000000000e-01 9.512248824096272e+00 -5.644232995996993e-35
9.950000000000000e-01 9.753076416923058e+00 -1.882873290421577e-36
1.000000000000000e+00 1.000000000000000e+01 1.434970468507492e-36
