0.000000000000000e+00 0.000000000000000e+00 0.000000000000000e+00
5.000000000000000e-03 3.369477419287315e-03 -2.026004648816449e-03
1.000000000000000e-02 6.741060871647481e-03 -4.695186700013802e-03
1.500000000000000e-02 1.011685770649257e-02 -8.429379281523455e-03
2.000000000000000e-02 1.349897790673588e-02 -1.151528472913558e-02
2.500000000000000e-02 1.688953540759990e-02 -1.490036688099117e-02
3.000000000000000e-02 2.029064941789469e-02 -1.805278804243372e-02
3.500000000000000e-02 2.370444574459234e-02 -2.122413969135949e-02
4.000000000000000e-02 2.713305812152553e-02 -2.436303240574988e-02
4.500000000000000e-02 3.057862954304063e-02 -2.762410455040792e-02
5.000000000000000e-02 3.404331360343898e-02 -3.078465742465064e-02
5.500000000000000e-02 3.752927584304335e-02 -3.396949932622986e-02
6.000000000000000e-02 4.103869510173117e-02 -3.719853919271925e-02
6.500000000000000e-02 4.457376488078044e-02 -4.047171737987021e-02
7.000000000000001e-02 4.813669471387935e-02 -4.369547014354572e-02
7.500000000000000e-02 5.172971154815675e-02 -4.698692457005654e-02
8.000000000000000e-02 5.535506113609672e-02 -5.032150697581701e-02
8.500000000000001e-02 5.901500943920686e-02 -5.365879370579674e-02
9.000000000000000e-02 6.271184404431801e-02 -5.699906650345934e-02
9.500000000000000e-02 6.644787559340060e-02 -6.043011874583682e-02
1.000000000000000e-01 7.022543922779090e-02 -6.388600072382847e-02
1.050000000000000e-01 7.404689604773053e-02 -6.734172909110844e-02
1.100000000000000e-01 7.791463458813094e-02 -7.084223790821992e-02
1.150000000000000e-01 8.183107231148547e-02 -7.443082819283511e-02
1.200000000000000e-01 8.579865711886202e-02 -7.803520986320532e-02
1.250000000000000e-01 8.981986887992111e-02 -8.166006859852133e-02
1.300000000000000e-01 9.389722098291493e-02 -8.535322786490943e-02
1.350000000000000e-01 9.803326190563690e-02 -8.912222286759262e-02
1.400000000000000e-01 1.022305768083033e-01 -9.291202782001863e-02
1.450000000000000e-01 1.064917891493625e-01 -9.674660618760574e-02
1.500000000000000e-01 1.108195623252418e-01 -1.006598701719128e-01
1.550000000000000e-01 1.152166013350572e-01 -1.046417967478816e-01
1.600000000000000e-01 1.196856544713255e-01 -1.086569047649105e-01
1.650000000000000e-01 1.242295150377370e-01 -1.127341452931959e-01
1.700000000000000e-01 1.288510230950609e-01 -1.168961101365068e-01
1.750000000000000e-01 1.335530672362758e-01 -1.211294009877412e-01
1.800000000000000e-01 1.383385863920344e-01 -1.254090702249020e-01
1.850000000000000e-01 1.432105716675912e-01 -1.297595879960996e-01
1.900000000000000e-01 1.481720682123397e-01 -1.342011187413237e-01
1.950000000000000e-01 1.532261771231311e-01 -1.387257283342777e-01
2.000000000000000e-01 1.583760573825595e-01 -1.433094985622446e-01
2.050000000000000e-01 1.636249278334301e-01 -1.479655929391157e-01
2.100000000000000e-01 1.689760691906397e-01 -1.527177805803940e-01
2.150000000000000e-01 1.744328260917313e-01 -1.575710235716409e-01
2.200000000000000e-01 1.799986091874004e-01 -1.625000325436191e-01
2.250000000000000e-01 1.856768972732633e-01 -1.675011063634869e-01
2.300000000000000e-01 1.914712394642179e-01 -1.725966340413336e-01
2.350000000000000e-01 1.973852574127551e-01 -1.778060232228373e-01
2.400000000000000e-01 2.034226475726105e-01 -1.831152653578495e-01
2.450000000000000e-01 2.095871835091678e-01 -1.885128485295374e-01
2.500000000000000e-01 2.158827182580599e-01 -1.940007142318390e-01
2.550000000000000e-01 2.223131867334419e-01 -1.995903037436488e-01
2.600000000000000e-01 2.288826081874405e-01 -2.052936574102773e-01
2.650000000000000e-01 2.355950887223172e-01 -2.111202479302934e-01
2.700000000000000e-01 2.424548238569160e-01 -2.170568412825047e-01
2.750000000000000e-01 2.494661011489995e-01 -2.230969742731277e-01
2.800000000000000e-01 2.566333028751116e-01 -2.292445862043608e-01
2.850000000000000e-01 2.639609087696434e-01 -2.355017334291677e-01
2.900000000000000e-01 2.714534988248126e-01 -2.418794885505970e-01
2.950000000000000e-01 2.791157561533084e-01 -2.483885916579847e-01
3.000000000000000e-01 2.869524699153886e-01 -2.550254870258659e-01
3.050000000000000e-01 2.949685383122613e-01 -2.618006522126657e-01
3.100000000000000e-01 3.031689716476197e-01 -2.687054195534808e-01
3.150000000000000e-01 3.115588954592450e-01 -2.757475446434876e-01
3.200000000000000e-01 3.201435537226349e-01 -2.829234934885663e-01
3.250000000000000e-01 3.289283121286580e-01 -2.902389516480609e-01
3.300000000000000e-01 3.379186614372866e-01 -2.976952914948084e-01
3.350000000000000e-01 3.471202209094989e-01 -3.052972190342069e-01
3.400000000000000e-01 3.565387418195016e-01 -3.130483780209678e-01
3.450000000000000e-01 3.661801110494620e-01 -3.209534817119237e-01
3.500000000000000e-01 3.760503547690021e-01 -3.290173546003297e-01
3.550000000000000e-01 3.861556422017504e-01 -3.372454723611581e-01
3.600000000000000e-01 3.965022894813072e-01 -3.456438998404590e-01
3.650000000000000e-01 4.070967635990345e-01 -3.542195040144271e-01
3.700000000000000e-01 4.179456864461349e-01 -3.629800863426620e-01
3.750000000000000e-01 4.290558389525505e-01 -3.719345697246662e-01
3.800000000000000e-01 4.404341653252637e-01 -3.810931920514091e-01
3.850000000000000e-01 4.520877773886537e-01 -3.904677213336430e-01
3.900000000000000e-01 4.640239590296172e-01 -4.000716814940067e-01
3.950000000000000e-01 4.762501707502353e-01 -4.099205786771778e-01
4.000000000000000e-01 4.887740543308307e-01 -4.200321052844953e-01
4.050000000000000e-01 5.016034376063282e-01 -4.304262825022219e-01
4.100000000000000e-01 5.147463393589066e-01 -4.411254738750580e-01
4.150000000000000e-01 5.282109743299990e-01 -4.521541564922828e-01
4.200000000000000e-01 5.420057583547735e-01 -4.635382605545134e-01
4.250000000000000e-01 5.561393136223041e-01 -4.753037629775493e-01
4.300000000000000e-01 5.706204740647189e-01 -4.874740136187665e-01
4.350000000000000e-01 5.854582908786964e-01 -5.000649297015642e-01
4.400000000000000e-01 6.006620381827575e-01 -5.130766273661224e-01
4.450000000000000e-01 6.162412188138907e-01 -5.264791321213558e-01
4.500000000000000e-01 6.322055702671360e-01 -5.401883264347849e-01
4.550000000000000e-01 6.485650707818353e-01 -5.540260276379750e-01
4.600000000000000e-01 6.653299455783577e-01 -5.676549623523292e-01
4.650000000000000e-01 6.825106732491932e-01 -5.804760725094614e-01
4.700000000000000e-01 7.001179923084168e-01 -5.914750556094753e-01
4.750000000000000e-01 7.181629079036070e-01 -5.990161135358043e-01
4.800000000000000e-01 7.366566986944229e-01 -6.006229548324040e-01
4.850000000000000e-01 7.556109239021327e-01 -5.928879670146473e-01
4.900000000000000e-01 7.750374305345038e-01 -5.718093453913223e-01
4.950000000000000e-01 7.949483607905672e-01 -5.339378830936121e-01
5.000000000000000e-01 8.153561596498893e-01 -4.783694380708534e-01
5.050000000000000e-01 8.362735826510871e-01 -4.086193341481956e-01
5.100000000000000e-01 8.577137038644561e-01 -3.325555302671206e-01
5.150000000000000e-01 8.796899240636907e-01 -2.595323748816382e-01
5.200000000000000e-01 9.022159791018011e-01 -1.965315535300149e-01
5.250000000000000e-01 9.253059484964714e-01 -1.462644873987861e-01
5.300000000000000e-01 9.489742642302165e-01 -1.080420184082110e-01
5.350000000000000e-01 9.732357197708378e-01 -7.970968798468490e-02
5.400000000000000e-01 9.981054793178262e-01 -5.898371098680318e-02
5.450000000000000e-01 1.023599087280478e+00 -4.393837204857291e-02
5.500000000000000e-01 1.049732477993657e+00 -3.307590484601457e-02
5.550000000000000e-01 1.076521985677273e+00 -2.527542807020186e-02
5.600000000000001e-01 1.103984354645701e+00 -1.971474673121514e-02
5.650000000000001e-01 1.132136749773522e+00 -1.579550053938293e-02
5.700000000000001e-01 1.160996767224129e+00 -1.308323182245136e-02
5.750000000000001e-01 1.190582445447902e+00 -1.126245606108667e-02
5.800000000000000e-01 1.220912276456826e+00 -1.010368460506070e-02
5.850000000000000e-01 1.252005217382601e+00 -9.439551789512498e-03
5.900000000000000e-01 1.283880702325469e+00 -9.147628121302813e-03
5.950000000000000e-01 1.316558654501151e+00 -9.138039753875659e-03
6.000000000000000e-01 1.350059498693518e+00 -9.344532640351838e-03
6.050000000000000e-01 1.384404174020732e+00 -9.718003193862991e-03
6.100000000000000e-01 1.419614147022888e+00 -1.022179644962323e-02
6.150000000000000e-01 1.455711425079295e+00 -1.082827502219488e-02
6.200000000000000e-01 1.492718570163803e+00 -1.151630513453338e-02
6.250000000000000e-01 1.530658712946775e+00 -1.226940703576256e-02
6.300000000000000e-01 1.569555567252506e+00 -1.307438878210591e-02
6.350000000000000e-01 1.609433444881138e+00 -1.392033327810786e-02
6.400000000000000e-01 1.650317270804325e+00 -1.479784485428081e-02
6.450000000000000e-01 1.692232598744148e+00 -1.569848779808849e-02
6.500000000000000e-01 1.735205627145031e+00 -1.661436813579423e-02
6.550000000000000e-01 1.779263215548615e+00 -1.753782365244871e-02
6.600000000000000e-01 1.824432901381847e+00 -1.846119707160730e-02
6.650000000000000e-01 1.870742917168772e+00 -1.937667449336983e-02
6.700000000000000e-01 1.918222208176775e+00 -2.027617630858854e-02
6.750000000000000e-01 1.966900450508319e+00 -2.115129136822556e-02
6.800000000000000e-01 2.016808069649473e+00 -2.199324756109613e-02
6.850000000000001e-01 2.067976259486829e+00 -2.279291343587753e-02
6.900000000000001e-01 2.120437001804702e+00 -2.354082635087549e-02
6.950000000000001e-01 2.174223086274785e+00 -2.422724308996401e-02
7.000000000000001e-01 2.229368130950753e+00 -2.484220918559590e-02
7.050000000000000e-01 2.285906603280654e+00 -2.537564357845887e-02
7.100000000000000e-01 2.343873841650178e+00 -2.581743594495987e-02
7.150000000000000e-01 2.403306077470301e+00 -2.615755523389998e-02
7.200000000000000e-01 2.464240457823092e+00 -2.638616981188025e-02
7.250000000000000e-01 2.526715068679855e+00 -2.649378217790573e-02
7.300000000000000e-01 2.590768958706095e+00 -2.647138441123688e-02
7.350000000000000e-01 2.656442163668210e+00 -2.631064415233293e-02
7.400000000000000e-01 2.723775731457148e+00 -2.600413457485510e-02
7.450000000000000e-01 2.792811747744667e+00 -2.554562480463217e-02
7.500000000000000e-01 2.863593362288260e+00 -2.493044852335823e-02
7.550000000000000e-01 2.936164815901156e+00 -2.415596652049338e-02
7.600000000000000e-01 3.010571468104263e+00 -2.322213165153595e-02
7.650000000000000e-01 3.086859825477351e+00 -2.213214959564718e-02
7.700000000000000e-01 3.165077570727174e+00 -2.089320389051384e-02
7.750000000000000e-01 3.245273592490716e+00 -1.951717865925852e-02
7.800000000000000e-01 3.327498015892184e+00 -1.802127080322481e-02
7.850000000000000e-01 3.411802233872832e+00 -1.642834446159214e-02
7.900000000000000e-01 3.498238939313234e+00 -1.476685910123823e-02
7.950000000000000e-01 3.586862157968046e+00 -1.307021579058534e-02
8.000000000000000e-01 3.677727282233856e+00 -1.137542657129427e-02
8.050000000000000e-01 3.770891105771243e+00 -9.721119488531015e-03
8.100000000000001e-01 3.866411859002656e+00 -8.145029525207336e-03
8.150000000000001e-01 3.964349245508326e+00 -6.681260459896990e-03
8.200000000000001e-01 4.064764479342956e+00 -5.357695020645951e-03
8.250000000000001e-01 4.167720323296481e+00 -4.193948160274429e-03
8.300000000000001e-01 4.273281128122877e+00 -3.200187821848459e-03
8.350000000000000e-01 4.381512872761445e+00 -2.377001537907601e-03
8.400000000000000e-01 4.492483205575838e+00 -1.716300188759506e-03
8.450000000000000e-01 4.606261486636447e+00 -1.203068306681457e-03
8.500000000000000e-01 4.722918831072739e+00 -8.176368941148759e-04
8.550000000000000e-01 4.842528153522501e+00 -5.380981019470604e-04
8.600000000000000e-01 4.965164213705875e+00 -3.425073803245758e-04
8.650000000000000e-01 5.090903663152626e+00 -2.106120025229852e-04
8.700000000000000e-01 5.219825093111814e+00 -1.249741431556403e-04
8.750000000000000e-01 5.352009083673925e+00 -7.148641854618179e-05
8.800000000000000e-01 5.487538254136007e+00 -3.937859214864937e-05
8.850000000000000e-01 5.626497314641444e+00 -2.087000455397539e-05
8.900000000000000e-01 5.768973119126561e+00 -1.063235024261612e-05
8.950000000000000e-01 5.915054719607133e+00 -5.202663280846775e-06
9.000000000000000e-01 6.064833421838831e+00 -2.443341048239797e-06
9.050000000000000e-01 6.218402842386253e+00 -1.100533841652715e-06
9.100000000000000e-01 6.375858967136348e+00 -4.751263801723972e-07
9.150000000000000e-01 6.537300211292723e+00 -1.964955712052454e-07
9.200000000000000e-01 6.702827480888332e+00 -7.780561825840640e-08
9.250000000000000e-01 6.872544235855034e+00 -2.948389032146490e-08
9.300000000000000e-01 7.046556554689444e+00 -1.068805578180035e-08
9.350000000000001e-01 7.224973200755413e+00 -3.705096317800370e-09
9.400000000000001e-01 7.407905690264673e+00 -1.227877647598209e-09
9.450000000000001e-01 7.595468361978146e+00 -3.889138360969372e-10
9.500000000000001e-01 7.787778448671316e+00 -1.177066701449497e-10
9.550000000000001e-01 7.984956150408610e+00 -3.403473284493876e-11
9.600000000000000e-01 8.187124709672272e+00 -9.400647244712707e-12
9.650000000000000e-01 8.394410488393007e+00 -2.480064623740729e-12
9.700000000000000e-01 8.606943046930221e+00 -6.248960018511598e-13
9.750000000000000e-01 8.824855225051540e+00 -1.503746630177729e-13
9.800000000000000e-01 9.048283224961922e+00 -3.455855122441768e-14
9.850000000000000e-01 9.277366696434507e+00 -7.585842285135262e-15
9.900000000000000e-01 9.512248824096272e+00 -1.585881522811217e-15
9.950000000000000e-01 9.753076416923058e+00 -3.344023495724235e-16
1.000000000000000e+00 1.000000000000000e+01 3.137306129499006e-17
