0.000000000000000e+00 0.000000000000000e+00 0.000000000000000e+00
5.000000000000000e-03 3.369477419287315e-03 -2.763641220210183e-03
1.000000000000000e-02 6.741060871647481e-03 -5.679193844033678e-03
1.500000000000000e-02 1.011685770649257e-02 -8.390685915330598e-03
2.000000000000000e-02 1.349897790673588e-02 -1.154158304370639e-02
2.500000000000000e-02 1.688953540759990e-02 -1.513901183680480e-02
3.000000000000000e-02 2.029064941789469e-02 -1.831282814736366e-02
3.500000000000000e-02 2.370444574459234e-02 -2.154840188755177e-02
4.000000000000000e-02 2.713305812152553e-02 -2.476715940591964e-02
4.500000000000000e-02 3.057862954304063e-02 -2.800961184911692e-02
5.000000000000000e-02 3.404331360343898e-02 -3.119495316326836e-02
5.500000000000000e-02 3.752927584304335e-02 -3.447835829366965e-02
6.000000000000000e-02 4.103869510173117e-02 -3.776203380785838e-02
6.500000000000000e-02 4.457376488078044e-02 -4.104392376332926e-02
7.000000000000001e-02 4.813669471387935e-02 -4.430512099153357e-02
7.500000000000000e-02 5.172971154815675e-02 -4.763571699297842e-02
8.000000000000000e-02 5.535506113609672e-02 -5.100401404768857e-02
8.500000000000001e-02 5.901500943920686e-02 -5.440750724887787e-02
9.000000000000000e-02 6.271184404431801e-02 -5.779541970863609e-02
9.500000000000000e-02 6.644787559340060e-02 -6.120355906056472e-02
1.000000000000000e-01 7.022543922779090e-02 -6.466402346894637e-02
1.050000000000000e-01 7.404689604773053e-02 -6.820943765754571e-02
1.100000000000000e-01 7.791463458813094e-02 -7.176963677772213e-02
1.150000000000000e-01 8.183107231148547e-02 -7.533369777884566e-02
1.200000000000000e-01 8.579865711886202e-02 -7.892601868854562e-02
1.250000000000000e-01 8.981986887992111e-02 -8.257848028494716e-02
1.300000000000000e-01 9.389722098291493e-02 -8.628731423529609e-02
1.350000000000000e-01 9.803326190563690e-02 -9.007411718371841e-02
1.400000000000000e-01 1.022305768083033e-01 -9.389379740829674e-02
1.450000000000000e-01 1.064917891493625e-01 -9.773406068199549e-02
1.500000000000000e-01 1.108195623252418e-01 -1.016135765150735e-01
1.550000000000000e-01 1.152166013350572e-01 -1.055340130347536e-01
1.600000000000000e-01 1.196856544713255e-01 -1.095108013827619e-01
1.650000000000000e-01 1.242295150377370e-01 -1.135727209572193e-01
1.700000000000000e-01 1.288510230950609e-01 -1.176887489516576e-01
1.750000000000000e-01 1.335530672362758e-01 -1.218926268644754e-01
1.800000000000000e-01 1.383385863920344e-01 -1.261466850251860e-01
1.850000000000000e-01 1.432105716675912e-01 -1.304736473377201e-01
1.900000000000000e-01 1.481720682123397e-01 -1.348547827679593e-01
1.950000000000000e-01 1.532261771231311e-01 -1.393012563677045e-01
2.000000000000000e-01 1.583760573825595e-01 -1.438083830263737e-01
2.050000000000000e-01 1.636249278334301e-01 -1.483808740799391e-01
2.100000000000000e-01 1.689760691906397e-01 -1.530189016442707e-01
2.150000000000000e-01 1.744328260917313e-01 -1.577245567471560e-01
2.200000000000000e-01 1.799986091874004e-01 -1.624988085199602e-01
2.250000000000000e-01 1.856768972732633e-01 -1.673427731609183e-01
2.300000000000000e-01 1.914712394642179e-01 -1.722572266511675e-01
2.350000000000000e-01 1.973852574127551e-01 -1.772428024654538e-01
2.400000000000000e-01 2.034226475726105e-01 -1.822999298240682e-01
2.450000000000000e-01 2.095871835091678e-01 -1.874288523883159e-01
2.500000000000000e-01 2.158827182580599e-01 -1.926296134279940e-01
2.550000000000000e-01 2.223131867334419e-01 -1.979020460718850e-01
2.600000000000000e-01 2.288826081874405e-01 -2.032457582042493e-01
2.650000000000000e-01 2.355950887223172e-01 -2.086601158399689e-01
2.700000000000000e-01 2.424548238569160e-01 -2.141442243753131e-01
2.750000000000000e-01 2.494661011489995e-01 -2.196969081078619e-01
2.800000000000000e-01 2.566333028751116e-01 -2.253166880438507e-01
2.850000000000000e-01 2.639609087696434e-01 -2.310017580396245e-01
2.900000000000000e-01 2.714534988248126e-01 -2.367499592833411e-01
2.950000000000000e-01 2.791157561533084e-01 -2.425587531154946e-01
3.000000000000000e-01 2.869524699153886e-01 -2.484251921825040e-01
3.050000000000000e-01 2.949685383122613e-01 -2.543458899196241e-01
3.100000000000000e-01 3.031689716476197e-01 -2.603169883654745e-01
3.150000000000000e-01 3.115588954592450e-01 -2.663341243200345e-01
3.200000000000000e-01 3.201435537226349e-01 -2.723923938706695e-01
3.250000000000000e-01 3.289283121286580e-01 -2.784863153263885e-01
3.300000000000000e-01 3.379186614372866e-01 -2.846097906190724e-01
3.350000000000000e-01 3.471202209094989e-01 -2.907560652516862e-01
3.400000000000000e-01 3.565387418195016e-01 -2.969176868975478e-01
3.450000000000000e-01 3.661801110494620e-01 -3.030864627814108e-01
3.500000000000000e-01 3.760503547690021e-01 -3.092534160023500e-01
3.550000000000000e-01 3.861556422017504e-01 -3.154087409900860e-01
3.600000000000000e-01 3.965022894813072e-01 -3.215417583201681e-01
3.650000000000000e-01 4.070967635990345e-01 -3.276408691491546e-01
3.700000000000000e-01 4.179456864461349e-01 -3.336935095682190e-01
3.750000000000000e-01 4.290558389525505e-01 -3.396861052121721e-01
3.800000000000000e-01 4.404341653252637e-01 -3.456040265003600e-01
3.850000000000000e-01 4.520877773886537e-01 -3.514315449260618e-01
3.900000000000000e-01 4.640239590296172e-01 -3.571517908517379e-01
3.950000000000000e-01 4.762501707502353e-01 -3.627467133090439e-01
4.000000000000000e-01 4.887740543308307e-01 -3.681970423455745e-01
4.050000000000000e-01 5.016034376063282e-01 -3.734822545063455e-01
4.100000000000000e-01 5.147463393589066e-01 -3.785805420896927e-01
4.150000000000000e-01 5.282109743299990e-01 -3.834687868786770e-01
4.200000000000000e-01 5.420057583547735e-01 -3.881225391268207e-01
4.250000000000000e-01 5.561393136223041e-01 -3.925160026804794e-01
4.300000000000000e-01 5.706204740647189e-01 -3.966220272630074e-01
4.350000000000000e-01 5.854582908786964e-01 -4.004121091469812e-01
4.400000000000000e-01 6.006620381827575e-01 -4.038564017256137e-01
4.450000000000000e-01 6.162412188138907e-01 -4.069237378968521e-01
4.500000000000000e-01 6.322055702671360e-01 -4.095816667366470e-01
4.550000000000000e-01 6.485650707818353e-01 -4.117965077151522e-01
4.600000000000000e-01 6.653299455783577e-01 -4.135334267647583e-01
4.650000000000000e-01 6.825106732491932e-01 -4.147565399133765e-01
4.700000000000000e-01 7.001179923084168e-01 -4.154290520233193e-01
4.750000000000000e-01 7.181629079036070e-01 -4.155134404884993e-01
4.800000000000000e-01 7.366566986944229e-01 -4.149716965727097e-01
4.850000000000000e-01 7.556109239021327e-01 -4.137656403891566e-01
4.900000000000000e-01 7.750374305345038e-01 -4.118573291853097e-01
4.950000000000000e-01 7.949483607905672e-01 -4.092095822930586e-01
5.000000000000000e-01 8.153561596498893e-01 -4.057866492649742e-01
5.050000000000000e-01 8.362735826510871e-01 -4.015550494412419e-01
5.100000000000000e-01 8.577137038644561e-01 -3.964846101764646e-01
5.150000000000000e-01 8.796899240636907e-01 -3.905497254924463e-01
5.200000000000000e-01 9.022159791018011e-01 -3.837308450081550e-01
5.250000000000000e-01 9.253059484964714e-01 -3.760161826348908e-01
5.300000000000000e-01 9.489742642302165e-01 -3.674036042861990e-01
5.350000000000000e-01 9.732357197708378e-01 -3.579026137182377e-01
5.400000000000000e-01 9.981054793178262e-01 -3.475363079928658e-01
5.450000000000000e-01 1.023599087280478e+00 -3.363431247037541e-01
5.500000000000000e-01 1.049732477993657e+00 -3.243781615144855e-01
5.550000000000000e-01 1.076521985677273e+00 -3.117138271804029e-01
5.600000000000001e-01 1.103984354645701e+00 -2.984395951259493e-01
5.650000000000001e-01 1.132136749773522e+00 -2.846606855917486e-01
5.700000000000001e-01 1.160996767224129e+00 -2.704956022213516e-01
5.750000000000001e-01 1.190582445447902e+00 -2.560725841291631e-01
5.800000000000000e-01 1.220912276456826e+00 -2.415251834045191e-01
5.850000000000000e-01 1.252005217382601e+00 -2.269873109962872e-01
5.900000000000000e-01 1.283880702325469e+00 -2.125881810786420e-01
5.950000000000000e-01 1.316558654501151e+00 -1.984476044535279e-01
6.000000000000000e-01 1.350059498693518e+00 -1.846720304686859e-01
6.050000000000000e-01 1.384404174020732e+00 -1.713516271508723e-01
6.100000000000000e-01 1.419614147022888e+00 -1.585585467559485e-01
6.150000000000000e-01 1.455711425079295e+00 -1.463463792650388e-01
6.200000000000000e-01 1.492718570163803e+00 -1.347506756077943e-01
6.250000000000000e-01 1.530658712946775e+00 -1.237903411757860e-01
6.300000000000000e-01 1.569555567252506e+00 -1.134696620617185e-01
6.350000000000000e-01 1.609433444881138e+00 -1.037807252966780e-01
6.400000000000000e-01 1.650317270804325e+00 -9.470601872160399e-02
6.450000000000000e-01 1.692232598744148e+00 -8.622103365945177e-02
6.500000000000000e-01 1.735205627145031e+00 -7.829673405658054e-02
6.550000000000000e-01 1.779263215548615e+00 -7.090179262559275e-02
6.600000000000000e-01 1.824432901381847e+00 -6.400452475431344e-02
6.650000000000000e-01 1.870742917168772e+00 -5.757447437934721e-02
6.700000000000000e-01 1.918222208176775e+00 -5.158362422222826e-02
6.750000000000000e-01 1.966900450508319e+00 -4.600721800483356e-02
6.800000000000000e-01 2.016808069649473e+00 -4.082419661990805e-02
6.850000000000001e-01 2.067976259486829e+00 -3.601726517576206e-02
6.900000000000001e-01 2.120437001804702e+00 -3.157262384675263e-02
6.950000000000001e-01 2.174223086274785e+00 -2.747941202630482e-02
7.000000000000001e-01 2.229368130950753e+00 -2.372893103543650e-02
7.050000000000000e-01 2.285906603280654e+00 -2.031372369564334e-02
7.100000000000000e-01 2.343873841650178e+00 -1.722659742359379e-02
7.150000000000000e-01 2.403306077470301e+00 -1.445967946250160e-02
7.200000000000000e-01 2.464240457823092e+00 -1.200358745070213e-02
7.250000000000000e-01 2.526715068679855e+00 -9.846785711404292e-03
7.300000000000000e-01 2.590768958706095e+00 -7.975178415252897e-03
7.350000000000000e-01 2.656442163668210e+00 -6.371967002777052e-03
7.400000000000000e-01 2.723775731457148e+00 -5.017773466252674e-03
7.450000000000000e-01 2.792811747744667e+00 -3.891006054632919e-03
7.500000000000000e-01 2.863593362288260e+00 -2.968422342858665e-03
7.550000000000000e-01 2.936164815901156e+00 -2.225828610240447e-03
7.600000000000000e-01 3.010571468104263e+00 -1.638845606766536e-03
7.650000000000000e-01 3.086859825477351e+00 -1.183669688711094e-03
7.700000000000000e-01 3.165077570727174e+00 -8.377646883579570e-04
7.750000000000000e-01 3.245273592490716e+00 -5.804325821110421e-04
7.800000000000000e-01 3.327498015892184e+00 -3.932281476078708e-04
7.850000000000000e-01 3.411802233872832e+00 -2.602019931123475e-04
7.900000000000000e-01 3.498238939313234e+00 -1.679750995730827e-04
7.950000000000000e-01 3.586862157968046e+00 -1.056640580293585e-04
8.000000000000000e-01 3.677727282233856e+00 -6.468779147011712e-05
8.050000000000000e-01 3.770891105771243e+00 -3.849279815757350e-05
8.100000000000001e-01 3.866411859002656e+00 -2.223481040410617e-05
8.150000000000001e-01 3.964349245508326e+00 -1.245100907689718e-05
8.200000000000001e-01 4.064764479342956e+00 -6.749935659276608e-06
8.250000000000001e-01 4.167720323296481e+00 -3.537633167669938e-06
8.300000000000001e-01 4.273281128122877e+00 -1.789891128294661e-06
8.350000000000000e-01 4.381512872761445e+00 -8.729984864163478e-07
8.400000000000000e-01 4.492483205575838e+00 -4.098616383058012e-07
8.450000000000000e-01 4.606261486636447e+00 -1.849503369366262e-07
8.500000000000000e-01 4.722918831072739e+00 -8.009763245458026e-08
8.550000000000000e-01 4.842528153522501e+00 -3.324156058212042e-08
8.600000000000000e-01 4.965164213705875e+00 -1.320052748267343e-08
8.650000000000000e-01 5.090903663152626e+00 -5.008454360824019e-09
8.700000000000000e-01 5.219825093111814e+00 -1.812924240832509e-09
8.750000000000000e-01 5.352009083673925e+00 -6.251581926705750e-10
8.800000000000000e-01 5.487538254136007e+00 -2.050778538431650e-10
8.850000000000000e-01 5.626497314641444e+00 -6.390979412454002e-11
8.900000000000000e-01 5.768973119126561e+00 -1.889547669183814e-11
8.950000000000000e-01 5.915054719607133e+00 -5.293420812353195e-12
9.000000000000000e-01 6.064833421838831e+00 -1.403387064440133e-12
9.050000000000000e-01 6.218402842386253e+00 -3.517116653793448e-13
9.100000000000000e-01 6.375858967136348e+00 -8.323475735484403e-14
9.150000000000000e-01 6.537300211292723e+00 -1.858271420979643e-14
9.200000000000000e-01 6.702827480888332e+00 -3.910369504390937e-15
9.250000000000000e-01 6.872544235855034e+00 -7.749795431086263e-16
9.300000000000000e-01 7.046556554689444e+00 -1.445537260349557e-16
9.350000000000001e-01 7.224973200755413e+00 -2.536190380515416e-17
9.400000000000001e-01 7.407905690264673e+00 -4.183493886534275e-18
9.450000000000001e-01 7.595468361978146e+00 -6.485393728289974e-19
9.500000000000001e-01 7.787778448671316e+00 -9.446082588528660e-20
9.550000000000001e-01 7.984956150408610e+00 -1.292424610151082e-20
9.600000000000000e-01 8.187124709672272e+00 -1.660949640821554e-21
9.650000000000000e-01 8.394410488393007e+00 -2.004945907360999e-22
9.700000000000000e-01 8.606943046930221e+00 -2.273400416418092e-23
9.750000000000000e-01 8.824855225051540e+00 -2.421812893428722e-24
9.800000000000000e-01 9.048283224961922e+00 -2.424321127663104e-25
9.850000000000000e-01 9.277366696434507e+00 -2.281105965367326e-26
9.900000000000000e-01 9.512248824096272e+00 -2.017384556494016e-27
9.950000000000000e-01 9.753076416923058e+00 -1.755161802136959e-28
1.000000000000000e+00 1.000000000000000e+01 8.731317791387690e-29
