0.000000000000000e+00 0.000000000000000e+00 0.000000000000000e+00
5.000000000000000e-03 3.369477419287315e-03 -2.946441624372324e-03
1.000000000000000e-02 6.741060871647481e-03 -5.631534671337963e-03
1.500000000000000e-02 1.011685770649257e-02 -8.467436116981803e-03
2.000000000000000e-02 1.349897790673588e-02 -1.175449797262614e-02
2.500000000000000e-02 1.688953540759990e-02 -1.544682315105835e-02
3.000000000000000e-02 2.029064941789469e-02 -1.859723547876896e-02
3.500000000000000e-02 2.370444574459234e-02 -2.186644329031221e-02
4.000000000000000e-02 2.713305812152553e-02 -2.517473574589756e-02
4.500000000000000e-02 3.057862954304063e-02 -2.847884813466873e-02
5.000000000000000e-02 3.404331360343898e-02 -3.170094775799993e-02
5.500000000000000e-02 3.752927584304335e-02 -3.506069160808842e-02
6.000000000000000e-02 4.103869510173117e-02 -3.840040228497101e-02
6.500000000000000e-02 4.457376488078044e-02 -4.171333891864197e-02
7.000000000000001e-02 4.813669471387935e-02 -4.505797236434414e-02
7.500000000000000e-02 5.172971154815675e-02 -4.850058525291657e-02
8.000000000000000e-02 5.535506113609672e-02 -5.190908909882525e-02
8.500000000000001e-02 5.901500943920686e-02 -5.533624735034794e-02
9.000000000000000e-02 6.271184404431801e-02 -5.882980153312066e-02
9.500000000000000e-02 6.644787559340060e-02 -6.236970035354244e-02
1.000000000000000e-01 7.022543922779090e-02 -6.589785514534398e-02
1.050000000000000e-01 7.404689604773053e-02 -6.949495497321088e-02
1.100000000000000e-01 7.791463458813094e-02 -7.315165326105386e-02
1.150000000000000e-01 8.183107231148547e-02 -7.682590758254615e-02
1.200000000000000e-01 8.579865711886202e-02 -8.052862168348994e-02
1.250000000000000e-01 8.981986887992111e-02 -8.432406087167940e-02
1.300000000000000e-01 9.389722098291493e-02 -8.816346317774562e-02
1.350000000000000e-01 9.803326190563690e-02 -9.202382973544050e-02
1.400000000000000e-01 1.022305768083033e-01 -9.594654813339089e-02
1.450000000000000e-01 1.064917891493625e-01 -9.996279786691235e-02
1.500000000000000e-01 1.108195623252418e-01 -1.040184279784477e-01
1.550000000000000e-01 1.152166013350572e-01 -1.081149697169925e-01
1.600000000000000e-01 1.196856544713255e-01 -1.122936532417083e-01
1.650000000000000e-01 1.242295150377370e-01 -1.165616893487473e-01
1.700000000000000e-01 1.288510230950609e-01 -1.208764714773915e-01
1.750000000000000e-01 1.335530672362758e-01 -1.252520359353479e-01
1.800000000000000e-01 1.383385863920344e-01 -1.297208175927119e-01
1.850000000000000e-01 1.432105716675912e-01 -1.342811901838494e-01
1.900000000000000e-01 1.481720682123397e-01 -1.389013903119166e-01
1.950000000000000e-01 1.532261771231311e-01 -1.435956861945049e-01
2.000000000000000e-01 1.583760573825595e-01 -1.483915637266003e-01
2.050000000000000e-01 1.636249278334301e-01 -1.532900611029836e-01
2.100000000000000e-01 1.689760691906397e-01 -1.582641985003328e-01
2.150000000000000e-01 1.744328260917313e-01 -1.633197934624223e-01
2.200000000000000e-01 1.799986091874004e-01 -1.684833407329995e-01
2.250000000000000e-01 1.856768972732633e-01 -1.737664140555739e-01
2.300000000000000e-01 1.914712394642179e-01 -1.791460753274163e-01
2.350000000000000e-01 1.973852574127551e-01 -1.846153087398619e-01
2.400000000000000e-01 2.034226475726105e-01 -1.901942436148746e-01
2.450000000000000e-01 2.095871835091678e-01 -1.959043966834991e-01
2.500000000000000e-01 2.158827182580599e-01 -2.017383221814356e-01
2.550000000000000e-01 2.223131867334419e-01 -2.076872510848024e-01
2.600000000000000e-01 2.288826081874405e-01 -2.137505270359508e-01
2.650000000000000e-01 2.355950887223172e-01 -2.199383281786847e-01
2.700000000000000e-01 2.424548238569160e-01 -2.262663836229003e-01
2.750000000000000e-01 2.494661011489995e-01 -2.327476125234900e-01
2.800000000000000e-01 2.566333028751116e-01 -2.393732371760151e-01
2.850000000000000e-01 2.639609087696434e-01 -2.461404142673085e-01
2.900000000000000e-01 2.714534988248126e-01 -2.530536678615370e-01
2.950000000000000e-01 2.791157561533084e-01 -2.601173454056368e-01
3.000000000000000e-01 2.869524699153886e-01 -2.673464831365809e-01
3.050000000000000e-01 2.949685383122613e-01 -2.747550761500533e-01
3.100000000000000e-01 3.031689716476197e-01 -2.823467026378204e-01
3.150000000000000e-01 3.115588954592450e-01 -2.901369019478464e-01
3.200000000000000e-01 3.201435537226349e-01 -2.981246474485271e-01
3.250000000000000e-01 3.289283121286580e-01 -3.063249201530051e-01
3.300000000000000e-01 3.379186614372866e-01 -3.147429210110697e-01
3.350000000000000e-01 3.471202209094989e-01 -3.233943167652384e-01
3.400000000000000e-01 3.565387418195016e-01 -3.322920264430551e-01
3.450000000000000e-01 3.661801110494620e-01 -3.414544221040907e-01
3.500000000000000e-01 3.760503547690021e-01 -3.509010934539700e-01
3.550000000000000e-01 3.861556422017504e-01 -3.606556459135731e-01
3.600000000000000e-01 3.965022894813072e-01 -3.707452418723360e-01
3.650000000000000e-01 4.070967635990345e-01 -3.812019848257255e-01
3.700000000000000e-01 4.179456864461349e-01 -3.920638201348670e-01
3.750000000000000e-01 4.290558389525505e-01 -4.033760428158936e-01
3.800000000000000e-01 4.404341653252637e-01 -4.151930807382064e-01
3.850000000000000e-01 4.520877773886537e-01 -4.275808537331630e-01
3.900000000000000e-01 4.640239590296172e-01 -4.406198372277752e-01
3.950000000000000e-01 4.762501707502353e-01 -4.544091256501404e-01
4.000000000000000e-01 4.887740543308307e-01 -4.690718867461101e-01
4.050000000000000e-01 5.016034376063282e-01 -4.847628029028369e-01
4.100000000000000e-01 5.147463393589066e-01 -5.016784034249019e-01
4.150000000000000e-01 5.282109743299990e-01 -5.200717025195515e-01
4.200000000000000e-01 5.420057583547735e-01 -5.402734192959489e-01
4.250000000000000e-01 5.561393136223041e-01 -5.627235654059622e-01
4.300000000000000e-01 5.706204740647189e-01 -5.880199381919921e-01
4.350000000000000e-01 5.854582908786964e-01 -6.169953181061664e-01
4.400000000000000e-01 6.006620381827575e-01 -6.508457967035727e-01
4.450000000000000e-01 6.162412188138907e-01 -6.913555895331210e-01
4.500000000000000e-01 6.322055702671360e-01 -7.413172351784040e-01
4.550000000000000e-01 6.485650707818353e-01 -8.053838081377718e-01
4.600000000000000e-01 6.653299455783577e-01 -8.919877656666104e-01
4.650000000000000e-01 6.825106732491932e-01 -1.018268238359169e+00
4.700000000000000e-01 7.001179923084168e-01 -1.224472859749630e+00
4.750000000000000e-01 7.181629079036070e-01 -1.607852582409327e+00
4.800000000000000e-01 7.366566986944229e-01 -2.102125951676627e+00
4.850000000000000e-01 7.556109239021327e-01 -1.490470136113731e+00
4.900000000000000e-01 7.750374305345038e-01 -1.749926847409115e-01
4.950000000000000e-01 7.949483607905672e-01 -9.034040608748772e-02
5.000000000000000e-01 8.153561596498893e-01 -9.571277937382074e-02
5.050000000000000e-01 8.362735826510871e-01 2.460390815899288e-02
5.100000000000000e-01 8.577137038644561e-01 -5.190009540662233e-02
5.150000000000000e-01 8.796899240636907e-01 3.099157572584319e-02
5.200000000000000e-01 9.022159791018011e-01 -1.859011998288333e-02
5.250000000000000e-01 9.253059484964714e-01 2.141870180721686e-02
5.300000000000000e-01 9.489742642302165e-01 2.541699086956382e-03
5.350000000000000e-01 9.732357197708378e-01 1.354043622832126e-02
5.400000000000000e-01 9.981054793178262e-01 1.349276057303173e-02
5.450000000000000e-01 1.023599087280478e+00 1.006203800919853e-02
5.500000000000000e-01 1.049732477993657e+00 1.750477602755814e-02
5.550000000000000e-01 1.076521985677273e+00 9.891678897588232e-03
5.600000000000001e-01 1.103984354645701e+00 1.764680906261195e-02
5.650000000000001e-01 1.132136749773522e+00 1.127175186286486e-02
5.700000000000001e-01 1.160996767224129e+00 1.624296754942918e-02
5.750000000000001e-01 1.190582445447902e+00 1.281205178069069e-02
5.800000000000000e-01 1.220912276456826e+00 1.471777864114095e-02
5.850000000000000e-01 1.252005217382601e+00 1.377417534168587e-02
5.900000000000000e-01 1.283880702325469e+00 1.368461514041183e-02
5.950000000000000e-01 1.316558654501151e+00 1.401048620372971e-02
6.000000000000000e-01 1.350059498693518e+00 1.318482679152657e-02
6.050000000000000e-01 1.384404174020732e+00 1.373567002478270e-02
6.100000000000000e-01 1.419614147022888e+00 1.298695989969579e-02
6.150000000000000e-01 1.455711425079295e+00 1.326235914011235e-02
6.200000000000000e-01 1.492718570163803e+00 1.284477288277566e-02
6.250000000000000e-01 1.530658712946775e+00 1.281113287590959e-02
6.300000000000000e-01 1.569555567252506e+00 1.263398962974618e-02
6.350000000000000e-01 1.609433444881138e+00 1.245285964567409e-02
6.400000000000000e-01 1.650317270804325e+00 1.235333290103134e-02
6.450000000000000e-01 1.692232598744148e+00 1.216054556239890e-02
6.500000000000000e-01 1.735205627145031e+00 1.205059590029449e-02
6.550000000000000e-01 1.779263215548615e+00 1.188986237758727e-02
6.600000000000000e-01 1.824432901381847e+00 1.175887319926095e-02
6.650000000000000e-01 1.870742917168772e+00 1.162012323154637e-02
6.700000000000000e-01 1.918222208176775e+00 1.148254365580101e-02
6.750000000000000e-01 1.966900450508319e+00 1.134958245274171e-02
6.800000000000000e-01 2.016808069649473e+00 1.121302329754663e-02
6.850000000000001e-01 2.067976259486829e+00 1.107863648977982e-02
6.900000000000001e-01 2.120437001804702e+00 1.094168928219891e-02
6.950000000000001e-01 2.174223086274785e+00 1.080313142178780e-02
7.000000000000001e-01 2.229368130950753e+00 1.066146234049656e-02
7.050000000000000e-01 2.285906603280654e+00 1.051559727143081e-02
7.100000000000000e-01 2.343873841650178e+00 1.036452693286355e-02
7.150000000000000e-01 2.403306077470301e+00 1.020682652189485e-02
7.200000000000000e-01 2.464240457823092e+00 1.004115404693390e-02
7.250000000000000e-01 2.526715068679855e+00 9.865924949593579e-03
7.300000000000000e-01 2.590768958706095e+00 9.679441526137060e-03
7.350000000000000e-01 2.656442163668210e+00 9.479835101470472e-03
7.400000000000000e-01 2.723775731457148e+00 9.265057527574720e-03
7.450000000000000e-01 2.792811747744667e+00 9.032871738543684e-03
7.500000000000000e-01 2.863593362288260e+00 8.780833422297024e-03
7.550000000000000e-01 2.936164815901156e+00 8.506280724935276e-03
7.600000000000000e-01 3.010571468104263e+00 8.206323261131446e-03
7.650000000000000e-01 3.086859825477351e+00 7.877836622553685e-03
7.700000000000000e-01 3.165077570727174e+00 7.517463787467087e-03
7.750000000000000e-01 3.245273592490716e+00 7.121627489611563e-03
7.800000000000000e-01 3.327498015892184e+00 6.686558460270399e-03
7.850000000000000e-01 3.411802233872832e+00 6.208346217325553e-03
7.900000000000000e-01 3.498238939313234e+00 5.683021593373734e-03
7.950000000000000e-01 3.586862157968046e+00 5.106681750706305e-03
8.000000000000000e-01 3.677727282233856e+00 4.475669901499961e-03
8.050000000000000e-01 3.770891105771243e+00 3.786824734824661e-03
8.100000000000001e-01 3.866411859002656e+00 3.037815041070965e-03
8.150000000000001e-01 3.964349245508326e+00 2.227568355598636e-03
8.200000000000001e-01 4.064764479342956e+00 1.356791553576897e-03
8.250000000000001e-01 4.167720323296481e+00 4.285686154442232e-04
8.300000000000001e-01 4.273281128122877e+00 -5.510044543691704e-04
8.350000000000000e-01 4.381512872761445e+00 -1.572228830884178e-03
8.400000000000000e-01 4.492483205575838e+00 -2.621363470380268e-03
8.450000000000000e-01 4.606261486636447e+00 -3.680421587362621e-03
8.500000000000000e-01 4.722918831072739e+00 -4.727242020445981e-03
8.550000000000000e-01 4.842528153522501e+00 -5.735865117826584e-03
8.600000000000000e-01 4.965164213705875e+00 -6.677251672526049e-03
8.650000000000000e-01 5.090903663152626e+00 -7.520309642293391e-03
8.700000000000000e-01 5.219825093111814e+00 -8.233028379640997e-03
8.750000000000000e-01 5.352009083673925e+00 -8.783477774333802e-03
8.800000000000000e-01 5.487538254136007e+00 -9.140762273613750e-03
8.850000000000000e-01 5.626497314641444e+00 -9.276634904819120e-03
8.900000000000000e-01 5.768973119126561e+00 -9.168814948050694e-03
8.950000000000000e-01 5.915054719607133e+00 -8.806498284112469e-03
9.000000000000000e-01 6.064833421838831e+00 -8.197071525647663e-03
9.050000000000000e-01 6.218402842386253e+00 -7.371449299682940e-03
9.100000000000000e-01 6.375858967136348e+00 -6.384929186289786e-03
9.150000000000000e-01 6.537300211292723e+00 -5.311674024126274e-03
9.200000000000000e-01 6.702827480888332e+00 -4.233463891419137e-03
9.250000000000000e-01 6.872544235855034e+00 -3.225884600724213e-03
9.300000000000000e-01 7.046556554689444e+00 -2.346256510465064e-03
9.350000000000001e-01 7.224973200755413e+00 -1.626799014146915e-03
9.400000000000001e-01 7.407905690264673e+00 -1.074319870286056e-03
9.450000000000001e-01 7.595468361978146e+00 -6.753228130594887e-04
9.500000000000001e-01 7.787778448671316e+00 -4.039315418116569e-04
9.550000000000001e-01 7.984956150408610e+00 -2.298505712463170e-04
9.600000000000000e-01 8.187124709672272e+00 -1.244262852608403e-04
9.650000000000000e-01 8.394410488393007e+00 -6.408334341505632e-05
9.700000000000000e-01 8.606943046930221e+00 -3.140624354949501e-05
9.750000000000000e-01 8.824855225051540e+00 -1.465024834123975e-05
9.800000000000000e-01 9.048283224961922e+00 -6.505064314242587e-06
9.850000000000000e-01 9.277366696434507e+00 -2.753618774835680e-06
9.900000000000000e-01 9.512248824096272e+00 -1.102519395104065e-06
9.950000000000000e-01 9.753076416923058e+00 -4.360952552224718e-07
1.000000000000000e+00 1.000000000000000e+01 -1.205370858306238e-07
