0.000000000000000e+00 0.000000000000000e+00 0.000000000000000e+00
5.000000000000000e-03 3.369477419287315e-03 -2.936615372044559e-03
1.000000000000000e-02 6.741060871647481e-03 -5.621996683065279e-03
1.500000000000000e-02 1.011685770649257e-02 -8.470402883307795e-03
2.000000000000000e-02 1.349897790673588e-02 -1.175768731334385e-02
2.500000000000000e-02 1.688953540759990e-02 -1.544852198310183e-02
3.000000000000000e-02 2.029064941789469e-02 -1.859967706922134e-02
3.500000000000000e-02 2.370444574459234e-02 -2.186908241480450e-02
4.000000000000000e-02 2.713305812152553e-02 -2.517772259269345e-02
4.500000000000000e-02 3.057862954304063e-02 -2.848294357886203e-02
5.000000000000000e-02 3.404331360343898e-02 -3.170525395284515e-02
5.500000000000000e-02 3.752927584304335e-02 -3.506489346821506e-02
6.000000000000000e-02 4.103869510173117e-02 -3.840547817849656e-02
6.500000000000000e-02 4.457376488078044e-02 -4.171909597587833e-02
7.000000000000001e-02 4.813669471387935e-02 -4.506365640109825e-02
7.500000000000000e-02 5.172971154815675e-02 -4.850681606434580e-02
8.000000000000000e-02 5.535506113609672e-02 -5.191627123280362e-02
8.500000000000001e-02 5.901500943920686e-02 -5.534357219490795e-02
9.000000000000000e-02 6.271184404431801e-02 -5.883724071339636e-02
9.500000000000000e-02 6.644787559340060e-02 -6.237808091202363e-02
1.000000000000000e-01 7.022543922779090e-02 -6.590692563787257e-02
1.050000000000000e-01 7.404689604773053e-02 -6.950406614301820e-02
1.100000000000000e-01 7.791463458813094e-02 -7.316125320125719e-02
1.150000000000000e-01 8.183107231148547e-02 -7.683642897076456e-02
1.200000000000000e-01 8.579865711886202e-02 -8.053957319495439e-02
1.250000000000000e-01 8.981986887992111e-02 -8.433528537888232e-02
1.300000000000000e-01 9.389722098291493e-02 -8.817544964699027e-02
1.350000000000000e-01 9.803326190563690e-02 -9.203655287814633e-02
1.400000000000000e-01 1.022305768083033e-01 -9.595962678723199e-02
1.450000000000000e-01 1.064917891493625e-01 -9.997643836414094e-02
1.500000000000000e-01 1.108195623252418e-01 -1.040329465428265e-01
1.550000000000000e-01 1.152166013350572e-01 -1.081301099534341e-01
1.600000000000000e-01 1.196856544713255e-01 -1.123092263983310e-01
1.650000000000000e-01 1.242295150377370e-01 -1.165780296236257e-01
1.700000000000000e-01 1.288510230950609e-01 -1.208937418210587e-01
1.750000000000000e-01 1.335530672362758e-01 -1.252699459957002e-01
1.800000000000000e-01 1.383385863920344e-01 -1.297392969638515e-01
1.850000000000000e-01 1.432105716675912e-01 -1.343005660882392e-01
1.900000000000000e-01 1.481720682123397e-01 -1.389217711832224e-01
1.950000000000000e-01 1.532261771231311e-01 -1.436168344677522e-01
2.000000000000000e-01 1.583760573825595e-01 -1.484134346500033e-01
2.050000000000000e-01 1.636249278334301e-01 -1.533129245207220e-01
2.100000000000000e-01 1.689760691906397e-01 -1.582881910602594e-01
2.150000000000000e-01 1.744328260917313e-01 -1.633447780925369e-01
2.200000000000000e-01 1.799986091874004e-01 -1.685092449941966e-01
2.250000000000000e-01 1.856768972732633e-01 -1.737933993583530e-01
2.300000000000000e-01 1.914712394642179e-01 -1.791743340409390e-01
2.350000000000000e-01 1.973852574127551e-01 -1.846448791035108e-01
2.400000000000000e-01 2.034226475726105e-01 -1.902250553226737e-01
2.450000000000000e-01 2.095871835091678e-01 -1.959364442125497e-01
2.500000000000000e-01 2.158827182580599e-01 -2.017717764508053e-01
2.550000000000000e-01 2.223131867334419e-01 -2.077223353725012e-01
2.600000000000000e-01 2.288826081874405e-01 -2.137873096884992e-01
2.650000000000000e-01 2.355950887223172e-01 -2.199767802203742e-01
2.700000000000000e-01 2.424548238569160e-01 -2.263065615780535e-01
2.750000000000000e-01 2.494661011489995e-01 -2.327896550315526e-01
2.800000000000000e-01 2.566333028751116e-01 -2.394173361011912e-01
2.850000000000000e-01 2.639609087696434e-01 -2.461867957708211e-01
2.900000000000000e-01 2.714534988248126e-01 -2.531024840301994e-01
2.950000000000000e-01 2.791157561533084e-01 -2.601687177313068e-01
3.000000000000000e-01 2.869524699153886e-01 -2.674005722375122e-01
3.050000000000000e-01 2.949685383122613e-01 -2.748120463225672e-01
3.100000000000000e-01 3.031689716476197e-01 -2.824067969916647e-01
3.150000000000000e-01 3.115588954592450e-01 -2.902003971743438e-01
3.200000000000000e-01 3.201435537226349e-01 -2.981918551752244e-01
3.250000000000000e-01 3.289283121286580e-01 -3.063961974687168e-01
3.300000000000000e-01 3.379186614372866e-01 -3.148186496900484e-01
3.350000000000000e-01 3.471202209094989e-01 -3.234749354682763e-01
3.400000000000000e-01 3.565387418195016e-01 -3.323780221262986e-01
3.450000000000000e-01 3.661801110494620e-01 -3.415463557708017e-01
3.500000000000000e-01 3.760503547690021e-01 -3.509996064567076e-01
3.550000000000000e-01 3.861556422017504e-01 -3.607614812601456e-01
3.600000000000000e-01 3.965022894813072e-01 -3.708592625165693e-01
3.650000000000000e-01 4.070967635990345e-01 -3.813252003411200e-01
3.700000000000000e-01 4.179456864461349e-01 -3.921974187135264e-01
3.750000000000000e-01 4.290558389525505e-01 -4.035214331239041e-01
3.800000000000000e-01 4.404341653252637e-01 -4.153519459243137e-01
3.850000000000000e-01 4.520877773886537e-01 -4.277552225308547e-01
3.900000000000000e-01 4.640239590296172e-01 -4.408121786092096e-01
3.950000000000000e-01 4.762501707502353e-01 -4.546224768120208e-01
4.000000000000000e-01 4.887740543308307e-01 -4.693100290476974e-01
4.050000000000000e-01 5.016034376063282e-01 -4.850305082972783e-01
4.100000000000000e-01 5.147463393589066e-01 -5.019817869798244e-01
4.150000000000000e-01 5.282109743299990e-01 -5.204187389234767e-01
4.200000000000000e-01 5.420057583547735e-01 -5.406747206997049e-01
4.250000000000000e-01 5.561393136223041e-01 -5.631935906936800e-01
4.300000000000000e-01 5.706204740647189e-01 -5.885789444959526e-01
4.350000000000000e-01 5.854582908786964e-01 -6.176726534393006e-01
4.400000000000000e-01 6.006620381827575e-01 -6.516857636830732e-01
4.450000000000000e-01 6.162412188138907e-01 -6.924286127194736e-01
4.500000000000000e-01 6.322055702671360e-01 -7.427430356998475e-01
4.550000000000000e-01 6.485650707818353e-01 -8.073853030547626e-01
4.600000000000000e-01 6.653299455783577e-01 -8.950379230299781e-01
4.650000000000000e-01 6.825106732491932e-01 -1.023592672822543e+00
4.700000000000000e-01 7.001179923084168e-01 -1.236391299454901e+00
4.750000000000000e-01 7.181629079036070e-01 -1.646827374140855e+00
4.800000000000000e-01 7.366566986944229e-01 -2.195378630389396e+00
4.850000000000000e-01 7.556109239021327e-01 -1.483517850983046e+00
4.900000000000000e-01 7.750374305345038e-01 -1.194587176875520e-01
4.950000000000000e-01 7.949483607905672e-01 -1.059816859781741e-01
5.000000000000000e-01 8.153561596498893e-01 -6.746206000979799e-02
5.050000000000000e-01 8.362735826510871e-01 1.983512021839397e-02
5.100000000000000e-01 8.577137038644561e-01 -4.526609508935274e-02
5.150000000000000e-01 8.796899240636907e-01 3.642720777984473e-02
5.200000000000000e-01 9.022159791018011e-01 -2.235449732259006e-02
5.250000000000000e-01 9.253059484964714e-01 3.021702225403120e-02
5.300000000000000e-01 9.489742642302165e-01 -3.842039193237848e-03
5.350000000000000e-01 9.732357197708378e-01 2.110447418960653e-02
5.400000000000000e-01 9.981054793178262e-01 8.457328690711209e-03
5.450000000000000e-01 1.023599087280478e+00 1.452754217146190e-02
5.500000000000000e-01 1.049732477993657e+00 1.502607259292279e-02
5.550000000000000e-01 1.076521985677273e+00 1.130470634670171e-02
5.600000000000001e-01 1.103984354645701e+00 1.732834431365043e-02
5.650000000000001e-01 1.132136749773522e+00 1.064247371661132e-02
5.700000000000001e-01 1.160996767224129e+00 1.704836929194997e-02
5.750000000000001e-01 1.190582445447902e+00 1.134160292216421e-02
5.800000000000000e-01 1.220912276456826e+00 1.565350172846006e-02
5.850000000000000e-01 1.252005217382601e+00 1.235875405635523e-02
5.900000000000000e-01 1.283880702325469e+00 1.416339574753502e-02
5.950000000000000e-01 1.316558654501151e+00 1.305098239877157e-02
6.000000000000000e-01 1.350059498693518e+00 1.308637005161460e-02
6.050000000000000e-01 1.384404174020732e+00 1.320978890815647e-02
6.100000000000000e-01 1.419614147022888e+00 1.250054629318777e-02
6.150000000000000e-01 1.455711425079295e+00 1.294551742197658e-02
6.200000000000000e-01 1.492718570163803e+00 1.223443055375806e-02
6.250000000000000e-01 1.530658712946775e+00 1.249725479168808e-02
6.300000000000000e-01 1.569555567252506e+00 1.206823400897387e-02
6.350000000000000e-01 1.609433444881138e+00 1.206174649612620e-02
6.400000000000000e-01 1.650317270804325e+00 1.186922362516163e-02
6.450000000000000e-01 1.692232598744148e+00 1.171599922710940e-02
6.500000000000000e-01 1.735205627145031e+00 1.161660037602952e-02
6.550000000000000e-01 1.779263215548615e+00 1.144287557432039e-02
6.600000000000000e-01 1.824432901381847e+00 1.134585459185178e-02
6.650000000000000e-01 1.870742917168772e+00 1.120021270601053e-02
6.700000000000000e-01 1.918222208176775e+00 1.108714764246791e-02
6.750000000000000e-01 1.966900450508319e+00 1.096429872303662e-02
6.800000000000000e-01 2.016808069649473e+00 1.084550412437294e-02
6.850000000000001e-01 2.067976259486829e+00 1.073027104446190e-02
6.900000000000001e-01 2.120437001804702e+00 1.061255518282022e-02
6.950000000000001e-01 2.174223086274785e+00 1.049697396626828e-02
7.000000000000001e-01 2.229368130950753e+00 1.037901595315603e-02
7.050000000000000e-01 2.285906603280654e+00 1.025957989123298e-02
7.100000000000000e-01 2.343873841650178e+00 1.013694860106910e-02
7.150000000000000e-01 2.403306077470301e+00 1.001007222332724e-02
7.200000000000000e-01 2.464240457823092e+00 9.877781305218762e-03
7.250000000000000e-01 2.526715068679855e+00 9.738594164667729e-03
7.300000000000000e-01 2.590768958706095e+00 9.591058115278375e-03
7.350000000000000e-01 2.656442163668210e+00 9.433481842058658e-03
7.400000000000000e-01 2.723775731457148e+00 9.264048909917008e-03
7.450000000000000e-01 2.792811747744667e+00 9.080754905903935e-03
7.500000000000000e-01 2.863593362288260e+00 8.881401881271267e-03
7.550000000000000e-01 2.936164815901156e+00 8.663582871818660e-03
7.600000000000000e-01 3.010571468104263e+00 8.424663187327697e-03
7.650000000000000e-01 3.086859825477351e+00 8.161767629285695e-03
7.700000000000000e-01 3.165077570727174e+00 7.871768324541005e-03
7.750000000000000e-01 3.245273592490716e+00 7.551279084095831e-03
7.800000000000000e-01 3.327498015892184e+00 7.196658555039953e-03
7.850000000000000e-01 3.411802233872832e+00 6.804026858962542e-03
7.900000000000000e-01 3.498238939313234e+00 6.369302111192485e-03
7.950000000000000e-01 3.586862157968046e+00 5.888266144506478e-03
8.000000000000000e-01 3.677727282233856e+00 5.356670382443921e-03
8.050000000000000e-01 3.770891105771243e+00 4.770394486606444e-03
8.100000000000001e-01 3.866411859002656e+00 4.125675073302050e-03
8.150000000000001e-01 3.964349245508326e+00 3.419424312478724e-03
8.200000000000001e-01 4.064764479342956e+00 2.649652103140065e-03
8.250000000000001e-01 4.167720323296481e+00 1.815996449395195e-03
8.300000000000001e-01 4.273281128122877e+00 9.203579935184526e-04
8.350000000000000e-01 4.381512872761445e+00 -3.239235037544000e-05
8.400000000000000e-01 4.492483205575838e+00 -1.033718059497273e-03
8.450000000000000e-01 4.606261486636447e+00 -2.070858138586609e-03
8.500000000000000e-01 4.722918831072739e+00 -3.126504764660486e-03
8.550000000000000e-01 4.842528153522501e+00 -4.178766736883465e-03
8.600000000000000e-01 4.965164213705875e+00 -5.201469826186567e-03
8.650000000000000e-01 5.090903663152626e+00 -6.164869069125020e-03
8.700000000000000e-01 5.219825093111814e+00 -7.036750432581383e-03
8.750000000000000e-01 5.352009083673925e+00 -7.783666181711418e-03
8.800000000000000e-01 5.487538254136007e+00 -8.371965836168819e-03
8.850000000000000e-01 5.626497314641444e+00 -8.768686742731178e-03
8.900000000000000e-01 5.768973119126561e+00 -8.943138120999545e-03
8.950000000000000e-01 5.915054719607133e+00 -8.870442577993524e-03
9.000000000000000e-01 6.064833421838831e+00 -8.537633704815495e-03
9.050000000000000e-01 6.218402842386253e+00 -7.951146032942403e-03
9.100000000000000e-01 6.375858967136348e+00 -7.142694685788443e-03
9.150000000000000e-01 6.537300211292723e+00 -6.170033307316147e-03
9.200000000000000e-01 6.702827480888332e+00 -5.110612142580460e-03
9.250000000000000e-01 6.872544235855034e+00 -4.049111104010890e-03
9.300000000000000e-01 7.046556554689444e+00 -3.062582595380346e-03
9.350000000000001e-01 7.224973200755413e+00 -2.207972942750378e-03
9.400000000000001e-01 7.407905690264673e+00 -1.515627454792831e-03
9.450000000000001e-01 7.595468361978146e+00 -9.898103397462461e-04
9.500000000000001e-01 7.787778448671316e+00 -6.147043590997615e-04
9.550000000000001e-01 7.984956150408610e+00 -3.629359346279147e-04
9.600000000000000e-01 8.187124709672272e+00 -2.037115884731624e-04
9.650000000000000e-01 8.394410488393007e+00 -1.087069844208563e-04
9.700000000000000e-01 8.606943046930221e+00 -5.516052124032082e-05
9.750000000000000e-01 8.824855225051540e+00 -2.662327896635356e-05
9.800000000000000e-01 9.048283224961922e+00 -1.222275736397577e-05
9.850000000000000e-01 9.277366696434507e+00 -5.346748490879010e-06
9.900000000000000e-01 9.512248824096272e+00 -2.210579888373397e-06
9.950000000000000e-01 9.753076416923058e+00 -9.009813113001016e-07
1.000000000000000e+00 1.000000000000000e+01 -2.661743802405622e-07
