0.000000000000000e+00 0.000000000000000e+00 0.000000000000000e+00
5.000000000000000e-03 3.369477419287315e-03 -3.073353657426209e-03
1.000000000000000e-02 6.741060871647481e-03 -5.753406473773504e-03
1.500000000000000e-02 1.011685770649257e-02 -8.423391952090983e-03
2.000000000000000e-02 1.349897790673588e-02 -1.170137948264754e-02
2.500000000000000e-02 1.688953540759990e-02 -1.540131153521216e-02
3.000000000000000e-02 2.029064941789469e-02 -1.854113473415323e-02
3.500000000000000e-02 2.370444574459234e-02 -2.181182742378901e-02
4.000000000000000e-02 2.713305812152553e-02 -2.510751898309252e-02
4.500000000000000e-02 3.057862954304063e-02 -2.838761447232801e-02
5.000000000000000e-02 3.404331360343898e-02 -3.160864107602143e-02
5.500000000000000e-02 3.752927584304335e-02 -3.496810189950351e-02
6.000000000000000e-02 4.103869510173117e-02 -3.828650877092100e-02
6.500000000000000e-02 4.457376488078044e-02 -4.158758773389404e-02
7.000000000000001e-02 4.813669471387935e-02 -4.493453791285466e-02
7.500000000000000e-02 5.172971154815675e-02 -4.836234202455160e-02
8.000000000000000e-02 5.535506113609672e-02 -5.175031238613536e-02
8.500000000000001e-02 5.901500943920686e-02 -5.517628963400065e-02
9.000000000000000e-02 6.271184404431801e-02 -5.866621023031531e-02
9.500000000000000e-02 6.644787559340060e-02 -6.218443874075694e-02
1.000000000000000e-01 7.022543922779090e-02 -6.569887075812625e-02
1.050000000000000e-01 7.404689604773053e-02 -6.929513241979619e-02
1.100000000000000e-01 7.791463458813094e-02 -7.293964181150811e-02
1.150000000000000e-01 8.183107231148547e-02 -7.659425472393648e-02
1.200000000000000e-01 8.579865711886202e-02 -8.028871138730730e-02
1.250000000000000e-01 8.981986887992111e-02 -8.407713018177698e-02
1.300000000000000e-01 9.389722098291493e-02 -8.789892357819526e-02
1.350000000000000e-01 9.803326190563690e-02 -9.174425746233424e-02
1.400000000000000e-01 1.022305768083033e-01 -9.565966590831776e-02
1.450000000000000e-01 1.064917891493625e-01 -9.966242704970189e-02
1.500000000000000e-01 1.108195623252418e-01 -1.036985368888706e-01
1.550000000000000e-01 1.152166013350572e-01 -1.077824293589699e-01
1.600000000000000e-01 1.196856544713255e-01 -1.119516108281070e-01
1.650000000000000e-01 1.242295150377370e-01 -1.162019156038860e-01
1.700000000000000e-01 1.288510230950609e-01 -1.204963602042139e-01
1.750000000000000e-01 1.335530672362758e-01 -1.248586050717064e-01
1.800000000000000e-01 1.383385863920344e-01 -1.293147265008043e-01
1.850000000000000e-01 1.432105716675912e-01 -1.338547562872537e-01
1.900000000000000e-01 1.481720682123397e-01 -1.384530130922468e-01
1.950000000000000e-01 1.532261771231311e-01 -1.431310303545466e-01
2.000000000000000e-01 1.583760573825595e-01 -1.479109520924161e-01
2.050000000000000e-01 1.636249278334301e-01 -1.527871060357131e-01
2.100000000000000e-01 1.689760691906397e-01 -1.577364311699750e-01
2.150000000000000e-01 1.744328260917313e-01 -1.627707427111023e-01
2.200000000000000e-01 1.799986091874004e-01 -1.679142243596126e-01
2.250000000000000e-01 1.856768972732633e-01 -1.731731289633223e-01
2.300000000000000e-01 1.914712394642179e-01 -1.785245924734788e-01
2.350000000000000e-01 1.973852574127551e-01 -1.839653358002386e-01
2.400000000000000e-01 2.034226475726105e-01 -1.895173359913025e-01
2.450000000000000e-01 2.095871835091678e-01 -1.952002732480300e-01
2.500000000000000e-01 2.158827182580599e-01 -2.010030649725709e-01
2.550000000000000e-01 2.223131867334419e-01 -2.069161137505893e-01
2.600000000000000e-01 2.288826081874405e-01 -2.129422440505381e-01
2.650000000000000e-01 2.355950887223172e-01 -2.190936799498481e-01
2.700000000000000e-01 2.424548238569160e-01 -2.253840075820832e-01
2.750000000000000e-01 2.494661011489995e-01 -2.318242335007893e-01
2.800000000000000e-01 2.566333028751116e-01 -2.384046303716872e-01
2.850000000000000e-01 2.639609087696434e-01 -2.451217185831033e-01
2.900000000000000e-01 2.714534988248126e-01 -2.519816531789713e-01
2.950000000000000e-01 2.791157561533084e-01 -2.589894774299589e-01
3.000000000000000e-01 2.869524699153886e-01 -2.661592514940980e-01
3.050000000000000e-01 2.949685383122613e-01 -2.735048659122795e-01
3.100000000000000e-01 3.031689716476197e-01 -2.810281906494712e-01
3.150000000000000e-01 3.115588954592450e-01 -2.887440252613615e-01
3.200000000000000e-01 3.201435537226349e-01 -2.966506325113167e-01
3.250000000000000e-01 3.289283121286580e-01 -3.047620063738568e-01
3.300000000000000e-01 3.379186614372866e-01 -3.130828315944792e-01
3.350000000000000e-01 3.471202209094989e-01 -3.216275466320409e-01
3.400000000000000e-01 3.565387418195016e-01 -3.304080307619380e-01
3.450000000000000e-01 3.661801110494620e-01 -3.394410643895797e-01
3.500000000000000e-01 3.760503547690021e-01 -3.487445115247788e-01
3.550000000000000e-01 3.861556422017504e-01 -3.583398005786312e-01
3.600000000000000e-01 3.965022894813072e-01 -3.682515291577932e-01
3.650000000000000e-01 4.070967635990345e-01 -3.785086729000594e-01
3.700000000000000e-01 4.179456864461349e-01 -3.891453748411718e-01
3.750000000000000e-01 4.290558389525505e-01 -4.002022483958473e-01
3.800000000000000e-01 4.404341653252637e-01 -4.117279088261488e-01
3.850000000000000e-01 4.520877773886537e-01 -4.237809800194639e-01
3.900000000000000e-01 4.640239590296172e-01 -4.364326750516447e-01
3.950000000000000e-01 4.762501707502353e-01 -4.497701798001245e-01
4.000000000000000e-01 4.887740543308307e-01 -4.639011355593812e-01
4.050000000000000e-01 5.016034376063282e-01 -4.789596623978623e-01
4.100000000000000e-01 5.147463393589066e-01 -4.951145756317050e-01
4.150000000000000e-01 5.282109743299990e-01 -5.125807859390275e-01
4.200000000000000e-01 5.420057583547735e-01 -5.316354202796960e-01
4.250000000000000e-01 5.561393136223041e-01 -5.526411111107887e-01
4.300000000000000e-01 5.706204740647189e-01 -5.760804604830673e-01
4.350000000000000e-01 5.854582908786964e-01 -6.026084385687427e-01
4.400000000000000e-01 6.006620381827575e-01 -6.331344897295965e-01
4.450000000000000e-01 6.162412188138907e-01 -6.689555078752039e-01
4.500000000000000e-01 6.322055702671360e-01 -7.119786917817208e-01
4.550000000000000e-01 6.485650707818353e-01 -7.651062702673307e-01
4.600000000000000e-01 6.653299455783577e-01 -8.329034981867135e-01
4.650000000000000e-01 6.825106732491932e-01 -9.226526584660986e-01
4.700000000000000e-01 7.001179923084168e-01 -1.045044278511275e+00
4.750000000000000e-01 7.181629079036070e-01 -1.207091311593598e+00
4.800000000000000e-01 7.366566986944229e-01 -1.359854084908776e+00
4.850000000000000e-01 7.556109239021327e-01 -1.275124483121800e+00
4.900000000000000e-01 7.750374305345038e-01 -7.563468058091770e-01
4.950000000000000e-01 7.949483607905672e-01 -2.246077676151761e-01
5.000000000000000e-01 8.153561596498893e-01 -9.915184760126247e-02
5.050000000000000e-01 8.362735826510871e-01 -8.943710872336537e-02
5.100000000000000e-01 8.577137038644561e-01 -3.564859044166735e-02
5.150000000000000e-01 8.796899240636907e-01 -2.728504389847651e-02
5.200000000000000e-01 9.022159791018011e-01 -1.595937095020776e-02
5.250000000000000e-01 9.253059484964714e-01 -4.899463824702195e-03
5.300000000000000e-01 9.489742642302165e-01 -2.370792640901973e-03
5.350000000000000e-01 9.732357197708378e-01 3.719656156438311e-03
5.400000000000000e-01 9.981054793178262e-01 5.925430953081017e-03
5.450000000000000e-01 1.023599087280478e+00 8.349291753004690e-03
5.500000000000000e-01 1.049732477993657e+00 1.029511090062227e-02
5.550000000000000e-01 1.076521985677273e+00 1.134564055436941e-02
5.600000000000001e-01 1.103984354645701e+00 1.254814520543792e-02
5.650000000000001e-01 1.132136749773522e+00 1.318740104033410e-02
5.700000000000001e-01 1.160996767224129e+00 1.377851995120620e-02
5.750000000000001e-01 1.190582445447902e+00 1.418237646679434e-02
5.800000000000000e-01 1.220912276456826e+00 1.443990426320432e-02
5.850000000000000e-01 1.252005217382601e+00 1.463200669566528e-02
5.900000000000000e-01 1.283880702325469e+00 1.471493094771109e-02
5.950000000000000e-01 1.316558654501151e+00 1.474500428784056e-02
6.000000000000000e-01 1.350059498693518e+00 1.471399507469544e-02
6.050000000000000e-01 1.384404174020732e+00 1.463561962633675e-02
6.100000000000000e-01 1.419614147022888e+00 1.451898237502764e-02
6.150000000000000e-01 1.455711425079295e+00 1.436631738189361e-02
6.200000000000000e-01 1.492718570163803e+00 1.418454853096872e-02
6.250000000000000e-01 1.530658712946775e+00 1.397590775514158e-02
6.300000000000000e-01 1.569555567252506e+00 1.374341252695912e-02
6.350000000000000e-01 1.609433444881138e+00 1.348909479738649e-02
6.400000000000000e-01 1.650317270804325e+00 1.321427297220277e-02
6.450000000000000e-01 1.692232598744148e+00 1.292000839268637e-02
6.500000000000000e-01 1.735205627145031e+00 1.260681873441873e-02
6.550000000000000e-01 1.779263215548615e+00 1.227492251287706e-02
6.600000000000000e-01 1.824432901381847e+00 1.192421241021510e-02
6.650000000000000e-01 1.870742917168772e+00 1.155429742910976e-02
6.700000000000000e-01 1.918222208176775e+00 1.116453825818247e-02
6.750000000000000e-01 1.966900450508319e+00 1.075406211020284e-02
6.800000000000000e-01 2.016808069649473e+00 1.032178633912457e-02
6.850000000000001e-01 2.067976259486829e+00 9.866435224915853e-03
6.900000000000001e-01 2.120437001804702e+00 9.386558013260507e-03
6.950000000000001e-01 2.174223086274785e+00 8.880548215943636e-03
7.000000000000001e-01 2.229368130950753e+00 8.346665620714967e-03
7.050000000000000e-01 2.285906603280654e+00 7.783063197884792e-03
7.100000000000000e-01 2.343873841650178e+00 7.187820791766162e-03
7.150000000000000e-01 2.403306077470301e+00 6.558988057756856e-03
7.200000000000000e-01 2.464240457823092e+00 5.894639337246318e-03
7.250000000000000e-01 2.526715068679855e+00 5.192943463980981e-03
7.300000000000000e-01 2.590768958706095e+00 4.452251693867649e-03
7.350000000000000e-01 2.656442163668210e+00 3.671206945556768e-03
7.400000000000000e-01 2.723775731457148e+00 2.848877211250947e-03
7.450000000000000e-01 2.792811747744667e+00 1.984915167489473e-03
7.500000000000000e-01 2.863593362288260e+00 1.079744478123426e-03
7.550000000000000e-01 2.936164815901156e+00 1.347708362461955e-04
7.600000000000000e-01 3.010571468104263e+00 -8.473876669457632e-04
7.650000000000000e-01 3.086859825477351e+00 -1.862660677160309e-03
7.700000000000000e-01 3.165077570727174e+00 -2.905291110419602e-03
7.750000000000000e-01 3.245273592490716e+00 -3.967625906677512e-03
7.800000000000000e-01 3.327498015892184e+00 -5.039955335712904e-03
7.850000000000000e-01 3.411802233872832e+00 -6.110424929416394e-03
7.900000000000000e-01 3.498238939313234e+00 -7.165041149845019e-03
7.950000000000000e-01 3.586862157968046e+00 -8.187784776444891e-03
8.000000000000000e-01 3.677727282233856e+00 -9.160835145901393e-03
8.050000000000000e-01 3.770891105771243e+00 -1.006489648581018e-02
8.100000000000001e-01 3.866411859002656e+00 -1.087960969843395e-02
8.150000000000001e-01 3.964349245508326e+00 -1.158403294418156e-02
8.200000000000001e-01 4.064764479342956e+00 -1.215718141114338e-02
8.250000000000001e-01 4.167720323296481e+00 -1.257862926520951e-02
8.300000000000001e-01 4.273281128122877e+00 -1.282920217998369e-02
8.350000000000000e-01 4.381512872761445e+00 -1.289184033830920e-02
8.400000000000000e-01 4.492483205575838e+00 -1.275278281129716e-02
8.450000000000000e-01 4.606261486636447e+00 -1.240325957433518e-02
8.500000000000000e-01 4.722918831072739e+00 -1.184178458887040e-02
8.550000000000000e-01 4.842528153522501e+00 -1.107686160419360e-02
8.600000000000000e-01 4.965164213705875e+00 -1.012949928495850e-02
8.650000000000000e-01 5.090903663152626e+00 -9.034578540308169e-03
8.700000000000000e-01 5.219825093111814e+00 -7.840071864763834e-03
8.750000000000000e-01 5.352009083673925e+00 -6.603532199802103e-03
8.800000000000000e-01 5.487538254136007e+00 -5.386073844675098e-03
8.850000000000000e-01 5.626497314641444e+00 -4.244960447894542e-03
8.900000000000000e-01 5.768973119126561e+00 -3.226504632305467e-03
8.950000000000000e-01 5.915054719607133e+00 -2.360990697656054e-03
9.000000000000000e-01 6.064833421838831e+00 -1.660736349223554e-03
9.050000000000000e-01 6.218402842386253e+00 -1.121460702365129e-03
9.100000000000000e-01 6.375858967136348e+00 -7.262095543855122e-04
9.150000000000000e-01 6.537300211292723e+00 -4.505358226878154e-04
9.200000000000000e-01 6.702827480888332e+00 -2.675780068782602e-04
9.250000000000000e-01 6.872544235855034e+00 -1.520375672131993e-04
9.300000000000000e-01 7.046556554689444e+00 -8.260581166003161e-05
9.350000000000001e-01 7.224973200755413e+00 -4.289993365997294e-05
9.400000000000001e-01 7.407905690264673e+00 -2.128910267727240e-05
9.450000000000001e-01 7.595468361978146e+00 -1.009292388740740e-05
9.500000000000001e-01 7.787778448671316e+00 -4.570573082387569e-06
9.550000000000001e-01 7.984956150408610e+00 -1.976878824995498e-06
9.600000000000000e-01 8.187124709672272e+00 -8.166381511460194e-07
9.650000000000000e-01 8.394410488393007e+00 -3.221984588685481e-07
9.700000000000000e-01 8.606943046930221e+00 -1.214175549179676e-07
9.750000000000000e-01 8.824855225051540e+00 -4.370596238795005e-08
9.800000000000000e-01 9.048283224961922e+00 -1.502863646585142e-08
9.850000000000000e-01 9.277366696434507e+00 -4.939696692494066e-09
9.900000000000000e-01 9.512248824096272e+00 -1.542972464721716e-09
9.950000000000000e-01 9.753076416923058e+00 -4.823493142544011e-10
1.000000000000000e+00 1.000000000000000e+01 -6.325472449748198e-11
