0.000000000000000e+00 0.000000000000000e+00 0.000000000000000e+00
5.000000000000000e-03 3.369477419287315e-03 -1.854753689229018e-03
1.000000000000000e-02 6.741060871647481e-03 -4.391634063557059e-03
1.500000000000000e-02 1.011685770649257e-02 -8.003768104798756e-03
2.000000000000000e-02 1.349897790673588e-02 -1.110386616078999e-02
2.500000000000000e-02 1.688953540759990e-02 -1.432524794869972e-02
3.000000000000000e-02 2.029064941789469e-02 -1.725788132565296e-02
3.500000000000000e-02 2.370444574459234e-02 -2.033730834297971e-02
4.000000000000000e-02 2.713305812152553e-02 -2.340577102688586e-02
4.500000000000000e-02 3.057862954304063e-02 -2.648263331634129e-02
5.000000000000000e-02 3.404331360343898e-02 -2.947919807925666e-02
5.500000000000000e-02 3.752927584304335e-02 -3.257653143159149e-02
6.000000000000000e-02 4.103869510173117e-02 -3.568457684350806e-02
6.500000000000000e-02 4.457376488078044e-02 -3.878210106474404e-02
7.000000000000001e-02 4.813669471387935e-02 -4.186678926204989e-02
7.500000000000000e-02 5.172971154815675e-02 -4.504334132773952e-02
8.000000000000000e-02 5.535506113609672e-02 -4.823127864768498e-02
8.500000000000001e-02 5.901500943920686e-02 -5.140939467425111e-02
9.000000000000000e-02 6.271184404431801e-02 -5.460872945619676e-02
9.500000000000000e-02 6.644787559340060e-02 -5.789533089515141e-02
1.000000000000000e-01 7.022543922779090e-02 -6.119623229734217e-02
1.050000000000000e-01 7.404689604773053e-02 -6.449646654394817e-02
1.100000000000000e-01 7.791463458813094e-02 -6.783658209420299e-02
1.150000000000000e-01 8.183107231148547e-02 -7.126092996619569e-02
1.200000000000000e-01 8.579865711886202e-02 -7.470734567396858e-02
1.250000000000000e-01 8.981986887992111e-02 -7.816399625544643e-02
1.300000000000000e-01 9.389722098291493e-02 -8.167008579811888e-02
1.350000000000000e-01 9.803326190563690e-02 -8.526045883509561e-02
1.400000000000000e-01 1.022305768083033e-01 -8.888502091184167e-02
1.450000000000000e-01 1.064917891493625e-01 -9.252958473528886e-02
1.500000000000000e-01 1.108195623252418e-01 -9.622679990587821e-02
1.550000000000000e-01 1.152166013350572e-01 -1.000103368276280e-01
1.600000000000000e-01 1.196856544713255e-01 -1.038442694526039e-01
1.650000000000000e-01 1.242295150377370e-01 -1.077093031996293e-01
1.700000000000000e-01 1.288510230950609e-01 -1.116249249515274e-01
1.750000000000000e-01 1.335530672362758e-01 -1.156244909112143e-01
1.800000000000000e-01 1.383385863920344e-01 -1.196933523329658e-01
1.850000000000000e-01 1.432105716675912e-01 -1.238139497442887e-01
1.900000000000000e-01 1.481720682123397e-01 -1.279824059502273e-01
1.950000000000000e-01 1.532261771231311e-01 -1.322189074804147e-01
2.000000000000000e-01 1.583760573825595e-01 -1.365365212719099e-01
2.050000000000000e-01 1.636249278334301e-01 -1.409383662656686e-01
2.100000000000000e-01 1.689760691906397e-01 -1.453997734905518e-01
2.150000000000000e-01 1.744328260917313e-01 -1.499132890774298e-01
2.200000000000000e-01 1.799986091874004e-01 -1.544977404548193e-01
2.250000000000000e-01 1.856768972732633e-01 -1.591722624443075e-01
2.300000000000000e-01 1.914712394642179e-01 -1.639311494458955e-01
2.350000000000000e-01 1.973852574127551e-01 -1.687741310922412e-01
2.400000000000000e-01 2.034226475726105e-01 -1.736870228756537e-01
2.450000000000000e-01 2.095871835091678e-01 -1.786616637980488e-01
2.500000000000000e-01 2.158827182580599e-01 -1.837105203986511e-01
2.550000000000000e-01 2.223131867334419e-01 -1.888396128111483e-01
2.600000000000000e-01 2.288826081874405e-01 -1.940524180910067e-01
2.650000000000000e-01 2.355950887223172e-01 -1.993615157052928e-01
2.700000000000000e-01 2.424548238569160e-01 -2.047526028385003e-01
2.750000000000000e-01 2.494661011489995e-01 -2.102355261307607e-01
2.800000000000000e-01 2.566333028751116e-01 -2.157965406972398e-01
2.850000000000000e-01 2.639609087696434e-01 -2.214408546592314e-01
2.900000000000000e-01 2.714534988248126e-01 -2.271619982538945e-01
2.950000000000000e-01 2.791157561533084e-01 -2.329615875747056e-01
3.000000000000000e-01 2.869524699153886e-01 -2.388370017168930e-01
3.050000000000000e-01 2.949685383122613e-01 -2.447876133377296e-01
3.100000000000000e-01 3.031689716476197e-01 -2.508113636875995e-01
3.150000000000000e-01 3.115588954592450e-01 -2.569062129442488e-01
3.200000000000000e-01 3.201435537226349e-01 -2.630694362106804e-01
3.250000000000000e-01 3.289283121286580e-01 -2.692978682350720e-01
3.300000000000000e-01 3.379186614372866e-01 -2.755877696578096e-01
3.350000000000000e-01 3.471202209094989e-01 -2.819348289398419e-01
3.400000000000000e-01 3.565387418195016e-01 -2.883341057646436e-01
3.450000000000000e-01 3.661801110494620e-01 -2.947799840439655e-01
3.500000000000000e-01 3.760503547690021e-01 -3.012661118540648e-01
3.550000000000000e-01 3.861556422017504e-01 -3.077853351006291e-01
3.600000000000000e-01 3.965022894813072e-01 -3.143296218708648e-01
3.650000000000000e-01 4.070967635990345e-01 -3.208899767314463e-01
3.700000000000000e-01 4.179456864461349e-01 -3.274563429224296e-01
3.750000000000000e-01 4.290558389525505e-01 -3.340174900220206e-01
3.800000000000000e-01 4.404341653252637e-01 -3.405608838925754e-01
3.850000000000000e-01 4.520877773886537e-01 -3.470725348597437e-01
3.900000000000000e-01 4.640239590296172e-01 -3.535368189915618e-01
3.950000000000000e-01 4.762501707502353e-01 -3.599362660058417e-01
4.000000000000000e-01 4.887740543308307e-01 -3.662513056879206e-01
4.050000000000000e-01 5.016034376063282e-01 -3.724599627018278e-01
4.100000000000000e-01 5.147463393589066e-01 -3.785374872923258e-01
4.150000000000000e-01 5.282109743299990e-01 -3.844559066005290e-01
4.200000000000000e-01 5.420057583547735e-01 -3.901834782107882e-01
4.250000000000000e-01 5.561393136223041e-01 -3.956840242840732e-01
4.300000000000000e-01 5.706204740647189e-01 -4.009161215846992e-01
4.350000000000000e-01 5.854582908786964e-01 -4.058321205750460e-01
4.400000000000000e-01 6.006620381827575e-01 -4.103769667714121e-01
4.450000000000000e-01 6.162412188138907e-01 -4.144868017814921e-01
4.500000000000000e-01 6.322055702671360e-01 -4.180873331591889e-01
4.550000000000000e-01 6.485650707818353e-01 -4.210919864051487e-01
4.600000000000000e-01 6.653299455783577e-01 -4.233998963047919e-01
4.650000000000000e-01 6.825106732491932e-01 -4.248938679765294e-01
4.700000000000000e-01 7.001179923084168e-01 -4.254385520647294e-01
4.750000000000000e-01 7.181629079036070e-01 -4.248792445924479e-01
4.800000000000000e-01 7.366566986944229e-01 -4.230419450400910e-01
4.850000000000000e-01 7.556109239021327e-01 -4.197355738150734e-01
4.900000000000000e-01 7.750374305345038e-01 -4.147575147004747e-01
4.950000000000000e-01 7.949483607905672e-01 -4.079038036421072e-01
5.000000000000000e-01 8.153561596498893e-01 -3.989851528463733e-01
5.050000000000000e-01 8.362735826510871e-01 -3.878493393810669e-01
5.100000000000000e-01 8.577137038644561e-01 -3.744090826174605e-01
5.150000000000000e-01 8.796899240636907e-01 -3.586723634925142e-01
5.200000000000000e-01 9.022159791018011e-01 -3.407696090332070e-01
5.250000000000000e-01 9.253059484964714e-01 -3.209702563724657e-01
5.300000000000000e-01 9.489742642302165e-01 -2.996812690657989e-01
5.350000000000000e-01 9.732357197708378e-01 -2.774232257537492e-01
5.400000000000000e-01 9.981054793178262e-01 -2.547853905120614e-01
5.450000000000000e-01 1.023599087280478e+00 -2.323677358232531e-01
5.500000000000000e-01 1.049732477993657e+00 -2.107222619751074e-01
5.550000000000000e-01 1.076521985677273e+00 -1.903059345955452e-01
5.600000000000001e-01 1.103984354645701e+00 -1.714532005420296e-01
5.650000000000001e-01 1.132136749773522e+00 -1.543696302190749e-01
5.700000000000001e-01 1.160996767224129e+00 -1.391427256483411e-01
5.750000000000001e-01 1.190582445447902e+00 -1.257631745801937e-01
5.800000000000000e-01 1.220912276456826e+00 -1.141498961429912e-01
5.850000000000000e-01 1.252005217382601e+00 -1.041739994916291e-01
5.900000000000000e-01 1.283880702325469e+00 -9.567897124815151e-02
5.950000000000000e-01 1.316558654501151e+00 -8.849619366270671e-02
6.000000000000000e-01 1.350059498693518e+00 -8.245600667459997e-02
6.050000000000000e-01 1.384404174020732e+00 -7.739504743078962e-02
6.100000000000000e-01 1.419614147022888e+00 -7.316073254313657e-02
6.150000000000000e-01 1.455711425079295e+00 -6.961367685636878e-02
6.200000000000000e-01 1.492718570163803e+00 -6.662869289236144e-02
6.250000000000000e-01 1.530658712946775e+00 -6.409485630241742e-02
6.300000000000000e-01 1.569555567252506e+00 -6.191498518394867e-02
6.350000000000000e-01 1.609433444881138e+00 -6.000477395606413e-02
6.400000000000000e-01 1.650317270804325e+00 -5.829174426483120e-02
6.450000000000000e-01 1.692232598744148e+00 -5.671412086770375e-02
6.500000000000000e-01 1.735205627145031e+00 -5.521970375010842e-02
6.550000000000000e-01 1.779263215548615e+00 -5.376478368165712e-02
6.600000000000000e-01 1.824432901381847e+00 -5.231313294448194e-02
6.650000000000000e-01 1.870742917168772e+00 -5.083509303494389e-02
6.700000000000000e-01 1.918222208176775e+00 -4.930677458383457e-02
6.750000000000000e-01 1.966900450508319e+00 -4.770938002584127e-02
6.800000000000000e-01 2.016808069649473e+00 -4.602865558193535e-02
6.850000000000001e-01 2.067976259486829e+00 -4.425447509127245e-02
6.900000000000001e-01 2.120437001804702e+00 -4.238055352273812e-02
6.950000000000001e-01 2.174223086274785e+00 -4.040428213435386e-02
7.000000000000001e-01 2.229368130950753e+00 -3.832666991391585e-02
7.050000000000000e-01 2.285906603280654e+00 -3.615236704475226e-02
7.100000000000000e-01 2.343873841650178e+00 -3.388973598291820e-02
7.150000000000000e-01 2.403306077470301e+00 -3.155092512365339e-02
7.200000000000000e-01 2.464240457823092e+00 -2.915189046041856e-02
7.250000000000000e-01 2.526715068679855e+00 -2.671230427734595e-02
7.300000000000000e-01 2.590768958706095e+00 -2.425528944633895e-02
7.350000000000000e-01 2.656442163668210e+00 -2.180692601962411e-02
7.400000000000000e-01 2.723775731457148e+00 -1.939549544699778e-02
7.450000000000000e-01 2.792811747744667e+00 -1.705045713416865e-02
7.500000000000000e-01 2.863593362288260e+00 -1.480118993635970e-02
7.550000000000000e-01 2.936164815901156e+00 -1.267557253655847e-02
7.600000000000000e-01 3.010571468104263e+00 -1.069851427536814e-02
7.650000000000000e-01 3.086859825477351e+00 -8.890573879158741e-03
7.700000000000000e-01 3.165077570727174e+00 -7.266810863020839e-03
7.750000000000000e-01 3.245273592490716e+00 -5.835999477839784e-03
7.800000000000000e-01 3.327498015892184e+00 -4.600298614330547e-03
7.850000000000000e-01 3.411802233872832e+00 -3.555418259764856e-03
7.900000000000000e-01 3.498238939313234e+00 -2.691262574110066e-03
7.950000000000000e-01 3.586862157968046e+00 -1.992971649143229e-03
8.000000000000000e-01 3.677727282233856e+00 -1.442238207624771e-03
8.050000000000000e-01 3.770891105771243e+00 -1.018749087329665e-03
8.100000000000001e-01 3.866411859002656e+00 -7.015977803626906e-04
8.150000000000001e-01 3.964349245508326e+00 -4.705327792955572e-04
8.200000000000001e-01 4.064764479342956e+00 -3.069423685238633e-04
8.250000000000001e-01 4.167720323296481e+00 -1.945223655618784e-04
8.300000000000001e-01 4.273281128122877e+00 -1.196205675391434e-04
8.350000000000000e-01 4.381512872761445e+00 -7.129232253211203e-05
8.400000000000000e-01 4.492483205575838e+00 -4.112995165484207e-05
8.450000000000000e-01 4.606261486636447e+00 -2.294209426418707e-05
8.500000000000000e-01 4.722918831072739e+00 -1.235814417310855e-05
8.550000000000000e-01 4.842528153522501e+00 -6.421135555674830e-06
8.600000000000000e-01 4.965164213705875e+00 -3.214482868770944e-06
8.650000000000000e-01 5.090903663152626e+00 -1.548691032930036e-06
8.700000000000000e-01 5.219825093111814e+00 -7.172986003121704e-07
8.750000000000000e-01 5.352009083673925e+00 -3.190503932991433e-07
8.800000000000000e-01 5.487538254136007e+00 -1.361452701478228e-07
8.850000000000000e-01 5.626497314641444e+00 -5.568121599093493e-08
8.900000000000000e-01 5.768973119126561e+00 -2.180606260016748e-08
8.950000000000000e-01 5.915054719607133e+00 -8.170143566994778e-09
9.000000000000000e-01 6.064833421838831e+00 -2.926244966243741e-09
9.050000000000000e-01 6.218402842386253e+00 -1.001126661448931e-09
9.100000000000000e-01 6.375858967136348e+00 -3.269327257026061e-10
9.150000000000000e-01 6.537300211292723e+00 -1.018445553114106e-10
9.200000000000000e-01 6.702827480888332e+00 -3.024627977227101e-11
9.250000000000000e-01 6.872544235855034e+00 -8.559161170399850e-12
9.300000000000000e-01 7.046556554689444e+00 -2.306807818522419e-12
9.350000000000001e-01 7.224973200755413e+00 -5.918799396914011e-13
9.400000000000001e-01 7.407905690264673e+00 -1.445251508358267e-13
9.450000000000001e-01 7.595468361978146e+00 -3.357455852810589e-14
9.500000000000001e-01 7.787778448671316e+00 -7.418681178684267e-15
9.550000000000001e-01 7.984956150408610e+00 -1.558859793908155e-15
9.600000000000000e-01 8.187124709672272e+00 -3.114488136296417e-16
9.650000000000000e-01 8.394410488393007e+00 -5.915897271058409e-17
9.700000000000000e-01 8.606943046930221e+00 -1.068273398328255e-17
9.750000000000000e-01 8.824855225051540e+00 -1.833845782407636e-18
9.800000000000000e-01 9.048283224961922e+00 -2.992734793945258e-19
9.850000000000000e-01 9.277366696434507e+00 -4.643345535178726e-20
9.900000000000000e-01 9.512248824096272e+00 -6.840694291487259e-21
9.950000000000000e-01 9.753076416923058e+00 -1.011515096078509e-21
1.000000000000000e+00 1.000000000000000e+01 2.770827616404331e-22
