0.000000000000000e+00 0.000000000000000e+00 0.000000000000000e+00
5.000000000000000e-03 3.369477419287315e-03 -1.039448536354068e-03
1.000000000000000e-02 6.741060871647481e-03 -3.660866638416649e-03
1.500000000000000e-02 1.011685770649257e-02 -8.473823260559009e-03
2.000000000000000e-02 1.349897790673588e-02 -1.149515352294796e-02
2.500000000000000e-02 1.688953540759990e-02 -1.449117635821330e-02
3.000000000000000e-02 2.029064941789469e-02 -1.761507617887657e-02
3.500000000000000e-02 2.370444574459234e-02 -2.085117240578660e-02
4.000000000000000e-02 2.713305812152553e-02 -2.387620789210231e-02
4.500000000000000e-02 3.057862954304063e-02 -2.700767774649036e-02
5.000000000000000e-02 3.404331360343898e-02 -3.015813192264740e-02
5.500000000000000e-02 3.752927584304335e-02 -3.329786678888061e-02
6.000000000000000e-02 4.103869510173117e-02 -3.640191368266194e-02
6.500000000000000e-02 4.457376488078044e-02 -3.961408209530125e-02
7.000000000000001e-02 4.813669471387935e-02 -4.282293863985530e-02
7.500000000000000e-02 5.172971154815675e-02 -4.601359157867887e-02
8.000000000000000e-02 5.535506113609672e-02 -4.923202517385455e-02
8.500000000000001e-02 5.901500943920686e-02 -5.254257722805778e-02
9.000000000000000e-02 6.271184404431801e-02 -5.584274093292033e-02
9.500000000000000e-02 6.644787559340060e-02 -5.914651720508247e-02
1.000000000000000e-01 7.022543922779090e-02 -6.250752576033565e-02
1.050000000000000e-01 7.404689604773053e-02 -6.593891741941151e-02
1.100000000000000e-01 7.791463458813094e-02 -6.936653905873782e-02
1.150000000000000e-01 8.183107231148547e-02 -7.282615842380555e-02
1.200000000000000e-01 8.579865711886202e-02 -7.635385774815499e-02
1.250000000000000e-01 8.981986887992111e-02 -7.993578248390321e-02
1.300000000000000e-01 9.389722098291493e-02 -8.352882896944784e-02
1.350000000000000e-01 9.803326190563690e-02 -8.717607174387058e-02
1.400000000000000e-01 1.022305768083033e-01 -9.089499758933652e-02
1.450000000000000e-01 1.064917891493625e-01 -9.466307416819317e-02
1.500000000000000e-01 1.108195623252418e-01 -9.845792558668186e-02
1.550000000000000e-01 1.152166013350572e-01 -1.023197307137447e-01
1.600000000000000e-01 1.196856544713255e-01 -1.062572247200524e-01
1.650000000000000e-01 1.242295150377370e-01 -1.102490344281558e-01
1.700000000000000e-01 1.288510230950609e-01 -1.142800256902928e-01
1.750000000000000e-01 1.335530672362758e-01 -1.183825321406876e-01
1.800000000000000e-01 1.383385863920344e-01 -1.225673190131877e-01
1.850000000000000e-01 1.432105716675912e-01 -1.268198908228513e-01
1.900000000000000e-01 1.481720682123397e-01 -1.311216125304664e-01
1.950000000000000e-01 1.532261771231311e-01 -1.354920975734738e-01
2.000000000000000e-01 1.583760573825595e-01 -1.399509020559968e-01
2.050000000000000e-01 1.636249278334301e-01 -1.444976055823255e-01
2.100000000000000e-01 1.689760691906397e-01 -1.491067332083456e-01
2.150000000000000e-01 1.744328260917313e-01 -1.537783856333638e-01
2.200000000000000e-01 1.799986091874004e-01 -1.585362613165530e-01
2.250000000000000e-01 1.856768972732633e-01 -1.633979766872166e-01
2.300000000000000e-01 1.914712394642179e-01 -1.683447925491955e-01
2.350000000000000e-01 1.973852574127551e-01 -1.733640629754250e-01
2.400000000000000e-01 2.034226475726105e-01 -1.784607437736574e-01
2.450000000000000e-01 2.095871835091678e-01 -1.836479431985097e-01
2.500000000000000e-01 2.158827182580599e-01 -1.889349904175033e-01
2.550000000000000e-01 2.223131867334419e-01 -1.943295137271221e-01
2.600000000000000e-01 2.288826081874405e-01 -1.998158729337124e-01
2.650000000000000e-01 2.355950887223172e-01 -2.053859822700540e-01
2.700000000000000e-01 2.424548238569160e-01 -2.110447549484968e-01
2.750000000000000e-01 2.494661011489995e-01 -2.167939202014302e-01
2.800000000000000e-01 2.566333028751116e-01 -2.226429598872624e-01
2.850000000000000e-01 2.639609087696434e-01 -2.286021626886968e-01
2.900000000000000e-01 2.714534988248126e-01 -2.346643826990459e-01
2.950000000000000e-01 2.791157561533084e-01 -2.408389653639771e-01
3.000000000000000e-01 2.869524699153886e-01 -2.471140618059503e-01
3.050000000000000e-01 2.949685383122613e-01 -2.534954408584648e-01
3.100000000000000e-01 3.031689716476197e-01 -2.599767013424288e-01
3.150000000000000e-01 3.115588954592450e-01 -2.665606200503501e-01
3.200000000000000e-01 3.201435537226349e-01 -2.732451757929337e-01
3.250000000000000e-01 3.289283121286580e-01 -2.800311817175656e-01
3.300000000000000e-01 3.379186614372866e-01 -2.869178653057908e-01
3.350000000000000e-01 3.471202209094989e-01 -2.939048599630606e-01
3.400000000000000e-01 3.565387418195016e-01 -3.009912000705716e-01
3.450000000000000e-01 3.661801110494620e-01 -3.081757190908113e-01
3.500000000000000e-01 3.760503547690021e-01 -3.154568685694869e-01
3.550000000000000e-01 3.861556422017504e-01 -3.228327654437508e-01
3.600000000000000e-01 3.965022894813072e-01 -3.303011426293273e-01
3.650000000000000e-01 4.070967635990345e-01 -3.378593194308709e-01
3.700000000000000e-01 4.179456864461349e-01 -3.455041468000954e-01
3.750000000000000e-01 4.290558389525505e-01 -3.532319369423763e-01
3.800000000000000e-01 4.404341653252637e-01 -3.610383659533054e-01
3.850000000000000e-01 4.520877773886537e-01 -3.689183409096364e-01
3.900000000000000e-01 4.640239590296172e-01 -3.768658168800054e-01
3.950000000000000e-01 4.762501707502353e-01 -3.848735440590083e-01
4.000000000000000e-01 4.887740543308307e-01 -3.929327170893125e-01
4.050000000000000e-01 5.016034376063282e-01 -4.010324875368220e-01
4.100000000000000e-01 5.147463393589066e-01 -4.091592849565857e-01
4.150000000000000e-01 5.282109743299990e-01 -4.172958704069170e-01
4.200000000000000e-01 5.420057583547735e-01 -4.254200163929109e-01
4.250000000000000e-01 5.561393136223041e-01 -4.335026662230568e-01
4.300000000000000e-01 5.706204740647189e-01 -4.415053703260658e-01
4.350000000000000e-01 5.854582908786964e-01 -4.493767239336618e-01
4.400000000000000e-01 6.006620381827575e-01 -4.570474379812623e-01
4.450000000000000e-01 6.162412188138907e-01 -4.644235665075837e-01
4.500000000000000e-01 6.322055702671360e-01 -4.713773052943831e-01
4.550000000000000e-01 6.485650707818353e-01 -4.777347115378733e-01
4.600000000000000e-01 6.653299455783577e-01 -4.832597708998422e-01
4.650000000000000e-01 6.825106732491932e-01 -4.876346515831106e-01
4.700000000000000e-01 7.001179923084168e-01 -4.904370824760558e-01
4.750000000000000e-01 7.181629079036070e-01 -4.911181057357337e-01
4.800000000000000e-01 7.366566986944229e-01 -4.889876010225878e-01
4.850000000000000e-01 7.556109239021327e-01 -4.832211960890931e-01
4.900000000000000e-01 7.750374305345038e-01 -4.729091629380632e-01
4.950000000000000e-01 7.949483607905672e-01 -4.571709497152047e-01
5.000000000000000e-01 8.153561596498893e-01 -4.353489068466541e-01
5.050000000000000e-01 8.362735826510871e-01 -4.072614740650409e-01
5.100000000000000e-01 8.577137038644561e-01 -3.734413918073652e-01
5.150000000000000e-01 8.796899240636907e-01 -3.352381975987154e-01
5.200000000000000e-01 9.022159791018011e-01 -2.946793419208336e-01
5.250000000000000e-01 9.253059484964714e-01 -2.540888954316209e-01
5.300000000000000e-01 9.489742642302165e-01 -2.156038379937725e-01
5.350000000000000e-01 9.732357197708378e-01 -1.807924220911865e-01
5.400000000000000e-01 9.981054793178262e-01 -1.505072034541921e-01
5.450000000000000e-01 1.023599087280478e+00 -1.249621531348624e-01
5.500000000000000e-01 1.049732477993657e+00 -1.039264552918817e-01
5.550000000000000e-01 1.076521985677273e+00 -8.692562789436875e-02
5.600000000000001e-01 1.103984354645701e+00 -7.339280690775889e-02
5.650000000000001e-01 1.132136749773522e+00 -6.276146280545000e-02
5.700000000000001e-01 1.160996767224129e+00 -5.451302461115797e-02
5.750000000000001e-01 1.190582445447902e+00 -4.819596371570196e-02
5.800000000000000e-01 1.220912276456826e+00 -4.342895283570983e-02
5.850000000000000e-01 1.252005217382601e+00 -3.989615144584956e-02
5.900000000000000e-01 1.283880702325469e+00 -3.733926276514983e-02
5.950000000000000e-01 1.316558654501151e+00 -3.554882780479697e-02
6.000000000000000e-01 1.350059498693518e+00 -3.435594805374158e-02
6.050000000000000e-01 1.384404174020732e+00 -3.362493224947583e-02
6.100000000000000e-01 1.419614147022888e+00 -3.324700443906250e-02
6.150000000000000e-01 1.455711425079295e+00 -3.313503947148046e-02
6.200000000000000e-01 1.492718570163803e+00 -3.321922035555839e-02
6.250000000000000e-01 1.530658712946775e+00 -3.344349047194764e-02
6.300000000000000e-01 1.569555567252506e+00 -3.376267593669985e-02
6.350000000000000e-01 1.609433444881138e+00 -3.414016566094388e-02
6.400000000000000e-01 1.650317270804325e+00 -3.454605192843339e-02
6.450000000000000e-01 1.692232598744148e+00 -3.495564938627474e-02
6.500000000000000e-01 1.735205627145031e+00 -3.534832388387765e-02
6.550000000000000e-01 1.779263215548615e+00 -3.570657422410237e-02
6.600000000000000e-01 1.824432901381847e+00 -3.601531968242358e-02
6.650000000000000e-01 1.870742917168772e+00 -3.626135436838387e-02
6.700000000000000e-01 1.918222208176775e+00 -3.643293646941174e-02
6.750000000000000e-01 1.966900450508319e+00 -3.651948644117681e-02
6.800000000000000e-01 2.016808069649473e+00 -3.651137355895669e-02
6.850000000000001e-01 2.067976259486829e+00 -3.639977512885593e-02
6.900000000000001e-01 2.120437001804702e+00 -3.617659721434116e-02
6.950000000000001e-01 2.174223086274785e+00 -3.583445002358284e-02
7.000000000000001e-01 2.229368130950753e+00 -3.536667510221424e-02
7.050000000000000e-01 2.285906603280654e+00 -3.476742506234769e-02
7.100000000000000e-01 2.343873841650178e+00 -3.403179951416547e-02
7.150000000000000e-01 2.403306077470301e+00 -3.315604277326399e-02
7.200000000000000e-01 2.464240457823092e+00 -3.213780925301551e-02
7.250000000000000e-01 2.526715068679855e+00 -3.097650050157788e-02
7.300000000000000e-01 2.590768958706095e+00 -2.967367275906076e-02
7.350000000000000e-01 2.656442163668210e+00 -2.823350484366246e-02
7.400000000000000e-01 2.723775731457148e+00 -2.666330256528667e-02
7.450000000000000e-01 2.792811747744667e+00 -2.497399791083540e-02
7.500000000000000e-01 2.863593362288260e+00 -2.318058052627877e-02
7.550000000000000e-01 2.936164815901156e+00 -2.130237907122542e-02
7.600000000000000e-01 3.010571468104263e+00 -1.936309650007946e-02
7.650000000000000e-01 3.086859825477351e+00 -1.739050332426515e-02
7.700000000000000e-01 3.165077570727174e+00 -1.541571314023567e-02
7.750000000000000e-01 3.245273592490716e+00 -1.347200874564805e-02
7.800000000000000e-01 3.327498015892184e+00 -1.159325267958352e-02
7.850000000000000e-01 3.411802233872832e+00 -9.811993304490578e-03
7.900000000000000e-01 3.498238939313234e+00 -8.157450541288240e-03
7.950000000000000e-01 3.586862157968046e+00 -6.653615458656248e-03
8.000000000000000e-01 3.677727282233856e+00 -5.317709453272084e-03
8.050000000000000e-01 3.770891105771243e+00 -4.159214325844287e-03
8.100000000000001e-01 3.866411859002656e+00 -3.179607938480413e-03
8.150000000000001e-01 3.964349245508326e+00 -2.372835805926136e-03
8.200000000000001e-01 4.064764479342956e+00 -1.726438357030235e-03
8.250000000000001e-01 4.167720323296481e+00 -1.223159469720895e-03
8.300000000000001e-01 4.273281128122877e+00 -8.428026255147927e-04
8.350000000000000e-01 4.381512872761445e+00 -5.640864327360448e-04
8.400000000000000e-01 4.492483205575838e+00 -3.662807008519550e-04
8.450000000000000e-01 4.606261486636447e+00 -2.304675452117571e-04
8.500000000000000e-01 4.722918831072739e+00 -1.403526402833002e-04
8.550000000000000e-01 4.842528153522501e+00 -8.263139717935634e-05
8.600000000000000e-01 4.965164213705875e+00 -4.697803212149718e-05
8.650000000000000e-01 5.090903663152626e+00 -2.576298043346580e-05
8.700000000000000e-01 5.219825093111814e+00 -1.361419460782044e-05
8.750000000000000e-01 5.352009083673925e+00 -6.925382080472346e-06
8.800000000000000e-01 5.487538254136007e+00 -3.387916454472690e-06
8.850000000000000e-01 5.626497314641444e+00 -1.592433190162106e-06
8.900000000000000e-01 5.768973119126561e+00 -7.185450179963026e-07
8.950000000000000e-01 5.915054719607133e+00 -3.109988149914356e-07
9.000000000000000e-01 6.064833421838831e+00 -1.290170017397927e-07
9.050000000000000e-01 6.218402842386253e+00 -5.126419964849041e-08
9.100000000000000e-01 6.375858967136348e+00 -1.949756029127399e-08
9.150000000000000e-01 6.537300211292723e+00 -7.093968639679653e-09
9.200000000000000e-01 6.702827480888332e+00 -2.467795633373645e-09
9.250000000000000e-01 6.872544235855034e+00 -8.204113597112749e-10
9.300000000000000e-01 7.046556554689444e+00 -2.605381439498282e-10
9.350000000000001e-01 7.224973200755413e+00 -7.900691324534526e-11
9.400000000000001e-01 7.407905690264673e+00 -2.287027962969097e-11
9.450000000000001e-01 7.595468361978146e+00 -6.317853396749686e-12
9.500000000000001e-01 7.787778448671316e+00 -1.665167922853525e-12
9.550000000000001e-01 7.984956150408610e+00 -4.186530908375009e-13
9.600000000000000e-01 8.187124709672272e+00 -1.003906447517720e-13
9.650000000000000e-01 8.394410488393007e+00 -2.295758640475511e-14
9.700000000000000e-01 8.606943046930221e+00 -5.006335925641786e-15
9.750000000000000e-01 8.824855225051540e+00 -1.041011593436424e-15
9.800000000000000e-01 9.048283224961922e+00 -2.064078247038827e-16
9.850000000000000e-01 9.277366696434507e+00 -3.902690056715554e-17
9.900000000000000e-01 9.512248824096272e+00 -7.022070733879026e-18
9.950000000000000e-01 9.753076416923058e+00 -1.273168149331684e-18
1.000000000000000e+00 1.000000000000000e+01 2.206066860539386e-19
