0.000000000000000e+00 0.000000000000000e+00 0.000000000000000e+00
5.000000000000000e-03 3.369477419287315e-03 -1.000989649935652e-03
1.000000000000000e-02 6.741060871647481e-03 -3.544763604974696e-03
1.500000000000000e-02 1.011685770649257e-02 -8.289114389371674e-03
2.000000000000000e-02 1.349897790673588e-02 -1.137349518945199e-02
2.500000000000000e-02 1.688953540759990e-02 -1.430897040193450e-02
3.000000000000000e-02 2.029064941789469e-02 -1.731164531827238e-02
3.500000000000000e-02 2.370444574459234e-02 -2.053809214068711e-02
4.000000000000000e-02 2.713305812152553e-02 -2.357222538621897e-02
4.500000000000000e-02 3.057862954304063e-02 -2.660577863629437e-02
5.000000000000000e-02 3.404331360343898e-02 -2.967584148422698e-02
5.500000000000000e-02 3.752927584304335e-02 -3.282536730501121e-02
6.000000000000000e-02 4.103869510173117e-02 -3.590070101081996e-02
6.500000000000000e-02 4.457376488078044e-02 -3.900950513457251e-02
7.000000000000001e-02 4.813669471387935e-02 -4.216684810784153e-02
7.500000000000000e-02 5.172971154815675e-02 -4.535809320251838e-02
8.000000000000000e-02 5.535506113609672e-02 -4.851875163692698e-02
8.500000000000001e-02 5.901500943920686e-02 -5.173849673057336e-02
9.000000000000000e-02 6.271184404431801e-02 -5.500576089230771e-02
9.500000000000000e-02 6.644787559340060e-02 -5.828747265492510e-02
1.000000000000000e-01 7.022543922779090e-02 -6.157070919612272e-02
1.050000000000000e-01 7.404689604773053e-02 -6.492855786380095e-02
1.100000000000000e-01 7.791463458813094e-02 -6.833057162520205e-02
1.150000000000000e-01 8.183107231148547e-02 -7.174417295512298e-02
1.200000000000000e-01 8.579865711886202e-02 -7.518262619022180e-02
1.250000000000000e-01 8.981986887992111e-02 -7.870262889853079e-02
1.300000000000000e-01 9.389722098291493e-02 -8.226799157284552e-02
1.350000000000000e-01 9.803326190563690e-02 -8.585130570075941e-02
1.400000000000000e-01 1.022305768083033e-01 -8.947404265571966e-02
1.450000000000000e-01 1.064917891493625e-01 -9.318121267550501e-02
1.500000000000000e-01 1.108195623252418e-01 -9.694097197676250e-02
1.550000000000000e-01 1.152166013350572e-01 -1.007290686070765e-01
1.600000000000000e-01 1.196856544713255e-01 -1.045638043818683e-01
1.650000000000000e-01 1.242295150377370e-01 -1.084836427145358e-01
1.700000000000000e-01 1.288510230950609e-01 -1.124683957626442e-01
1.750000000000000e-01 1.335530672362758e-01 -1.164957608237177e-01
1.800000000000000e-01 1.383385863920344e-01 -1.205719151442786e-01
1.850000000000000e-01 1.432105716675912e-01 -1.247283136315746e-01
1.900000000000000e-01 1.481720682123397e-01 -1.289637145579856e-01
1.950000000000000e-01 1.532261771231311e-01 -1.332643535645743e-01
2.000000000000000e-01 1.583760573825595e-01 -1.376169909506797e-01
2.050000000000000e-01 1.636249278334301e-01 -1.420353695907260e-01
2.100000000000000e-01 1.689760691906397e-01 -1.465385774322990e-01
2.150000000000000e-01 1.744328260917313e-01 -1.511347994168268e-01
2.200000000000000e-01 1.799986091874004e-01 -1.557997690603702e-01
2.250000000000000e-01 1.856768972732633e-01 -1.605233158634908e-01
2.300000000000000e-01 1.914712394642179e-01 -1.653202777238379e-01
2.350000000000000e-01 1.973852574127551e-01 -1.702081717065894e-01
2.400000000000000e-01 2.034226475726105e-01 -1.751867652287922e-01
2.450000000000000e-01 2.095871835091678e-01 -1.802581098699690e-01
2.500000000000000e-01 2.158827182580599e-01 -1.854069343537033e-01
2.550000000000000e-01 2.223131867334419e-01 -1.906248672590053e-01
2.600000000000000e-01 2.288826081874405e-01 -1.959219017325278e-01
2.650000000000000e-01 2.355950887223172e-01 -2.013025015750357e-01
2.700000000000000e-01 2.424548238569160e-01 -2.067723044711209e-01
2.750000000000000e-01 2.494661011489995e-01 -2.123426509741289e-01
2.800000000000000e-01 2.566333028751116e-01 -2.180017212710011e-01
2.850000000000000e-01 2.639609087696434e-01 -2.237586272750011e-01
2.900000000000000e-01 2.714534988248126e-01 -2.296003420525357e-01
2.950000000000000e-01 2.791157561533084e-01 -2.355317972629499e-01
3.000000000000000e-01 2.869524699153886e-01 -2.415464793479847e-01
3.050000000000000e-01 2.949685383122613e-01 -2.476459903335601e-01
3.100000000000000e-01 3.031689716476197e-01 -2.538276487497471e-01
3.150000000000000e-01 3.115588954592450e-01 -2.600908890210941e-01
3.200000000000000e-01 3.201435537226349e-01 -2.664336720425401e-01
3.250000000000000e-01 3.289283121286580e-01 -2.728540242554049e-01
3.300000000000000e-01 3.379186614372866e-01 -2.793492717951260e-01
3.350000000000000e-01 3.471202209094989e-01 -2.859163094018684e-01
3.400000000000000e-01 3.565387418195016e-01 -2.925514510531667e-01
3.450000000000000e-01 3.661801110494620e-01 -2.992504337314683e-01
3.500000000000000e-01 3.760503547690021e-01 -3.060083535250110e-01
3.550000000000000e-01 3.861556422017504e-01 -3.128196116372305e-01
3.600000000000000e-01 3.965022894813072e-01 -3.196778426728626e-01
3.650000000000000e-01 4.070967635990345e-01 -3.265758320833039e-01
3.700000000000000e-01 4.179456864461349e-01 -3.335054174968442e-01
3.750000000000000e-01 4.290558389525505e-01 -3.404573709842522e-01
3.800000000000000e-01 4.404341653252637e-01 -3.474212570085166e-01
3.850000000000000e-01 4.520877773886537e-01 -3.543852594407789e-01
3.900000000000000e-01 4.640239590296172e-01 -3.613359688582463e-01
3.950000000000000e-01 4.762501707502353e-01 -3.682581186656362e-01
4.000000000000000e-01 4.887740543308307e-01 -3.751342551129610e-01
4.050000000000000e-01 5.016034376063282e-01 -3.819443218471349e-01
4.100000000000000e-01 5.147463393589066e-01 -3.886651340014086e-01
4.150000000000000e-01 5.282109743299990e-01 -3.952697097675349e-01
4.200000000000000e-01 5.420057583547735e-01 -4.017264187228446e-01
4.250000000000000e-01 5.561393136223041e-01 -4.079978958463532e-01
4.300000000000000e-01 5.706204740647189e-01 -4.140396584198561e-01
4.350000000000000e-01 5.854582908786964e-01 -4.197983507801316e-01
4.400000000000000e-01 6.006620381827575e-01 -4.252095312842177e-01
4.450000000000000e-01 6.162412188138907e-01 -4.301949111344811e-01
4.500000000000000e-01 6.322055702671360e-01 -4.346589637640206e-01
4.550000000000000e-01 6.485650707818353e-01 -4.384848599492951e-01
4.600000000000000e-01 6.653299455783577e-01 -4.415297698757157e-01
4.650000000000000e-01 6.825106732491932e-01 -4.436197425196869e-01
4.700000000000000e-01 7.001179923084168e-01 -4.445446704817106e-01
4.750000000000000e-01 7.181629079036070e-01 -4.440543264976186e-01
4.800000000000000e-01 7.366566986944229e-01 -4.418571526005101e-01
4.850000000000000e-01 7.556109239021327e-01 -4.376243652417642e-01
4.900000000000000e-01 7.750374305345038e-01 -4.310028256112564e-01
4.950000000000000e-01 7.949483607905672e-01 -4.216405572738093e-01
5.000000000000000e-01 8.153561596498893e-01 -4.092279706770854e-01
5.050000000000000e-01 8.362735826510871e-01 -3.935547722964913e-01
5.100000000000000e-01 8.577137038644561e-01 -3.745765827127606e-01
5.150000000000000e-01 8.796899240636907e-01 -3.524773236635684e-01
5.200000000000000e-01 9.022159791018011e-01 -3.277067695439911e-01
5.250000000000000e-01 9.253059484964714e-01 -3.009725398238183e-01
5.300000000000000e-01 9.489742642302165e-01 -2.731762686837700e-01
5.350000000000000e-01 9.732357197708378e-01 -2.453030189353673e-01
5.400000000000000e-01 9.981054793178262e-01 -2.182921827836497e-01
5.450000000000000e-01 1.023599087280478e+00 -1.929257691840180e-01
5.500000000000000e-01 1.049732477993657e+00 -1.697612028159537e-01
5.550000000000000e-01 1.076521985677273e+00 -1.491163912544249e-01
5.600000000000001e-01 1.103984354645701e+00 -1.310965458560114e-01
5.650000000000001e-01 1.132136749773522e+00 -1.156434892031441e-01
5.700000000000001e-01 1.160996767224129e+00 -1.025894997598601e-01
5.750000000000001e-01 1.190582445447902e+00 -9.170433572412413e-02
5.800000000000000e-01 1.220912276456826e+00 -8.273089005548104e-02
5.850000000000000e-01 1.252005217382601e+00 -7.540945462573549e-02
5.900000000000000e-01 1.283880702325469e+00 -6.949265454950616e-02
5.950000000000000e-01 1.316558654501151e+00 -6.475358556846660e-02
6.000000000000000e-01 1.350059498693518e+00 -6.098939089707113e-02
6.050000000000000e-01 1.384404174020732e+00 -5.802198180860958e-02
6.100000000000000e-01 1.419614147022888e+00 -5.569709241049702e-02
6.150000000000000e-01 1.455711425079295e+00 -5.388245128131131e-02
6.200000000000000e-01 1.492718570163803e+00 -5.246556011934886e-02
6.250000000000000e-01 1.530658712946775e+00 -5.135137256463674e-02
6.300000000000000e-01 1.569555567252506e+00 -5.046003955628613e-02
6.350000000000000e-01 1.609433444881138e+00 -4.972480889991469e-02
6.400000000000000e-01 1.650317270804325e+00 -4.909011954096350e-02
6.450000000000000e-01 1.692232598744148e+00 -4.850990381797996e-02
6.500000000000000e-01 1.735205627145031e+00 -4.794609605632465e-02
6.550000000000000e-01 1.779263215548615e+00 -4.736733836503487e-02
6.600000000000000e-01 1.824432901381847e+00 -4.674787137008603e-02
6.650000000000000e-01 1.870742917168772e+00 -4.606659699452011e-02
6.700000000000000e-01 1.918222208176775e+00 -4.530630115416264e-02
6.750000000000000e-01 1.966900450508319e+00 -4.445302568800123e-02
6.800000000000000e-01 2.016808069649473e+00 -4.349558053664042e-02
6.850000000000001e-01 2.067976259486829e+00 -4.242518878434090e-02
6.900000000000001e-01 2.120437001804702e+00 -4.123525838005854e-02
6.950000000000001e-01 2.174223086274785e+00 -3.992127481084176e-02
7.000000000000001e-01 2.229368130950753e+00 -3.848080831677043e-02
7.050000000000000e-01 2.285906603280654e+00 -3.691362694963564e-02
7.100000000000000e-01 2.343873841650178e+00 -3.522190241002210e-02
7.150000000000000e-01 2.403306077470301e+00 -3.341048875991330e-02
7.200000000000000e-01 2.464240457823092e+00 -3.148724468172129e-02
7.250000000000000e-01 2.526715068679855e+00 -2.946335834919560e-02
7.300000000000000e-01 2.590768958706095e+00 -2.735362142026216e-02
7.350000000000000e-01 2.656442163668210e+00 -2.517658743318260e-02
7.400000000000000e-01 2.723775731457148e+00 -2.295454331471157e-02
7.450000000000000e-01 2.792811747744667e+00 -2.071322477603675e-02
7.500000000000000e-01 2.863593362288260e+00 -1.848122080563824e-02
7.550000000000000e-01 2.936164815901156e+00 -1.628904138931897e-02
7.600000000000000e-01 3.010571468104263e+00 -1.416786508305103e-02
7.650000000000000e-01 3.086859825477351e+00 -1.214803425568286e-02
7.700000000000000e-01 3.165077570727174e+00 -1.025741703209315e-02
7.750000000000000e-01 3.245273592490716e+00 -8.519795297863182e-03
7.800000000000000e-01 3.327498015892184e+00 -6.953457140417623e-03
7.850000000000000e-01 3.411802233872832e+00 -5.570162870230055e-03
7.900000000000000e-01 3.498238939313234e+00 -4.374615172062659e-03
7.950000000000000e-01 3.586862157968046e+00 -3.364501412190272e-03
8.000000000000000e-01 3.677727282233856e+00 -2.531100559400747e-03
8.050000000000000e-01 3.770891105771243e+00 -1.860372366506709e-03
8.100000000000001e-01 3.866411859002656e+00 -1.334385945058227e-03
8.150000000000001e-01 3.964349245508326e+00 -9.329089880213986e-04
8.200000000000001e-01 4.064764479342956e+00 -6.349727536375641e-04
8.250000000000001e-01 4.167720323296481e+00 -4.202505964073320e-04
8.300000000000001e-01 4.273281128122877e+00 -2.701329100219007e-04
8.350000000000000e-01 4.381512872761445e+00 -1.684386193170396e-04
8.400000000000000e-01 4.492483205575838e+00 -1.017612419398252e-04
8.450000000000000e-01 4.606261486636447e+00 -5.949569949612796e-05
8.500000000000000e-01 4.722918831072739e+00 -3.362354541723165e-05
8.550000000000000e-01 4.842528153522501e+00 -1.834665850157062e-05
8.600000000000000e-01 4.965164213705875e+00 -9.654667872566294e-06
8.650000000000000e-01 5.090903663152626e+00 -4.894502254842700e-06
8.700000000000000e-01 5.219825093111814e+00 -2.387861070944190e-06
8.750000000000000e-01 5.352009083673925e+00 -1.119937510807635e-06
8.800000000000000e-01 5.487538254136007e+00 -5.044704303549947e-07
8.850000000000000e-01 5.626497314641444e+00 -2.180356076816872e-07
8.900000000000000e-01 5.768973119126561e+00 -9.034049888310649e-08
8.950000000000000e-01 5.915054719607133e+00 -3.585391391875528e-08
9.000000000000000e-01 6.064833421838831e+00 -1.361909989227445e-08
9.050000000000000e-01 6.218402842386253e+00 -4.947667000993088e-09
9.100000000000000e-01 6.375858967136348e+00 -1.717906276156941e-09
9.150000000000000e-01 6.537300211292723e+00 -5.697399411618307e-10
9.200000000000000e-01 6.702827480888332e+00 -1.803797989836672e-10
9.250000000000000e-01 6.872544235855034e+00 -5.448957885875281e-11
9.300000000000000e-01 7.046556554689444e+00 -1.569848498384112e-11
9.350000000000001e-01 7.224973200755413e+00 -4.311702850584428e-12
9.400000000000001e-01 7.407905690264673e+00 -1.128593996435754e-12
9.450000000000001e-01 7.595468361978146e+00 -2.814477168774983e-13
9.500000000000001e-01 7.787778448671316e+00 -6.685338025047404e-14
9.550000000000001e-01 7.984956150408610e+00 -1.512270754177203e-14
9.600000000000000e-01 8.187124709672272e+00 -3.257245123165954e-15
9.650000000000000e-01 8.394410488393007e+00 -6.679413998697800e-16
9.700000000000000e-01 8.606943046930221e+00 -1.303955133882304e-16
9.750000000000000e-01 8.824855225051540e+00 -2.423307324476016e-17
9.800000000000000e-01 9.048283224961922e+00 -4.287215142240243e-18
9.850000000000000e-01 9.277366696434507e+00 -7.220913158634470e-19
9.900000000000000e-01 9.512248824096272e+00 -1.156044624139926e-19
9.950000000000000e-01 9.753076416923058e+00 -1.861320651963145e-20
1.000000000000000e+00 1.000000000000000e+01 4.334141659077077e-21
