0.000000000000000e+00 0.000000000000000e+00 0.000000000000000e+00
5.000000000000000e-03 3.369477419287315e-03 -2.086900554110786e-03
1.000000000000000e-02 6.741060871647481e-03 -4.742724538836693e-03
1.500000000000000e-02 1.011685770649257e-02 -8.229975044255329e-03
2.000000000000000e-02 1.349897790673588e-02 -1.119120864874428e-02
2.500000000000000e-02 1.688953540759990e-02 -1.450982399241479e-02
3.000000000000000e-02 2.029064941789469e-02 -1.761983056650443e-02
3.500000000000000e-02 2.370444574459234e-02 -2.071173421864031e-02
4.000000000000000e-02 2.713305812152553e-02 -2.374272204286178e-02
4.500000000000000e-02 3.057862954304063e-02 -2.692490853233392e-02
5.000000000000000e-02 3.404331360343898e-02 -3.003323759258297e-02
5.500000000000000e-02 3.752927584304335e-02 -3.312564562727790e-02
6.000000000000000e-02 4.103869510173117e-02 -3.624871202187935e-02
6.500000000000000e-02 4.457376488078044e-02 -3.945904774462097e-02
7.000000000000001e-02 4.813669471387935e-02 -4.261982583348076e-02
7.500000000000000e-02 5.172971154815675e-02 -4.579928768895437e-02
8.000000000000000e-02 5.535506113609672e-02 -4.903462471902556e-02
8.500000000000001e-02 5.901500943920686e-02 -5.231536837875399e-02
9.000000000000000e-02 6.271184404431801e-02 -5.557325105484795e-02
9.500000000000000e-02 6.644787559340060e-02 -5.888365924148781e-02
1.000000000000000e-01 7.022543922779090e-02 -6.225044057273388e-02
1.050000000000000e-01 7.404689604773053e-02 -6.564007985898122e-02
1.100000000000000e-01 7.791463458813094e-02 -6.903572716848497e-02
1.150000000000000e-01 8.183107231148547e-02 -7.250511511099263e-02
1.200000000000000e-01 8.579865711886202e-02 -7.602617071281956e-02
1.250000000000000e-01 8.981986887992111e-02 -7.956518219313539e-02
1.300000000000000e-01 9.389722098291493e-02 -8.313406659547617e-02
1.350000000000000e-01 9.803326190563690e-02 -8.678645506623467e-02
1.400000000000000e-01 1.022305768083033e-01 -9.049001894013992e-02
1.450000000000000e-01 1.064917891493625e-01 -9.421738495087460e-02
1.500000000000000e-01 1.108195623252418e-01 -9.799040994857008e-02
1.550000000000000e-01 1.152166013350572e-01 -1.018512139683707e-01
1.600000000000000e-01 1.196856544713255e-01 -1.057692794089393e-01
1.650000000000000e-01 1.242295150377370e-01 -1.097213786474205e-01
1.700000000000000e-01 1.288510230950609e-01 -1.137274267290984e-01
1.750000000000000e-01 1.335530672362758e-01 -1.178233711120112e-01
1.800000000000000e-01 1.383385863920344e-01 -1.219883779425630e-01
1.850000000000000e-01 1.432105716675912e-01 -1.262008871835977e-01
1.900000000000000e-01 1.481720682123397e-01 -1.304701414229649e-01
1.950000000000000e-01 1.532261771231311e-01 -1.348267072948316e-01
2.000000000000000e-01 1.583760573825595e-01 -1.392668620150602e-01
2.050000000000000e-01 1.636249278334301e-01 -1.437756860705840e-01
2.100000000000000e-01 1.689760691906397e-01 -1.483439939936778e-01
2.150000000000000e-01 1.744328260917313e-01 -1.529872538642624e-01
2.200000000000000e-01 1.799986091874004e-01 -1.577219617677832e-01
2.250000000000000e-01 1.856768972732633e-01 -1.625534286282564e-01
2.300000000000000e-01 1.914712394642179e-01 -1.674595935738113e-01
2.350000000000000e-01 1.973852574127551e-01 -1.724321755682588e-01
2.400000000000000e-01 2.034226475726105e-01 -1.774867795928069e-01
2.450000000000000e-01 2.095871835091678e-01 -1.826406207286592e-01
2.500000000000000e-01 2.158827182580599e-01 -1.878919229731855e-01
2.550000000000000e-01 2.223131867334419e-01 -1.932411593996165e-01
2.600000000000000e-01 2.288826081874405e-01 -1.986753778201741e-01
2.650000000000000e-01 2.355950887223172e-01 -2.041873655006404e-01
2.700000000000000e-01 2.424548238569160e-01 -2.097874966725955e-01
2.750000000000000e-01 2.494661011489995e-01 -2.154810871927731e-01
2.800000000000000e-01 2.566333028751116e-01 -2.212727818438285e-01
2.850000000000000e-01 2.639609087696434e-01 -2.271733492986232e-01
2.900000000000000e-01 2.714534988248126e-01 -2.331718740362127e-01
2.950000000000000e-01 2.791157561533084e-01 -2.392766850950236e-01
3.000000000000000e-01 2.869524699153886e-01 -2.454765510270261e-01
3.050000000000000e-01 2.949685383122613e-01 -2.517760868775583e-01
3.100000000000000e-01 3.031689716476197e-01 -2.581700772969032e-01
3.150000000000000e-01 3.115588954592450e-01 -2.646602865415862e-01
3.200000000000000e-01 3.201435537226349e-01 -2.712448576351830e-01
3.250000000000000e-01 3.289283121286580e-01 -2.779237227102164e-01
3.300000000000000e-01 3.379186614372866e-01 -2.846955837969862e-01
3.350000000000000e-01 3.471202209094989e-01 -2.915592051783197e-01
3.400000000000000e-01 3.565387418195016e-01 -2.985127790706377e-01
3.450000000000000e-01 3.661801110494620e-01 -3.055541531481020e-01
3.500000000000000e-01 3.760503547690021e-01 -3.126807086098237e-01
3.550000000000000e-01 3.861556422017504e-01 -3.198893633922718e-01
3.600000000000000e-01 3.965022894813072e-01 -3.271765159569819e-01
3.650000000000000e-01 4.070967635990345e-01 -3.345379927421265e-01
3.700000000000000e-01 4.179456864461349e-01 -3.419689740456142e-01
3.750000000000000e-01 4.290558389525505e-01 -3.494639009661465e-01
3.800000000000000e-01 4.404341653252637e-01 -3.570163545277086e-01
3.850000000000000e-01 4.520877773886537e-01 -3.646188982656977e-01
3.900000000000000e-01 4.640239590296172e-01 -3.722628710997942e-01
3.950000000000000e-01 4.762501707502353e-01 -3.799381126868354e-01
4.000000000000000e-01 4.887740543308307e-01 -3.876325967824603e-01
4.050000000000000e-01 5.016034376063282e-01 -3.953319391823100e-01
4.100000000000000e-01 5.147463393589066e-01 -4.030187346275289e-01
4.150000000000000e-01 5.282109743299990e-01 -4.106716605967815e-01
4.200000000000000e-01 5.420057583547735e-01 -4.182642638349026e-01
4.250000000000000e-01 5.561393136223041e-01 -4.257633162629957e-01
4.300000000000000e-01 5.706204740647189e-01 -4.331265890760321e-01
4.350000000000000e-01 5.854582908786964e-01 -4.402998464686438e-01
4.400000000000000e-01 6.006620381827575e-01 -4.472128045516339e-01
4.450000000000000e-01 6.162412188138907e-01 -4.537737422192692e-01
4.500000000000000e-01 6.322055702671360e-01 -4.598624042771079e-01
4.550000000000000e-01 6.485650707818353e-01 -4.653208371595551e-01
4.600000000000000e-01 6.653299455783577e-01 -4.699419120359171e-01
4.650000000000000e-01 6.825106732491932e-01 -4.734556423107107e-01
4.700000000000000e-01 7.001179923084168e-01 -4.755141937129780e-01
4.750000000000000e-01 7.181629079036070e-01 -4.756779969735310e-01
4.800000000000000e-01 7.366566986944229e-01 -4.734078940435355e-01
4.850000000000000e-01 7.556109239021327e-01 -4.680718185592055e-01
4.900000000000000e-01 7.750374305345038e-01 -4.589783550501783e-01
4.950000000000000e-01 7.949483607905672e-01 -4.454512070690653e-01
5.000000000000000e-01 8.153561596498893e-01 -4.269535467989481e-01
5.050000000000000e-01 8.362735826510871e-01 -4.032541772640989e-01
5.100000000000000e-01 8.577137038644561e-01 -3.745978942319894e-01
5.150000000000000e-01 8.796899240636907e-01 -3.418123882683504e-01
5.200000000000000e-01 9.022159791018011e-01 -3.062791556513718e-01
5.250000000000000e-01 9.253059484964714e-01 -2.697384224907998e-01
5.300000000000000e-01 9.489742642302165e-01 -2.339773821196807e-01
5.350000000000000e-01 9.732357197708378e-01 -2.005159918266195e-01
5.400000000000000e-01 9.981054793178262e-01 -1.704034494888190e-01
5.450000000000000e-01 1.023599087280478e+00 -1.441719183034252e-01
5.500000000000000e-01 1.049732477993657e+00 -1.219159124135498e-01
5.550000000000000e-01 1.076521985677273e+00 -1.034280604607512e-01
5.600000000000001e-01 1.103984354645701e+00 -8.833180922893384e-02
5.650000000000001e-01 1.132136749773522e+00 -7.618196744399758e-02
5.700000000000001e-01 1.160996767224129e+00 -6.652894039181217e-02
5.750000000000001e-01 1.190582445447902e+00 -5.895408976707449e-02
5.800000000000000e-01 1.220912276456826e+00 -5.308576683237388e-02
5.850000000000000e-01 1.252005217382601e+00 -4.860379705473707e-02
5.900000000000000e-01 1.283880702325469e+00 -4.523772861284504e-02
5.950000000000000e-01 1.316558654501151e+00 -4.276212690679936e-02
6.000000000000000e-01 1.350059498693518e+00 -4.099079667346150e-02
6.050000000000000e-01 1.384404174020732e+00 -3.977093525888181e-02
6.100000000000000e-01 1.419614147022888e+00 -3.897770439762546e-02
6.150000000000000e-01 1.455711425079295e+00 -3.850941967042314e-02
6.200000000000000e-01 1.492718570163803e+00 -3.828340425909649e-02
6.250000000000000e-01 1.530658712946775e+00 -3.823247842334255e-02
6.300000000000000e-01 1.569555567252506e+00 -3.830202340197692e-02
6.350000000000000e-01 1.609433444881138e+00 -3.844754805869829e-02
6.400000000000000e-01 1.650317270804325e+00 -3.863268728648440e-02
6.450000000000000e-01 1.692232598744148e+00 -3.882756685239406e-02
6.500000000000000e-01 1.735205627145031e+00 -3.900747683139640e-02
6.550000000000000e-01 1.779263215548615e+00 -3.915180349485723e-02
6.600000000000000e-01 1.824432901381847e+00 -3.924317681622375e-02
6.650000000000000e-01 1.870742917168772e+00 -3.926679741951967e-02
6.700000000000000e-01 1.918222208176775e+00 -3.920991283187821e-02
6.750000000000000e-01 1.966900450508319e+00 -3.906141840410503e-02
6.800000000000000e-01 2.016808069649473e+00 -3.881156334236341e-02
6.850000000000001e-01 2.067976259486829e+00 -3.845174703123128e-02
6.900000000000001e-01 2.120437001804702e+00 -3.797439525223536e-02
6.950000000000001e-01 2.174223086274785e+00 -3.737290996966067e-02
7.000000000000001e-01 2.229368130950753e+00 -3.664168993562662e-02
7.050000000000000e-01 2.285906603280654e+00 -3.577622222054532e-02
7.100000000000000e-01 2.343873841650178e+00 -3.477324653723269e-02
7.150000000000000e-01 2.403306077470301e+00 -3.363099438853755e-02
7.200000000000000e-01 2.464240457823092e+00 -3.234950298369670e-02
7.250000000000000e-01 2.526715068679855e+00 -3.093099880926565e-02
7.300000000000000e-01 2.590768958706095e+00 -2.938033703799565e-02
7.350000000000000e-01 2.656442163668210e+00 -2.770547027641640e-02
7.400000000000000e-01 2.723775731457148e+00 -2.591790389859146e-02
7.450000000000000e-01 2.792811747744667e+00 -2.403307705017429e-02
7.500000000000000e-01 2.863593362288260e+00 -2.207059166830449e-02
7.550000000000000e-01 2.936164815901156e+00 -2.005420160046803e-02
7.600000000000000e-01 3.010571468104263e+00 -1.801147620585924e-02
7.650000000000000e-01 3.086859825477351e+00 -1.597307321423938e-02
7.700000000000000e-01 3.165077570727174e+00 -1.397159677627181e-02
7.750000000000000e-01 3.245273592490716e+00 -1.204007613486785e-02
7.800000000000000e-01 3.327498015892184e+00 -1.021016950881927e-02
7.850000000000000e-01 3.411802233872832e+00 -8.510262629863140e-03
7.900000000000000e-01 3.498238939313234e+00 -6.963675827029591e-03
7.950000000000000e-01 3.586862157968046e+00 -5.587204050647979e-03
8.000000000000000e-01 3.677727282233856e+00 -4.390184190125790e-03
8.050000000000000e-01 3.770891105771243e+00 -3.374216418406195e-03
8.100000000000001e-01 3.866411859002656e+00 -2.533573281899917e-03
8.150000000000001e-01 3.964349245508326e+00 -1.856230246970047e-03
8.200000000000001e-01 4.064764479342956e+00 -1.325364345038628e-03
8.250000000000001e-01 4.167720323296481e+00 -9.211100376570867e-04
8.300000000000001e-01 4.273281128122877e+00 -6.223430039609223e-04
8.350000000000000e-01 4.381512872761445e+00 -4.082839399554760e-04
8.400000000000000e-01 4.492483205575838e+00 -2.597679216078256e-04
8.450000000000000e-01 4.606261486636447e+00 -1.600966470594891e-04
8.500000000000000e-01 4.722918831072739e+00 -9.546481656946473e-05
8.550000000000000e-01 4.842528153522501e+00 -5.501357603666009e-05
8.600000000000000e-01 4.965164213705875e+00 -3.060377765982478e-05
8.650000000000000e-01 5.090903663152626e+00 -1.641671119939129e-05
8.700000000000000e-01 5.219825093111814e+00 -8.482943336345625e-06
8.750000000000000e-01 5.352009083673925e+00 -4.218104351759800e-06
8.800000000000000e-01 5.487538254136007e+00 -2.016409623684364e-06
8.850000000000000e-01 5.626497314641444e+00 -9.258313436016121e-07
8.900000000000000e-01 5.768973119126561e+00 -4.079429695075139e-07
8.950000000000000e-01 5.915054719607133e+00 -1.723562262673209e-07
9.000000000000000e-01 6.064833421838831e+00 -6.977235137352697e-08
9.050000000000000e-01 6.218402842386253e+00 -2.704340641507177e-08
9.100000000000000e-01 6.375858967136348e+00 -1.002947078288204e-08
9.150000000000000e-01 6.537300211292723e+00 -3.556922034384740e-09
9.200000000000000e-01 6.702827480888332e+00 -1.205634126730001e-09
9.250000000000000e-01 6.872544235855034e+00 -3.903825850472172e-10
9.300000000000000e-01 7.046556554689444e+00 -1.207010714186688e-10
9.350000000000001e-01 7.224973200755413e+00 -3.562150389734854e-11
9.400000000000001e-01 7.407905690264673e+00 -1.003113981553209e-11
9.450000000000001e-01 7.595468361978146e+00 -2.694651810138591e-12
9.500000000000001e-01 7.787778448671316e+00 -6.903460051666903e-13
9.550000000000001e-01 7.984956150408610e+00 -1.686394674101548e-13
9.600000000000000e-01 8.187124709672272e+00 -3.927482718613617e-14
9.650000000000000e-01 8.394410488393007e+00 -8.719333186606634e-15
9.700000000000000e-01 8.606943046930221e+00 -1.845156601815269e-15
9.750000000000000e-01 8.824855225051540e+00 -3.721738705608049e-16
9.800000000000000e-01 9.048283224961922e+00 -7.155098977803786e-17
9.850000000000000e-01 9.277366696434507e+00 -1.311212208631145e-17
9.900000000000000e-01 9.512248824096272e+00 -2.286004589830132e-18
9.950000000000000e-01 9.753076416923058e+00 -4.014329628354930e-19
1.000000000000000e+00 1.000000000000000e+01 7.610002350957418e-20
