0.000000000000000e+00 0.000000000000000e+00 0.000000000000000e+00
5.000000000000000e-03 3.369477419287315e-03 -2.943300051187770e-03
1.000000000000000e-02 6.741060871647481e-03 -5.628485692827441e-03
1.500000000000000e-02 1.011685770649257e-02 -8.468386685332431e-03
2.000000000000000e-02 1.349897790673588e-02 -1.175552228885014e-02
2.500000000000000e-02 1.688953540759990e-02 -1.544737574532118e-02
3.000000000000000e-02 2.029064941789469e-02 -1.859802579538873e-02
3.500000000000000e-02 2.370444574459234e-02 -2.186729496369856e-02
4.000000000000000e-02 2.713305812152553e-02 -2.517570193914443e-02
4.500000000000000e-02 3.057862954304063e-02 -2.848017270633596e-02
5.000000000000000e-02 3.404331360343898e-02 -3.170233888488017e-02
5.500000000000000e-02 3.752927584304335e-02 -3.506204998547324e-02
6.000000000000000e-02 4.103869510173117e-02 -3.840204421175344e-02
6.500000000000000e-02 4.457376488078044e-02 -4.171519977172252e-02
7.000000000000001e-02 4.813669471387935e-02 -4.505980919097906e-02
7.500000000000000e-02 5.172971154815675e-02 -4.850260004951631e-02
8.000000000000000e-02 5.535506113609672e-02 -5.191141138114466e-02
8.500000000000001e-02 5.901500943920686e-02 -5.533861486392362e-02
9.000000000000000e-02 6.271184404431801e-02 -5.883220641062750e-02
9.500000000000000e-02 6.644787559340060e-02 -6.237241006742459e-02
1.000000000000000e-01 7.022543922779090e-02 -6.590078732401745e-02
1.050000000000000e-01 7.404689604773053e-02 -6.949790018578735e-02
1.100000000000000e-01 7.791463458813094e-02 -7.315475709224951e-02
1.150000000000000e-01 8.183107231148547e-02 -7.682930911166035e-02
1.200000000000000e-01 8.579865711886202e-02 -8.053216173231501e-02
1.250000000000000e-01 8.981986887992111e-02 -8.432768955631052e-02
1.300000000000000e-01 9.389722098291493e-02 -8.816733858841425e-02
1.350000000000000e-01 9.803326190563690e-02 -9.202794283057171e-02
1.400000000000000e-01 1.022305768083033e-01 -9.595077590209609e-02
1.450000000000000e-01 1.064917891493625e-01 -9.996720774209072e-02
1.500000000000000e-01 1.108195623252418e-01 -1.040231218464289e-01
1.550000000000000e-01 1.152166013350572e-01 -1.081198641220555e-01
1.600000000000000e-01 1.196856544713255e-01 -1.122986875578429e-01
1.650000000000000e-01 1.242295150377370e-01 -1.165669720372530e-01
1.700000000000000e-01 1.288510230950609e-01 -1.208820548225291e-01
1.750000000000000e-01 1.335530672362758e-01 -1.252578257575732e-01
1.800000000000000e-01 1.383385863920344e-01 -1.297267914953193e-01
1.850000000000000e-01 1.432105716675912e-01 -1.342874541988647e-01
1.900000000000000e-01 1.481720682123397e-01 -1.389079791710615e-01
1.950000000000000e-01 1.532261771231311e-01 -1.436025228761236e-01
2.000000000000000e-01 1.583760573825595e-01 -1.483986340343711e-01
2.050000000000000e-01 1.636249278334301e-01 -1.532974524924658e-01
2.100000000000000e-01 1.689760691906397e-01 -1.582719549305109e-01
2.150000000000000e-01 1.744328260917313e-01 -1.633278703823203e-01
2.200000000000000e-01 1.799986091874004e-01 -1.684917148710449e-01
2.250000000000000e-01 1.856768972732633e-01 -1.737751378387100e-01
2.300000000000000e-01 1.914712394642179e-01 -1.791552108729111e-01
2.350000000000000e-01 1.973852574127551e-01 -1.846248681751838e-01
2.400000000000000e-01 2.034226475726105e-01 -1.902042041954356e-01
2.450000000000000e-01 2.095871835091678e-01 -1.959147567882585e-01
2.500000000000000e-01 2.158827182580599e-01 -2.017491371406569e-01
2.550000000000000e-01 2.223131867334419e-01 -2.076985930210235e-01
2.600000000000000e-01 2.288826081874405e-01 -2.137624179416403e-01
2.650000000000000e-01 2.355950887223172e-01 -2.199507586174618e-01
2.700000000000000e-01 2.424548238569160e-01 -2.262793719158042e-01
2.750000000000000e-01 2.494661011489995e-01 -2.327612035872642e-01
2.800000000000000e-01 2.566333028751116e-01 -2.393874930422845e-01
2.850000000000000e-01 2.639609087696434e-01 -2.461554080055404e-01
2.900000000000000e-01 2.714534988248126e-01 -2.530694485891309e-01
2.950000000000000e-01 2.791157561533084e-01 -2.601339523379526e-01
3.000000000000000e-01 2.869524699153886e-01 -2.673639681878597e-01
3.050000000000000e-01 2.949685383122613e-01 -2.747734924336159e-01
3.100000000000000e-01 3.031689716476197e-01 -2.823661287366335e-01
3.150000000000000e-01 3.115588954592450e-01 -2.901574273018261e-01
3.200000000000000e-01 3.201435537226349e-01 -2.981463727668878e-01
3.250000000000000e-01 3.289283121286580e-01 -3.063479608362200e-01
3.300000000000000e-01 3.379186614372866e-01 -3.147674004280369e-01
3.350000000000000e-01 3.471202209094989e-01 -3.234203766653181e-01
3.400000000000000e-01 3.565387418195016e-01 -3.323198241787271e-01
3.450000000000000e-01 3.661801110494620e-01 -3.414841389498434e-01
3.500000000000000e-01 3.760503547690021e-01 -3.509329366416390e-01
3.550000000000000e-01 3.861556422017504e-01 -3.606898555125969e-01
3.600000000000000e-01 3.965022894813072e-01 -3.707820966964335e-01
3.650000000000000e-01 4.070967635990345e-01 -3.812418110456006e-01
3.700000000000000e-01 4.179456864461349e-01 -3.921070016099220e-01
3.750000000000000e-01 4.290558389525505e-01 -4.034230346070178e-01
3.800000000000000e-01 4.404341653252637e-01 -4.152444265425451e-01
3.850000000000000e-01 4.520877773886537e-01 -4.276372088342789e-01
3.900000000000000e-01 4.640239590296172e-01 -4.406819990439734e-01
3.950000000000000e-01 4.762501707502353e-01 -4.544780750343126e-01
4.000000000000000e-01 4.887740543308307e-01 -4.691488447499684e-01
4.050000000000000e-01 5.016034376063282e-01 -4.848493102698978e-01
4.100000000000000e-01 5.147463393589066e-01 -5.017764342803057e-01
4.150000000000000e-01 5.282109743299990e-01 -5.201838309029130e-01
4.200000000000000e-01 5.420057583547735e-01 -5.404030698764132e-01
4.250000000000000e-01 5.561393136223041e-01 -5.628754031094338e-01
4.300000000000000e-01 5.706204740647189e-01 -5.882004966860871e-01
4.350000000000000e-01 5.854582908786964e-01 -6.172140595643714e-01
4.400000000000000e-01 6.006620381827575e-01 -6.511169976371887e-01
4.450000000000000e-01 6.162412188138907e-01 -6.917019285233378e-01
4.500000000000000e-01 6.322055702671360e-01 -7.417772268115609e-01
4.550000000000000e-01 6.485650707818353e-01 -8.060290511986661e-01
4.600000000000000e-01 6.653299455783577e-01 -8.929697359488435e-01
4.650000000000000e-01 6.825106732491932e-01 -1.019976978315964e+00
4.700000000000000e-01 7.001179923084168e-01 -1.228260220914704e+00
4.750000000000000e-01 7.181629079036070e-01 -1.619869848454347e+00
4.800000000000000e-01 7.366566986944229e-01 -2.130265841450584e+00
4.850000000000000e-01 7.556109239021327e-01 -1.488964386511199e+00
4.900000000000000e-01 7.750374305345038e-01 -1.575176019855093e-01
4.950000000000000e-01 7.949483607905672e-01 -9.529303563817761e-02
5.000000000000000e-01 8.153561596498893e-01 -8.749773877136051e-02
5.050000000000000e-01 8.362735826510871e-01 2.376211095059139e-02
5.100000000000000e-01 8.577137038644561e-01 -5.053218613396933e-02
5.150000000000000e-01 8.796899240636907e-01 3.320253743101312e-02
5.200000000000000e-01 9.022159791018011e-01 -2.012567588554895e-02
5.250000000000000e-01 9.253059484964714e-01 2.431261481865839e-02
5.300000000000000e-01 9.489742642302165e-01 5.574205931574237e-04
5.350000000000000e-01 9.732357197708378e-01 1.575684773976505e-02
5.400000000000000e-01 9.981054793178262e-01 1.214892483749816e-02
5.450000000000000e-01 1.023599087280478e+00 1.118869553634284e-02
5.500000000000000e-01 1.049732477993657e+00 1.700544947243421e-02
5.550000000000000e-01 1.076521985677273e+00 1.009288914416456e-02
5.600000000000001e-01 1.103984354645701e+00 1.774785039064108e-02
5.650000000000001e-01 1.132136749773522e+00 1.094366313056770e-02
5.700000000000001e-01 1.160996767224129e+00 1.657732013119335e-02
5.750000000000001e-01 1.190582445447902e+00 1.233667489444958e-02
5.800000000000000e-01 1.220912276456826e+00 1.499650490934528e-02
5.850000000000000e-01 1.252005217382601e+00 1.338869320188709e-02
5.900000000000000e-01 1.283880702325469e+00 1.377783655831513e-02
5.950000000000000e-01 1.316558654501151e+00 1.378396755092676e-02
6.000000000000000e-01 1.350059498693518e+00 1.310502877711370e-02
6.050000000000000e-01 1.384404174020732e+00 1.362238595565344e-02
6.100000000000000e-01 1.419614147022888e+00 1.281709854461056e-02
6.150000000000000e-01 1.455711425079295e+00 1.318318273112310e-02
6.200000000000000e-01 1.492718570163803e+00 1.266331925141640e-02
6.250000000000000e-01 1.530658712946775e+00 1.271443500713349e-02
6.300000000000000e-01 1.569555567252506e+00 1.247666347156232e-02
6.350000000000000e-01 1.609433444881138e+00 1.233007914542325e-02
6.400000000000000e-01 1.650317270804325e+00 1.221878838904113e-02
6.450000000000000e-01 1.692232598744148e+00 1.202682159955621e-02
6.500000000000000e-01 1.735205627145031e+00 1.192633972084300e-02
6.550000000000000e-01 1.779263215548615e+00 1.175998169808817e-02
6.600000000000000e-01 1.824432901381847e+00 1.163889981873252e-02
6.650000000000000e-01 1.870742917168772e+00 1.149991338611329e-02
6.700000000000000e-01 1.918222208176775e+00 1.136844181448082e-02
6.750000000000000e-01 1.966900450508319e+00 1.123992918525529e-02
6.800000000000000e-01 2.016808069649473e+00 1.110848419819066e-02
6.850000000000001e-01 2.067976259486829e+00 1.098040708065798e-02
6.900000000000001e-01 2.120437001804702e+00 1.084964215377884e-02
6.950000000000001e-01 2.174223086274785e+00 1.071833291182224e-02
7.000000000000001e-01 2.229368130950753e+00 1.058430203491206e-02
7.050000000000000e-01 2.285906603280654e+00 1.044681230124222e-02
7.100000000000000e-01 2.343873841650178e+00 1.030480880304148e-02
7.150000000000000e-01 2.403306077470301e+00 1.015690136984349e-02
7.200000000000000e-01 2.464240457823092e+00 1.000182617456770e-02
7.250000000000000e-01 2.526715068679855e+00 9.838029805441652e-03
7.300000000000000e-01 2.590768958706095e+00 9.663884146761571e-03
7.350000000000000e-01 2.656442163668210e+00 9.477579251859772e-03
7.400000000000000e-01 2.723775731457148e+00 9.277134904001050e-03
7.450000000000000e-01 2.792811747744667e+00 9.060385001035611e-03
7.500000000000000e-01 2.863593362288260e+00 8.824958482421963e-03
7.550000000000000e-01 2.936164815901156e+00 8.568268413167423e-03
7.600000000000000e-01 3.010571468104263e+00 8.287498121791989e-03
7.650000000000000e-01 3.086859825477351e+00 7.979592788985657e-03
7.700000000000000e-01 3.165077570727174e+00 7.641256114907414e-03
7.750000000000000e-01 3.245273592490716e+00 7.268956274427320e-03
7.800000000000000e-01 3.327498015892184e+00 6.858945441282586e-03
7.850000000000000e-01 3.411802233872832e+00 6.407298788725659e-03
7.900000000000000e-01 3.498238939313234e+00 5.909981493632080e-03
7.950000000000000e-01 3.586862157968046e+00 5.362954207110148e-03
8.000000000000000e-01 3.677727282233856e+00 4.762328763579636e-03
8.050000000000000e-01 3.770891105771243e+00 4.104588768118166e-03
8.100000000000001e-01 3.866411859002656e+00 3.386892224255903e-03
8.150000000000001e-01 3.964349245508326e+00 2.607469261595983e-03
8.200000000000001e-01 4.064764479342956e+00 1.766118036508750e-03
8.250000000000001e-01 4.167720323296481e+00 8.647911924933019e-04
8.300000000000001e-01 4.273281128122877e+00 -9.175461105064021e-05
8.350000000000000e-01 4.381512872761445e+00 -1.095314543546379e-03
8.400000000000000e-01 4.492483205575838e+00 -2.133704868431680e-03
8.450000000000000e-01 4.606261486636447e+00 -3.190447230362715e-03
8.500000000000000e-01 4.722918831072739e+00 -4.244722477031554e-03
8.550000000000000e-01 4.842528153522501e+00 -5.271625939869319e-03
8.600000000000000e-01 4.965164213705875e+00 -6.242773011673378e-03
8.650000000000000e-01 5.090903663152626e+00 -7.127262048860483e-03
8.700000000000000e-01 5.219825093111814e+00 -7.892835291767118e-03
8.750000000000000e-01 5.352009083673925e+00 -8.506950908042077e-03
8.800000000000000e-01 5.487538254136007e+00 -8.937695039561343e-03
8.850000000000000e-01 5.626497314641444e+00 -9.155072684035953e-03
8.900000000000000e-01 5.768973119126561e+00 -9.133750111708108e-03
8.950000000000000e-01 5.915054719607133e+00 -8.858066060876834e-03
9.000000000000000e-01 6.064833421838831e+00 -8.328810609310231e-03
9.050000000000000e-01 6.218402842386253e+00 -7.569507626514658e-03
9.100000000000000e-01 6.375858967136348e+00 -6.628953477491867e-03
9.150000000000000e-01 6.537300211292723e+00 -5.577510325873192e-03
9.200000000000000e-01 6.702827480888332e+00 -4.497018466046096e-03
9.250000000000000e-01 6.872544235855034e+00 -3.466976375499031e-03
9.300000000000000e-01 7.046556554689444e+00 -2.551307402363172e-03
9.350000000000001e-01 7.224973200755413e+00 -1.789717287777175e-03
9.400000000000001e-01 7.407905690264673e+00 -1.195636861569419e-03
9.450000000000001e-01 7.595468361978146e+00 -7.601958242674097e-04
9.500000000000001e-01 7.787778448671316e+00 -4.598232945266910e-04
9.550000000000001e-01 7.984956150408610e+00 -2.645521354775568e-04
9.600000000000000e-01 8.187124709672272e+00 -1.447671456915445e-04
9.650000000000000e-01 8.394410488393007e+00 -7.535363678410306e-05
9.700000000000000e-01 8.606943046930221e+00 -3.731522677610626e-05
9.750000000000000e-01 8.824855225051540e+00 -1.758489531573256e-05
9.800000000000000e-01 9.048283224961922e+00 -7.886474964713507e-06
9.850000000000000e-01 9.277366696434507e+00 -3.371351697879376e-06
9.900000000000000e-01 9.512248824096272e+00 -1.362877268346557e-06
9.950000000000000e-01 9.753076416923058e+00 -5.439404047174141e-07
1.000000000000000e+00 1.000000000000000e+01 -1.534398372768794e-07
