0.000000000000000e+00 0.000000000000000e+00 0.000000000000000e+00
5.000000000000000e-03 3.369477419287315e-03 -2.941299734032807e-03
1.000000000000000e-02 6.741060871647481e-03 -5.626544116016656e-03
1.500000000000000e-02 1.011685770649257e-02 -8.468990907888727e-03
2.000000000000000e-02 1.349897790673588e-02 -1.175617217991851e-02
2.500000000000000e-02 1.688953540759990e-02 -1.544772288288825e-02
3.000000000000000e-02 2.029064941789469e-02 -1.859852416866375e-02
3.500000000000000e-02 2.370444574459234e-02 -2.186783329808116e-02
4.000000000000000e-02 2.713305812152553e-02 -2.517631152337513e-02
4.500000000000000e-02 3.057862954304063e-02 -2.848100851287649e-02
5.000000000000000e-02 3.404331360343898e-02 -3.170321747774444e-02
5.500000000000000e-02 3.752927584304335e-02 -3.506290742266583e-02
6.000000000000000e-02 4.103869510173117e-02 -3.840308014453314e-02
6.500000000000000e-02 4.457376488078044e-02 -4.171637452629415e-02
7.000000000000001e-02 4.813669471387935e-02 -4.506096898521385e-02
7.500000000000000e-02 5.172971154815675e-02 -4.850387158772429e-02
8.000000000000000e-02 5.535506113609672e-02 -5.191287704074703e-02
8.500000000000001e-02 5.901500943920686e-02 -5.534010951880269e-02
9.000000000000000e-02 6.271184404431801e-02 -5.883372445208170e-02
9.500000000000000e-02 6.644787559340060e-02 -6.237412027952435e-02
1.000000000000000e-01 7.022543922779090e-02 -6.590263824527814e-02
1.050000000000000e-01 7.404689604773053e-02 -6.949975939060087e-02
1.100000000000000e-01 7.791463458813094e-02 -7.315671612093110e-02
1.150000000000000e-01 8.183107231148547e-02 -7.683145614711037e-02
1.200000000000000e-01 8.579865711886202e-02 -8.053439646539742e-02
1.250000000000000e-01 8.981986887992111e-02 -8.432998004988175e-02
1.300000000000000e-01 9.389722098291493e-02 -8.816978462497629e-02
1.350000000000000e-01 9.803326190563690e-02 -9.203053912915933e-02
1.400000000000000e-01 1.022305768083033e-01 -9.595344471080831e-02
1.450000000000000e-01 1.064917891493625e-01 -9.996999126722042e-02
1.500000000000000e-01 1.108195623252418e-01 -1.040260845699655e-01
1.550000000000000e-01 1.152166013350572e-01 -1.081229536441364e-01
1.600000000000000e-01 1.196856544713255e-01 -1.123018654158805e-01
1.650000000000000e-01 1.242295150377370e-01 -1.165703064873600e-01
1.700000000000000e-01 1.288510230950609e-01 -1.208855790620098e-01
1.750000000000000e-01 1.335530672362758e-01 -1.252614804925243e-01
1.800000000000000e-01 1.383385863920344e-01 -1.297305624091022e-01
1.850000000000000e-01 1.432105716675912e-01 -1.342914080998426e-01
1.900000000000000e-01 1.481720682123397e-01 -1.389121381416005e-01
1.950000000000000e-01 1.532261771231311e-01 -1.436068384071696e-01
2.000000000000000e-01 1.583760573825595e-01 -1.484030970313986e-01
2.050000000000000e-01 1.636249278334301e-01 -1.533021180512197e-01
2.100000000000000e-01 1.689760691906397e-01 -1.582768509055613e-01
2.150000000000000e-01 1.744328260917313e-01 -1.633329687691920e-01
2.200000000000000e-01 1.799986091874004e-01 -1.684970009079525e-01
2.250000000000000e-01 1.856768972732633e-01 -1.737806444976777e-01
2.300000000000000e-01 1.914712394642179e-01 -1.791609773992341e-01
2.350000000000000e-01 1.973852574127551e-01 -1.846309023394076e-01
2.400000000000000e-01 2.034226475726105e-01 -1.902104916484543e-01
2.450000000000000e-01 2.095871835091678e-01 -1.959212964258605e-01
2.500000000000000e-01 2.158827182580599e-01 -2.017559638514386e-01
2.550000000000000e-01 2.223131867334419e-01 -2.077057523593717e-01
2.600000000000000e-01 2.288826081874405e-01 -2.137699238401615e-01
2.650000000000000e-01 2.355950887223172e-01 -2.199586051536284e-01
2.700000000000000e-01 2.424548238569160e-01 -2.262875706306826e-01
2.750000000000000e-01 2.494661011489995e-01 -2.327697827853915e-01
2.800000000000000e-01 2.566333028751116e-01 -2.393964918766006e-01
2.850000000000000e-01 2.639609087696434e-01 -2.461648726207779e-01
2.900000000000000e-01 2.714534988248126e-01 -2.530794100135023e-01
2.950000000000000e-01 2.791157561533084e-01 -2.601444353548288e-01
3.000000000000000e-01 2.869524699153886e-01 -2.673750055717836e-01
3.050000000000000e-01 2.949685383122613e-01 -2.747851177110784e-01
3.100000000000000e-01 3.031689716476197e-01 -2.823783915156544e-01
3.150000000000000e-01 3.115588954592450e-01 -2.901703840432315e-01
3.200000000000000e-01 3.201435537226349e-01 -2.981600870571768e-01
3.250000000000000e-01 3.289283121286580e-01 -3.063625055380271e-01
3.300000000000000e-01 3.379186614372866e-01 -3.147828534396855e-01
3.350000000000000e-01 3.471202209094989e-01 -3.234368274921180e-01
3.400000000000000e-01 3.565387418195016e-01 -3.323373721798442e-01
3.450000000000000e-01 3.661801110494620e-01 -3.415028985923895e-01
3.500000000000000e-01 3.760503547690021e-01 -3.509530387864203e-01
3.550000000000000e-01 3.861556422017504e-01 -3.607114517607895e-01
3.600000000000000e-01 3.965022894813072e-01 -3.708053631211377e-01
3.650000000000000e-01 4.070967635990345e-01 -3.812669536334631e-01
3.700000000000000e-01 4.179456864461349e-01 -3.921342627890863e-01
3.750000000000000e-01 4.290558389525505e-01 -4.034527017856542e-01
3.800000000000000e-01 4.404341653252637e-01 -4.152768431264320e-01
3.850000000000000e-01 4.520877773886537e-01 -4.276727887310148e-01
3.900000000000000e-01 4.640239590296172e-01 -4.407212459710242e-01
3.950000000000000e-01 4.762501707502353e-01 -4.545216086254670e-01
4.000000000000000e-01 4.887740543308307e-01 -4.691974364417258e-01
4.050000000000000e-01 5.016034376063282e-01 -4.849039335643896e-01
4.100000000000000e-01 5.147463393589066e-01 -5.018383366430001e-01
4.150000000000000e-01 5.282109743299990e-01 -5.202546390996686e-01
4.200000000000000e-01 5.420057583547735e-01 -5.404849485966067e-01
4.250000000000000e-01 5.561393136223041e-01 -5.629713015486755e-01
4.300000000000000e-01 5.706204740647189e-01 -5.883145464386430e-01
4.350000000000000e-01 5.854582908786964e-01 -6.173522458659724e-01
4.400000000000000e-01 6.006620381827575e-01 -6.512883545483934e-01
4.450000000000000e-01 6.162412188138907e-01 -6.919208145906586e-01
4.500000000000000e-01 6.322055702671360e-01 -7.420680459218969e-01
4.550000000000000e-01 6.485650707818353e-01 -8.064372262832328e-01
4.600000000000000e-01 6.653299455783577e-01 -8.935915782834245e-01
4.650000000000000e-01 6.825106732491932e-01 -1.021061687968070e+00
4.700000000000000e-01 7.001179923084168e-01 -1.230682402773235e+00
4.750000000000000e-01 7.181629079036070e-01 -1.627726523252274e+00
4.800000000000000e-01 7.366566986944229e-01 -2.148949736529131e+00
4.850000000000000e-01 7.556109239021327e-01 -1.487675990769636e+00
4.900000000000000e-01 7.750374305345038e-01 -1.462630342195113e-01
4.950000000000000e-01 7.949483607905672e-01 -9.848861928011869e-02
5.000000000000000e-01 8.153561596498893e-01 -8.187015875265638e-02
5.050000000000000e-01 8.362735826510871e-01 2.290075899260739e-02
5.100000000000000e-01 8.577137038644561e-01 -4.931468723587424e-02
5.150000000000000e-01 8.796899240636907e-01 3.440247165364281e-02
5.200000000000000e-01 9.022159791018011e-01 -2.096659206824160e-02
5.250000000000000e-01 9.253059484964714e-01 2.613673222683465e-02
5.300000000000000e-01 9.489742642302165e-01 -7.501063917314587e-04
5.350000000000000e-01 9.732357197708378e-01 1.727606893686508e-02
5.400000000000000e-01 9.981054793178262e-01 1.116047715612184e-02
5.450000000000000e-01 1.023599087280478e+00 1.204982353608666e-02
5.500000000000000e-01 1.049732477993657e+00 1.655252860361883e-02
5.550000000000000e-01 1.076521985677273e+00 1.033219174025071e-02
5.600000000000001e-01 1.103984354645701e+00 1.772609072604221e-02
5.650000000000001e-01 1.132136749773522e+00 1.078428917175797e-02
5.700000000000001e-01 1.160996767224129e+00 1.676405143475982e-02
5.750000000000001e-01 1.190582445447902e+00 1.202817205984106e-02
5.800000000000000e-01 1.220912276456826e+00 1.518986009110047e-02
5.850000000000000e-01 1.252005217382601e+00 1.310824221869573e-02
5.900000000000000e-01 1.283880702325469e+00 1.386656003493633e-02
5.950000000000000e-01 1.316558654501151e+00 1.360308926780303e-02
6.000000000000000e-01 1.350059498693518e+00 1.307467672637200e-02
6.050000000000000e-01 1.384404174020732e+00 1.352766399086012e-02
6.100000000000000e-01 1.419614147022888e+00 1.271273963335491e-02
6.150000000000000e-01 1.455711425079295e+00 1.312505003967729e-02
6.200000000000000e-01 1.492718570163803e+00 1.253973513214935e-02
6.250000000000000e-01 1.530658712946775e+00 1.265214577403701e-02
6.300000000000000e-01 1.569555567252506e+00 1.236540654357194e-02
6.350000000000000e-01 1.609433444881138e+00 1.225061547370993e-02
6.400000000000000e-01 1.650317270804325e+00 1.212429760547983e-02
6.450000000000000e-01 1.692232598744148e+00 1.193729920158583e-02
6.500000000000000e-01 1.735205627145031e+00 1.184094480623132e-02
6.550000000000000e-01 1.779263215548615e+00 1.167105396653024e-02
6.600000000000000e-01 1.824432901381847e+00 1.155703716346095e-02
6.650000000000000e-01 1.870742917168772e+00 1.141691388435649e-02
6.700000000000000e-01 1.918222208176775e+00 1.129007239981772e-02
6.750000000000000e-01 1.966900450508319e+00 1.116392944377150e-02
6.800000000000000e-01 2.016808069649473e+00 1.103591535834521e-02
6.850000000000001e-01 2.067976259486829e+00 1.091182199164061e-02
6.900000000000001e-01 2.120437001804702e+00 1.078495475736099e-02
6.950000000000001e-01 2.174223086274785e+00 1.065830932280696e-02
7.000000000000001e-01 2.229368130950753e+00 1.052911848613182e-02
7.050000000000000e-01 2.285906603280654e+00 1.039699075992692e-02
7.100000000000000e-01 2.343873841650178e+00 1.026077494500592e-02
7.150000000000000e-01 2.403306077470301e+00 1.011912967711381e-02
7.200000000000000e-01 2.464240457823092e+00 9.970837006229635e-03
7.250000000000000e-01 2.526715068679855e+00 9.814361722960985e-03
7.300000000000000e-01 2.590768958706095e+00 9.648124459935374e-03
7.350000000000000e-01 2.656442163668210e+00 9.470352053149870e-03
7.400000000000000e-01 2.723775731457148e+00 9.279110129311442e-03
7.450000000000000e-01 2.792811747744667e+00 9.072279603637811e-03
7.500000000000000e-01 2.863593362288260e+00 8.847538638016088e-03
7.550000000000000e-01 2.936164815901156e+00 8.602351192425006e-03
7.600000000000000e-01 3.010571468104263e+00 8.333951423946769e-03
7.650000000000000e-01 3.086859825477351e+00 8.039333715535977e-03
7.700000000000000e-01 3.165077570727174e+00 7.715246525534450e-03
7.750000000000000e-01 3.245273592490716e+00 7.358194563343252e-03
7.800000000000000e-01 3.327498015892184e+00 6.964453102253296e-03
7.850000000000000e-01 3.411802233872832e+00 6.530099876859851e-03
7.900000000000000e-01 3.498238939313234e+00 6.051072557435570e-03
7.950000000000000e-01 3.586862157968046e+00 5.523262020842534e-03
8.000000000000000e-01 3.677727282233856e+00 4.942652911625968e-03
8.050000000000000e-01 3.770891105771243e+00 4.305525651516694e-03
8.100000000000001e-01 3.866411859002656e+00 3.608737608566777e-03
8.150000000000001e-01 3.964349245508326e+00 2.850098919894498e-03
8.200000000000001e-01 4.064764479342956e+00 2.028849256849623e-03
8.250000000000001e-01 4.167720323296481e+00 1.146231987457035e-03
8.300000000000001e-01 4.273281128122877e+00 2.061459892204804e-04
8.350000000000000e-01 4.381512872761445e+00 -7.841832053459466e-04
8.400000000000000e-01 4.492483205575838e+00 -1.813617886889068e-03
8.450000000000000e-01 4.606261486636447e+00 -2.866719424265044e-03
8.500000000000000e-01 4.722918831072739e+00 -3.923622964474596e-03
8.550000000000000e-01 4.842528153522501e+00 -4.960210234032323e-03
8.600000000000000e-01 4.965164213705875e+00 -5.948632399377226e-03
8.650000000000000e-01 5.090903663152626e+00 -6.858214834987396e-03
8.700000000000000e-01 5.219825093111814e+00 -7.656620063437266e-03
8.750000000000000e-01 5.352009083673925e+00 -8.310972366671969e-03
8.800000000000000e-01 5.487538254136007e+00 -8.788777673888349e-03
8.850000000000000e-01 5.626497314641444e+00 -9.059048621843552e-03
8.900000000000000e-01 5.768973119126561e+00 -9.094680549027680e-03
8.950000000000000e-01 5.915054719607133e+00 -8.877073291549159e-03
9.000000000000000e-01 6.064833421838831e+00 -8.402826530270430e-03
9.050000000000000e-01 6.218402842386253e+00 -7.690514453392867e-03
9.100000000000000e-01 6.375858967136348e+00 -6.784279421020695e-03
9.150000000000000e-01 6.537300211292723e+00 -5.751386399869440e-03
9.200000000000000e-01 6.702827480888332e+00 -4.673069303067035e-03
9.250000000000000e-01 6.872544235855034e+00 -3.630900015065071e-03
9.300000000000000e-01 7.046556554689444e+00 -2.692922525430353e-03
9.350000000000001e-01 7.224973200755413e+00 -1.903842989635618e-03
9.400000000000001e-01 7.407905690264673e+00 -1.281743503440764e-03
9.450000000000001e-01 7.595468361978146e+00 -8.211804254124009e-04
9.500000000000001e-01 7.787778448671316e+00 -5.004521101415766e-04
9.550000000000001e-01 7.984956150408610e+00 -2.900567649361798e-04
9.600000000000000e-01 8.187124709672272e+00 -1.598751200259914e-04
9.650000000000000e-01 8.394410488393007e+00 -8.380936025660227e-05
9.700000000000000e-01 8.606943046930221e+00 -4.179175133614859e-05
9.750000000000000e-01 8.824855225051540e+00 -1.982904228625873e-05
9.800000000000000e-01 9.048283224961922e+00 -8.952457176368453e-06
9.850000000000000e-01 9.277366696434507e+00 -3.852251555861084e-06
9.900000000000000e-01 9.512248824096272e+00 -1.567299628140226e-06
9.950000000000000e-01 9.753076416923058e+00 -6.292864288078031e-07
1.000000000000000e+00 1.000000000000000e+01 -1.799071601495471e-07
