0.000000000000000e+00 0.000000000000000e+00 0.000000000000000e+00
5.000000000000000e-03 3.369477419287315e-03 -2.910811221121830e-03
1.000000000000000e-02 6.741060871647481e-03 -5.596933191972533e-03
1.500000000000000e-02 1.011685770649257e-02 -8.478114769330018e-03
2.000000000000000e-02 1.349897790673588e-02 -1.176588180702411e-02
2.500000000000000e-02 1.688953540759990e-02 -1.545261331615972e-02
3.000000000000000e-02 2.029064941789469e-02 -1.860570992540653e-02
3.500000000000000e-02 2.370444574459234e-02 -2.187570533799574e-02
4.000000000000000e-02 2.713305812152553e-02 -2.518512708129833e-02
4.500000000000000e-02 3.057862954304063e-02 -2.849310465537895e-02
5.000000000000000e-02 3.404331360343898e-02 -3.171600170176959e-02
5.500000000000000e-02 3.752927584304335e-02 -3.507534371342225e-02
6.000000000000000e-02 4.103869510173117e-02 -3.841806236642800e-02
6.500000000000000e-02 4.457376488078044e-02 -4.173342445172720e-02
7.000000000000001e-02 4.813669471387935e-02 -4.507782052466179e-02
7.500000000000000e-02 5.172971154815675e-02 -4.852229214819063e-02
8.000000000000000e-02 5.535506113609672e-02 -5.193411489804627e-02
8.500000000000001e-02 5.901500943920686e-02 -5.536180686291329e-02
9.000000000000000e-02 6.271184404431801e-02 -5.885574429323319e-02
9.500000000000000e-02 6.644787559340060e-02 -6.239890508257817e-02
1.000000000000000e-01 7.022543922779090e-02 -6.592948820185303e-02
1.050000000000000e-01 7.404689604773053e-02 -6.952673496892371e-02
1.100000000000000e-01 7.791463458813094e-02 -7.318511355461334e-02
1.150000000000000e-01 8.183107231148547e-02 -7.686258790720846e-02
1.200000000000000e-01 8.579865711886202e-02 -8.056682288015626e-02
1.250000000000000e-01 8.981986887992111e-02 -8.436319919905380e-02
1.300000000000000e-01 9.389722098291493e-02 -8.820524247457663e-02
1.350000000000000e-01 9.803326190563690e-02 -9.206819606587564e-02
1.400000000000000e-01 1.022305768083033e-01 -9.599216444508048e-02
1.450000000000000e-01 1.064917891493625e-01 -1.000103546358978e-01
1.500000000000000e-01 1.108195623252418e-01 -1.040690411091546e-01
1.550000000000000e-01 1.152166013350572e-01 -1.081677678593781e-01
1.600000000000000e-01 1.196856544713255e-01 -1.123479628638395e-01
1.650000000000000e-01 1.242295150377370e-01 -1.166186588637188e-01
1.700000000000000e-01 1.288510230950609e-01 -1.209366845434222e-01
1.750000000000000e-01 1.335530672362758e-01 -1.253144927823269e-01
1.800000000000000e-01 1.383385863920344e-01 -1.297852584151882e-01
1.850000000000000e-01 1.432105716675912e-01 -1.343487459878239e-01
1.900000000000000e-01 1.481720682123397e-01 -1.389724518873139e-01
1.950000000000000e-01 1.532261771231311e-01 -1.436694341096774e-01
2.000000000000000e-01 1.583760573825595e-01 -1.484678312847283e-01
2.050000000000000e-01 1.636249278334301e-01 -1.533697803812201e-01
2.100000000000000e-01 1.689760691906397e-01 -1.583478544729956e-01
2.150000000000000e-01 1.744328260917313e-01 -1.634069176903613e-01
2.200000000000000e-01 1.799986091874004e-01 -1.685736749076364e-01
2.250000000000000e-01 1.856768972732633e-01 -1.738605112222873e-01
2.300000000000000e-01 1.914712394642179e-01 -1.792446090293526e-01
2.350000000000000e-01 1.973852574127551e-01 -1.847184215905603e-01
2.400000000000000e-01 2.034226475726105e-01 -1.903016911633328e-01
2.450000000000000e-01 2.095871835091678e-01 -1.960161532131954e-01
2.500000000000000e-01 2.158827182580599e-01 -2.018549806498496e-01
2.550000000000000e-01 2.223131867334419e-01 -2.078095923135143e-01
2.600000000000000e-01 2.288826081874405e-01 -2.138787934091161e-01
2.650000000000000e-01 2.355950887223172e-01 -2.200724214365837e-01
2.700000000000000e-01 2.424548238569160e-01 -2.264064989883721e-01
2.750000000000000e-01 2.494661011489995e-01 -2.328942295701361e-01
2.800000000000000e-01 2.566333028751116e-01 -2.395270246776647e-01
2.850000000000000e-01 2.639609087696434e-01 -2.463021625516035e-01
2.900000000000000e-01 2.714534988248126e-01 -2.532239091964377e-01
2.950000000000000e-01 2.791157561533084e-01 -2.602965058314536e-01
3.000000000000000e-01 2.869524699153886e-01 -2.675351231398989e-01
3.050000000000000e-01 2.949685383122613e-01 -2.749537686462431e-01
3.100000000000000e-01 3.031689716476197e-01 -2.825562957145278e-01
3.150000000000000e-01 3.115588954592450e-01 -2.903583607615164e-01
3.200000000000000e-01 3.201435537226349e-01 -2.983590599622336e-01
3.250000000000000e-01 3.289283121286580e-01 -3.065735330671409e-01
3.300000000000000e-01 3.379186614372866e-01 -3.150070675758786e-01
3.350000000000000e-01 3.471202209094989e-01 -3.236755289805504e-01
3.400000000000000e-01 3.565387418195016e-01 -3.325920051015344e-01
3.450000000000000e-01 3.661801110494620e-01 -3.417751268291651e-01
3.500000000000000e-01 3.760503547690021e-01 -3.512447647560794e-01
3.550000000000000e-01 3.861556422017504e-01 -3.610248797819303e-01
3.600000000000000e-01 3.965022894813072e-01 -3.711430538066878e-01
3.650000000000000e-01 4.070967635990345e-01 -3.816319032575489e-01
3.700000000000000e-01 4.179456864461349e-01 -3.925299985188064e-01
3.750000000000000e-01 4.290558389525505e-01 -4.038834063017839e-01
3.800000000000000e-01 4.404341653252637e-01 -4.157475154973044e-01
3.850000000000000e-01 4.520877773886537e-01 -4.281894563089979e-01
3.900000000000000e-01 4.640239590296172e-01 -4.412912466360058e-01
3.950000000000000e-01 4.762501707502353e-01 -4.551539726636455e-01
4.000000000000000e-01 4.887740543308307e-01 -4.699034118864187e-01
4.050000000000000e-01 5.016034376063282e-01 -4.856977226478320e-01
4.100000000000000e-01 5.147463393589066e-01 -5.027381503301882e-01
4.150000000000000e-01 5.282109743299990e-01 -5.212842439657318e-01
4.200000000000000e-01 5.420057583547735e-01 -5.416759996064925e-01
4.250000000000000e-01 5.561393136223041e-01 -5.643669748291985e-01
4.300000000000000e-01 5.706204740647189e-01 -5.899754140789129e-01
4.350000000000000e-01 5.854582908786964e-01 -6.193662143089539e-01
4.400000000000000e-01 6.006620381827575e-01 -6.537884251332121e-01
4.450000000000000e-01 6.162412188138907e-01 -6.951190694341274e-01
4.500000000000000e-01 6.322055702671360e-01 -7.463266652441672e-01
4.550000000000000e-01 6.485650707818353e-01 -8.124354860936854e-01
4.600000000000000e-01 6.653299455783577e-01 -9.027901035659530e-01
4.650000000000000e-01 6.825106732491932e-01 -1.037365024695990e+00
4.700000000000000e-01 7.001179923084168e-01 -1.269211682643479e+00
4.750000000000000e-01 7.181629079036070e-01 -1.782846095624552e+00
4.800000000000000e-01 7.366566986944229e-01 -2.583683335492660e+00
4.850000000000000e-01 7.556109239021327e-01 -1.402599259337515e+00
4.900000000000000e-01 7.750374305345038e-01 5.808780584635533e-02
4.950000000000000e-01 7.949483607905672e-01 -1.301610504337711e-01
5.000000000000000e-01 8.153561596498893e-01 4.154055372190556e-02
5.050000000000000e-01 8.362735826510871e-01 -2.270423668994866e-02
5.100000000000000e-01 8.577137038644561e-01 1.901626472546155e-02
5.150000000000000e-01 8.796899240636907e-01 1.272243705704495e-02
5.200000000000000e-01 9.022159791018011e-01 5.561709717611252e-03
5.250000000000000e-01 9.253059484964714e-01 2.696331003120414e-02
5.300000000000000e-01 9.489742642302165e-01 -8.934901541515933e-04
5.350000000000000e-01 9.732357197708378e-01 3.148811845198465e-02
5.400000000000000e-01 9.981054793178262e-01 -2.578699484514840e-03
5.450000000000000e-01 1.023599087280478e+00 3.082195566094086e-02
5.500000000000000e-01 1.049732477993657e+00 -1.260536004678544e-03
5.550000000000000e-01 1.076521985677273e+00 2.741039572353830e-02
5.600000000000001e-01 1.103984354645701e+00 1.673560685960688e-03
5.650000000000001e-01 1.132136749773522e+00 2.282986534612461e-02
5.700000000000001e-01 1.160996767224129e+00 5.141527774623415e-03
5.750000000000001e-01 1.190582445447902e+00 1.816888165806902e-02
5.800000000000000e-01 1.220912276456826e+00 8.338684271477924e-03
5.850000000000000e-01 1.252005217382601e+00 1.415679146743545e-02
5.900000000000000e-01 1.283880702325469e+00 1.073661326148852e-02
5.950000000000000e-01 1.316558654501151e+00 1.120621864004215e-02
6.000000000000000e-01 1.350059498693518e+00 1.208680062638711e-02
6.050000000000000e-01 1.384404174020732e+00 9.435295178205839e-03
6.100000000000000e-01 1.419614147022888e+00 1.240780843072659e-02
6.150000000000000e-01 1.455711425079295e+00 8.705171598556926e-03
6.200000000000000e-01 1.492718570163803e+00 1.193820519690497e-02
6.250000000000000e-01 1.530658712946775e+00 8.692712844704072e-03
6.300000000000000e-01 1.569555567252506e+00 1.104712954982714e-02
6.350000000000000e-01 1.609433444881138e+00 9.000977631927431e-03
6.400000000000000e-01 1.650317270804325e+00 1.011254597659043e-02
6.450000000000000e-01 1.692232598744148e+00 9.286964789971453e-03
6.500000000000000e-01 1.735205627145031e+00 9.400773386416183e-03
6.550000000000000e-01 1.779263215548615e+00 9.363402957299859e-03
6.600000000000000e-01 1.824432901381847e+00 8.997118147006808e-03
6.650000000000000e-01 1.870742917168772e+00 9.225982945911652e-03
6.700000000000000e-01 1.918222208176775e+00 8.826175431475273e-03
6.750000000000000e-01 1.966900450508319e+00 8.988236927042056e-03
6.800000000000000e-01 2.016808069649473e+00 8.750358304497512e-03
6.850000000000001e-01 2.067976259486829e+00 8.768526102186558e-03
6.900000000000001e-01 2.120437001804702e+00 8.674226234024137e-03
6.950000000000001e-01 2.174223086274785e+00 8.614747329686917e-03
7.000000000000001e-01 2.229368130950753e+00 8.578107657226070e-03
7.050000000000000e-01 2.285906603280654e+00 8.511820897195025e-03
7.100000000000000e-01 2.343873841650178e+00 8.480573631909363e-03
7.150000000000000e-01 2.403306077470301e+00 8.430608364193046e-03
7.200000000000000e-01 2.464240457823092e+00 8.394608399198859e-03
7.250000000000000e-01 2.526715068679855e+00 8.355361576286625e-03
7.300000000000000e-01 2.590768958706095e+00 8.317587149384558e-03
7.350000000000000e-01 2.656442163668210e+00 8.280065174588331e-03
7.400000000000000e-01 2.723775731457148e+00 8.240372040846097e-03
7.450000000000000e-01 2.792811747744667e+00 8.198778410623015e-03
7.500000000000000e-01 2.863593362288260e+00 8.153159215644450e-03
7.550000000000000e-01 2.936164815901156e+00 8.102565389301328e-03
7.600000000000000e-01 3.010571468104263e+00 8.045325315051612e-03
7.650000000000000e-01 3.086859825477351e+00 7.979775636441915e-03
7.700000000000000e-01 3.165077570727174e+00 7.904044446562085e-03
7.750000000000000e-01 3.245273592490716e+00 7.816025282693199e-03
7.800000000000000e-01 3.327498015892184e+00 7.713394062414674e-03
7.850000000000000e-01 3.411802233872832e+00 7.593551593423049e-03
7.900000000000000e-01 3.498238939313234e+00 7.453610676080658e-03
7.950000000000000e-01 3.586862157968046e+00 7.290361347712659e-03
8.000000000000000e-01 3.677727282233856e+00 7.100246014523223e-03
8.050000000000000e-01 3.770891105771243e+00 6.879335526862602e-03
8.100000000000001e-01 3.866411859002656e+00 6.623310411217487e-03
8.150000000000001e-01 3.964349245508326e+00 6.327458031027320e-03
8.200000000000001e-01 4.064764479342956e+00 5.986694245665512e-03
8.250000000000001e-01 4.167720323296481e+00 5.595614050513254e-03
8.300000000000001e-01 4.273281128122877e+00 5.148591978375907e-03
8.350000000000000e-01 4.381512872761445e+00 4.639970018752977e-03
8.400000000000000e-01 4.492483205575838e+00 4.064354620073950e-03
8.450000000000000e-01 4.606261486636447e+00 3.417037765148436e-03
8.500000000000000e-01 4.722918831072739e+00 2.694605140379681e-03
8.550000000000000e-01 4.842528153522501e+00 1.895807315284694e-03
8.600000000000000e-01 4.965164213705875e+00 1.022645853634141e-03
8.650000000000000e-01 5.090903663152626e+00 8.148326756778147e-05
8.700000000000000e-01 5.219825093111814e+00 -9.159813884385022e-04
8.750000000000000e-01 5.352009083673925e+00 -1.951920916942485e-03
8.800000000000000e-01 5.487538254136007e+00 -3.001932754295450e-03
8.850000000000000e-01 5.626497314641444e+00 -4.035347090590231e-03
8.900000000000000e-01 5.768973119126561e+00 -5.016550784962062e-03
8.950000000000000e-01 5.915054719607133e+00 -5.906833841397940e-03
9.000000000000000e-01 6.064833421838831e+00 -6.665684927608529e-03
9.050000000000000e-01 6.218402842386253e+00 -7.251132509153642e-03
9.100000000000000e-01 6.375858967136348e+00 -7.620557997473100e-03
9.150000000000000e-01 6.537300211292723e+00 -7.734699109324819e-03
9.200000000000000e-01 6.702827480888332e+00 -7.566466132932858e-03
9.250000000000000e-01 6.872544235855034e+00 -7.112740873205453e-03
9.300000000000000e-01 7.046556554689444e+00 -6.403866104570844e-03
9.350000000000001e-01 7.224973200755413e+00 -5.504936915308982e-03
9.400000000000001e-01 7.407905690264673e+00 -4.506228105643181e-03
9.450000000000001e-01 7.595468361978146e+00 -3.505302362053449e-03
9.500000000000001e-01 7.787778448671316e+00 -2.587294622845599e-03
9.550000000000001e-01 7.984956150408610e+00 -1.810339884350696e-03
9.600000000000000e-01 8.187124709672272e+00 -1.200165837917240e-03
9.650000000000000e-01 8.394410488393007e+00 -7.537324658707742e-04
9.700000000000000e-01 8.606943046930221e+00 -4.484407689100159e-04
9.750000000000000e-01 8.824855225051540e+00 -2.528611192262530e-04
9.800000000000000e-01 9.048283224961922e+00 -1.351039300118289e-04
9.850000000000000e-01 9.277366696434507e+00 -6.857705806876405e-05
9.900000000000000e-01 9.512248824096272e+00 -3.277486491629766e-05
9.950000000000000e-01 9.753076416923058e+00 -1.527712876997929e-05
1.000000000000000e+00 1.000000000000000e+01 -5.836740035914654e-06
