0.000000000000000e+00 0.000000000000000e+00 0.000000000000000e+00
5.000000000000000e-03 3.369477419287315e-03 -1.402480724523155e-03
1.000000000000000e-02 6.741060871647481e-03 -4.080354985105817e-03
1.500000000000000e-02 1.011685770649257e-02 -8.705620042983220e-03
2.000000000000000e-02 1.349897790673588e-02 -1.185160101963367e-02
2.500000000000000e-02 1.688953540759990e-02 -1.501884400158397e-02
3.000000000000000e-02 2.029064941789469e-02 -1.823016223162959e-02
3.500000000000000e-02 2.370444574459234e-02 -2.158147803131401e-02
4.000000000000000e-02 2.713305812152553e-02 -2.472513352058000e-02
4.500000000000000e-02 3.057862954304063e-02 -2.795166148245478e-02
5.000000000000000e-02 3.404331360343898e-02 -3.121026340328946e-02
5.500000000000000e-02 3.752927584304335e-02 -3.447716377164722e-02
6.000000000000000e-02 4.103869510173117e-02 -3.768997198651411e-02
6.500000000000000e-02 4.457376488078044e-02 -4.100819149306625e-02
7.000000000000001e-02 4.813669471387935e-02 -4.433698528984839e-02
7.500000000000000e-02 5.172971154815675e-02 -4.764763029308106e-02
8.000000000000000e-02 5.535506113609672e-02 -5.098056809433275e-02
8.500000000000001e-02 5.901500943920686e-02 -5.441187334027899e-02
9.000000000000000e-02 6.271184404431801e-02 -5.783446760138018e-02
9.500000000000000e-02 6.644787559340060e-02 -6.126215974430811e-02
1.000000000000000e-01 7.022543922779090e-02 -6.475210575925626e-02
1.050000000000000e-01 7.404689604773053e-02 -6.831068086576593e-02
1.100000000000000e-01 7.791463458813094e-02 -7.186446234767045e-02
1.150000000000000e-01 8.183107231148547e-02 -7.546362384316554e-02
1.200000000000000e-01 8.579865711886202e-02 -7.913446386351894e-02
1.250000000000000e-01 8.981986887992111e-02 -8.284773090320437e-02
1.300000000000000e-01 9.389722098291493e-02 -8.657850795010139e-02
1.350000000000000e-01 9.803326190563690e-02 -9.038532155372837e-02
1.400000000000000e-01 1.022305768083033e-01 -9.425993675037470e-02
1.450000000000000e-01 1.064917891493625e-01 -9.816849632060959e-02
1.500000000000000e-01 1.108195623252418e-01 -1.021197370189057e-01
1.550000000000000e-01 1.152166013350572e-01 -1.061624555267679e-01
1.600000000000000e-01 1.196856544713255e-01 -1.102710356596559e-01
1.650000000000000e-01 1.242295150377370e-01 -1.144191700732790e-01
1.700000000000000e-01 1.288510230950609e-01 -1.186288286838210e-01
1.750000000000000e-01 1.335530672362758e-01 -1.229373442348333e-01
1.800000000000000e-01 1.383385863920344e-01 -1.273171500006169e-01
1.850000000000000e-01 1.432105716675912e-01 -1.317478672659476e-01
1.900000000000000e-01 1.481720682123397e-01 -1.362514814829796e-01
1.950000000000000e-01 1.532261771231311e-01 -1.408594184266025e-01
2.000000000000000e-01 1.583760573825595e-01 -1.455510311034294e-01
2.050000000000000e-01 1.636249278334301e-01 -1.503075515942992e-01
2.100000000000000e-01 1.689760691906397e-01 -1.551427167894992e-01
2.150000000000000e-01 1.744328260917313e-01 -1.600849730036551e-01
2.200000000000000e-01 1.799986091874004e-01 -1.651278478091264e-01
2.250000000000000e-01 1.856768972732633e-01 -1.702564382683119e-01
2.300000000000000e-01 1.914712394642179e-01 -1.754684148658533e-01
2.350000000000000e-01 1.973852574127551e-01 -1.807817615584053e-01
2.400000000000000e-01 2.034226475726105e-01 -1.862093477770657e-01
2.450000000000000e-01 2.095871835091678e-01 -1.917531597781309e-01
2.500000000000000e-01 2.158827182580599e-01 -1.973965035265504e-01
2.550000000000000e-01 2.223131867334419e-01 -2.031355747039834e-01
2.600000000000000e-01 2.288826081874405e-01 -2.089872249150556e-01
2.650000000000000e-01 2.355950887223172e-01 -2.149685342987832e-01
2.700000000000000e-01 2.424548238569160e-01 -2.210775377468821e-01
2.750000000000000e-01 2.494661011489995e-01 -2.273144588316465e-01
2.800000000000000e-01 2.566333028751116e-01 -2.336719390079185e-01
2.850000000000000e-01 2.639609087696434e-01 -2.401469072429135e-01
2.900000000000000e-01 2.714534988248126e-01 -2.467518157269951e-01
2.950000000000000e-01 2.791157561533084e-01 -2.534952508951591e-01
3.000000000000000e-01 2.869524699153886e-01 -2.603835017573216e-01
3.050000000000000e-01 2.949685383122613e-01 -2.674292396101206e-01
3.100000000000000e-01 3.031689716476197e-01 -2.746272038545617e-01
3.150000000000000e-01 3.115588954592450e-01 -2.819885477184073e-01
3.200000000000000e-01 3.201435537226349e-01 -2.895095961413881e-01
3.250000000000000e-01 3.289283121286580e-01 -2.971998258031524e-01
3.300000000000000e-01 3.379186614372866e-01 -3.050619706568723e-01
3.350000000000000e-01 3.471202209094989e-01 -3.131050289967546e-01
3.400000000000000e-01 3.565387418195016e-01 -3.213363080180217e-01
3.450000000000000e-01 3.661801110494620e-01 -3.297657161727690e-01
3.500000000000000e-01 3.760503547690021e-01 -3.384036890874309e-01
3.550000000000000e-01 3.861556422017504e-01 -3.472624437267605e-01
3.600000000000000e-01 3.965022894813072e-01 -3.563558147347782e-01
3.650000000000000e-01 4.070967635990345e-01 -3.656998198842786e-01
3.700000000000000e-01 4.179456864461349e-01 -3.753130345819342e-01
3.750000000000000e-01 4.290558389525505e-01 -3.852171646872314e-01
3.800000000000000e-01 4.404341653252637e-01 -3.954376946771944e-01
3.850000000000000e-01 4.520877773886537e-01 -4.060046908731851e-01
3.900000000000000e-01 4.640239590296172e-01 -4.169537745509010e-01
3.950000000000000e-01 4.762501707502353e-01 -4.283273108598222e-01
4.000000000000000e-01 4.887740543308307e-01 -4.401758585401480e-01
4.050000000000000e-01 5.016034376063282e-01 -4.525599342477942e-01
4.100000000000000e-01 5.147463393589066e-01 -4.655521470672480e-01
4.150000000000000e-01 5.282109743299990e-01 -4.792397512516239e-01
4.200000000000000e-01 5.420057583547735e-01 -4.937276331267388e-01
4.250000000000000e-01 5.561393136223041e-01 -5.091416622400563e-01
4.300000000000000e-01 5.706204740647189e-01 -5.256321346715437e-01
4.350000000000000e-01 5.854582908786964e-01 -5.433765853411818e-01
4.400000000000000e-01 6.006620381827575e-01 -5.625802623092890e-01
4.450000000000000e-01 6.162412188138907e-01 -5.834704281700563e-01
4.500000000000000e-01 6.322055702671360e-01 -6.062760651578895e-01
4.550000000000000e-01 6.485650707818353e-01 -6.311747224080211e-01
4.600000000000000e-01 6.653299455783577e-01 -6.581675606634402e-01
4.650000000000000e-01 6.825106732491932e-01 -6.868025133874331e-01
4.700000000000000e-01 7.001179923084168e-01 -7.155949524418572e-01
4.750000000000000e-01 7.181629079036070e-01 -7.409228495875195e-01
4.800000000000000e-01 7.366566986944229e-01 -7.552986228661125e-01
4.850000000000000e-01 7.556109239021327e-01 -7.458690618439272e-01
4.900000000000000e-01 7.750374305345038e-01 -6.964417083723536e-01
4.950000000000000e-01 7.949483607905672e-01 -5.976894540941340e-01
5.000000000000000e-01 8.153561596498893e-01 -4.618074719684384e-01
5.050000000000000e-01 8.362735826510871e-01 -3.225495165503439e-01
5.100000000000000e-01 8.577137038644561e-01 -2.114270889397133e-01
5.150000000000000e-01 8.796899240636907e-01 -1.366597760174190e-01
5.200000000000000e-01 9.022159791018011e-01 -8.902744677279628e-02
5.250000000000000e-01 9.253059484964714e-01 -5.813585331672985e-02
5.300000000000000e-01 9.489742642302165e-01 -3.783089651673555e-02
5.350000000000000e-01 9.732357197708378e-01 -2.435256101523122e-02
5.400000000000000e-01 9.981054793178262e-01 -1.522839393861707e-02
5.450000000000000e-01 1.023599087280478e+00 -8.961483740382633e-03
5.500000000000000e-01 1.049732477993657e+00 -4.616752012682037e-03
5.550000000000000e-01 1.076521985677273e+00 -1.582301275907480e-03
5.600000000000001e-01 1.103984354645701e+00 5.373967038661937e-04
5.650000000000001e-01 1.132136749773522e+00 2.004526622467147e-03
5.700000000000001e-01 1.160996767224129e+00 2.996971756176830e-03
5.750000000000001e-01 1.190582445447902e+00 3.636320238423956e-03
5.800000000000000e-01 1.220912276456826e+00 4.007278393737324e-03
5.850000000000000e-01 1.252005217382601e+00 4.169786129905648e-03
5.900000000000000e-01 1.283880702325469e+00 4.166801869691307e-03
5.950000000000000e-01 1.316558654501151e+00 4.029582777738192e-03
6.000000000000000e-01 1.350059498693518e+00 3.781180771692544e-03
6.050000000000000e-01 1.384404174020732e+00 3.438818989838532e-03
6.100000000000000e-01 1.419614147022888e+00 3.015536114128144e-03
6.150000000000000e-01 1.455711425079295e+00 2.521331693477109e-03
6.200000000000000e-01 1.492718570163803e+00 1.963979957788217e-03
6.250000000000000e-01 1.530658712946775e+00 1.349618359549963e-03
6.300000000000000e-01 1.569555567252506e+00 6.831820181934483e-04
6.350000000000000e-01 1.609433444881138e+00 -3.126707455935564e-05
6.400000000000000e-01 1.650317270804325e+00 -7.902830413355167e-04
6.450000000000000e-01 1.692232598744148e+00 -1.590828481285616e-03
6.500000000000000e-01 1.735205627145031e+00 -2.430100416622047e-03
6.550000000000000e-01 1.779263215548615e+00 -3.305378949169515e-03
6.600000000000000e-01 1.824432901381847e+00 -4.213891246571369e-03
6.650000000000000e-01 1.870742917168772e+00 -5.152686072734045e-03
6.700000000000000e-01 1.918222208176775e+00 -6.118516089471739e-03
6.750000000000000e-01 1.966900450508319e+00 -7.107726794064534e-03
6.800000000000000e-01 2.016808069649473e+00 -8.116152346107786e-03
6.850000000000001e-01 2.067976259486829e+00 -9.139019735813823e-03
6.900000000000001e-01 2.120437001804702e+00 -1.017086376151925e-02
6.950000000000001e-01 2.174223086274785e+00 -1.120545608007377e-02
7.000000000000001e-01 2.229368130950753e+00 -1.223575210207537e-02
7.050000000000000e-01 2.285906603280654e+00 -1.325385964173350e-02
7.100000000000000e-01 2.343873841650178e+00 -1.425103292408810e-02
7.150000000000000e-01 2.403306077470301e+00 -1.521769476416726e-02
7.200000000000000e-01 2.464240457823092e+00 -1.614348849753944e-02
7.250000000000000e-01 2.526715068679855e+00 -1.701735969199179e-02
7.300000000000000e-01 2.590768958706095e+00 -1.782766605151247e-02
7.350000000000000e-01 2.656442163668210e+00 -1.856231258885542e-02
7.400000000000000e-01 2.723775731457148e+00 -1.920890851541105e-02
7.450000000000000e-01 2.792811747744667e+00 -1.975494280842539e-02
7.500000000000000e-01 2.863593362288260e+00 -2.018797742577654e-02
7.550000000000000e-01 2.936164815901156e+00 -2.049586085367071e-02
7.600000000000000e-01 3.010571468104263e+00 -2.066697006092108e-02
7.650000000000000e-01 3.086859825477351e+00 -2.069049563213901e-02
7.700000000000000e-01 3.165077570727174e+00 -2.055679205744339e-02
7.750000000000000e-01 3.245273592490716e+00 -2.025782144557950e-02
7.800000000000000e-01 3.327498015892184e+00 -1.978772188080044e-02
7.850000000000000e-01 3.411802233872832e+00 -1.914352721933373e-02
7.900000000000000e-01 3.498238939313234e+00 -1.832604727839603e-02
7.950000000000000e-01 3.586862157968046e+00 -1.734087924036536e-02
8.000000000000000e-01 3.677727282233856e+00 -1.619945903439603e-02
8.050000000000000e-01 3.770891105771243e+00 -1.491998155724073e-02
8.100000000000001e-01 3.866411859002656e+00 -1.352794204483046e-02
8.150000000000001e-01 3.964349245508326e+00 -1.205601266504879e-02
8.200000000000001e-01 4.064764479342956e+00 -1.054300565091067e-02
8.250000000000001e-01 4.167720323296481e+00 -9.031807377106217e-03
8.300000000000001e-01 4.273281128122877e+00 -7.566382958121444e-03
8.350000000000000e-01 4.381512872761445e+00 -6.188196028672649e-03
8.400000000000000e-01 4.492483205575838e+00 -4.932586909799464e-03
8.450000000000000e-01 4.606261486636447e+00 -3.825732034805972e-03
8.500000000000000e-01 4.722918831072739e+00 -2.882730041550958e-03
8.550000000000000e-01 4.842528153522501e+00 -2.107138532962198e-03
8.600000000000000e-01 4.965164213705875e+00 -1.491981599265168e-03
8.650000000000000e-01 5.090903663152626e+00 -1.021949252349897e-03
8.700000000000000e-01 5.219825093111814e+00 -6.762981826248150e-04
8.750000000000000e-01 5.352009083673925e+00 -4.318882782976523e-04
8.800000000000000e-01 5.487538254136007e+00 -2.658546154547134e-04
8.850000000000000e-01 5.626497314641444e+00 -1.575817774620807e-04
8.900000000000000e-01 5.768973119126561e+00 -8.985459416675740e-05
8.950000000000000e-01 5.915054719607133e+00 -4.924525763631895e-05
9.000000000000000e-01 6.064833421838831e+00 -2.591964531213182e-05
9.050000000000000e-01 6.218402842386253e+00 -1.309234668974835e-05
9.100000000000000e-01 6.375858967136348e+00 -6.342269138051928e-06
9.150000000000000e-01 6.537300211292723e+00 -2.944800940605974e-06
9.200000000000000e-01 6.702827480888332e+00 -1.309862750015309e-06
9.250000000000000e-01 6.872544235855034e+00 -5.578998923664070e-07
9.300000000000000e-01 7.046556554689444e+00 -2.274445170783469e-07
9.350000000000001e-01 7.224973200755413e+00 -8.872291663887630e-08
9.400000000000001e-01 7.407905690264673e+00 -3.310643587869094e-08
9.450000000000001e-01 7.595468361978146e+00 -1.181412358302576e-08
9.500000000000001e-01 7.787778448671316e+00 -4.031054392316116e-09
9.550000000000001e-01 7.984956150408610e+00 -1.314913945805007e-09
9.600000000000000e-01 8.187124709672272e+00 -4.100032776174861e-10
9.650000000000000e-01 8.394410488393007e+00 -1.221949782956048e-10
9.700000000000000e-01 8.606943046930221e+00 -3.480756637863024e-11
9.750000000000000e-01 8.824855225051540e+00 -9.476305984830825e-12
9.800000000000000e-01 9.048283224961922e+00 -2.465731064740308e-12
9.850000000000000e-01 9.277366696434507e+00 -6.133169278892051e-13
9.900000000000000e-01 9.512248824096272e+00 -1.452991126146168e-13
9.950000000000000e-01 9.753076416923058e+00 -3.469407425189275e-14
1.000000000000000e+00 1.000000000000000e+01 8.828386405812969e-16
