0.000000000000000e+00 0.000000000000000e+00 0.000000000000000e+00
5.000000000000000e-03 3.369477419287315e-03 -2.966260775370690e-03
1.000000000000000e-02 6.741060871647481e-03 -5.650758751087778e-03
1.500000000000000e-02 1.011685770649257e-02 -8.461388248509078e-03
2.000000000000000e-02 1.349897790673588e-02 -1.174792211249973e-02
2.500000000000000e-02 1.688953540759990e-02 -1.544310635522295e-02
3.000000000000000e-02 2.029064941789469e-02 -1.859201224702703e-02
3.500000000000000e-02 2.370444574459234e-02 -2.186087619270160e-02
4.000000000000000e-02 2.713305812152553e-02 -2.516836485113445e-02
4.500000000000000e-02 3.057862954304063e-02 -2.847012027436962e-02
5.000000000000000e-02 3.404331360343898e-02 -3.169181954021355e-02
5.500000000000000e-02 3.752927584304335e-02 -3.505175502497417e-02
6.000000000000000e-02 4.103869510173117e-02 -3.838957695818172e-02
6.500000000000000e-02 4.457376488078044e-02 -4.170110411701061e-02
7.000000000000001e-02 4.813669471387935e-02 -4.504590528455702e-02
7.500000000000000e-02 5.172971154815675e-02 -4.848731854982639e-02
8.000000000000000e-02 5.535506113609672e-02 -5.189380128491981e-02
8.500000000000001e-02 5.901500943920686e-02 -5.532068335520456e-02
9.000000000000000e-02 6.271184404431801e-02 -5.881398188727203e-02
9.500000000000000e-02 6.644787559340060e-02 -6.235186347046943e-02
1.000000000000000e-01 7.022543922779090e-02 -6.587856866606930e-02
1.050000000000000e-01 7.404689604773053e-02 -6.947558522137300e-02
1.100000000000000e-01 7.791463458813094e-02 -7.313122544063573e-02
1.150000000000000e-01 8.183107231148547e-02 -7.680352604869718e-02
1.200000000000000e-01 8.579865711886202e-02 -8.050534149081411e-02
1.250000000000000e-01 8.981986887992111e-02 -8.430018827986654e-02
1.300000000000000e-01 9.389722098291493e-02 -8.813795804048298e-02
1.350000000000000e-01 9.803326190563690e-02 -9.199677221703247e-02
1.400000000000000e-01 1.022305768083033e-01 -9.591874220305549e-02
1.450000000000000e-01 1.064917891493625e-01 -9.993378256765396e-02
1.500000000000000e-01 1.108195623252418e-01 -1.039875413843546e-01
1.550000000000000e-01 1.152166013350572e-01 -1.080827742927508e-01
1.600000000000000e-01 1.196856544713255e-01 -1.122605383068551e-01
1.650000000000000e-01 1.242295150377370e-01 -1.165269314499779e-01
1.700000000000000e-01 1.288510230950609e-01 -1.208397361492954e-01
1.750000000000000e-01 1.335530672362758e-01 -1.252139501202174e-01
1.800000000000000e-01 1.383385863920344e-01 -1.296815198836105e-01
1.850000000000000e-01 1.432105716675912e-01 -1.342399772496518e-01
1.900000000000000e-01 1.481720682123397e-01 -1.388580414111184e-01
1.950000000000000e-01 1.532261771231311e-01 -1.435507132100132e-01
2.000000000000000e-01 1.583760573825595e-01 -1.483450535411813e-01
2.050000000000000e-01 1.636249278334301e-01 -1.532414332014476e-01
2.100000000000000e-01 1.689760691906397e-01 -1.582131689027413e-01
2.150000000000000e-01 1.744328260917313e-01 -1.632666608849083e-01
2.200000000000000e-01 1.799986091874004e-01 -1.684282547272089e-01
2.250000000000000e-01 1.856768972732633e-01 -1.737090238763956e-01
2.300000000000000e-01 1.914712394642179e-01 -1.790859740875784e-01
2.350000000000000e-01 1.973852574127551e-01 -1.845524222561382e-01
2.400000000000000e-01 2.034226475726105e-01 -1.901287218601763e-01
2.450000000000000e-01 2.095871835091678e-01 -1.958362463722033e-01
2.500000000000000e-01 2.158827182580599e-01 -2.016671775350453e-01
2.550000000000000e-01 2.223131867334419e-01 -2.076126390727411e-01
2.600000000000000e-01 2.288826081874405e-01 -2.136723054222473e-01
2.650000000000000e-01 2.355950887223172e-01 -2.198565606657199e-01
2.700000000000000e-01 2.424548238569160e-01 -2.261809485294996e-01
2.750000000000000e-01 2.494661011489995e-01 -2.326582120348250e-01
2.800000000000000e-01 2.566333028751116e-01 -2.392794630799716e-01
2.850000000000000e-01 2.639609087696434e-01 -2.460417869258426e-01
2.900000000000000e-01 2.714534988248126e-01 -2.529498653210403e-01
2.950000000000000e-01 2.791157561533084e-01 -2.600081111195548e-01
3.000000000000000e-01 2.869524699153886e-01 -2.672314758231407e-01
3.050000000000000e-01 2.949685383122613e-01 -2.746339463993906e-01
3.100000000000000e-01 3.031689716476197e-01 -2.822189337071869e-01
3.150000000000000e-01 3.115588954592450e-01 -2.900019056539956e-01
3.200000000000000e-01 3.201435537226349e-01 -2.979817620642106e-01
3.250000000000000e-01 3.289283121286580e-01 -3.061733874321488e-01
3.300000000000000e-01 3.379186614372866e-01 -3.145819305678336e-01
3.350000000000000e-01 3.471202209094989e-01 -3.232229375286079e-01
3.400000000000000e-01 3.565387418195016e-01 -3.321092249271709e-01
3.450000000000000e-01 3.661801110494620e-01 -3.412590078275668e-01
3.500000000000000e-01 3.760503547690021e-01 -3.506917055982288e-01
3.550000000000000e-01 3.861556422017504e-01 -3.604307082390348e-01
3.600000000000000e-01 3.965022894813072e-01 -3.705029240114920e-01
3.650000000000000e-01 4.070967635990345e-01 -3.809401458690047e-01
3.700000000000000e-01 4.179456864461349e-01 -3.917799409680608e-01
3.750000000000000e-01 4.290558389525505e-01 -4.030671376564884e-01
3.800000000000000e-01 4.404341653252637e-01 -4.148555830348154e-01
3.850000000000000e-01 4.520877773886537e-01 -4.272104660313273e-01
3.900000000000000e-01 4.640239590296172e-01 -4.402113314213316e-01
3.950000000000000e-01 4.762501707502353e-01 -4.539560730707898e-01
4.000000000000000e-01 4.887740543308307e-01 -4.685662874068237e-01
4.050000000000000e-01 5.016034376063282e-01 -4.841945666424891e-01
4.100000000000000e-01 5.147463393589066e-01 -5.010346084379229e-01
4.150000000000000e-01 5.282109743299990e-01 -5.193355102667377e-01
4.200000000000000e-01 5.420057583547735e-01 -5.394224427285679e-01
4.250000000000000e-01 5.561393136223041e-01 -5.617273365168051e-01
4.300000000000000e-01 5.706204740647189e-01 -5.868358299104834e-01
4.350000000000000e-01 5.854582908786964e-01 -6.155616822957746e-01
4.400000000000000e-01 6.006620381827575e-01 -6.490697871496268e-01
4.450000000000000e-01 6.162412188138907e-01 -6.890900827634360e-01
4.500000000000000e-01 6.322055702671360e-01 -7.383132680455335e-01
4.550000000000000e-01 6.485650707818353e-01 -8.011811523924975e-01
4.600000000000000e-01 6.653299455783577e-01 -8.856224207253341e-01
4.650000000000000e-01 6.825106732491932e-01 -1.007309610090957e+00
4.700000000000000e-01 7.001179923084168e-01 -1.200916493398293e+00
4.750000000000000e-01 7.181629079036070e-01 -1.539067463237742e+00
4.800000000000000e-01 7.366566986944229e-01 -1.950062907554495e+00
4.850000000000000e-01 7.556109239021327e-01 -1.488695665577415e+00
4.900000000000000e-01 7.750374305345038e-01 -2.806225255804046e-01
4.950000000000000e-01 7.949483607905672e-01 -6.392018967266408e-02
5.000000000000000e-01 8.153561596498893e-01 -1.313197868179141e-01
5.050000000000000e-01 8.362735826510871e-01 1.803756054955034e-02
5.100000000000000e-01 8.577137038644561e-01 -4.971349395389366e-02
5.150000000000000e-01 8.796899240636907e-01 1.219300607103926e-02
5.200000000000000e-01 9.022159791018011e-01 -7.009444687794341e-03
5.250000000000000e-01 9.253059484964714e-01 5.268636767684970e-03
5.300000000000000e-01 9.489742642302165e-01 1.131156435796026e-02
5.350000000000000e-01 9.732357197708378e-01 4.759605541899081e-03
5.400000000000000e-01 9.981054793178262e-01 1.675729727959433e-02
5.450000000000000e-01 1.023599087280478e+00 7.775576777613137e-03
5.500000000000000e-01 1.049732477993657e+00 1.676836574250035e-02
5.550000000000000e-01 1.076521985677273e+00 1.128539877712530e-02
5.600000000000001e-01 1.103984354645701e+00 1.540358260408332e-02
5.650000000000001e-01 1.132136749773522e+00 1.372460682365269e-02
5.700000000000001e-01 1.160996767224129e+00 1.436707589178970e-02
5.750000000000001e-01 1.190582445447902e+00 1.479194595635331e-02
5.800000000000000e-01 1.220912276456826e+00 1.398072621829323e-02
5.850000000000000e-01 1.252005217382601e+00 1.487105553261593e-02
5.900000000000000e-01 1.283880702325469e+00 1.397108723835940e-02
5.950000000000000e-01 1.316558654501151e+00 1.450233870903346e-02
6.000000000000000e-01 1.350059498693518e+00 1.399480634208101e-02
6.050000000000000e-01 1.384404174020732e+00 1.406612889953688e-02
6.100000000000000e-01 1.419614147022888e+00 1.387753424132321e-02
6.150000000000000e-01 1.455711425079295e+00 1.370430547697854e-02
6.200000000000000e-01 1.492718570163803e+00 1.362077196478839e-02
6.250000000000000e-01 1.530658712946775e+00 1.340319474113883e-02
6.300000000000000e-01 1.569555567252506e+00 1.329871415094823e-02
6.350000000000000e-01 1.609433444881138e+00 1.311210296155141e-02
6.400000000000000e-01 1.650317270804325e+00 1.296826065763393e-02
6.450000000000000e-01 1.692232598744148e+00 1.280674822845831e-02
6.500000000000000e-01 1.735205627145031e+00 1.264547709209298e-02
6.550000000000000e-01 1.779263215548615e+00 1.248883081845818e-02
6.600000000000000e-01 1.824432901381847e+00 1.232505314476132e-02
6.650000000000000e-01 1.870742917168772e+00 1.216444603016596e-02
6.700000000000000e-01 1.918222208176775e+00 1.199968741953713e-02
6.750000000000000e-01 1.966900450508319e+00 1.183356417868564e-02
6.800000000000000e-01 2.016808069649473e+00 1.166433137345170e-02
6.850000000000001e-01 2.067976259486829e+00 1.149120147067432e-02
6.900000000000001e-01 2.120437001804702e+00 1.131358200667077e-02
6.950000000000001e-01 2.174223086274785e+00 1.113017904392316e-02
7.000000000000001e-01 2.229368130950753e+00 1.094001391105428e-02
7.050000000000000e-01 2.285906603280654e+00 1.074175471438706e-02
7.100000000000000e-01 2.343873841650178e+00 1.053401992284969e-02
7.150000000000000e-01 2.403306077470301e+00 1.031526938082964e-02
7.200000000000000e-01 2.464240457823092e+00 1.008380607693467e-02
7.250000000000000e-01 2.526715068679855e+00 9.837778927462241e-03
7.300000000000000e-01 2.590768958706095e+00 9.575160407203369e-03
7.350000000000000e-01 2.656442163668210e+00 9.293742904942684e-03
7.400000000000000e-01 2.723775731457148e+00 8.991127168603553e-03
7.450000000000000e-01 2.792811747744667e+00 8.664715924624134e-03
7.500000000000000e-01 2.863593362288260e+00 8.311710500095595e-03
7.550000000000000e-01 2.936164815901156e+00 7.929113071924449e-03
7.600000000000000e-01 3.010571468104263e+00 7.513737595524062e-03
7.650000000000000e-01 3.086859825477351e+00 7.062233034236099e-03
7.700000000000000e-01 3.165077570727174e+00 6.571123921890094e-03
7.750000000000000e-01 3.245273592490716e+00 6.036874498105041e-03
7.800000000000000e-01 3.327498015892184e+00 5.455984424970381e-03
7.850000000000000e-01 3.411802233872832e+00 4.825125508994261e-03
7.900000000000000e-01 3.498238939313234e+00 4.141329579096688e-03
7.950000000000000e-01 3.586862157968046e+00 3.402238124016938e-03
8.000000000000000e-01 3.677727282233856e+00 2.606423271423089e-03
8.050000000000000e-01 3.770891105771243e+00 1.753783943606775e-03
8.100000000000001e-01 3.866411859002656e+00 8.460099753357644e-04
8.150000000000001e-01 3.964349245508326e+00 -1.129067870048956e-04
8.200000000000001e-01 4.064764479342956e+00 -1.116153092279201e-03
8.250000000000001e-01 4.167720323296481e+00 -2.153629251046171e-03
8.300000000000001e-01 4.273281128122877e+00 -3.211619265138882e-03
8.350000000000000e-01 4.381512872761445e+00 -4.272666995324909e-03
8.400000000000000e-01 4.492483205575838e+00 -5.315693042465115e-03
8.450000000000000e-01 4.606261486636447e+00 -6.316359574708774e-03
8.500000000000000e-01 4.722918831072739e+00 -7.247687084815765e-03
8.550000000000000e-01 4.842528153522501e+00 -8.080903841786766e-03
8.600000000000000e-01 4.965164213705875e+00 -8.786429557145399e-03
8.650000000000000e-01 5.090903663152626e+00 -9.334843451607915e-03
8.700000000000000e-01 5.219825093111814e+00 -9.697835727596108e-03
8.750000000000000e-01 5.352009083673925e+00 -9.849528877255495e-03
8.800000000000000e-01 5.487538254136007e+00 -9.768902536873804e-03
8.850000000000000e-01 5.626497314641444e+00 -9.443897271742370e-03
8.900000000000000e-01 5.768973119126561e+00 -8.876875752760563e-03
8.950000000000000e-01 5.915054719607133e+00 -8.089827543451675e-03
9.000000000000000e-01 6.064833421838831e+00 -7.126838749440194e-03
9.050000000000000e-01 6.218402842386253e+00 -6.051671947429219e-03
9.100000000000000e-01 6.375858967136348e+00 -4.939924937018581e-03
9.150000000000000e-01 6.537300211292723e+00 -3.867441341143323e-03
9.200000000000000e-01 6.702827480888332e+00 -2.898289086340051e-03
9.250000000000000e-01 6.872544235855034e+00 -2.075842454173947e-03
9.300000000000000e-01 7.046556554689444e+00 -1.419233390324447e-03
9.350000000000001e-01 7.224973200755413e+00 -9.253918982632596e-04
9.400000000000001e-01 7.407905690264673e+00 -5.750812279705859e-04
9.450000000000001e-01 7.595468361978146e+00 -3.404688374671387e-04
9.500000000000001e-01 7.787778448671316e+00 -1.919815378829452e-04
9.550000000000001e-01 7.984956150408610e+00 -1.030921853516299e-04
9.600000000000000e-01 8.187124709672272e+00 -5.271991364895841e-05
9.650000000000000e-01 8.394410488393007e+00 -2.567693182979901e-05
9.700000000000000e-01 8.606943046930221e+00 -1.191227659983647e-05
9.750000000000000e-01 8.824855225051540e+00 -5.265382980577578e-06
9.800000000000000e-01 9.048283224961922e+00 -2.217554338108255e-06
9.850000000000000e-01 9.277366696434507e+00 -8.910337572602577e-07
9.900000000000000e-01 9.512248824096272e+00 -3.390362430030799e-07
9.950000000000000e-01 9.753076416923058e+00 -1.278450308962664e-07
1.000000000000000e+00 1.000000000000000e+01 -3.148768707364752e-08
