0.000000000000000e+00 0.000000000000000e+00 0.000000000000000e+00
5.000000000000000e-03 3.369477419287315e-03 -2.914278978017345e-03
1.000000000000000e-02 6.741060871647481e-03 -5.600302595955012e-03
1.500000000000000e-02 1.011685770649257e-02 -8.477084224700107e-03
2.000000000000000e-02 1.349897790673588e-02 -1.176479414686954e-02
2.500000000000000e-02 1.688953540759990e-02 -1.545209139816426e-02
3.000000000000000e-02 2.029064941789469e-02 -1.860492769386720e-02
3.500000000000000e-02 2.370444574459234e-02 -2.187483834200613e-02
4.000000000000000e-02 2.713305812152553e-02 -2.518416502781012e-02
4.500000000000000e-02 3.057862954304063e-02 -2.849178384130092e-02
5.000000000000000e-02 3.404331360343898e-02 -3.171459945785387e-02
5.500000000000000e-02 3.752927584304335e-02 -3.507398320464120e-02
6.000000000000000e-02 4.103869510173117e-02 -3.841642729741350e-02
6.500000000000000e-02 4.457376488078044e-02 -4.173155828685247e-02
7.000000000000001e-02 4.813669471387935e-02 -4.507597431625720e-02
7.500000000000000e-02 5.172971154815675e-02 -4.852027900280758e-02
8.000000000000000e-02 5.535506113609672e-02 -5.193179344691268e-02
8.500000000000001e-02 5.901500943920686e-02 -5.535943157628990e-02
9.000000000000000e-02 6.271184404431801e-02 -5.885333520680027e-02
9.500000000000000e-02 6.644787559340060e-02 -6.239619559265808e-02
1.000000000000000e-01 7.022543922779090e-02 -6.592655060686985e-02
1.050000000000000e-01 7.404689604773053e-02 -6.952378308920161e-02
1.100000000000000e-01 7.791463458813094e-02 -7.318200848891968e-02
1.150000000000000e-01 8.183107231148547e-02 -7.685918307853984e-02
1.200000000000000e-01 8.579865711886202e-02 -8.056327435309775e-02
1.250000000000000e-01 8.981986887992111e-02 -8.435956538025288e-02
1.300000000000000e-01 9.389722098291493e-02 -8.820136534132078e-02
1.350000000000000e-01 9.803326190563690e-02 -9.206407659001629e-02
1.400000000000000e-01 1.022305768083033e-01 -9.598792767597278e-02
1.450000000000000e-01 1.064917891493625e-01 -1.000059398929358e-01
1.500000000000000e-01 1.108195623252418e-01 -1.040643432444981e-01
1.550000000000000e-01 1.152166013350572e-01 -1.081628650847018e-01
1.600000000000000e-01 1.196856544713255e-01 -1.123429195101480e-01
1.650000000000000e-01 1.242295150377370e-01 -1.166133703167927e-01
1.700000000000000e-01 1.288510230950609e-01 -1.209310948003520e-01
1.750000000000000e-01 1.335530672362758e-01 -1.253086931570361e-01
1.800000000000000e-01 1.383385863920344e-01 -1.297792747087910e-01
1.850000000000000e-01 1.432105716675912e-01 -1.343424743846874e-01
1.900000000000000e-01 1.481720682123397e-01 -1.389658546135266e-01
1.950000000000000e-01 1.532261771231311e-01 -1.436625861789384e-01
2.000000000000000e-01 1.583760573825595e-01 -1.484607494245545e-01
2.050000000000000e-01 1.636249278334301e-01 -1.533623791054003e-01
2.100000000000000e-01 1.689760691906397e-01 -1.583400877574031e-01
2.150000000000000e-01 1.744328260917313e-01 -1.633988278979757e-01
2.200000000000000e-01 1.799986091874004e-01 -1.685652866897036e-01
2.250000000000000e-01 1.856768972732633e-01 -1.738517743871575e-01
2.300000000000000e-01 1.914712394642179e-01 -1.792354607204865e-01
2.350000000000000e-01 1.973852574127551e-01 -1.847088474731479e-01
2.400000000000000e-01 2.034226475726105e-01 -1.902917138460365e-01
2.450000000000000e-01 2.095871835091678e-01 -1.960057758417286e-01
2.500000000000000e-01 2.158827182580599e-01 -2.018441485295091e-01
2.550000000000000e-01 2.223131867334419e-01 -2.077982326845994e-01
2.600000000000000e-01 2.288826081874405e-01 -2.138668832871167e-01
2.650000000000000e-01 2.355950887223172e-01 -2.200599696137804e-01
2.700000000000000e-01 2.424548238569160e-01 -2.263934875582294e-01
2.750000000000000e-01 2.494661011489995e-01 -2.328806144599080e-01
2.800000000000000e-01 2.566333028751116e-01 -2.395127438234854e-01
2.850000000000000e-01 2.639609087696434e-01 -2.462871423725207e-01
2.900000000000000e-01 2.714534988248126e-01 -2.532081000423123e-01
2.950000000000000e-01 2.791157561533084e-01 -2.602798678608239e-01
3.000000000000000e-01 2.869524699153886e-01 -2.675176042626314e-01
3.050000000000000e-01 2.949685383122613e-01 -2.749353156649261e-01
3.100000000000000e-01 3.031689716476197e-01 -2.825368298414282e-01
3.150000000000000e-01 3.115588954592450e-01 -2.903377923426850e-01
3.200000000000000e-01 3.201435537226349e-01 -2.983372878249711e-01
3.250000000000000e-01 3.289283121286580e-01 -3.065504412747475e-01
3.300000000000000e-01 3.379186614372866e-01 -3.149825320996386e-01
3.350000000000000e-01 3.471202209094989e-01 -3.236494072922428e-01
3.400000000000000e-01 3.565387418195016e-01 -3.325641389547623e-01
3.450000000000000e-01 3.661801110494620e-01 -3.417453338708545e-01
3.500000000000000e-01 3.760503547690021e-01 -3.512128364690148e-01
3.550000000000000e-01 3.861556422017504e-01 -3.609905745236957e-01
3.600000000000000e-01 3.965022894813072e-01 -3.711060908345279e-01
3.650000000000000e-01 4.070967635990345e-01 -3.815919540056896e-01
3.700000000000000e-01 4.179456864461349e-01 -3.924866761302831e-01
3.750000000000000e-01 4.290558389525505e-01 -4.038362519244568e-01
3.800000000000000e-01 4.404341653252637e-01 -4.156959805867771e-01
3.850000000000000e-01 4.520877773886537e-01 -4.281328793084916e-01
3.900000000000000e-01 4.640239590296172e-01 -4.412288218990522e-01
3.950000000000000e-01 4.762501707502353e-01 -4.550847083826732e-01
4.000000000000000e-01 4.887740543308307e-01 -4.698260721793173e-01
4.050000000000000e-01 5.016034376063282e-01 -4.856107463120155e-01
4.100000000000000e-01 5.147463393589066e-01 -5.026395344059749e-01
4.150000000000000e-01 5.282109743299990e-01 -5.211713727651265e-01
4.200000000000000e-01 5.420057583547735e-01 -5.415453865679647e-01
4.250000000000000e-01 5.561393136223041e-01 -5.642138599270141e-01
4.300000000000000e-01 5.706204740647189e-01 -5.897931115866032e-01
4.350000000000000e-01 5.854582908786964e-01 -6.191450068731786e-01
4.400000000000000e-01 6.006620381827575e-01 -6.535135814541204e-01
4.450000000000000e-01 6.162412188138907e-01 -6.947670353289254e-01
4.500000000000000e-01 6.322055702671360e-01 -7.458570566966972e-01
4.550000000000000e-01 6.485650707818353e-01 -8.117720805370150e-01
4.600000000000000e-01 6.653299455783577e-01 -9.017670556669469e-01
4.650000000000000e-01 6.825106732491932e-01 -1.035526143780053e+00
4.700000000000000e-01 7.001179923084168e-01 -1.264615583850005e+00
4.750000000000000e-01 7.181629079036070e-01 -1.759501623034409e+00
4.800000000000000e-01 7.366566986944229e-01 -2.507443307444350e+00
4.850000000000000e-01 7.556109239021327e-01 -1.424574044804710e+00
4.900000000000000e-01 7.750374305345038e-01 2.747678959710709e-02
4.950000000000000e-01 7.949483607905672e-01 -1.307582019799572e-01
5.000000000000000e-01 8.153561596498893e-01 2.426874004385306e-02
5.050000000000000e-01 8.362735826510871e-01 -1.529199051510759e-02
5.100000000000000e-01 8.577137038644561e-01 5.494483710197993e-03
5.150000000000000e-01 8.796899240636907e-01 2.049894644812687e-02
5.200000000000000e-01 9.022159791018011e-01 -3.881268372518991e-03
5.250000000000000e-01 9.253059484964714e-01 3.244331168746157e-02
5.300000000000000e-01 9.489742642302165e-01 -6.144270141469803e-03
5.350000000000000e-01 9.732357197708378e-01 3.400075547111597e-02
5.400000000000000e-01 9.981054793178262e-01 -4.143425681322589e-03
5.450000000000000e-01 1.023599087280478e+00 3.068744420145923e-02
5.500000000000000e-01 1.049732477993657e+00 -5.681837954530946e-05
5.550000000000000e-01 1.076521985677273e+00 2.543289590158098e-02
5.600000000000001e-01 1.103984354645701e+00 4.554143404451784e-03
5.650000000000001e-01 1.132136749773522e+00 1.997445492409540e-02
5.700000000000001e-01 1.160996767224129e+00 8.638963845648053e-03
5.750000000000001e-01 1.190582445447902e+00 1.533200307086596e-02
5.800000000000000e-01 1.220912276456826e+00 1.158843575543295e-02
5.850000000000000e-01 1.252005217382601e+00 1.200495632274817e-02
5.900000000000000e-01 1.283880702325469e+00 1.318184438769223e-02
5.950000000000000e-01 1.316558654501151e+00 1.008335632911636e-02
6.000000000000000e-01 1.350059498693518e+00 1.352487950434900e-02
6.050000000000000e-01 1.384404174020732e+00 9.347567512764297e-03
6.100000000000000e-01 1.419614147022888e+00 1.295954463104069e-02
6.150000000000000e-01 1.455711425079295e+00 9.387237693610585e-03
6.200000000000000e-01 1.492718570163803e+00 1.194138926999496e-02
6.250000000000000e-01 1.530658712946775e+00 9.741965153840536e-03
6.300000000000000e-01 1.569555567252506e+00 1.089941775349753e-02
6.350000000000000e-01 1.609433444881138e+00 1.004047061764879e-02
6.400000000000000e-01 1.650317270804325e+00 1.011504989655034e-02
6.450000000000000e-01 1.692232598744148e+00 1.009611365763653e-02
6.500000000000000e-01 1.735205627145031e+00 9.666065449459360e-03
6.550000000000000e-01 1.779263215548615e+00 9.918266921558980e-03
6.600000000000000e-01 1.824432901381847e+00 9.463458695531741e-03
6.650000000000000e-01 1.870742917168772e+00 9.633692765014848e-03
6.700000000000000e-01 1.918222208176775e+00 9.359477558727318e-03
6.750000000000000e-01 1.966900450508319e+00 9.368852502936436e-03
6.800000000000000e-01 2.016808069649473e+00 9.253353353498750e-03
6.850000000000001e-01 2.067976259486829e+00 9.175172715329073e-03
6.900000000000001e-01 2.120437001804702e+00 9.124114342618922e-03
6.950000000000001e-01 2.174223086274785e+00 9.037348202303345e-03
7.000000000000001e-01 2.229368130950753e+00 8.992142786834306e-03
7.050000000000000e-01 2.285906603280654e+00 8.923989880921929e-03
7.100000000000000e-01 2.343873841650178e+00 8.872907264798177e-03
7.150000000000000e-01 2.403306077470301e+00 8.817816328138819e-03
7.200000000000000e-01 2.464240457823092e+00 8.764896051104734e-03
7.250000000000000e-01 2.526715068679855e+00 8.712918753582375e-03
7.300000000000000e-01 2.590768958706095e+00 8.659059929784975e-03
7.350000000000000e-01 2.656442163668210e+00 8.604140720831715e-03
7.400000000000000e-01 2.723775731457148e+00 8.545787825759207e-03
7.450000000000000e-01 2.792811747744667e+00 8.483315959783270e-03
7.500000000000000e-01 2.863593362288260e+00 8.415104937625541e-03
7.550000000000000e-01 2.936164815901156e+00 8.339635438797495e-03
7.600000000000000e-01 3.010571468104263e+00 8.255196859981370e-03
7.650000000000000e-01 3.086859825477351e+00 8.159856524119574e-03
7.700000000000000e-01 3.165077570727174e+00 8.051504543386953e-03
7.750000000000000e-01 3.245273592490716e+00 7.927780584677878e-03
7.800000000000000e-01 3.327498015892184e+00 7.786074191796879e-03
7.850000000000000e-01 3.411802233872832e+00 7.623489700396778e-03
7.900000000000000e-01 3.498238939313234e+00 7.436822887182932e-03
7.950000000000000e-01 3.586862157968046e+00 7.222537798912589e-03
8.000000000000000e-01 3.677727282233856e+00 6.976748038137567e-03
8.050000000000000e-01 3.770891105771243e+00 6.695205367456513e-03
8.100000000000001e-01 3.866411859002656e+00 6.373303868971784e-03
8.150000000000001e-01 3.964349245508326e+00 6.006110267475670e-03
8.200000000000001e-01 4.064764479342956e+00 5.588427268208803e-03
8.250000000000001e-01 4.167720323296481e+00 5.114906843061017e-03
8.300000000000001e-01 4.273281128122877e+00 4.580246088594863e-03
8.350000000000000e-01 4.381512872761445e+00 3.979491800802267e-03
8.400000000000000e-01 4.492483205575838e+00 3.308469681897574e-03
8.450000000000000e-01 4.606261486636447e+00 2.564379730471301e-03
8.500000000000000e-01 4.722918831072739e+00 1.746612198397410e-03
8.550000000000000e-01 4.842528153522501e+00 8.577505383302780e-04
8.600000000000000e-01 4.965164213705875e+00 -9.540156295809989e-05
8.650000000000000e-01 5.090903663152626e+00 -1.100937918462371e-03
8.700000000000000e-01 5.219825093111814e+00 -2.141185254668711e-03
8.750000000000000e-01 5.352009083673925e+00 -3.192361839795535e-03
8.800000000000000e-01 5.487538254136007e+00 -4.224849110882366e-03
8.850000000000000e-01 5.626497314641444e+00 -5.204318668061808e-03
8.900000000000000e-01 5.768973119126561e+00 -6.093415143155863e-03
8.950000000000000e-01 5.915054719607133e+00 -6.853143835590977e-03
9.000000000000000e-01 6.064833421838831e+00 -7.443465476698398e-03
9.050000000000000e-01 6.218402842386253e+00 -7.824036734149640e-03
9.100000000000000e-01 6.375858967136348e+00 -7.957351753856720e-03
9.150000000000000e-01 6.537300211292723e+00 -7.816055463266918e-03
9.200000000000000e-01 6.702827480888332e+00 -7.393495956361331e-03
9.250000000000000e-01 6.872544235855034e+00 -6.713302749167068e-03
9.300000000000000e-01 7.046556554689444e+00 -5.832500541944430e-03
9.350000000000001e-01 7.224973200755413e+00 -4.834790830133277e-03
9.400000000000001e-01 7.407905690264673e+00 -3.815132303772184e-03
9.450000000000001e-01 7.595468361978146e+00 -2.860903489129543e-03
9.500000000000001e-01 7.787778448671316e+00 -2.036299852607146e-03
9.550000000000001e-01 7.984956150408610e+00 -1.374694257017790e-03
9.600000000000000e-01 8.187124709672272e+00 -8.799043162712092e-04
9.650000000000000e-01 8.394410488393007e+00 -5.339450189628872e-04
9.700000000000000e-01 8.606943046930221e+00 -3.072071351013845e-04
9.750000000000000e-01 8.824855225051540e+00 -1.676529668081331e-04
9.800000000000000e-01 9.048283224961922e+00 -8.677340003352397e-05
9.850000000000000e-01 9.277366696434507e+00 -4.269602256230416e-05
9.900000000000000e-01 9.512248824096272e+00 -1.979688380649799e-05
9.950000000000000e-01 9.753076416923058e+00 -8.973917470310013e-06
1.000000000000000e+00 1.000000000000000e+01 -3.265269845039455e-06
