0.000000000000000e+00 0.000000000000000e+00 0.000000000000000e+00
5.000000000000000e-03 3.369477419287315e-03 -2.926642789382087e-03
1.000000000000000e-02 6.741060871647481e-03 -5.543718373697074e-03
1.500000000000000e-02 1.011685770649257e-02 -8.133129587860648e-03
2.000000000000000e-02 1.349897790673588e-02 -1.128045605566606e-02
2.500000000000000e-02 1.688953540759990e-02 -1.486661159885310e-02
3.000000000000000e-02 2.029064941789469e-02 -1.790869074037805e-02
3.500000000000000e-02 2.370444574459234e-02 -2.103799091568219e-02
4.000000000000000e-02 2.713305812152553e-02 -2.421581603008880e-02
4.500000000000000e-02 3.057862954304063e-02 -2.740599693234799e-02
5.000000000000000e-02 3.404331360343898e-02 -3.050570938723130e-02
5.500000000000000e-02 3.752927584304335e-02 -3.372625615086079e-02
6.000000000000000e-02 4.103869510173117e-02 -3.694211708980116e-02
6.500000000000000e-02 4.457376488078044e-02 -4.013366160877563e-02
7.000000000000001e-02 4.813669471387935e-02 -4.333904844211328e-02
7.500000000000000e-02 5.172971154815675e-02 -4.664629385252421e-02
8.000000000000000e-02 5.535506113609672e-02 -4.993364806908634e-02
8.500000000000001e-02 5.901500943920686e-02 -5.321917366484186e-02
9.000000000000000e-02 6.271184404431801e-02 -5.656040356352936e-02
9.500000000000000e-02 6.644787559340060e-02 -5.997172813816614e-02
1.000000000000000e-01 7.022543922779090e-02 -6.336896154111461e-02
1.050000000000000e-01 7.404689604773053e-02 -6.680149195098491e-02
1.100000000000000e-01 7.791463458813094e-02 -7.030117644499768e-02
1.150000000000000e-01 8.183107231148547e-02 -7.384429268021739e-02
1.200000000000000e-01 8.579865711886202e-02 -7.739372401757669e-02
1.250000000000000e-01 8.981986887992111e-02 -8.100835927121482e-02
1.300000000000000e-01 9.389722098291493e-02 -8.468851357087699e-02
1.350000000000000e-01 9.803326190563690e-02 -8.840090279763653e-02
1.400000000000000e-01 1.022305768083033e-01 -9.214272275793745e-02
1.450000000000000e-01 1.064917891493625e-01 -9.596643302579351e-02
1.500000000000000e-01 1.108195623252418e-01 -9.985426729165146e-02
1.550000000000000e-01 1.152166013350572e-01 -1.037766405395344e-01
1.600000000000000e-01 1.196856544713255e-01 -1.077462819057320e-01
1.650000000000000e-01 1.242295150377370e-01 -1.118057441555109e-01
1.700000000000000e-01 1.288510230950609e-01 -1.159338260461558e-01
1.750000000000000e-01 1.335530672362758e-01 -1.201059019992692e-01
1.800000000000000e-01 1.383385863920344e-01 -1.243360378950459e-01
1.850000000000000e-01 1.432105716675912e-01 -1.286597768240199e-01
1.900000000000000e-01 1.481720682123397e-01 -1.330626900943135e-01
1.950000000000000e-01 1.532261771231311e-01 -1.375235996264861e-01
2.000000000000000e-01 1.583760573825595e-01 -1.420479906064939e-01
2.050000000000000e-01 1.636249278334301e-01 -1.466648135438205e-01
2.100000000000000e-01 1.689760691906397e-01 -1.513743714699426e-01
2.150000000000000e-01 1.744328260917313e-01 -1.561633791627312e-01
2.200000000000000e-01 1.799986091874004e-01 -1.610214490482228e-01
2.250000000000000e-01 1.856768972732633e-01 -1.659623883131817e-01
2.300000000000000e-01 1.914712394642179e-01 -1.710036532510795e-01
2.350000000000000e-01 1.973852574127551e-01 -1.761515547490840e-01
2.400000000000000e-01 2.034226475726105e-01 -1.813858771431294e-01
2.450000000000000e-01 2.095871835091678e-01 -1.866986183551736e-01
2.500000000000000e-01 2.158827182580599e-01 -1.921043303034964e-01
2.550000000000000e-01 2.223131867334419e-01 -1.976197077247128e-01
2.600000000000000e-01 2.288826081874405e-01 -2.032448758269185e-01
2.650000000000000e-01 2.355950887223172e-01 -2.089811420285124e-01
2.700000000000000e-01 2.424548238569160e-01 -2.148168792066735e-01
2.750000000000000e-01 2.494661011489995e-01 -2.207459935110574e-01
2.800000000000000e-01 2.566333028751116e-01 -2.267786141263440e-01
2.850000000000000e-01 2.639609087696434e-01 -2.329204883558215e-01
2.900000000000000e-01 2.714534988248126e-01 -2.391775034214191e-01
2.950000000000000e-01 2.791157561533084e-01 -2.455605844423959e-01
3.000000000000000e-01 2.869524699153886e-01 -2.520613699050218e-01
3.050000000000000e-01 2.949685383122613e-01 -2.586887495942662e-01
3.100000000000000e-01 3.031689716476197e-01 -2.654339569085319e-01
3.150000000000000e-01 3.115588954592450e-01 -2.723028746029705e-01
3.200000000000000e-01 3.201435537226349e-01 -2.792925275003800e-01
3.250000000000000e-01 3.289283121286580e-01 -2.864066672650269e-01
3.300000000000000e-01 3.379186614372866e-01 -2.936459246709367e-01
3.350000000000000e-01 3.471202209094989e-01 -3.010129312865557e-01
3.400000000000000e-01 3.565387418195016e-01 -3.085094981050903e-01
3.450000000000000e-01 3.661801110494620e-01 -3.161379026507908e-01
3.500000000000000e-01 3.760503547690021e-01 -3.239003331339591e-01
3.550000000000000e-01 3.861556422017504e-01 -3.317991784854911e-01
3.600000000000000e-01 3.965022894813072e-01 -3.398369847618125e-01
3.650000000000000e-01 4.070967635990345e-01 -3.480165464548836e-01
3.700000000000000e-01 4.179456864461349e-01 -3.563409484981319e-01
3.750000000000000e-01 4.290558389525505e-01 -3.648136225671290e-01
3.800000000000000e-01 4.404341653252637e-01 -3.734383903699234e-01
3.850000000000000e-01 4.520877773886537e-01 -3.822194937261141e-01
3.900000000000000e-01 4.640239590296172e-01 -3.911615963147321e-01
3.950000000000000e-01 4.762501707502353e-01 -4.002697376018168e-01
4.000000000000000e-01 4.887740543308307e-01 -4.095492073458057e-01
4.050000000000000e-01 5.016034376063282e-01 -4.190052924186943e-01
4.100000000000000e-01 5.147463393589066e-01 -4.286428218948507e-01
4.150000000000000e-01 5.282109743299990e-01 -4.384653971768621e-01
4.200000000000000e-01 5.420057583547735e-01 -4.484741340267305e-01
4.250000000000000e-01 5.561393136223041e-01 -4.586656517932907e-01
4.300000000000000e-01 5.706204740647189e-01 -4.690289053558156e-01
4.350000000000000e-01 5.854582908786964e-01 -4.795402432459648e-01
4.400000000000000e-01 6.006620381827575e-01 -4.901557578208446e-01
4.450000000000000e-01 6.162412188138907e-01 -5.007995295161501e-01
4.500000000000000e-01 6.322055702671360e-01 -5.113457212954549e-01
4.550000000000000e-01 6.485650707818353e-01 -5.215916619958019e-01
4.600000000000000e-01 6.653299455783577e-01 -5.312182364106348e-01
4.650000000000000e-01 6.825106732491932e-01 -5.397336589881510e-01
4.700000000000000e-01 7.001179923084168e-01 -5.463985571708153e-01
4.750000000000000e-01 7.181629079036070e-01 -5.501374467220077e-01
4.800000000000000e-01 7.366566986944229e-01 -5.494595498830650e-01
4.850000000000000e-01 7.556109239021327e-01 -5.424459399254473e-01
4.900000000000000e-01 7.750374305345038e-01 -5.269057537021117e-01
4.950000000000000e-01 7.949483607905672e-01 -5.008259242693603e-01
5.000000000000000e-01 8.153561596498893e-01 -4.631546384347087e-01
5.050000000000000e-01 8.362735826510871e-01 -4.146968263691287e-01
5.100000000000000e-01 8.577137038644561e-01 -3.585716885309709e-01
5.150000000000000e-01 8.796899240636907e-01 -2.996763261234486e-01
5.200000000000000e-01 9.022159791018011e-01 -2.432056475946140e-01
5.250000000000000e-01 9.253059484964714e-01 -1.930697487874634e-01
5.300000000000000e-01 9.489742642302165e-01 -1.511431239921910e-01
5.350000000000000e-01 9.732357197708378e-01 -1.175325606504299e-01
5.400000000000000e-01 9.981054793178262e-01 -9.132910203418672e-02
5.450000000000000e-01 1.023599087280478e+00 -7.126987925126353e-02
5.500000000000000e-01 1.049732477993657e+00 -5.610950116915601e-02
5.550000000000000e-01 1.076521985677273e+00 -4.476819003355342e-02
5.600000000000001e-01 1.103984354645701e+00 -3.636602451057372e-02
5.650000000000001e-01 1.132136749773522e+00 -3.020956552881983e-02
5.700000000000001e-01 1.160996767224129e+00 -2.576239277695101e-02
5.750000000000001e-01 1.190582445447902e+00 -2.261377520816331e-02
5.800000000000000e-01 1.220912276456826e+00 -2.045097111232937e-02
5.850000000000000e-01 1.252005217382601e+00 -1.903653058605125e-02
5.900000000000000e-01 1.283880702325469e+00 -1.819037916445955e-02
5.950000000000000e-01 1.316558654501151e+00 -1.777595525425061e-02
6.000000000000000e-01 1.350059498693518e+00 -1.768959507911120e-02
6.050000000000000e-01 1.384404174020732e+00 -1.785244553656122e-02
6.100000000000000e-01 1.419614147022888e+00 -1.820431645008224e-02
6.150000000000000e-01 1.455711425079295e+00 -1.869901004484239e-02
6.200000000000000e-01 1.492718570163803e+00 -1.930077242146495e-02
6.250000000000000e-01 1.530658712946775e+00 -1.998159710315075e-02
6.300000000000000e-01 1.569555567252506e+00 -2.071917666303552e-02
6.350000000000000e-01 1.609433444881138e+00 -2.149534859074951e-02
6.400000000000000e-01 1.650317270804325e+00 -2.229491939172279e-02
6.450000000000000e-01 1.692232598744148e+00 -2.310477933363455e-02
6.500000000000000e-01 1.735205627145031e+00 -2.391324155600368e-02
6.550000000000000e-01 1.779263215548615e+00 -2.470955519730185e-02
6.600000000000000e-01 1.824432901381847e+00 -2.548355409449177e-02
6.650000000000000e-01 1.870742917168772e+00 -2.622541147215129e-02
6.700000000000000e-01 1.918222208176775e+00 -2.692547762414501e-02
6.750000000000000e-01 1.966900450508319e+00 -2.757418249331805e-02
6.800000000000000e-01 2.016808069649473e+00 -2.816198874944711e-02
6.850000000000001e-01 2.067976259486829e+00 -2.867938384540724e-02
6.900000000000001e-01 2.120437001804702e+00 -2.911690192703309e-02
6.950000000000001e-01 2.174223086274785e+00 -2.946516866157258e-02
7.000000000000001e-01 2.229368130950753e+00 -2.971496425821015e-02
7.050000000000000e-01 2.285906603280654e+00 -2.985730234729279e-02
7.100000000000000e-01 2.343873841650178e+00 -2.988352505641239e-02
7.150000000000000e-01 2.403306077470301e+00 -2.978541757820275e-02
7.200000000000000e-01 2.464240457823092e+00 -2.955534866667555e-02
7.250000000000000e-01 2.526715068679855e+00 -2.918644659196698e-02
7.300000000000000e-01 2.590768958706095e+00 -2.867282271867976e-02
7.350000000000000e-01 2.656442163668210e+00 -2.800985641122406e-02
7.400000000000000e-01 2.723775731457148e+00 -2.719455447773286e-02
7.450000000000000e-01 2.792811747744667e+00 -2.622599457619474e-02
7.500000000000000e-01 2.863593362288260e+00 -2.510585337748211e-02
7.550000000000000e-01 2.936164815901156e+00 -2.383900525414291e-02
7.600000000000000e-01 3.010571468104263e+00 -2.243415490428847e-02
7.650000000000000e-01 3.086859825477351e+00 -2.090443837197375e-02
7.700000000000000e-01 3.165077570727174e+00 -1.926789511892445e-02
7.750000000000000e-01 3.245273592490716e+00 -1.754768676742044e-02
7.800000000000000e-01 3.327498015892184e+00 -1.577192695957474e-02
7.850000000000000e-01 3.411802233872832e+00 -1.397300339641507e-02
7.900000000000000e-01 3.498238939313234e+00 -1.218632561630132e-02
7.950000000000000e-01 3.586862157968046e+00 -1.044851943621528e-02
8.000000000000000e-01 3.677727282233856e+00 -8.795197891724395e-03
8.050000000000000e-01 3.770891105771243e+00 -7.258544552219848e-03
8.100000000000001e-01 3.866411859002656e+00 -5.865019007348677e-03
8.150000000000001e-01 3.964349245508326e+00 -4.633511492913640e-03
8.200000000000001e-01 4.064764479342956e+00 -3.574222988321244e-03
8.250000000000001e-01 4.167720323296481e+00 -2.688435882479891e-03
8.300000000000001e-01 4.273281128122877e+00 -1.969192511316451e-03
8.350000000000000e-01 4.381512872761445e+00 -1.402748448166468e-03
8.400000000000000e-01 4.492483205575838e+00 -9.705484017831519e-04
8.450000000000000e-01 4.606261486636447e+00 -6.514097368047289e-04
8.500000000000000e-01 4.722918831072739e+00 -4.236014477233634e-04
8.550000000000000e-01 4.842528153522501e+00 -2.665676764255086e-04
8.600000000000000e-01 4.965164213705875e+00 -1.621440564657665e-04
8.650000000000000e-01 5.090903663152626e+00 -9.522530247921618e-05
8.700000000000000e-01 5.219825093111814e+00 -5.393802916340907e-05
8.750000000000000e-01 5.352009083673925e+00 -2.943632928105640e-05
8.800000000000000e-01 5.487538254136007e+00 -1.546303768315721e-05
8.850000000000000e-01 5.626497314641444e+00 -7.811395940892799e-06
8.900000000000000e-01 5.768973119126561e+00 -3.791486531926213e-06
8.950000000000000e-01 5.915054719607133e+00 -1.766796986693347e-06
9.000000000000000e-01 6.064833421838831e+00 -7.898316571685650e-07
9.050000000000000e-01 6.218402842386253e+00 -3.384956046111156e-07
9.100000000000000e-01 6.375858967136348e+00 -1.389847822851825e-07
9.150000000000000e-01 6.537300211292723e+00 -5.464208107163167e-08
9.200000000000000e-01 6.702827480888332e+00 -2.055925830524611e-08
9.250000000000000e-01 6.872544235855034e+00 -7.399563751466246e-09
9.300000000000000e-01 7.046556554689444e+00 -2.546504478644680e-09
9.350000000000001e-01 7.224973200755413e+00 -8.376559504125239e-10
9.400000000000001e-01 7.407905690264673e+00 -2.632898602696226e-10
9.450000000000001e-01 7.595468361978146e+00 -7.905587364442784e-11
9.500000000000001e-01 7.787778448671316e+00 -2.267090978840646e-11
9.550000000000001e-01 7.984956150408610e+00 -6.208112705895667e-12
9.600000000000000e-01 8.187124709672272e+00 -1.623094386120073e-12
9.650000000000000e-01 8.394410488393007e+00 -4.051116495818975e-13
9.700000000000000e-01 8.606943046930221e+00 -9.652062223801661e-14
9.750000000000000e-01 8.824855225051540e+00 -2.195133666716622e-14
9.800000000000000e-01 9.048283224961922e+00 -4.765283556732841e-15
9.850000000000000e-01 9.277366696434507e+00 -9.875204605714637e-16
9.900000000000000e-01 9.512248824096272e+00 -1.948613645055478e-16
9.950000000000000e-01 9.753076416923058e+00 -3.877715065276148e-17
1.000000000000000e+00 1.000000000000000e+01 4.838047505035228e-18
