0.000000000000000e+00 0.000000000000000e+00 0.000000000000000e+00
5.000000000000000e-03 3.369477419287315e-03 -2.064824397256539e-03
1.000000000000000e-02 6.741060871647481e-03 -4.838473555695674e-03
1.500000000000000e-02 1.011685770649257e-02 -8.289234654607599e-03
2.000000000000000e-02 1.349897790673588e-02 -1.146407596701515e-02
2.500000000000000e-02 1.688953540759990e-02 -1.484275436753881e-02
3.000000000000000e-02 2.029064941789469e-02 -1.791500672067323e-02
3.500000000000000e-02 2.370444574459234e-02 -2.110782381515658e-02
4.000000000000000e-02 2.713305812152553e-02 -2.427892608570168e-02
4.500000000000000e-02 3.057862954304063e-02 -2.746663426122864e-02
5.000000000000000e-02 3.404331360343898e-02 -3.058268211975365e-02
5.500000000000000e-02 3.752927584304335e-02 -3.378751658243232e-02
6.000000000000000e-02 4.103869510173117e-02 -3.700698897487306e-02
6.500000000000000e-02 4.457376488078044e-02 -4.023531102527645e-02
7.000000000000001e-02 4.813669471387935e-02 -4.343454140901960e-02
7.500000000000000e-02 5.172971154815675e-02 -4.669594817350631e-02
8.000000000000000e-02 5.535506113609672e-02 -4.999741725023810e-02
8.500000000000001e-02 5.901500943920686e-02 -5.333152213861937e-02
9.000000000000000e-02 6.271184404431801e-02 -5.665020689199613e-02
9.500000000000000e-02 6.644787559340060e-02 -6.000038239891877e-02
1.000000000000000e-01 7.022543922779090e-02 -6.340486686983772e-02
1.050000000000000e-01 7.404689604773053e-02 -6.687858597366758e-02
1.100000000000000e-01 7.791463458813094e-02 -7.035676743124811e-02
1.150000000000000e-01 8.183107231148547e-02 -7.384151052235843e-02
1.200000000000000e-01 8.579865711886202e-02 -7.737160346806021e-02
1.250000000000000e-01 8.981986887992111e-02 -8.098634913081133e-02
1.300000000000000e-01 9.389722098291493e-02 -8.464402330540888e-02
1.350000000000000e-01 9.803326190563690e-02 -8.833297365748913e-02
1.400000000000000e-01 1.022305768083033e-01 -9.204815865068199e-02
1.450000000000000e-01 1.064917891493625e-01 -9.580339963552952e-02
1.500000000000000e-01 1.108195623252418e-01 -9.962003090600166e-02
1.550000000000000e-01 1.152166013350572e-01 -1.035242504471984e-01
1.600000000000000e-01 1.196856544713255e-01 -1.074789668669757e-01
1.650000000000000e-01 1.242295150377370e-01 -1.114771047422305e-01
1.700000000000000e-01 1.288510230950609e-01 -1.155180038258290e-01
1.750000000000000e-01 1.335530672362758e-01 -1.195957182443231e-01
1.800000000000000e-01 1.383385863920344e-01 -1.237327877933159e-01
1.850000000000000e-01 1.432105716675912e-01 -1.279470425113522e-01
1.900000000000000e-01 1.481720682123397e-01 -1.322251654058367e-01
1.950000000000000e-01 1.532261771231311e-01 -1.365942173925823e-01
2.000000000000000e-01 1.583760573825595e-01 -1.410227219604689e-01
2.050000000000000e-01 1.636249278334301e-01 -1.455313113298375e-01
2.100000000000000e-01 1.689760691906397e-01 -1.500999993034229e-01
2.150000000000000e-01 1.744328260917313e-01 -1.547398462726358e-01
2.200000000000000e-01 1.799986091874004e-01 -1.594443982399789e-01
2.250000000000000e-01 1.856768972732633e-01 -1.642184512265062e-01
2.300000000000000e-01 1.914712394642179e-01 -1.690612859924247e-01
2.350000000000000e-01 1.973852574127551e-01 -1.739748072767658e-01
2.400000000000000e-01 2.034226475726105e-01 -1.789594533223334e-01
2.450000000000000e-01 2.095871835091678e-01 -1.840159356968302e-01
2.500000000000000e-01 2.158827182580599e-01 -1.891445080243936e-01
2.550000000000000e-01 2.223131867334419e-01 -1.943452561098721e-01
2.600000000000000e-01 2.288826081874405e-01 -1.996179943239859e-01
2.650000000000000e-01 2.355950887223172e-01 -2.049622954729664e-01
2.700000000000000e-01 2.424548238569160e-01 -2.103774673982909e-01
2.750000000000000e-01 2.494661011489995e-01 -2.158625405301581e-01
2.800000000000000e-01 2.566333028751116e-01 -2.214162474509444e-01
2.850000000000000e-01 2.639609087696434e-01 -2.270370011216624e-01
2.900000000000000e-01 2.714534988248126e-01 -2.327228704252689e-01
2.950000000000000e-01 2.791157561533084e-01 -2.384715536901282e-01
3.000000000000000e-01 2.869524699153886e-01 -2.442803501740648e-01
3.050000000000000e-01 2.949685383122613e-01 -2.501461295874535e-01
3.100000000000000e-01 3.031689716476197e-01 -2.560652996715454e-01
3.150000000000000e-01 3.115588954592450e-01 -2.620337718460499e-01
3.200000000000000e-01 3.201435537226349e-01 -2.680469249368501e-01
3.250000000000000e-01 3.289283121286580e-01 -2.740995669999537e-01
3.300000000000000e-01 3.379186614372866e-01 -2.801858952670227e-01
3.350000000000000e-01 3.471202209094989e-01 -2.862994542505347e-01
3.400000000000000e-01 3.565387418195016e-01 -2.924330920619975e-01
3.450000000000000e-01 3.661801110494620e-01 -2.985789150142186e-01
3.500000000000000e-01 3.760503547690021e-01 -3.047282405978292e-01
3.550000000000000e-01 3.861556422017504e-01 -3.108715489426397e-01
3.600000000000000e-01 3.965022894813072e-01 -3.169984328954073e-01
3.650000000000000e-01 4.070967635990345e-01 -3.230975468666049e-01
3.700000000000000e-01 4.179456864461349e-01 -3.291565546191602e-01
3.750000000000000e-01 4.290558389525505e-01 -3.351620761912595e-01
3.800000000000000e-01 4.404341653252637e-01 -3.410996341625568e-01
3.850000000000000e-01 4.520877773886537e-01 -3.469535994880925e-01
3.900000000000000e-01 4.640239590296172e-01 -3.527071371368202e-01
3.950000000000000e-01 4.762501707502353e-01 -3.583421517823662e-01
4.000000000000000e-01 4.887740543308307e-01 -3.638392338039891e-01
4.050000000000000e-01 5.016034376063282e-01 -3.691776058685727e-01
4.100000000000000e-01 5.147463393589066e-01 -3.743350703849863e-01
4.150000000000000e-01 5.282109743299990e-01 -3.792879581585216e-01
4.200000000000000e-01 5.420057583547735e-01 -3.840110786380010e-01
4.250000000000000e-01 5.561393136223041e-01 -3.884776722601881e-01
4.300000000000000e-01 5.706204740647189e-01 -3.926593655822554e-01
4.350000000000000e-01 5.854582908786964e-01 -3.965261301907522e-01
4.400000000000000e-01 6.006620381827575e-01 -4.000462468361490e-01
4.450000000000000e-01 6.162412188138907e-01 -4.031862769339724e-01
4.500000000000000e-01 6.322055702671360e-01 -4.059110445852352e-01
4.550000000000000e-01 6.485650707818353e-01 -4.081836337111262e-01
4.600000000000000e-01 6.653299455783577e-01 -4.099654069026168e-01
4.650000000000000e-01 6.825106732491932e-01 -4.112160553044406e-01
4.700000000000000e-01 7.001179923084168e-01 -4.118936924379482e-01
4.750000000000000e-01 7.181629079036070e-01 -4.119550094478652e-01
4.800000000000000e-01 7.366566986944229e-01 -4.113555148910968e-01
4.850000000000000e-01 7.556109239021327e-01 -4.100498887806525e-01
4.900000000000000e-01 7.750374305345038e-01 -4.079924878029332e-01
4.950000000000000e-01 7.949483607905672e-01 -4.051380456806823e-01
5.000000000000000e-01 8.153561596498893e-01 -4.014426182076278e-01
5.050000000000000e-01 8.362735826510871e-01 -3.968648244260491e-01
5.100000000000000e-01 8.577137038644561e-01 -3.913674307919534e-01
5.150000000000000e-01 8.796899240636907e-01 -3.849193102548150e-01
5.200000000000000e-01 9.022159791018011e-01 -3.774977789489284e-01
5.250000000000000e-01 9.253059484964714e-01 -3.690912663126846e-01
5.300000000000000e-01 9.489742642302165e-01 -3.597022088701791e-01
5.350000000000000e-01 9.732357197708378e-01 -3.493499769638230e-01
5.400000000000000e-01 9.981054793178262e-01 -3.380735572104278e-01
5.450000000000000e-01 1.023599087280478e+00 -3.259336386480602e-01
5.500000000000000e-01 1.049732477993657e+00 -3.130137108831332e-01
5.550000000000000e-01 1.076521985677273e+00 -2.994198028373630e-01
5.600000000000001e-01 1.103984354645701e+00 -2.852785889015021e-01
5.650000000000001e-01 1.132136749773522e+00 -2.707337670051904e-01
5.700000000000001e-01 1.160996767224129e+00 -2.559408486142035e-01
5.750000000000001e-01 1.190582445447902e+00 -2.410607493891508e-01
5.800000000000000e-01 1.220912276456826e+00 -2.262527738515424e-01
5.850000000000000e-01 1.252005217382601e+00 -2.116676955772547e-01
5.900000000000000e-01 1.283880702325469e+00 -1.974416173966506e-01
5.950000000000000e-01 1.316558654501151e+00 -1.836911594162821e-01
6.000000000000000e-01 1.350059498693518e+00 -1.705103040777755e-01
6.050000000000000e-01 1.384404174020732e+00 -1.579689824696001e-01
6.100000000000000e-01 1.419614147022888e+00 -1.461132688003588e-01
6.150000000000000e-01 1.455711425079295e+00 -1.349668972453135e-01
6.200000000000000e-01 1.492718570163803e+00 -1.245337403798622e-01
6.250000000000000e-01 1.530658712946775e+00 -1.148008831266790e-01
6.300000000000000e-01 1.569555567252506e+00 -1.057419699530700e-01
6.350000000000000e-01 1.609433444881138e+00 -9.732057207331500e-02
6.400000000000000e-01 1.650317270804325e+00 -8.949339532442037e-02
6.450000000000000e-01 1.692232598744148e+00 -8.221321466379887e-02
6.500000000000000e-01 1.735205627145031e+00 -7.543147131385976e-02
6.550000000000000e-01 1.779263215548615e+00 -6.910050230216848e-02
6.600000000000000e-01 1.824432901381847e+00 -6.317539175071436e-02
6.650000000000000e-01 1.870742917168772e+00 -5.761544258167521e-02
6.700000000000000e-01 1.918222208176775e+00 -5.238527049526813e-02
6.750000000000000e-01 1.966900450508319e+00 -4.745552290293187e-02
6.800000000000000e-01 2.016808069649473e+00 -4.280322696640030e-02
6.850000000000001e-01 2.067976259486829e+00 -3.841177508429956e-02
6.900000000000001e-01 2.120437001804702e+00 -3.427056419767398e-02
6.950000000000001e-01 2.174223086274785e+00 -3.037431728907136e-02
7.000000000000001e-01 2.229368130950753e+00 -2.672213060989487e-02
7.050000000000000e-01 2.285906603280654e+00 -2.331630681922129e-02
7.100000000000000e-01 2.343873841650178e+00 -2.016105004185777e-02
7.150000000000000e-01 2.403306077470301e+00 -1.726111123162523e-02
7.200000000000000e-01 2.464240457823092e+00 -1.462047866210149e-02
7.250000000000000e-01 2.526715068679855e+00 -1.224120696439003e-02
7.300000000000000e-01 2.590768958706095e+00 -1.012246799963661e-02
7.350000000000000e-01 2.656442163668210e+00 -8.259888353694789e-03
7.400000000000000e-01 2.723775731457148e+00 -6.645212999071295e-03
7.450000000000000e-01 2.792811747744667e+00 -5.266305354599420e-03
7.500000000000000e-01 2.863593362288260e+00 -4.107463890134130e-03
7.550000000000000e-01 2.936164815901156e+00 -3.150008007706963e-03
7.600000000000000e-01 3.010571468104263e+00 -2.373064253185624e-03
7.650000000000000e-01 3.086859825477351e+00 -1.754470269711317e-03
7.700000000000000e-01 3.165077570727174e+00 -1.271709539434096e-03
7.750000000000000e-01 3.245273592490716e+00 -9.027949358829354e-04
7.800000000000000e-01 3.327498015892184e+00 -6.270323292037101e-04
7.850000000000000e-01 3.411802233872832e+00 -4.256148605224513e-04
7.900000000000000e-01 3.498238939313234e+00 -2.820212437658793e-04
7.950000000000000e-01 3.586862157968046e+00 -1.822144840059812e-04
8.000000000000000e-01 3.677727282233856e+00 -1.146578065087828e-04
8.050000000000000e-01 3.770891105771243e+00 -7.018006083284983e-05
8.100000000000001e-01 3.866411859002656e+00 -4.173203075716432e-05
8.150000000000001e-01 3.964349245508326e+00 -2.407767291604310e-05
8.200000000000001e-01 4.064764479342956e+00 -1.346109533997146e-05
8.250000000000001e-01 4.167720323296481e+00 -7.282627556987773e-06
8.300000000000001e-01 4.273281128122877e+00 -3.807580110447723e-06
8.350000000000000e-01 4.381512872761445e+00 -1.921174135285423e-06
8.400000000000000e-01 4.492483205575838e+00 -9.341968674089586e-07
8.450000000000000e-01 4.606261486636447e+00 -4.371767657483292e-07
8.500000000000000e-01 4.722918831072739e+00 -1.966136356184063e-07
8.550000000000000e-01 4.842528153522501e+00 -8.485926863813435e-08
8.600000000000000e-01 4.965164213705875e+00 -3.510007865689204e-08
8.650000000000000e-01 5.090903663152626e+00 -1.389439830436798e-08
8.700000000000000e-01 5.219825093111814e+00 -5.256570417710233e-09
8.750000000000000e-01 5.352009083673925e+00 -1.898087077560159e-09
8.800000000000000e-01 5.487538254136007e+00 -6.533038136319908e-10
8.850000000000000e-01 5.626497314641444e+00 -2.140681367286743e-10
8.900000000000000e-01 5.768973119126561e+00 -6.669602955551620e-11
8.950000000000000e-01 5.915054719607133e+00 -1.973587703160849e-11
9.000000000000000e-01 6.064833421838831e+00 -5.540458615046507e-12
9.050000000000000e-01 6.218402842386253e+00 -1.474082673991317e-12
9.100000000000000e-01 6.375858967136348e+00 -3.713393138839123e-13
9.150000000000000e-01 6.537300211292723e+00 -8.849390014413327e-14
9.200000000000000e-01 6.702827480888332e+00 -1.993450169101778e-14
9.250000000000000e-01 6.872544235855034e+00 -4.241707261797571e-15
9.300000000000000e-01 7.046556554689444e+00 -8.520224548614556e-16
9.350000000000001e-01 7.224973200755413e+00 -1.614755486631160e-16
9.400000000000001e-01 7.407905690264673e+00 -2.886135502339133e-17
9.450000000000001e-01 7.595468361978146e+00 -4.863262455183886e-18
9.500000000000001e-01 7.787778448671316e+00 -7.723668159428691e-19
9.550000000000001e-01 7.984956150408610e+00 -1.155909945322087e-19
9.600000000000000e-01 8.187124709672272e+00 -1.629981007391009e-20
9.650000000000000e-01 8.394410488393007e+00 -2.165633842332317e-21
9.700000000000000e-01 8.606943046930221e+00 -2.711110643715141e-22
9.750000000000000e-01 8.824855225051540e+00 -3.198251856572330e-23
9.800000000000000e-01 9.048283224961922e+00 -3.555904132909892e-24
9.850000000000000e-01 9.277366696434507e+00 -3.726943455584124e-25
9.900000000000000e-01 9.512248824096272e+00 -3.681434497239136e-26
9.950000000000000e-01 9.753076416923058e+00 -3.596288047975571e-27
1.000000000000000e+00 1.000000000000000e+01 1.630884700025157e-27
