0.000000000000000e+00 0.000000000000000e+00 0.000000000000000e+00
5.000000000000000e-03 3.369477419287315e-03 -2.937516977572554e-03
1.000000000000000e-02 6.741060871647481e-03 -5.622872000357649e-03
1.500000000000000e-02 1.011685770649257e-02 -8.470131437090272e-03
2.000000000000000e-02 1.349897790673588e-02 -1.175739641659886e-02
2.500000000000000e-02 1.688953540759990e-02 -1.544836965363447e-02
3.000000000000000e-02 2.029064941789469e-02 -1.859945668154313e-02
3.500000000000000e-02 2.370444574459234e-02 -2.186884322658850e-02
4.000000000000000e-02 2.713305812152553e-02 -2.517745275618527e-02
4.500000000000000e-02 3.057862954304063e-02 -2.848257350368537e-02
5.000000000000000e-02 3.404331360343898e-02 -3.170486422940291e-02
5.500000000000000e-02 3.752927584304335e-02 -3.506451354539686e-02
6.000000000000000e-02 4.103869510173117e-02 -3.840501960131121e-02
6.500000000000000e-02 4.457376488078044e-02 -4.171857532903896e-02
7.000000000000001e-02 4.813669471387935e-02 -4.506314219752671e-02
7.500000000000000e-02 5.172971154815675e-02 -4.850625287698660e-02
8.000000000000000e-02 5.535506113609672e-02 -5.191562200847176e-02
8.500000000000001e-02 5.901500943920686e-02 -5.534290972665928e-02
9.000000000000000e-02 6.271184404431801e-02 -5.883656805727622e-02
9.500000000000000e-02 6.644787559340060e-02 -6.237732333038280e-02
1.000000000000000e-01 7.022543922779090e-02 -6.590610545765800e-02
1.050000000000000e-01 7.404689604773053e-02 -6.950324224029210e-02
1.100000000000000e-01 7.791463458813094e-02 -7.316038533380269e-02
1.150000000000000e-01 8.183107231148547e-02 -7.683547771840429e-02
1.200000000000000e-01 8.579865711886202e-02 -8.053858285239489e-02
1.250000000000000e-01 8.981986887992111e-02 -8.433427049561840e-02
1.300000000000000e-01 9.389722098291493e-02 -8.817436601918185e-02
1.350000000000000e-01 9.803326190563690e-02 -9.203540246682185e-02
1.400000000000000e-01 1.022305768083033e-01 -9.595844413486111e-02
1.450000000000000e-01 1.064917891493625e-01 -9.997520508913788e-02
1.500000000000000e-01 1.108195623252418e-01 -1.040316339248237e-01
1.550000000000000e-01 1.152166013350572e-01 -1.081287409611240e-01
1.600000000000000e-01 1.196856544713255e-01 -1.123078182457834e-01
1.650000000000000e-01 1.242295150377370e-01 -1.165765522523615e-01
1.700000000000000e-01 1.288510230950609e-01 -1.208921803495266e-01
1.750000000000000e-01 1.335530672362758e-01 -1.252683265582360e-01
1.800000000000000e-01 1.383385863920344e-01 -1.297376260630426e-01
1.850000000000000e-01 1.432105716675912e-01 -1.342988142308162e-01
1.900000000000000e-01 1.481720682123397e-01 -1.389199284437390e-01
1.950000000000000e-01 1.532261771231311e-01 -1.436149222426529e-01
2.000000000000000e-01 1.583760573825595e-01 -1.484114570873635e-01
2.050000000000000e-01 1.636249278334301e-01 -1.533108573049277e-01
2.100000000000000e-01 1.689760691906397e-01 -1.582860217547023e-01
2.150000000000000e-01 1.744328260917313e-01 -1.633425190012015e-01
2.200000000000000e-01 1.799986091874004e-01 -1.685069027217808e-01
2.250000000000000e-01 1.856768972732633e-01 -1.737909594030961e-01
2.300000000000000e-01 1.914712394642179e-01 -1.791717789824312e-01
2.350000000000000e-01 1.973852574127551e-01 -1.846422053961005e-01
2.400000000000000e-01 2.034226475726105e-01 -1.902222693171006e-01
2.450000000000000e-01 2.095871835091678e-01 -1.959335464698828e-01
2.500000000000000e-01 2.158827182580599e-01 -2.017687515454152e-01
2.550000000000000e-01 2.223131867334419e-01 -2.077191630941507e-01
2.600000000000000e-01 2.288826081874405e-01 -2.137839838188979e-01
2.650000000000000e-01 2.355950887223172e-01 -2.199733033533874e-01
2.700000000000000e-01 2.424548238569160e-01 -2.263029286208396e-01
2.750000000000000e-01 2.494661011489995e-01 -2.327858534852678e-01
2.800000000000000e-01 2.566333028751116e-01 -2.394133486201362e-01
2.850000000000000e-01 2.639609087696434e-01 -2.461826018895740e-01
2.900000000000000e-01 2.714534988248126e-01 -2.530980699789355e-01
2.950000000000000e-01 2.791157561533084e-01 -2.601640725022618e-01
3.000000000000000e-01 2.869524699153886e-01 -2.673956813040408e-01
3.050000000000000e-01 2.949685383122613e-01 -2.748068948292317e-01
3.100000000000000e-01 3.031689716476197e-01 -2.824013629534806e-01
3.150000000000000e-01 3.115588954592450e-01 -2.901946555702253e-01
3.200000000000000e-01 3.201435537226349e-01 -2.981857778158827e-01
3.250000000000000e-01 3.289283121286580e-01 -3.063897520523127e-01
3.300000000000000e-01 3.379186614372866e-01 -3.148118016782742e-01
3.350000000000000e-01 3.471202209094989e-01 -3.234676451755896e-01
3.400000000000000e-01 3.565387418195016e-01 -3.323702454967208e-01
3.450000000000000e-01 3.661801110494620e-01 -3.415380420471986e-01
3.500000000000000e-01 3.760503547690021e-01 -3.509906976101972e-01
3.550000000000000e-01 3.861556422017504e-01 -3.607519100608330e-01
3.600000000000000e-01 3.965022894813072e-01 -3.708489508773464e-01
3.650000000000000e-01 4.070967635990345e-01 -3.813140569020038e-01
3.700000000000000e-01 4.179456864461349e-01 -3.921853359435399e-01
3.750000000000000e-01 4.290558389525505e-01 -4.035082835297614e-01
3.800000000000000e-01 4.404341653252637e-01 -4.153375771576225e-01
3.850000000000000e-01 4.520877773886537e-01 -4.277394509457990e-01
3.900000000000000e-01 4.640239590296172e-01 -4.407947806848324e-01
3.950000000000000e-01 4.762501707502353e-01 -4.546031775516672e-01
4.000000000000000e-01 4.887740543308307e-01 -4.692884860285969e-01
4.050000000000000e-01 5.016034376063282e-01 -4.850062893235799e-01
4.100000000000000e-01 5.147463393589066e-01 -5.019543381057563e-01
4.150000000000000e-01 5.282109743299990e-01 -5.203873375851668e-01
4.200000000000000e-01 5.420057583547735e-01 -5.406384051038957e-01
4.250000000000000e-01 5.561393136223041e-01 -5.631510499864717e-01
4.300000000000000e-01 5.706204740647189e-01 -5.885283414069550e-01
4.350000000000000e-01 5.854582908786964e-01 -6.176113248063719e-01
4.400000000000000e-01 6.006620381827575e-01 -6.516096865752746e-01
4.450000000000000e-01 6.162412188138907e-01 -6.923313862413871e-01
4.500000000000000e-01 6.322055702671360e-01 -7.426137636964798e-01
4.550000000000000e-01 6.485650707818353e-01 -8.072036538683540e-01
4.600000000000000e-01 6.653299455783577e-01 -8.947605917114109e-01
4.650000000000000e-01 6.825106732491932e-01 -1.023106482176657e+00
4.700000000000000e-01 7.001179923084168e-01 -1.235288237141362e+00
4.750000000000000e-01 7.181629079036070e-01 -1.643068899263786e+00
4.800000000000000e-01 7.366566986944229e-01 -2.186125885874637e+00
4.850000000000000e-01 7.556109239021327e-01 -1.484452699917381e+00
4.900000000000000e-01 7.750374305345038e-01 -1.246714488883268e-01
4.950000000000000e-01 7.949483607905672e-01 -1.045470399147092e-01
5.000000000000000e-01 8.153561596498893e-01 -7.037002203496799e-02
5.050000000000000e-01 8.362735826510871e-01 2.054263935611141e-02
5.100000000000000e-01 8.577137038644561e-01 -4.618521243088534e-02
5.150000000000000e-01 8.796899240636907e-01 3.613352391580158e-02
5.200000000000000e-01 9.022159791018011e-01 -2.216249842108186e-02
5.250000000000000e-01 9.253059484964714e-01 2.946263763230001e-02
5.300000000000000e-01 9.489742642302165e-01 -3.251907791056149e-03
5.350000000000000e-01 9.732357197708378e-01 2.034328444917101e-02
5.400000000000000e-01 9.981054793178262e-01 9.017711209440634e-03
5.450000000000000e-01 1.023599087280478e+00 1.399974639702998e-02
5.500000000000000e-01 1.049732477993657e+00 1.537373004194674e-02
5.550000000000000e-01 1.076521985677273e+00 1.106790537710288e-02
5.600000000000001e-01 1.103984354645701e+00 1.744851980673633e-02
5.650000000000001e-01 1.132136749773522e+00 1.063870243161986e-02
5.700000000000001e-01 1.160996767224129e+00 1.701592659992341e-02
5.750000000000001e-01 1.190582445447902e+00 1.146544855077289e-02
5.800000000000000e-01 1.220912276456826e+00 1.556643161628880e-02
5.850000000000000e-01 1.252005217382601e+00 1.251146519182763e-02
5.900000000000000e-01 1.283880702325469e+00 1.409716087759492e-02
5.950000000000000e-01 1.316558654501151e+00 1.317205083439758e-02
6.000000000000000e-01 1.350059498693518e+00 1.307386873313357e-02
6.050000000000000e-01 1.384404174020732e+00 1.328334954637076e-02
6.100000000000000e-01 1.419614147022888e+00 1.253629823314702e-02
6.150000000000000e-01 1.455711425079295e+00 1.298643590108701e-02
6.200000000000000e-01 1.492718570163803e+00 1.229407152161107e-02
6.250000000000000e-01 1.530658712946775e+00 1.252876436590839e-02
6.300000000000000e-01 1.569555567252506e+00 1.212947146584636e-02
6.350000000000000e-01 1.609433444881138e+00 1.209841284157685e-02
6.400000000000000e-01 1.650317270804325e+00 1.192248019752064e-02
6.450000000000000e-01 1.692232598744148e+00 1.175972259269027e-02
6.500000000000000e-01 1.735205627145031e+00 1.166286239307217e-02
6.550000000000000e-01 1.779263215548615e+00 1.148899154826970e-02
6.600000000000000e-01 1.824432901381847e+00 1.138886298227805e-02
6.650000000000000e-01 1.870742917168772e+00 1.124453283622406e-02
6.700000000000000e-01 1.918222208176775e+00 1.112847023611400e-02
6.750000000000000e-01 1.966900450508319e+00 1.100529175994995e-02
6.800000000000000e-01 2.016808069649473e+00 1.088453908883388e-02
6.850000000000001e-01 2.067976259486829e+00 1.076768725795591e-02
6.900000000000001e-01 2.120437001804702e+00 1.064819056399940e-02
6.950000000000001e-01 2.174223086274785e+00 1.053046817393176e-02
7.000000000000001e-01 2.229368130950753e+00 1.041036038029040e-02
7.050000000000000e-01 2.285906603280654e+00 1.028846349241879e-02
7.100000000000000e-01 2.343873841650178e+00 1.016321568378380e-02
7.150000000000000e-01 2.403306077470301e+00 1.003348344104610e-02
7.200000000000000e-01 2.464240457823092e+00 9.898099155448573e-03
7.250000000000000e-01 2.526715068679855e+00 9.755567679336682e-03
7.300000000000000e-01 2.590768958706095e+00 9.604411002440340e-03
7.350000000000000e-01 2.656442163668210e+00 9.442922611955161e-03
7.400000000000000e-01 2.723775731457148e+00 9.269262010356570e-03
7.450000000000000e-01 2.792811747744667e+00 9.081402317151020e-03
7.500000000000000e-01 2.863593362288260e+00 8.877120722690241e-03
7.550000000000000e-01 2.936164815901156e+00 8.653984335899565e-03
7.600000000000000e-01 3.010571468104263e+00 8.409331878001070e-03
7.650000000000000e-01 3.086859825477351e+00 8.140261368997188e-03
7.700000000000000e-01 3.165077570727174e+00 7.843619055779707e-03
7.750000000000000e-01 3.245273592490716e+00 7.515995154259224e-03
7.800000000000000e-01 3.327498015892184e+00 7.153729036656622e-03
7.850000000000000e-01 3.411802233872832e+00 6.752928648744163e-03
7.900000000000000e-01 3.498238939313234e+00 6.309510895139056e-03
7.950000000000000e-01 3.586862157968046e+00 5.819272533562221e-03
8.000000000000000e-01 3.677727282233856e+00 5.278002618447472e-03
8.050000000000000e-01 3.770891105771243e+00 4.681649429466558e-03
8.100000000000001e-01 3.866411859002656e+00 4.026559443265030e-03
8.150000000000001e-01 3.964349245508326e+00 3.309807524935394e-03
8.200000000000001e-01 4.064764479342956e+00 2.529630628811458e-03
8.250000000000001e-01 4.167720323296481e+00 1.685968178551083e-03
8.300000000000001e-01 4.273281128122877e+00 7.811024205869489e-04
8.350000000000000e-01 4.381512872761445e+00 -1.796377314976165e-04
8.400000000000000e-01 4.492483205575838e+00 -1.187199882819311e-03
8.450000000000000e-01 4.606261486636447e+00 -2.228281432968651e-03
8.500000000000000e-01 4.722918831072739e+00 -3.285046278818328e-03
8.550000000000000e-01 4.842528153522501e+00 -4.335130262337542e-03
8.600000000000000e-01 4.965164213705875e+00 -5.351987216052551e-03
8.650000000000000e-01 5.090903663152626e+00 -6.305644443207292e-03
8.700000000000000e-01 5.219825093111814e+00 -7.163824588035898e-03
8.750000000000000e-01 5.352009083673925e+00 -7.893163365850473e-03
8.800000000000000e-01 5.487538254136007e+00 -8.460210539795425e-03
8.850000000000000e-01 5.626497314641444e+00 -8.832347235934453e-03
8.900000000000000e-01 5.768973119126561e+00 -8.979510515899519e-03
8.950000000000000e-01 5.915054719607133e+00 -8.877956782192390e-03
9.000000000000000e-01 6.064833421838831e+00 -8.516518586774709e-03
9.050000000000000e-01 6.218402842386253e+00 -7.904011256638878e-03
9.100000000000000e-01 6.375858967136348e+00 -7.074702582844576e-03
9.150000000000000e-01 6.537300211292723e+00 -6.088433995214954e-03
9.200000000000000e-01 6.702827480888332e+00 -5.023668833787771e-03
9.250000000000000e-01 6.872544235855034e+00 -3.964714217601767e-03
9.300000000000000e-01 7.046556554689444e+00 -2.986989151774603e-03
9.350000000000001e-01 7.224973200755413e+00 -2.145042807883460e-03
9.400000000000001e-01 7.407905690264673e+00 -1.466710070120064e-03
9.450000000000001e-01 7.595468361978146e+00 -9.541888502233719e-04
9.500000000000001e-01 7.787778448671316e+00 -5.903443977796963e-04
9.550000000000001e-01 7.984956150408610e+00 -3.472605967958634e-04
9.600000000000000e-01 8.187124709672272e+00 -1.942043813448566e-04
9.650000000000000e-01 8.394410488393007e+00 -1.032643577714570e-04
9.700000000000000e-01 8.606943046930221e+00 -5.221592505739054e-05
9.750000000000000e-01 8.824855225051540e+00 -2.511588058540355e-05
9.800000000000000e-01 9.048283224961922e+00 -1.149211119637040e-05
9.850000000000000e-01 9.277366696434507e+00 -5.010584149384567e-06
9.900000000000000e-01 9.512248824096272e+00 -2.064937576530623e-06
9.950000000000000e-01 9.753076416923058e+00 -8.390981174158472e-07
1.000000000000000e+00 1.000000000000000e+01 -2.462886974841241e-07
