0.000000000000000e+00 0.000000000000000e+00 0.000000000000000e+00
5.000000000000000e-03 3.369477419287315e-03 -2.485768332231009e-03
1.000000000000000e-02 6.741060871647481e-03 -5.324149321770221e-03
1.500000000000000e-02 1.011685770649257e-02 -8.244097139265799e-03
2.000000000000000e-02 1.349897790673588e-02 -1.120735220399252e-02
2.500000000000000e-02 1.688953540759990e-02 -1.462538427726135e-02
3.000000000000000e-02 2.029064941789469e-02 -1.778093496911010e-02
3.500000000000000e-02 2.370444574459234e-02 -2.093581463666270e-02
4.000000000000000e-02 2.713305812152553e-02 -2.398693322197279e-02
4.500000000000000e-02 3.057862954304063e-02 -2.713117499196829e-02
5.000000000000000e-02 3.404331360343898e-02 -3.028338153043473e-02
5.500000000000000e-02 3.752927584304335e-02 -3.346997660436796e-02
6.000000000000000e-02 4.103869510173117e-02 -3.659756322072688e-02
6.500000000000000e-02 4.457376488078044e-02 -3.976952135366163e-02
7.000000000000001e-02 4.813669471387935e-02 -4.298314899524553e-02
7.500000000000000e-02 5.172971154815675e-02 -4.624313547273219e-02
8.000000000000000e-02 5.535506113609672e-02 -4.947334647779822e-02
8.500000000000001e-02 5.901500943920686e-02 -5.272768606106536e-02
9.000000000000000e-02 6.271184404431801e-02 -5.603403933316968e-02
9.500000000000000e-02 6.644787559340060e-02 -5.940666453875295e-02
1.000000000000000e-01 7.022543922779090e-02 -6.277294232901441e-02
1.050000000000000e-01 7.404689604773053e-02 -6.614727535832601e-02
1.100000000000000e-01 7.791463458813094e-02 -6.957112403669205e-02
1.150000000000000e-01 8.183107231148547e-02 -7.307887738941794e-02
1.200000000000000e-01 8.579865711886202e-02 -7.661128643648447e-02
1.250000000000000e-01 8.981986887992111e-02 -8.015436138885747e-02
1.300000000000000e-01 9.389722098291493e-02 -8.373094881293204e-02
1.350000000000000e-01 9.803326190563690e-02 -8.737894215799555e-02
1.400000000000000e-01 1.022305768083033e-01 -9.108509819750384e-02
1.450000000000000e-01 1.064917891493625e-01 -9.484619451257033e-02
1.500000000000000e-01 1.108195623252418e-01 -9.863589754935018e-02
1.550000000000000e-01 1.152166013350572e-01 -1.024549028798491e-01
1.600000000000000e-01 1.196856544713255e-01 -1.063320517634677e-01
1.650000000000000e-01 1.242295150377370e-01 -1.102949714506260e-01
1.700000000000000e-01 1.288510230950609e-01 -1.143190330828933e-01
1.750000000000000e-01 1.335530672362758e-01 -1.184033592360097e-01
1.800000000000000e-01 1.383385863920344e-01 -1.225338017780583e-01
1.850000000000000e-01 1.432105716675912e-01 -1.267007622598428e-01
1.900000000000000e-01 1.481720682123397e-01 -1.309264008275564e-01
1.950000000000000e-01 1.532261771231311e-01 -1.352220133369926e-01
2.000000000000000e-01 1.583760573825595e-01 -1.395854534146635e-01
2.050000000000000e-01 1.636249278334301e-01 -1.440402152932505e-01
2.100000000000000e-01 1.689760691906397e-01 -1.485593925204714e-01
2.150000000000000e-01 1.744328260917313e-01 -1.531629175966396e-01
2.200000000000000e-01 1.799986091874004e-01 -1.578294617992456e-01
2.250000000000000e-01 1.856768972732633e-01 -1.625704643632464e-01
2.300000000000000e-01 1.914712394642179e-01 -1.673777177027659e-01
2.350000000000000e-01 1.973852574127551e-01 -1.722563349139447e-01
2.400000000000000e-01 2.034226475726105e-01 -1.772047793283505e-01
2.450000000000000e-01 2.095871835091678e-01 -1.822249643260575e-01
2.500000000000000e-01 2.158827182580599e-01 -1.873169502779423e-01
2.550000000000000e-01 2.223131867334419e-01 -1.924812487686263e-01
2.600000000000000e-01 2.288826081874405e-01 -1.977177975848794e-01
2.650000000000000e-01 2.355950887223172e-01 -2.030263676706250e-01
2.700000000000000e-01 2.424548238569160e-01 -2.084064086466031e-01
2.750000000000000e-01 2.494661011489995e-01 -2.138570961122288e-01
2.800000000000000e-01 2.566333028751116e-01 -2.193773001485289e-01
2.850000000000000e-01 2.639609087696434e-01 -2.249655729707868e-01
2.900000000000000e-01 2.714534988248126e-01 -2.306201252293894e-01
2.950000000000000e-01 2.791157561533084e-01 -2.363388014866314e-01
3.000000000000000e-01 2.869524699153886e-01 -2.421190524500739e-01
3.050000000000000e-01 2.949685383122613e-01 -2.479579050070991e-01
3.100000000000000e-01 3.031689716476197e-01 -2.538519299745312e-01
3.150000000000000e-01 3.115588954592450e-01 -2.597972076781636e-01
3.200000000000000e-01 3.201435537226349e-01 -2.657892913776542e-01
3.250000000000000e-01 3.289283121286580e-01 -2.718231685532269e-01
3.300000000000000e-01 3.379186614372866e-01 -2.778932200626236e-01
3.350000000000000e-01 3.471202209094989e-01 -2.839931771795087e-01
3.400000000000000e-01 3.565387418195016e-01 -2.901160765301994e-01
3.450000000000000e-01 3.661801110494620e-01 -2.962542129538284e-01
3.500000000000000e-01 3.760503547690021e-01 -3.023990903204465e-01
3.550000000000000e-01 3.861556422017504e-01 -3.085413703511460e-01
3.600000000000000e-01 3.965022894813072e-01 -3.146708194930922e-01
3.650000000000000e-01 4.070967635990345e-01 -3.207762539094204e-01
3.700000000000000e-01 4.179456864461349e-01 -3.268454826482188e-01
3.750000000000000e-01 4.290558389525505e-01 -3.328652490553203e-01
3.800000000000000e-01 4.404341653252637e-01 -3.388211704914276e-01
3.850000000000000e-01 4.520877773886537e-01 -3.446976764044863e-01
3.900000000000000e-01 4.640239590296172e-01 -3.504779447930384e-01
3.950000000000000e-01 4.762501707502353e-01 -3.561438370760792e-01
4.000000000000000e-01 4.887740543308307e-01 -3.616758313617434e-01
4.050000000000000e-01 5.016034376063282e-01 -3.670529540849503e-01
4.100000000000000e-01 5.147463393589066e-01 -3.722527099700952e-01
4.150000000000000e-01 5.282109743299990e-01 -3.772510102808319e-01
4.200000000000000e-01 5.420057583547735e-01 -3.820220993630016e-01
4.250000000000000e-01 5.561393136223041e-01 -3.865384795961746e-01
4.300000000000000e-01 5.706204740647189e-01 -3.907708350835951e-01
4.350000000000000e-01 5.854582908786964e-01 -3.946879547854757e-01
4.400000000000000e-01 6.006620381827575e-01 -3.982566564138270e-01
4.450000000000000e-01 6.162412188138907e-01 -4.014417133621573e-01
4.500000000000000e-01 6.322055702671360e-01 -4.042057883763176e-01
4.550000000000000e-01 6.485650707818353e-01 -4.065093797550445e-01
4.600000000000000e-01 6.653299455783577e-01 -4.083107888077867e-01
4.650000000000000e-01 6.825106732491932e-01 -4.095661213282049e-01
4.700000000000000e-01 7.001179923084168e-01 -4.102293412046286e-01
4.750000000000000e-01 7.181629079036070e-01 -4.102524011835338e-01
4.800000000000000e-01 7.366566986944229e-01 -4.095854843056936e-01
4.850000000000000e-01 7.556109239021327e-01 -4.081773994704516e-01
4.900000000000000e-01 7.750374305345038e-01 -4.059761853278307e-01
4.950000000000000e-01 7.949483607905672e-01 -4.029299869254098e-01
5.000000000000000e-01 8.153561596498893e-01 -3.989882769256212e-01
5.050000000000000e-01 8.362735826510871e-01 -3.941034941813816e-01
5.100000000000000e-01 8.577137038644561e-01 -3.882331620936373e-01
5.150000000000000e-01 8.796899240636907e-01 -3.813425215318059e-01
5.200000000000000e-01 9.022159791018011e-01 -3.734076622347621e-01
5.250000000000000e-01 9.253059484964714e-01 -3.644190585717076e-01
5.300000000000000e-01 9.489742642302165e-01 -3.543853113527187e-01
5.350000000000000e-01 9.732357197708378e-01 -3.433367765354438e-01
5.400000000000000e-01 9.981054793178262e-01 -3.313286448558530e-01
5.450000000000000e-01 1.023599087280478e+00 -3.184429553251208e-01
5.500000000000000e-01 1.049732477993657e+00 -3.047890177181997e-01
5.550000000000000e-01 1.076521985677273e+00 -2.905018168430945e-01
5.600000000000001e-01 1.103984354645701e+00 -2.757381863775379e-01
5.650000000000001e-01 1.132136749773522e+00 -2.606708507835963e-01
5.700000000000001e-01 1.160996767224129e+00 -2.454807818824221e-01
5.750000000000001e-01 1.190582445447902e+00 -2.303486190857565e-01
5.800000000000000e-01 1.220912276456826e+00 -2.154460775920503e-01
5.850000000000000e-01 1.252005217382601e+00 -2.009282673652000e-01
5.900000000000000e-01 1.283880702325469e+00 -1.869276692785241e-01
5.950000000000000e-01 1.316558654501151e+00 -1.735502159098990e-01
6.000000000000000e-01 1.350059498693518e+00 -1.608735849985787e-01
6.050000000000000e-01 1.384404174020732e+00 -1.489475142873980e-01
6.100000000000000e-01 1.419614147022888e+00 -1.377957417949184e-01
6.150000000000000e-01 1.455711425079295e+00 -1.274190831727207e-01
6.200000000000000e-01 1.492718570163803e+00 -1.177991636035913e-01
6.250000000000000e-01 1.530658712946775e+00 -1.089023936494914e-01
6.300000000000000e-01 1.569555567252506e+00 -1.006838812290449e-01
6.350000000000000e-01 1.609433444881138e+00 -9.309107689935875e-02
6.400000000000000e-01 1.650317270804325e+00 -8.606703901090462e-02
6.450000000000000e-01 1.692232598744148e+00 -7.955327145678630e-02
6.500000000000000e-01 1.735205627145031e+00 -7.349212933083865e-02
6.550000000000000e-01 1.779263215548615e+00 -6.782881061821990e-02
6.600000000000000e-01 1.824432901381847e+00 -6.251296038382519e-02
6.650000000000000e-01 1.870742917168772e+00 -5.749991306926418e-02
6.700000000000000e-01 1.918222208176775e+00 -5.275159293210871e-02
6.750000000000000e-01 1.966900450508319e+00 -4.823708583634021e-02
6.800000000000000e-01 2.016808069649473e+00 -4.393289008360521e-02
6.850000000000001e-01 2.067976259486829e+00 -3.982285154872697e-02
6.900000000000001e-01 2.120437001804702e+00 -3.589779018788864e-02
6.950000000000001e-01 2.174223086274785e+00 -3.215483153938043e-02
7.000000000000001e-01 2.229368130950753e+00 -2.859646797579945e-02
7.050000000000000e-01 2.285906603280654e+00 -2.522938928161596e-02
7.100000000000000e-01 2.343873841650178e+00 -2.206313892981039e-02
7.150000000000000e-01 2.403306077470301e+00 -1.910866884453534e-02
7.200000000000000e-01 2.464240457823092e+00 -1.637687868480213e-02
7.250000000000000e-01 2.526715068679855e+00 -1.387723301693276e-02
7.300000000000000e-01 2.590768958706095e+00 -1.161654896504779e-02
7.350000000000000e-01 2.656442163668210e+00 -9.598036890256937e-03
7.400000000000000e-01 2.723775731457148e+00 -7.820657575824093e-03
7.450000000000000e-01 2.792811747744667e+00 -6.278832951861020e-03
7.500000000000000e-01 2.863593362288260e+00 -4.962516459896877e-03
7.550000000000000e-01 2.936164815901156e+00 -3.857597375036263e-03
7.600000000000000e-01 3.010571468104263e+00 -2.946584588313373e-03
7.650000000000000e-01 3.086859825477351e+00 -2.209492914671757e-03
7.700000000000000e-01 3.165077570727174e+00 -1.624841453412193e-03
7.750000000000000e-01 3.245273592490716e+00 -1.170670195921746e-03
7.800000000000000e-01 3.327498015892184e+00 -8.254879044571297e-04
7.850000000000000e-01 3.411802233872832e+00 -5.690799174536379e-04
7.900000000000000e-01 3.498238939313234e+00 -3.831265129441031e-04
7.950000000000000e-01 3.586862157968046e+00 -2.516075895744358e-04
8.000000000000000e-01 3.677727282233856e+00 -1.609942593649506e-04
8.050000000000000e-01 3.770891105771243e+00 -1.002493230395735e-04
8.100000000000001e-01 3.866411859002656e+00 -6.067412439183258e-05
8.150000000000001e-01 3.964349245508326e+00 -3.564768302722474e-05
8.200000000000001e-01 4.064764479342956e+00 -2.030526257809154e-05
8.250000000000001e-01 4.167720323296481e+00 -1.119874809100309e-05
8.300000000000001e-01 4.273281128122877e+00 -5.972272191062649e-06
8.350000000000000e-01 4.381512872761445e+00 -3.075656776115559e-06
8.400000000000000e-01 4.492483205575838e+00 -1.527489433209711e-06
8.450000000000000e-01 4.606261486636447e+00 -7.305862951307825e-07
8.500000000000000e-01 4.722918831072739e+00 -3.360685225465413e-07
8.550000000000000e-01 4.842528153522501e+00 -1.484768402611161e-07
8.600000000000000e-01 4.965164213705875e+00 -6.291870006146876e-08
8.650000000000000e-01 5.090903663152626e+00 -2.553954609625562e-08
8.700000000000000e-01 5.219825093111814e+00 -9.917238096822728e-09
8.750000000000000e-01 5.352009083673925e+00 -3.679226111888981e-09
8.800000000000000e-01 5.487538254136007e+00 -1.302475758259529e-09
8.850000000000000e-01 5.626497314641444e+00 -4.394481339206118e-10
8.900000000000000e-01 5.768973119126561e+00 -1.411460545448798e-10
8.950000000000000e-01 5.915054719607133e+00 -4.310970443887474e-11
9.000000000000000e-01 6.064833421838831e+00 -1.250762526228128e-11
9.050000000000000e-01 6.218402842386253e+00 -3.443857502578309e-12
9.100000000000000e-01 6.375858967136348e+00 -8.990704435656453e-13
9.150000000000000e-01 6.537300211292723e+00 -2.223621083416555e-13
9.200000000000000e-01 6.702827480888332e+00 -5.206197180573939e-14
9.250000000000000e-01 6.872544235855034e+00 -1.153141172592033e-14
9.300000000000000e-01 7.046556554689444e+00 -2.414856391354581e-15
9.350000000000001e-01 7.224973200755413e+00 -4.778899690506447e-16
9.400000000000001e-01 7.407905690264673e+00 -8.933236087707616e-17
9.450000000000001e-01 7.595468361978146e+00 -1.576832805781887e-17
9.500000000000001e-01 7.787778448671316e+00 -2.627509318125511e-18
9.550000000000001e-01 7.984956150408610e+00 -4.132410434815142e-19
9.600000000000000e-01 8.187124709672272e+00 -6.133570823532857e-20
9.650000000000000e-01 8.394410488393007e+00 -8.591201076822069e-21
9.700000000000000e-01 8.606943046930221e+00 -1.135618462914841e-21
9.750000000000000e-01 8.824855225051540e+00 -1.416713953304353e-22
9.800000000000000e-01 9.048283224961922e+00 -1.668244078258587e-23
9.850000000000000e-01 9.277366696434507e+00 -1.854577048109376e-24
9.900000000000000e-01 9.512248824096272e+00 -1.945728504407966e-25
9.950000000000000e-01 9.753076416923058e+00 -2.024237511619659e-26
1.000000000000000e+00 1.000000000000000e+01 8.672824618950979e-27
