0.000000000000000e+00 0.000000000000000e+00 0.000000000000000e+00
5.000000000000000e-03 3.369477419287315e-03 -2.726826847336668e-03
1.000000000000000e-02 6.741060871647481e-03 -5.402685997837280e-03
1.500000000000000e-02 1.011685770649257e-02 -8.469782566090683e-03
2.000000000000000e-02 1.349897790673588e-02 -1.170534562277013e-02
2.500000000000000e-02 1.688953540759990e-02 -1.525941127428008e-02
3.000000000000000e-02 2.029064941789469e-02 -1.841186944766368e-02
3.500000000000000e-02 2.370444574459234e-02 -2.171588679813088e-02
4.000000000000000e-02 2.713305812152553e-02 -2.495781215385531e-02
4.500000000000000e-02 3.057862954304063e-02 -2.819726558823428e-02
5.000000000000000e-02 3.404331360343898e-02 -3.143334761883682e-02
5.500000000000000e-02 3.752927584304335e-02 -3.477238513753283e-02
6.000000000000000e-02 4.103869510173117e-02 -3.803983438421026e-02
6.500000000000000e-02 4.457376488078044e-02 -4.133623968033486e-02
7.000000000000001e-02 4.813669471387935e-02 -4.468669637002467e-02
7.500000000000000e-02 5.172971154815675e-02 -4.806923651675190e-02
8.000000000000000e-02 5.535506113609672e-02 -5.142183659590292e-02
8.500000000000001e-02 5.901500943920686e-02 -5.485328710670806e-02
9.000000000000000e-02 6.271184404431801e-02 -5.832596480190236e-02
9.500000000000000e-02 6.644787559340060e-02 -6.179826361115667e-02
1.000000000000000e-01 7.022543922779090e-02 -6.529446322120064e-02
1.050000000000000e-01 7.404689604773053e-02 -6.888514380844857e-02
1.100000000000000e-01 7.791463458813094e-02 -7.249604949562326e-02
1.150000000000000e-01 8.183107231148547e-02 -7.611719923658966e-02
1.200000000000000e-01 8.579865711886202e-02 -7.980067046255576e-02
1.250000000000000e-01 8.981986887992111e-02 -8.356641372176868e-02
1.300000000000000e-01 9.389722098291493e-02 -8.734857617012520e-02
1.350000000000000e-01 9.803326190563690e-02 -9.117100364732113e-02
1.400000000000000e-01 1.022305768083033e-01 -9.507247025820066e-02
1.450000000000000e-01 1.064917891493625e-01 -9.904041606173596e-02
1.500000000000000e-01 1.108195623252418e-01 -1.030369139176108e-01
1.550000000000000e-01 1.152166013350572e-01 -1.071005834817573e-01
1.600000000000000e-01 1.196856544713255e-01 -1.112486419596218e-01
1.650000000000000e-01 1.242295150377370e-01 -1.154578362062478e-01
1.700000000000000e-01 1.288510230950609e-01 -1.197125177755986e-01
1.750000000000000e-01 1.335530672362758e-01 -1.240511453057641e-01
1.800000000000000e-01 1.383385863920344e-01 -1.284791140821136e-01
1.850000000000000e-01 1.432105716675912e-01 -1.329741095573271e-01
1.900000000000000e-01 1.481720682123397e-01 -1.375291809342606e-01
1.950000000000000e-01 1.532261771231311e-01 -1.421767533337016e-01
2.000000000000000e-01 1.583760573825595e-01 -1.469224817595055e-01
2.050000000000000e-01 1.636249278334301e-01 -1.517498075862094e-01
2.100000000000000e-01 1.689760691906397e-01 -1.566489536525362e-01
2.150000000000000e-01 1.744328260917313e-01 -1.616425667819451e-01
2.200000000000000e-01 1.799986091874004e-01 -1.667450071193768e-01
2.250000000000000e-01 1.856768972732633e-01 -1.719515540996322e-01
2.300000000000000e-01 1.914712394642179e-01 -1.772441976895349e-01
2.350000000000000e-01 1.973852574127551e-01 -1.826287934276629e-01
2.400000000000000e-01 2.034226475726105e-01 -1.881273601583315e-01
2.450000000000000e-01 2.095871835091678e-01 -1.937535163741090e-01
2.500000000000000e-01 2.158827182580599e-01 -1.994908274879844e-01
2.550000000000000e-01 2.223131867334419e-01 -2.053301069222155e-01
2.600000000000000e-01 2.288826081874405e-01 -2.112812445791715e-01
2.650000000000000e-01 2.355950887223172e-01 -2.173598067169213e-01
2.700000000000000e-01 2.424548238569160e-01 -2.235735790728149e-01
2.750000000000000e-01 2.494661011489995e-01 -2.299291440728242e-01
2.800000000000000e-01 2.566333028751116e-01 -2.364162854361291e-01
2.850000000000000e-01 2.639609087696434e-01 -2.430309658610340e-01
2.900000000000000e-01 2.714534988248126e-01 -2.497825177618288e-01
2.950000000000000e-01 2.791157561533084e-01 -2.566774990404904e-01
3.000000000000000e-01 2.869524699153886e-01 -2.637272756323433e-01
3.050000000000000e-01 2.949685383122613e-01 -2.709453728886575e-01
3.100000000000000e-01 3.031689716476197e-01 -2.783303575861382e-01
3.150000000000000e-01 3.115588954592450e-01 -2.858955008255073e-01
3.200000000000000e-01 3.201435537226349e-01 -2.936379468062615e-01
3.250000000000000e-01 3.289283121286580e-01 -3.015697309875181e-01
3.300000000000000e-01 3.379186614372866e-01 -3.096946183027554e-01
3.350000000000000e-01 3.471202209094989e-01 -3.180246502433244e-01
3.400000000000000e-01 3.565387418195016e-01 -3.265696893563236e-01
3.450000000000000e-01 3.661801110494620e-01 -3.353434510850369e-01
3.500000000000000e-01 3.760503547690021e-01 -3.443604828972465e-01
3.550000000000000e-01 3.861556422017504e-01 -3.536380659537388e-01
3.600000000000000e-01 3.965022894813072e-01 -3.631959334529560e-01
3.650000000000000e-01 4.070967635990345e-01 -3.730571690429383e-01
3.700000000000000e-01 4.179456864461349e-01 -3.832487980122603e-01
3.750000000000000e-01 4.290558389525505e-01 -3.938027337573515e-01
3.800000000000000e-01 4.404341653252637e-01 -4.047568749661830e-01
3.850000000000000e-01 4.520877773886537e-01 -4.161565133100646e-01
3.900000000000000e-01 4.640239590296172e-01 -4.280561043587945e-01
3.950000000000000e-01 4.762501707502353e-01 -4.405215306683926e-01
4.000000000000000e-01 4.887740543308307e-01 -4.536330125035543e-01
4.050000000000000e-01 5.016034376063282e-01 -4.674888862340062e-01
4.100000000000000e-01 5.147463393589066e-01 -4.822105532406378e-01
4.150000000000000e-01 5.282109743299990e-01 -4.979490224995858e-01
4.200000000000000e-01 5.420057583547735e-01 -5.148936391312647e-01
4.250000000000000e-01 5.561393136223041e-01 -5.332838256179169e-01
4.300000000000000e-01 5.706204740647189e-01 -5.534249708429180e-01
4.350000000000000e-01 5.854582908786964e-01 -5.757099561257255e-01
4.400000000000000e-01 6.006620381827575e-01 -6.006480413650611e-01
4.450000000000000e-01 6.162412188138907e-01 -6.289023321402306e-01
4.500000000000000e-01 6.322055702671360e-01 -6.613337589898266e-01
4.550000000000000e-01 6.485650707818353e-01 -6.990368204671048e-01
4.600000000000000e-01 6.653299455783577e-01 -7.433092840189991e-01
4.650000000000000e-01 6.825106732491932e-01 -7.953596636672984e-01
4.700000000000000e-01 7.001179923084168e-01 -8.551406782417023e-01
4.750000000000000e-01 7.181629079036070e-01 -9.176537790675170e-01
4.800000000000000e-01 7.366566986944229e-01 -9.637909606394081e-01
4.850000000000000e-01 7.556109239021327e-01 -9.479088349653196e-01
4.900000000000000e-01 7.750374305345038e-01 -8.115562553597149e-01
4.950000000000000e-01 7.949483607905672e-01 -5.604344100852420e-01
5.000000000000000e-01 8.153561596498893e-01 -3.095445948002175e-01
5.050000000000000e-01 8.362735826510871e-01 -1.608738071710537e-01
5.100000000000000e-01 8.577137038644561e-01 -9.557046865812387e-02
5.150000000000000e-01 8.796899240636907e-01 -5.863489991028303e-02
5.200000000000000e-01 9.022159791018011e-01 -3.496282850234980e-02
5.250000000000000e-01 9.253059484964714e-01 -2.127871844160930e-02
5.300000000000000e-01 9.489742642302165e-01 -1.193436953305146e-02
5.350000000000000e-01 9.732357197708378e-01 -5.391829772613408e-03
5.400000000000000e-01 9.981054793178262e-01 -8.916717654519209e-04
5.450000000000000e-01 1.023599087280478e+00 2.457099873909833e-03
5.500000000000000e-01 1.049732477993657e+00 4.916138546499020e-03
5.550000000000000e-01 1.076521985677273e+00 6.738640365188060e-03
5.600000000000001e-01 1.103984354645701e+00 8.108915714580734e-03
5.650000000000001e-01 1.132136749773522e+00 9.118862939778039e-03
5.700000000000001e-01 1.160996767224129e+00 9.855191585300448e-03
5.750000000000001e-01 1.190582445447902e+00 1.037412876089279e-02
5.800000000000000e-01 1.220912276456826e+00 1.071665914209686e-02
5.850000000000000e-01 1.252005217382601e+00 1.091595265094888e-02
5.900000000000000e-01 1.283880702325469e+00 1.099597398273950e-02
5.950000000000000e-01 1.316558654501151e+00 1.097577476689558e-02
6.000000000000000e-01 1.350059498693518e+00 1.087024573554628e-02
6.050000000000000e-01 1.384404174020732e+00 1.069098903778478e-02
6.100000000000000e-01 1.419614147022888e+00 1.044723567145915e-02
6.150000000000000e-01 1.455711425079295e+00 1.014624947112643e-02
6.200000000000000e-01 1.492718570163803e+00 9.793755874036960e-03
6.250000000000000e-01 1.530658712946775e+00 9.394244026430647e-03
6.300000000000000e-01 1.569555567252506e+00 8.951193398923557e-03
6.350000000000000e-01 1.609433444881138e+00 8.467263774688741e-03
6.400000000000000e-01 1.650317270804325e+00 7.944443623163161e-03
6.450000000000000e-01 1.692232598744148e+00 7.384173978809390e-03
6.500000000000000e-01 1.735205627145031e+00 6.787453769215168e-03
6.550000000000000e-01 1.779263215548615e+00 6.154931877249609e-03
6.600000000000000e-01 1.824432901381847e+00 5.486991004667224e-03
6.650000000000000e-01 1.870742917168772e+00 4.783826929066919e-03
6.700000000000000e-01 1.918222208176775e+00 4.045526417115145e-03
6.750000000000000e-01 1.966900450508319e+00 3.272146568604728e-03
6.800000000000000e-01 2.016808069649473e+00 2.463797964700866e-03
6.850000000000001e-01 2.067976259486829e+00 1.620733615892876e-03
6.900000000000001e-01 2.120437001804702e+00 7.434452491325991e-04
6.950000000000001e-01 2.174223086274785e+00 -1.672320948910525e-04
7.000000000000001e-01 2.229368130950753e+00 -1.110006923802555e-03
7.050000000000000e-01 2.285906603280654e+00 -2.083010338907628e-03
7.100000000000000e-01 2.343873841650178e+00 -3.083669178161302e-03
7.150000000000000e-01 2.403306077470301e+00 -4.108576584093357e-03
7.200000000000000e-01 2.464240457823092e+00 -5.153364893700039e-03
7.250000000000000e-01 2.526715068679855e+00 -6.212587337892780e-03
7.300000000000000e-01 2.590768958706095e+00 -7.279616436181857e-03
7.350000000000000e-01 2.656442163668210e+00 -8.346567898204062e-03
7.400000000000000e-01 2.723775731457148e+00 -9.404258990727880e-03
7.450000000000000e-01 2.792811747744667e+00 -1.044220943198101e-02
7.500000000000000e-01 2.863593362288260e+00 -1.144869080956474e-02
7.550000000000000e-01 2.936164815901156e+00 -1.241082741079192e-02
7.600000000000000e-01 3.010571468104263e+00 -1.331474766177919e-02
7.650000000000000e-01 3.086859825477351e+00 -1.414578187153304e-02
7.700000000000000e-01 3.165077570727174e+00 -1.488869967653108e-02
7.750000000000000e-01 3.245273592490716e+00 -1.552798057849709e-02
7.800000000000000e-01 3.327498015892184e+00 -1.604811422962962e-02
7.850000000000000e-01 3.411802233872832e+00 -1.643393413243207e-02
7.900000000000000e-01 3.498238939313234e+00 -1.667099895042817e-02
7.950000000000000e-01 3.586862157968046e+00 -1.674604889532732e-02
8.000000000000000e-01 3.677727282233856e+00 -1.664757947179051e-02
8.050000000000000e-01 3.770891105771243e+00 -1.636658812080407e-02
8.100000000000001e-01 3.866411859002656e+00 -1.589755226455832e-02
8.150000000000001e-01 3.964349245508326e+00 -1.523967282638546e-02
8.200000000000001e-01 4.064764479342956e+00 -1.439834489293983e-02
8.250000000000001e-01 4.167720323296481e+00 -1.338668854327541e-02
8.300000000000001e-01 4.273281128122877e+00 -1.222681186451853e-02
8.350000000000000e-01 4.381512872761445e+00 -1.095034825040754e-02
8.400000000000000e-01 4.492483205575838e+00 -9.597795416995314e-03
8.450000000000000e-01 4.606261486636447e+00 -8.216346459890084e-03
8.500000000000000e-01 4.722918831072739e+00 -6.856239615351483e-03
8.550000000000000e-01 4.842528153522501e+00 -5.566075155894490e-03
8.600000000000000e-01 4.965164213705875e+00 -4.387908892073484e-03
8.650000000000000e-01 5.090903663152626e+00 -3.353088325998299e-03
8.700000000000000e-01 5.219825093111814e+00 -2.479673991654710e-03
8.750000000000000e-01 5.352009083673925e+00 -1.771914423514794e-03
8.800000000000000e-01 5.487538254136007e+00 -1.221742494575739e-03
8.850000000000000e-01 5.626497314641444e+00 -8.117996131524957e-04
8.900000000000000e-01 5.768973119126561e+00 -5.192127984035357e-04
8.950000000000000e-01 5.915054719607133e+00 -3.193112470849351e-04
9.000000000000000e-01 6.064833421838831e+00 -1.886460291113524e-04
9.050000000000000e-01 6.218402842386253e+00 -1.069752053066042e-04
9.100000000000000e-01 6.375858967136348e+00 -5.818358642277423e-05
9.150000000000000e-01 6.537300211292723e+00 -3.033329091758719e-05
9.200000000000000e-01 6.702827480888332e+00 -1.514946414207118e-05
9.250000000000000e-01 6.872544235855034e+00 -7.244780950553103e-06
9.300000000000000e-01 7.046556554689444e+00 -3.316094384809061e-06
9.350000000000001e-01 7.224973200755413e+00 -1.452294620083663e-06
9.400000000000001e-01 7.407905690264673e+00 -6.083983078764456e-07
9.450000000000001e-01 7.595468361978146e+00 -2.437418145321901e-07
9.500000000000001e-01 7.787778448671316e+00 -9.336970959676642e-08
9.550000000000001e-01 7.984956150408610e+00 -3.419484614131085e-08
9.600000000000000e-01 8.187124709672272e+00 -1.197171248625591e-08
9.650000000000000e-01 8.394410488393007e+00 -4.006552534167576e-09
9.700000000000000e-01 8.606943046930221e+00 -1.281728799133332e-09
9.750000000000000e-01 8.824855225051540e+00 -3.919558376872368e-10
9.800000000000000e-01 9.048283224961922e+00 -1.145771231774820e-10
9.850000000000000e-01 9.277366696434507e+00 -3.202788074407885e-11
9.900000000000000e-01 9.512248824096272e+00 -8.522509813181439e-12
9.950000000000000e-01 9.753076416923058e+00 -2.281081039028038e-12
1.000000000000000e+00 1.000000000000000e+01 -9.022069123253596e-14
