0.000000000000000e+00 0.000000000000000e+00 0.000000000000000e+00
5.000000000000000e-03 3.369477419287315e-03 -3.073508207683482e-03
1.000000000000000e-02 6.741060871647481e-03 -5.752334155605317e-03
1.500000000000000e-02 1.011685770649257e-02 -8.418241614936341e-03
2.000000000000000e-02 1.349897790673588e-02 -1.169119226789569e-02
2.500000000000000e-02 1.688953540759990e-02 -1.538166520446018e-02
3.000000000000000e-02 2.029064941789469e-02 -1.852045057362185e-02
3.500000000000000e-02 2.370444574459234e-02 -2.179423237478744e-02
4.000000000000000e-02 2.713305812152553e-02 -2.508329764927784e-02
4.500000000000000e-02 3.057862954304063e-02 -2.835539549508432e-02
5.000000000000000e-02 3.404331360343898e-02 -3.157756026167339e-02
5.500000000000000e-02 3.752927584304335e-02 -3.493558673267804e-02
6.000000000000000e-02 4.103869510173117e-02 -3.824577772111208e-02
6.500000000000000e-02 4.457376488078044e-02 -4.154419668455679e-02
7.000000000000001e-02 4.813669471387935e-02 -4.489210056468350e-02
7.500000000000000e-02 5.172971154815675e-02 -4.831351648705586e-02
8.000000000000000e-02 5.535506113609672e-02 -5.169465435102814e-02
8.500000000000001e-02 5.901500943920686e-02 -5.512099633960164e-02
9.000000000000000e-02 6.271184404431801e-02 -5.860903255815349e-02
9.500000000000000e-02 6.644787559340060e-02 -6.211940337471587e-02
1.000000000000000e-01 7.022543922779090e-02 -6.562976013135785e-02
1.050000000000000e-01 7.404689604773053e-02 -6.922561741779391e-02
1.100000000000000e-01 7.791463458813094e-02 -7.286521613108438e-02
1.150000000000000e-01 8.183107231148547e-02 -7.651337033518901e-02
1.200000000000000e-01 8.579865711886202e-02 -8.020545998058556e-02
1.250000000000000e-01 8.981986887992111e-02 -8.399089270099322e-02
1.300000000000000e-01 9.389722098291493e-02 -8.780620871423969e-02
1.350000000000000e-01 9.803326190563690e-02 -9.164686899524199e-02
1.400000000000000e-01 1.022305768083033e-01 -9.555989722529726e-02
1.450000000000000e-01 1.064917891493625e-01 -9.955742505759325e-02
1.500000000000000e-01 1.108195623252418e-01 -1.035866890693092e-01
1.550000000000000e-01 1.152166013350572e-01 -1.076666273340016e-01
1.600000000000000e-01 1.196856544713255e-01 -1.118324480615711e-01
1.650000000000000e-01 1.242295150377370e-01 -1.160761913243056e-01
1.700000000000000e-01 1.288510230950609e-01 -1.203636404367152e-01
1.750000000000000e-01 1.335530672362758e-01 -1.247215590278480e-01
1.800000000000000e-01 1.383385863920344e-01 -1.291731593876050e-01
1.850000000000000e-01 1.432105716675912e-01 -1.337058260808581e-01
1.900000000000000e-01 1.481720682123397e-01 -1.382965339860049e-01
1.950000000000000e-01 1.532261771231311e-01 -1.429691286265929e-01
2.000000000000000e-01 1.583760573825595e-01 -1.477434240578672e-01
2.050000000000000e-01 1.636249278334301e-01 -1.526115567669598e-01
2.100000000000000e-01 1.689760691906397e-01 -1.575522605949339e-01
2.150000000000000e-01 1.744328260917313e-01 -1.625793879250004e-01
2.200000000000000e-01 1.799986091874004e-01 -1.677159198507824e-01
2.250000000000000e-01 1.856768972732633e-01 -1.729662061788861e-01
2.300000000000000e-01 1.914712394642179e-01 -1.783077577728163e-01
2.350000000000000e-01 1.973852574127551e-01 -1.837387359622620e-01
2.400000000000000e-01 2.034226475726105e-01 -1.892815001378052e-01
2.450000000000000e-01 2.095871835091678e-01 -1.949549090954376e-01
2.500000000000000e-01 2.158827182580599e-01 -2.007467439561773e-01
2.550000000000000e-01 2.223131867334419e-01 -2.066472705732669e-01
2.600000000000000e-01 2.288826081874405e-01 -2.126605434556983e-01
2.650000000000000e-01 2.355950887223172e-01 -2.187994477543343e-01
2.700000000000000e-01 2.424548238569160e-01 -2.250767091411102e-01
2.750000000000000e-01 2.494661011489995e-01 -2.315026237500217e-01
2.800000000000000e-01 2.566333028751116e-01 -2.380672374701628e-01
2.850000000000000e-01 2.639609087696434e-01 -2.447669034313462e-01
2.900000000000000e-01 2.714534988248126e-01 -2.516083402552500e-01
2.950000000000000e-01 2.791157561533084e-01 -2.585968424337253e-01
3.000000000000000e-01 2.869524699153886e-01 -2.657460777358009e-01
3.050000000000000e-01 2.949685383122613e-01 -2.730698892957117e-01
3.100000000000000e-01 3.031689716476197e-01 -2.805695645375391e-01
3.150000000000000e-01 3.115588954592450e-01 -2.882596444533259e-01
3.200000000000000e-01 3.201435537226349e-01 -2.961381698334490e-01
3.250000000000000e-01 3.289283121286580e-01 -3.042187959607722e-01
3.300000000000000e-01 3.379186614372866e-01 -3.125060389215775e-01
3.350000000000000e-01 3.471202209094989e-01 -3.210139187598057e-01
3.400000000000000e-01 3.565387418195016e-01 -3.297539617320328e-01
3.450000000000000e-01 3.661801110494620e-01 -3.387424092328886e-01
3.500000000000000e-01 3.760503547690021e-01 -3.479965414451587e-01
3.550000000000000e-01 3.861556422017504e-01 -3.575370530924961e-01
3.600000000000000e-01 3.965022894813072e-01 -3.673876791292792e-01
3.650000000000000e-01 4.070967635990345e-01 -3.775763463589120e-01
3.700000000000000e-01 4.179456864461349e-01 -3.881359264004189e-01
3.750000000000000e-01 4.290558389525505e-01 -3.991054723638696e-01
3.800000000000000e-01 4.404341653252637e-01 -4.105316691612909e-01
3.850000000000000e-01 4.520877773886537e-01 -4.224707274356669e-01
3.900000000000000e-01 4.640239590296172e-01 -4.349908104142471e-01
3.950000000000000e-01 4.762501707502353e-01 -4.481752028604921e-01
4.000000000000000e-01 4.887740543308307e-01 -4.621264894895412e-01
4.050000000000000e-01 5.016034376063282e-01 -4.769721388118922e-01
4.100000000000000e-01 5.147463393589066e-01 -4.928720713265677e-01
4.150000000000000e-01 5.282109743299990e-01 -5.100290809298053e-01
4.200000000000000e-01 5.420057583547735e-01 -5.287034392415906e-01
4.250000000000000e-01 5.561393136223041e-01 -5.492337643595918e-01
4.300000000000000e-01 5.706204740647189e-01 -5.720674900521363e-01
4.350000000000000e-01 5.854582908786964e-01 -5.978064125047814e-01
4.400000000000000e-01 6.006620381827575e-01 -6.272765138650174e-01
4.450000000000000e-01 6.162412188138907e-01 -6.616377727485536e-01
4.500000000000000e-01 6.322055702671360e-01 -7.025607339258730e-01
4.550000000000000e-01 6.485650707818353e-01 -7.525127414863763e-01
4.600000000000000e-01 6.653299455783577e-01 -8.152035139871101e-01
4.650000000000000e-01 6.825106732491932e-01 -8.961249747904588e-01
4.700000000000000e-01 7.001179923084168e-01 -1.002218713166280e+00
4.750000000000000e-01 7.181629079036070e-01 -1.134787022890053e+00
4.800000000000000e-01 7.366566986944229e-01 -1.253024769694290e+00
4.850000000000000e-01 7.556109239021327e-01 -1.198311211730138e+00
4.900000000000000e-01 7.750374305345038e-01 -8.079225541436966e-01
4.950000000000000e-01 7.949483607905672e-01 -3.205219549772123e-01
5.000000000000000e-01 8.153561596498893e-01 -1.170246225883362e-01
5.050000000000000e-01 8.362735826510871e-01 -9.200299967299777e-02
5.100000000000000e-01 8.577137038644561e-01 -4.992811171643729e-02
5.150000000000000e-01 8.796899240636907e-01 -2.791103261435689e-02
5.200000000000000e-01 9.022159791018011e-01 -1.995449378716569e-02
5.250000000000000e-01 9.253059484964714e-01 -8.090951973026230e-03
5.300000000000000e-01 9.489742642302165e-01 -3.318682001093586e-03
5.350000000000000e-01 9.732357197708378e-01 1.344616567192472e-03
5.400000000000000e-01 9.981054793178262e-01 4.991743523022539e-03
5.450000000000000e-01 1.023599087280478e+00 7.139184759402326e-03
5.500000000000000e-01 1.049732477993657e+00 9.289764753723811e-03
5.550000000000000e-01 1.076521985677273e+00 1.063252596169687e-02
5.600000000000001e-01 1.103984354645701e+00 1.175206887094818e-02
5.650000000000001e-01 1.132136749773522e+00 1.260391675270986e-02
5.700000000000001e-01 1.160996767224129e+00 1.319428383375229e-02
5.750000000000001e-01 1.190582445447902e+00 1.365971257352254e-02
5.800000000000000e-01 1.220912276456826e+00 1.396129233345769e-02
5.850000000000000e-01 1.252005217382601e+00 1.416141396719315e-02
5.900000000000000e-01 1.283880702325469e+00 1.426931242210306e-02
5.950000000000000e-01 1.316558654501151e+00 1.429843164304336e-02
6.000000000000000e-01 1.350059498693518e+00 1.426642569198387e-02
6.050000000000000e-01 1.384404174020732e+00 1.417887685771455e-02
6.100000000000000e-01 1.419614147022888e+00 1.404555823525099e-02
6.150000000000000e-01 1.455711425079295e+00 1.387199264974338e-02
6.200000000000000e-01 1.492718570163803e+00 1.366290527077987e-02
6.250000000000000e-01 1.530658712946775e+00 1.342227742385868e-02
6.300000000000000e-01 1.569555567252506e+00 1.315283639330299e-02
6.350000000000000e-01 1.609433444881138e+00 1.285682368384332e-02
6.400000000000000e-01 1.650317270804325e+00 1.253578695428510e-02
6.450000000000000e-01 1.692232598744148e+00 1.219077428833874e-02
6.500000000000000e-01 1.735205627145031e+00 1.182240327092621e-02
6.550000000000000e-01 1.779263215548615e+00 1.143089968566480e-02
6.600000000000000e-01 1.824432901381847e+00 1.101616104983742e-02
6.650000000000000e-01 1.870742917168772e+00 1.057778971610896e-02
6.700000000000000e-01 1.918222208176775e+00 1.011512906489181e-02
6.750000000000000e-01 1.966900450508319e+00 9.627294281720660e-03
6.800000000000000e-01 2.016808069649473e+00 9.113200936935321e-03
6.850000000000001e-01 2.067976259486829e+00 8.571594184046126e-03
6.900000000000001e-01 2.120437001804702e+00 8.001079532176127e-03
6.950000000000001e-01 2.174223086274785e+00 7.400157533338277e-03
7.000000000000001e-01 2.229368130950753e+00 6.767264358764585e-03
7.050000000000000e-01 2.285906603280654e+00 6.100820536347324e-03
7.100000000000000e-01 2.343873841650178e+00 5.399290303579735e-03
7.150000000000000e-01 2.403306077470301e+00 4.661254147678534e-03
7.200000000000000e-01 2.464240457823092e+00 3.885497146096583e-03
7.250000000000000e-01 2.526715068679855e+00 3.071115557984784e-03
7.300000000000000e-01 2.590768958706095e+00 2.217643658138339e-03
7.350000000000000e-01 2.656442163668210e+00 1.325201915763395e-03
7.400000000000000e-01 2.723775731457148e+00 3.946661620477687e-04
7.450000000000000e-01 2.792811747744667e+00 -5.721447582122158e-04
7.500000000000000e-01 2.863593362288260e+00 -1.572268238088018e-03
7.550000000000000e-01 2.936164815901156e+00 -2.601392960989006e-03
7.600000000000000e-01 3.010571468104263e+00 -3.653662479913301e-03
7.650000000000000e-01 3.086859825477351e+00 -4.721503610630676e-03
7.700000000000000e-01 3.165077570727174e+00 -5.795498336681284e-03
7.750000000000000e-01 3.245273592490716e+00 -6.864318186008251e-03
7.800000000000000e-01 3.327498015892184e+00 -7.914737439832646e-03
7.850000000000000e-01 3.411802233872832e+00 -8.931735936683066e-03
7.900000000000000e-01 3.498238939313234e+00 -9.898694181244352e-03
7.950000000000000e-01 3.586862157968046e+00 -1.079767454057682e-02
8.000000000000000e-01 3.677727282233856e+00 -1.160977552170097e-02
8.050000000000000e-01 3.770891105771243e+00 -1.231554492083899e-02
8.100000000000001e-01 3.866411859002656e+00 -1.289544345384222e-02
8.150000000000001e-01 3.964349245508326e+00 -1.333036234403548e-02
8.200000000000001e-01 4.064764479342956e+00 -1.360221707060235e-02
8.250000000000001e-01 4.167720323296481e+00 -1.369467076511274e-02
8.300000000000001e-01 4.273281128122877e+00 -1.359408638797729e-02
8.350000000000000e-01 4.381512872761445e+00 -1.329084471988639e-02
8.400000000000000e-01 4.492483205575838e+00 -1.278113986677082e-02
8.450000000000000e-01 4.606261486636447e+00 -1.206921304554920e-02
8.500000000000000e-01 4.722918831072739e+00 -1.116969887957307e-02
8.550000000000000e-01 4.842528153522501e+00 -1.010942737473084e-02
8.600000000000000e-01 4.965164213705875e+00 -8.927827766292465e-03
8.650000000000000e-01 5.090903663152626e+00 -7.675195035878876e-03
8.700000000000000e-01 5.219825093111814e+00 -6.408565463250209e-03
8.750000000000000e-01 5.352009083673925e+00 -5.185677176527233e-03
8.800000000000000e-01 5.487538254136007e+00 -4.058186681064215e-03
8.850000000000000e-01 5.626497314641444e+00 -3.065670723183942e-03
8.900000000000000e-01 5.768973119126561e+00 -2.231791841617363e-03
8.950000000000000e-01 5.915054719607133e+00 -1.563392374526810e-03
9.000000000000000e-01 6.064833421838831e+00 -1.052448512305718e-03
9.050000000000000e-01 6.218402842386253e+00 -6.800813844877881e-04
9.100000000000000e-01 6.375858967136348e+00 -4.214313721722549e-04
9.150000000000000e-01 6.537300211292723e+00 -2.502311807463257e-04
9.200000000000000e-01 6.702827480888332e+00 -1.422672021041196e-04
9.250000000000000e-01 6.872544235855034e+00 -7.740495161280003e-05
9.300000000000000e-01 7.046556554689444e+00 -4.028385487374405e-05
9.350000000000001e-01 7.224973200755413e+00 -2.004611064378711e-05
9.400000000000001e-01 7.407905690264673e+00 -9.535435297897218e-06
9.450000000000001e-01 7.595468361978146e+00 -4.334792689819991e-06
9.500000000000001e-01 7.787778448671316e+00 -1.882987056290709e-06
9.550000000000001e-01 7.984956150408610e+00 -7.815116009682751e-07
9.600000000000000e-01 8.187124709672272e+00 -3.098927568963808e-07
9.650000000000000e-01 8.394410488393007e+00 -1.174011149376783e-07
9.700000000000000e-01 8.606943046930221e+00 -4.249423197331686e-08
9.750000000000000e-01 8.824855225051540e+00 -1.469644749094389e-08
9.800000000000000e-01 9.048283224961922e+00 -4.856622297284643e-09
9.850000000000000e-01 9.277366696434507e+00 -1.534401522343901e-09
9.900000000000000e-01 9.512248824096272e+00 -4.609393385200352e-10
9.950000000000000e-01 9.753076416923058e+00 -1.387818111311031e-10
1.000000000000000e+00 1.000000000000000e+01 -1.507936604755994e-11
