0.000000000000000e+00 0.000000000000000e+00 0.000000000000000e+00
5.000000000000000e-03 3.369477419287315e-03 -1.749775079202780e-03
1.000000000000000e-02 6.741060871647481e-03 -4.327901704920407e-03
1.500000000000000e-02 1.011685770649257e-02 -8.323749703919761e-03
2.000000000000000e-02 1.349897790673588e-02 -1.147210615204889e-02
2.500000000000000e-02 1.688953540759990e-02 -1.466529122292138e-02
3.000000000000000e-02 2.029064941789469e-02 -1.771109229731465e-02
3.500000000000000e-02 2.370444574459234e-02 -2.095730226306321e-02
4.000000000000000e-02 2.713305812152553e-02 -2.407461121387716e-02
4.500000000000000e-02 3.057862954304063e-02 -2.718281404439312e-02
5.000000000000000e-02 3.404331360343898e-02 -3.030677362243294e-02
5.500000000000000e-02 3.752927584304335e-02 -3.352730141988883e-02
6.000000000000000e-02 4.103869510173117e-02 -3.667575619816223e-02
6.500000000000000e-02 4.457376488078044e-02 -3.984913451659989e-02
7.000000000000001e-02 4.813669471387935e-02 -4.307416429295918e-02
7.500000000000000e-02 5.172971154815675e-02 -4.633735285934972e-02
8.000000000000000e-02 5.535506113609672e-02 -4.956784923545315e-02
8.500000000000001e-02 5.901500943920686e-02 -5.286236024228985e-02
9.000000000000000e-02 6.271184404431801e-02 -5.620450531072999e-02
9.500000000000000e-02 6.644787559340060e-02 -5.955535539638660e-02
1.000000000000000e-01 7.022543922779090e-02 -6.291417651198493e-02
1.050000000000000e-01 7.404689604773053e-02 -6.635781154337447e-02
1.100000000000000e-01 7.791463458813094e-02 -6.983707488238820e-02
1.150000000000000e-01 8.183107231148547e-02 -7.332235284275332e-02
1.200000000000000e-01 8.579865711886202e-02 -7.684803027047965e-02
1.250000000000000e-01 8.981986887992111e-02 -8.046223421514206e-02
1.300000000000000e-01 9.389722098291493e-02 -8.410693840505760e-02
1.350000000000000e-01 9.803326190563690e-02 -8.776998521443992e-02
1.400000000000000e-01 1.022305768083033e-01 -9.149376083616334e-02
1.450000000000000e-01 1.064917891493625e-01 -9.530393139614271e-02
1.500000000000000e-01 1.108195623252418e-01 -9.914864363333667e-02
1.550000000000000e-01 1.152166013350572e-01 -1.030264884243699e-01
1.600000000000000e-01 1.196856544713255e-01 -1.069762283828060e-01
1.650000000000000e-01 1.242295150377370e-01 -1.110132484690936e-01
1.700000000000000e-01 1.288510230950609e-01 -1.150949373413371e-01
1.750000000000000e-01 1.335530672362758e-01 -1.192205858687352e-01
1.800000000000000e-01 1.383385863920344e-01 -1.234237996179139e-01
1.850000000000000e-01 1.432105716675912e-01 -1.277205946580480e-01
1.900000000000000e-01 1.481720682123397e-01 -1.320763647985946e-01
1.950000000000000e-01 1.532261771231311e-01 -1.364832889000983e-01
2.000000000000000e-01 1.583760573825595e-01 -1.409685467615210e-01
2.050000000000000e-01 1.636249278334301e-01 -1.455548695754458e-01
2.100000000000000e-01 1.689760691906397e-01 -1.502191802956008e-01
2.150000000000000e-01 1.744328260917313e-01 -1.549459688216119e-01
2.200000000000000e-01 1.799986091874004e-01 -1.597472645043544e-01
2.250000000000000e-01 1.856768972732633e-01 -1.646462637619023e-01
2.300000000000000e-01 1.914712394642179e-01 -1.696424676825602e-01
2.350000000000000e-01 1.973852574127551e-01 -1.747287536602934e-01
2.400000000000000e-01 2.034226475726105e-01 -1.798929420496893e-01
2.450000000000000e-01 2.095871835091678e-01 -1.851371104492032e-01
2.500000000000000e-01 2.158827182580599e-01 -1.904789567594445e-01
2.550000000000000e-01 2.223131867334419e-01 -1.959336180011201e-01
2.600000000000000e-01 2.288826081874405e-01 -2.014903112418559e-01
2.650000000000000e-01 2.355950887223172e-01 -2.071439108170357e-01
2.700000000000000e-01 2.424548238569160e-01 -2.128898512379961e-01
2.750000000000000e-01 2.494661011489995e-01 -2.187251213465224e-01
2.800000000000000e-01 2.566333028751116e-01 -2.246619378891330e-01
2.850000000000000e-01 2.639609087696434e-01 -2.307088329308517e-01
2.900000000000000e-01 2.714534988248126e-01 -2.368652480632744e-01
2.950000000000000e-01 2.791157561533084e-01 -2.431415902696919e-01
3.000000000000000e-01 2.869524699153886e-01 -2.495267920282723e-01
3.050000000000000e-01 2.949685383122613e-01 -2.560282129630776e-01
3.100000000000000e-01 3.031689716476197e-01 -2.626379760493177e-01
3.150000000000000e-01 3.115588954592450e-01 -2.693603679198500e-01
3.200000000000000e-01 3.201435537226349e-01 -2.761929516100231e-01
3.250000000000000e-01 3.289283121286580e-01 -2.831379246623838e-01
3.300000000000000e-01 3.379186614372866e-01 -2.901952319873134e-01
3.350000000000000e-01 3.471202209094989e-01 -2.973658976674365e-01
3.400000000000000e-01 3.565387418195016e-01 -3.046502664824343e-01
3.450000000000000e-01 3.661801110494620e-01 -3.120487595959287e-01
3.500000000000000e-01 3.760503547690021e-01 -3.195615522665016e-01
3.550000000000000e-01 3.861556422017504e-01 -3.271887161389241e-01
3.600000000000000e-01 3.965022894813072e-01 -3.349301766782268e-01
3.650000000000000e-01 4.070967635990345e-01 -3.427857316430204e-01
3.700000000000000e-01 4.179456864461349e-01 -3.507550358673404e-01
3.750000000000000e-01 4.290558389525505e-01 -3.588375804697013e-01
3.800000000000000e-01 4.404341653252637e-01 -3.670326494706516e-01
3.850000000000000e-01 4.520877773886537e-01 -3.753392474281856e-01
3.900000000000000e-01 4.640239590296172e-01 -3.837559824304217e-01
3.950000000000000e-01 4.762501707502353e-01 -3.922808832115539e-01
4.000000000000000e-01 4.887740543308307e-01 -4.009111188744908e-01
4.050000000000000e-01 5.016034376063282e-01 -4.096425755017894e-01
4.100000000000000e-01 5.147463393589066e-01 -4.184692231677262e-01
4.150000000000000e-01 5.282109743299990e-01 -4.273821767650018e-01
4.200000000000000e-01 5.420057583547735e-01 -4.363683103914693e-01
4.250000000000000e-01 5.561393136223041e-01 -4.454082219293300e-01
4.300000000000000e-01 5.706204740647189e-01 -4.544732539157587e-01
4.350000000000000e-01 5.854582908786964e-01 -4.635211487564039e-01
4.400000000000000e-01 6.006620381827575e-01 -4.724897396988373e-01
4.450000000000000e-01 6.162412188138907e-01 -4.812878459554192e-01
4.500000000000000e-01 6.322055702671360e-01 -4.897822579075025e-01
4.550000000000000e-01 6.485650707818353e-01 -4.977794152247979e-01
4.600000000000000e-01 6.653299455783577e-01 -5.050002449532583e-01
4.650000000000000e-01 6.825106732491932e-01 -5.110469937806348e-01
4.700000000000000e-01 7.001179923084168e-01 -5.153624948968346e-01
4.750000000000000e-01 7.181629079036070e-01 -5.171864581163371e-01
4.800000000000000e-01 7.366566986944229e-01 -5.155218671709777e-01
4.850000000000000e-01 7.556109239021327e-01 -5.091386655727606e-01
4.900000000000000e-01 7.750374305345038e-01 -4.966590173671517e-01
4.950000000000000e-01 7.949483607905672e-01 -4.767761004877893e-01
5.000000000000000e-01 8.153561596498893e-01 -4.486305402500299e-01
5.050000000000000e-01 8.362735826510871e-01 -4.122790651659637e-01
5.100000000000000e-01 8.577137038644561e-01 -3.690573114519373e-01
5.150000000000000e-01 8.796899240636907e-01 -3.215694226989015e-01
5.200000000000000e-01 9.022159791018011e-01 -2.731685542709114e-01
5.250000000000000e-01 9.253059484964714e-01 -2.271083284163308e-01
5.300000000000000e-01 9.489742642302165e-01 -1.857887781990208e-01
5.350000000000000e-01 9.732357197708378e-01 -1.504405198361720e-01
5.400000000000000e-01 9.981054793178262e-01 -1.212663227029285e-01
5.450000000000000e-01 1.023599087280478e+00 -9.780830086980752e-02
5.500000000000000e-01 1.049732477993657e+00 -7.930235999697424e-02
5.550000000000000e-01 1.076521985677273e+00 -6.491490079012656e-02
5.600000000000001e-01 1.103984354645701e+00 -5.386619400380736e-02
5.650000000000001e-01 1.132136749773522e+00 -4.548024558001663e-02
5.700000000000001e-01 1.160996767224129e+00 -3.919532752418060e-02
5.750000000000001e-01 1.190582445447902e+00 -3.455622829474038e-02
5.800000000000000e-01 1.220912276456826e+00 -3.119964647740662e-02
5.850000000000000e-01 1.252005217382601e+00 -2.883836276347964e-02
5.900000000000000e-01 1.283880702325469e+00 -2.724663832807786e-02
5.950000000000000e-01 1.316558654501151e+00 -2.624768623825478e-02
6.000000000000000e-01 1.350059498693518e+00 -2.570332412166567e-02
6.050000000000000e-01 1.384404174020732e+00 -2.550561060182861e-02
6.100000000000000e-01 1.419614147022888e+00 -2.557016991822771e-02
6.150000000000000e-01 1.455711425079295e+00 -2.583090444107650e-02
6.200000000000000e-01 1.492718570163803e+00 -2.623582694741427e-02
6.250000000000000e-01 1.530658712946775e+00 -2.674378720215820e-02
6.300000000000000e-01 1.569555567252506e+00 -2.732190917202378e-02
6.350000000000000e-01 1.609433444881138e+00 -2.794359177607762e-02
6.400000000000000e-01 1.650317270804325e+00 -2.858695638949882e-02
6.450000000000000e-01 1.692232598744148e+00 -2.923364869705594e-02
6.500000000000000e-01 1.735205627145031e+00 -2.986792176571140e-02
6.550000000000000e-01 1.779263215548615e+00 -3.047594229696195e-02
6.600000000000000e-01 1.824432901381847e+00 -3.104527379267687e-02
6.650000000000000e-01 1.870742917168772e+00 -3.156449957304743e-02
6.700000000000000e-01 1.918222208176775e+00 -3.202295585196658e-02
6.750000000000000e-01 1.966900450508319e+00 -3.241055092540467e-02
6.800000000000000e-01 2.016808069649473e+00 -3.271765138942741e-02
6.850000000000001e-01 2.067976259486829e+00 -3.293502052036151e-02
6.900000000000001e-01 2.120437001804702e+00 -3.305379778733596e-02
6.950000000000001e-01 2.174223086274785e+00 -3.306551211889645e-02
7.000000000000001e-01 2.229368130950753e+00 -3.296212512488950e-02
7.050000000000000e-01 2.285906603280654e+00 -3.273610401260908e-02
7.100000000000000e-01 2.343873841650178e+00 -3.238052736730462e-02
7.150000000000000e-01 2.403306077470301e+00 -3.188923011313101e-02
7.200000000000000e-01 2.464240457823092e+00 -3.125699651181629e-02
7.250000000000000e-01 2.526715068679855e+00 -3.047981149440759e-02
7.300000000000000e-01 2.590768958706095e+00 -2.955518024032669e-02
7.350000000000000e-01 2.656442163668210e+00 -2.848252276676071e-02
7.400000000000000e-01 2.723775731457148e+00 -2.726364323773772e-02
7.450000000000000e-01 2.792811747744667e+00 -2.590326163078638e-02
7.500000000000000e-01 2.863593362288260e+00 -2.440957764362113e-02
7.550000000000000e-01 2.936164815901156e+00 -2.279481377708397e-02
7.600000000000000e-01 3.010571468104263e+00 -2.107565893475247e-02
7.650000000000000e-01 3.086859825477351e+00 -1.927351093579927e-02
7.700000000000000e-01 3.165077570727174e+00 -1.741440404144376e-02
7.750000000000000e-01 3.245273592490716e+00 -1.552851517472431e-02
7.800000000000000e-01 3.327498015892184e+00 -1.364917740293115e-02
7.850000000000000e-01 3.411802233872832e+00 -1.181139321433886e-02
7.900000000000000e-01 3.498238939313234e+00 -1.004992612550136e-02
7.950000000000000e-01 3.586862157968046e+00 -8.397140895105987e-03
8.000000000000000e-01 3.677727282233856e+00 -6.880837745969531e-03
8.050000000000000e-01 3.770891105771243e+00 -5.522362502442315e-03
8.100000000000001e-01 3.866411859002656e+00 -4.335258091819264e-03
8.150000000000001e-01 3.964349245508326e+00 -3.324652111509401e-03
8.200000000000001e-01 4.064764479342956e+00 -2.487463065156697e-03
8.250000000000001e-01 4.167720323296481e+00 -1.813378285975683e-03
8.300000000000001e-01 4.273281128122877e+00 -1.286437686854383e-03
8.350000000000000e-01 4.381512872761445e+00 -8.869742474156481e-04
8.400000000000000e-01 4.492483205575838e+00 -5.936300141140323e-04
8.450000000000000e-01 4.606261486636447e+00 -3.851879925723763e-04
8.500000000000000e-01 4.722918831072739e+00 -2.420257675112407e-04
8.550000000000000e-01 4.842528153522501e+00 -1.470871212666457e-04
8.600000000000000e-01 4.965164213705875e+00 -8.636111090417714e-05
8.650000000000000e-01 5.090903663152626e+00 -4.893444802176658e-05
8.700000000000000e-01 5.219825093111814e+00 -2.673032503032021e-05
8.750000000000000e-01 5.352009083673925e+00 -1.406197956697374e-05
8.800000000000000e-01 5.487538254136007e+00 -7.117407764622526e-06
8.850000000000000e-01 5.626497314641444e+00 -3.462844469597402e-06
8.900000000000000e-01 5.768973119126561e+00 -1.618100752793873e-06
8.950000000000000e-01 5.915054719607133e+00 -7.255863160699980e-07
9.000000000000000e-01 6.064833421838831e+00 -3.120020144259859e-07
9.050000000000000e-01 6.218402842386253e+00 -1.285609068271260e-07
9.100000000000000e-01 6.375858967136348e+00 -5.073021609001480e-08
9.150000000000000e-01 6.537300211292723e+00 -1.915923825198219e-08
9.200000000000000e-01 6.702827480888332e+00 -6.921736664276273e-09
9.250000000000000e-01 6.872544235855034e+00 -2.390960171561998e-09
9.300000000000000e-01 7.046556554689444e+00 -7.893471770518647e-10
9.350000000000001e-01 7.224973200755413e+00 -2.489673188667674e-10
9.400000000000001e-01 7.407905690264673e+00 -7.499917989974958e-11
9.450000000000001e-01 7.595468361978146e+00 -2.157208621520493e-11
9.500000000000001e-01 7.787778448671316e+00 -5.923113185017255e-12
9.550000000000001e-01 7.984956150408610e+00 -1.552205122744053e-12
9.600000000000000e-01 8.187124709672272e+00 -3.881730663055994e-13
9.650000000000000e-01 8.394410488393007e+00 -9.262556318058080e-14
9.700000000000000e-01 8.606943046930221e+00 -2.108785170360893e-14
9.750000000000000e-01 8.824855225051540e+00 -4.580474783675766e-15
9.800000000000000e-01 9.048283224961922e+00 -9.491991175814953e-16
9.850000000000000e-01 9.277366696434507e+00 -1.876762010813294e-16
9.900000000000000e-01 9.512248824096272e+00 -3.532371098376698e-17
9.950000000000000e-01 9.753076416923058e+00 -6.702733155725447e-18
1.000000000000000e+00 1.000000000000000e+01 1.003757273268749e-18
