0.000000000000000e+00 0.000000000000000e+00 0.000000000000000e+00
5.000000000000000e-03 3.369477419287315e-03 -1.046787929562801e-03
1.000000000000000e-02 6.741060871647481e-03 -3.726467229120526e-03
1.500000000000000e-02 1.011685770649257e-02 -8.754659704761024e-03
2.000000000000000e-02 1.349897790673588e-02 -1.186769716172817e-02
2.500000000000000e-02 1.688953540759990e-02 -1.494686501963849e-02
3.000000000000000e-02 2.029064941789469e-02 -1.817239880451953e-02
3.500000000000000e-02 2.370444574459234e-02 -2.151204773000840e-02
4.000000000000000e-02 2.713305812152553e-02 -2.462954863411126e-02
4.500000000000000e-02 3.057862954304063e-02 -2.786632447953069e-02
5.000000000000000e-02 3.404331360343898e-02 -3.111914157876937e-02
5.500000000000000e-02 3.752927584304335e-02 -3.435252331903949e-02
6.000000000000000e-02 4.103869510173117e-02 -3.755844703622123e-02
6.500000000000000e-02 4.457376488078044e-02 -4.088219478364076e-02
7.000000000000001e-02 4.813669471387935e-02 -4.418962852751982e-02
7.500000000000000e-02 5.172971154815675e-02 -4.748048301962676e-02
8.000000000000000e-02 5.535506113609672e-02 -5.081497817426831e-02
8.500000000000001e-02 5.901500943920686e-02 -5.423482487800788e-02
9.000000000000000e-02 6.271184404431801e-02 -5.763242134287830e-02
9.500000000000000e-02 6.644787559340060e-02 -6.105404815340112e-02
1.000000000000000e-01 7.022543922779090e-02 -6.454272569159973e-02
1.050000000000000e-01 7.404689604773053e-02 -6.807873009894018e-02
1.100000000000000e-01 7.791463458813094e-02 -7.161191031001754e-02
1.150000000000000e-01 8.183107231148547e-02 -7.520956025151068e-02
1.200000000000000e-01 8.579865711886202e-02 -7.887131631652607e-02
1.250000000000000e-01 8.981986887992111e-02 -8.255953793372375e-02
1.300000000000000e-01 9.389722098291493e-02 -8.627515089775062e-02
1.350000000000000e-01 9.803326190563690e-02 -9.007759348578123e-02
1.400000000000000e-01 1.022305768083033e-01 -9.393621904491944e-02
1.450000000000000e-01 1.064917891493625e-01 -9.782138235592049e-02
1.500000000000000e-01 1.108195623252418e-01 -1.017598606604113e-01
1.550000000000000e-01 1.152166013350572e-01 -1.057930630202584e-01
1.600000000000000e-01 1.196856544713255e-01 -1.098814366774089e-01
1.650000000000000e-01 1.242295150377370e-01 -1.140073008435571e-01
1.700000000000000e-01 1.288510230950609e-01 -1.182032905219229e-01
1.750000000000000e-01 1.335530672362758e-01 -1.224979582744168e-01
1.800000000000000e-01 1.383385863920344e-01 -1.268551095397636e-01
1.850000000000000e-01 1.432105716675912e-01 -1.312622395435478e-01
1.900000000000000e-01 1.481720682123397e-01 -1.357488723677923e-01
1.950000000000000e-01 1.532261771231311e-01 -1.403398954855657e-01
2.000000000000000e-01 1.583760573825595e-01 -1.450071872656895e-01
2.050000000000000e-01 1.636249278334301e-01 -1.497364186783714e-01
2.100000000000000e-01 1.689760691906397e-01 -1.545490159161381e-01
2.150000000000000e-01 1.744328260917313e-01 -1.594713222484256e-01
2.200000000000000e-01 1.799986091874004e-01 -1.644887201095853e-01
2.250000000000000e-01 1.856768972732633e-01 -1.695854822843808e-01
2.300000000000000e-01 1.914712394642179e-01 -1.747668910562234e-01
2.350000000000000e-01 1.973852574127551e-01 -1.800540922418875e-01
2.400000000000000e-01 2.034226475726105e-01 -1.854538319095499e-01
2.450000000000000e-01 2.095871835091678e-01 -1.909634415042935e-01
2.500000000000000e-01 2.158827182580599e-01 -1.965688482627803e-01
2.550000000000000e-01 2.223131867334419e-01 -2.022696484976348e-01
2.600000000000000e-01 2.288826081874405e-01 -2.080836802375071e-01
2.650000000000000e-01 2.355950887223172e-01 -2.140273340947875e-01
2.700000000000000e-01 2.424548238569160e-01 -2.200948969577858e-01
2.750000000000000e-01 2.494661011489995e-01 -2.262843422342083e-01
2.800000000000000e-01 2.566333028751116e-01 -2.325905050955687e-01
2.850000000000000e-01 2.639609087696434e-01 -2.390112223162852e-01
2.900000000000000e-01 2.714534988248126e-01 -2.455594778704258e-01
2.950000000000000e-01 2.791157561533084e-01 -2.522445545378805e-01
3.000000000000000e-01 2.869524699153886e-01 -2.590704173957440e-01
3.050000000000000e-01 2.949685383122613e-01 -2.660492903437404e-01
3.100000000000000e-01 3.031689716476197e-01 -2.731747253654502e-01
3.150000000000000e-01 3.115588954592450e-01 -2.804570422460513e-01
3.200000000000000e-01 3.201435537226349e-01 -2.878924540711285e-01
3.250000000000000e-01 3.289283121286580e-01 -2.954894736844718e-01
3.300000000000000e-01 3.379186614372866e-01 -3.032504812519847e-01
3.350000000000000e-01 3.471202209094989e-01 -3.111833575866044e-01
3.400000000000000e-01 3.565387418195016e-01 -3.192944666926261e-01
3.450000000000000e-01 3.661801110494620e-01 -3.275923442950592e-01
3.500000000000000e-01 3.760503547690021e-01 -3.360859440985252e-01
3.550000000000000e-01 3.861556422017504e-01 -3.447856820674252e-01
3.600000000000000e-01 3.965022894813072e-01 -3.537033071365272e-01
3.650000000000000e-01 4.070967635990345e-01 -3.628523617001013e-01
3.700000000000000e-01 4.179456864461349e-01 -3.722484859985434e-01
3.750000000000000e-01 4.290558389525505e-01 -3.819098750047313e-01
3.800000000000000e-01 4.404341653252637e-01 -3.918577888179667e-01
3.850000000000000e-01 4.520877773886537e-01 -4.021171744736872e-01
3.900000000000000e-01 4.640239590296172e-01 -4.127174046198901e-01
3.950000000000000e-01 4.762501707502353e-01 -4.236931585241190e-01
4.000000000000000e-01 4.887740543308307e-01 -4.350854645534553e-01
4.050000000000000e-01 5.016034376063282e-01 -4.469429209439754e-01
4.100000000000000e-01 5.147463393589066e-01 -4.593230987783922e-01
4.150000000000000e-01 5.282109743299990e-01 -4.722941025895977e-01
4.200000000000000e-01 5.420057583547735e-01 -4.859362032154565e-01
4.250000000000000e-01 5.561393136223041e-01 -5.003433341685327e-01
4.300000000000000e-01 5.706204740647189e-01 -5.156239971761843e-01
4.350000000000000e-01 5.854582908786964e-01 -5.319006374655078e-01
4.400000000000000e-01 6.006620381827575e-01 -5.493055928395394e-01
4.450000000000000e-01 6.162412188138907e-01 -5.679698335493376e-01
4.500000000000000e-01 6.322055702671360e-01 -5.879969947754419e-01
4.550000000000000e-01 6.485650707818353e-01 -6.094079707451472e-01
4.600000000000000e-01 6.653299455783577e-01 -6.320277111409307e-01
4.650000000000000e-01 6.825106732491932e-01 -6.552621962471566e-01
4.700000000000000e-01 7.001179923084168e-01 -6.776805172904122e-01
4.750000000000000e-01 7.181629079036070e-01 -6.963011758321194e-01
4.800000000000000e-01 7.366566986944229e-01 -7.055965803978115e-01
4.850000000000000e-01 7.556109239021327e-01 -6.967535737800732e-01
4.900000000000000e-01 7.750374305345038e-01 -6.588773454603601e-01
4.950000000000000e-01 7.949483607905672e-01 -5.844704455555922e-01
5.000000000000000e-01 8.153561596498893e-01 -4.780758760390557e-01
5.050000000000000e-01 8.362735826510871e-01 -3.593474945360424e-01
5.100000000000000e-01 8.577137038644561e-01 -2.526264979234786e-01
5.150000000000000e-01 8.796899240636907e-01 -1.716082297150192e-01
5.200000000000000e-01 9.022159791018011e-01 -1.156959825586312e-01
5.250000000000000e-01 9.253059484964714e-01 -7.806438653190984e-02
5.300000000000000e-01 9.489742642302165e-01 -5.265451532255349e-02
5.350000000000000e-01 9.732357197708378e-01 -3.542959881510490e-02
5.400000000000000e-01 9.981054793178262e-01 -2.367027275475911e-02
5.450000000000000e-01 1.023599087280478e+00 -1.556855652332188e-02
5.500000000000000e-01 1.049732477993657e+00 -9.954062927794197e-03
5.550000000000000e-01 1.076521985677273e+00 -6.053916483868658e-03
5.600000000000001e-01 1.103984354645701e+00 -3.351025175120181e-03
5.650000000000001e-01 1.132136749773522e+00 -1.497877926762340e-03
5.700000000000001e-01 1.160996767224129e+00 -2.575149815626403e-04
5.750000000000001e-01 1.190582445447902e+00 5.335537088583041e-04
5.800000000000000e-01 1.220912276456826e+00 9.892145909108352e-04
5.850000000000000e-01 1.252005217382601e+00 1.189725083426687e-03
5.900000000000000e-01 1.283880702325469e+00 1.192254439508951e-03
5.950000000000000e-01 1.316558654501151e+00 1.037959102862625e-03
6.000000000000000e-01 1.350059498693518e+00 7.568042955189561e-04
6.050000000000000e-01 1.384404174020732e+00 3.708652053527063e-04
6.100000000000000e-01 1.419614147022888e+00 -1.033849435275696e-04
6.150000000000000e-01 1.455711425079295e+00 -6.534713475750089e-04
6.200000000000000e-01 1.492718570163803e+00 -1.269781540755058e-03
6.250000000000000e-01 1.530658712946775e+00 -1.944749210950651e-03
6.300000000000000e-01 1.569555567252506e+00 -2.672258327700310e-03
6.350000000000000e-01 1.609433444881138e+00 -3.447199555677360e-03
6.400000000000000e-01 1.650317270804325e+00 -4.265132149075059e-03
6.450000000000000e-01 1.692232598744148e+00 -5.122019105251880e-03
6.500000000000000e-01 1.735205627145031e+00 -6.014013417528826e-03
6.550000000000000e-01 1.779263215548615e+00 -6.937280342674865e-03
6.600000000000000e-01 1.824432901381847e+00 -7.887845671857645e-03
6.650000000000000e-01 1.870742917168772e+00 -8.861463707722263e-03
6.700000000000000e-01 1.918222208176775e+00 -9.853501429420087e-03
6.750000000000000e-01 1.966900450508319e+00 -1.085883743833246e-02
6.800000000000000e-01 2.016808069649473e+00 -1.187177587607642e-02
6.850000000000001e-01 2.067976259486829e+00 -1.288597667066886e-02
6.900000000000001e-01 2.120437001804702e+00 -1.389440421998343e-02
6.950000000000001e-01 2.174223086274785e+00 -1.488929695658644e-02
7.000000000000001e-01 2.229368130950753e+00 -1.586216014062760e-02
7.050000000000000e-01 2.285906603280654e+00 -1.680378370267256e-02
7.100000000000000e-01 2.343873841650178e+00 -1.770428605601980e-02
7.150000000000000e-01 2.403306077470301e+00 -1.855318363451441e-02
7.200000000000000e-01 2.464240457823092e+00 -1.933948468222529e-02
7.250000000000000e-01 2.526715068679855e+00 -2.005180479637349e-02
7.300000000000000e-01 2.590768958706095e+00 -2.067850122891449e-02
7.350000000000000e-01 2.656442163668210e+00 -2.120782332079858e-02
7.400000000000000e-01 2.723775731457148e+00 -2.162807796600573e-02
7.450000000000000e-01 2.792811747744667e+00 -2.192781186171315e-02
7.500000000000000e-01 2.863593362288260e+00 -2.209601650828703e-02
7.550000000000000e-01 2.936164815901156e+00 -2.212236725381926e-02
7.600000000000000e-01 3.010571468104263e+00 -2.199751358717438e-02
7.650000000000000e-01 3.086859825477351e+00 -2.171344337988021e-02
7.700000000000000e-01 3.165077570727174e+00 -2.126394721651661e-02
7.750000000000000e-01 3.245273592490716e+00 -2.064520770729984e-02
7.800000000000000e-01 3.327498015892184e+00 -1.985652880898012e-02
7.850000000000000e-01 3.411802233872832e+00 -1.890119668597125e-02
7.900000000000000e-01 3.498238939313234e+00 -1.778742219322422e-02
7.950000000000000e-01 3.586862157968046e+00 -1.652925581005898e-02
8.000000000000000e-01 3.677727282233856e+00 -1.514729825013678e-02
8.050000000000000e-01 3.770891105771243e+00 -1.366897537772185e-02
8.100000000000001e-01 3.866411859002656e+00 -1.212813425863271e-02
8.150000000000001e-01 3.964349245508326e+00 -1.056377528989410e-02
8.200000000000001e-01 4.064764479342956e+00 -9.017872632578625e-03
8.250000000000001e-01 4.167720323296481e+00 -7.532431455408160e-03
8.300000000000001e-01 4.273281128122877e+00 -6.146136291793479e-03
8.350000000000000e-01 4.381512872761445e+00 -4.891095745212015e-03
8.400000000000000e-01 4.492483205575838e+00 -3.790229401863562e-03
8.450000000000000e-01 4.606261486636447e+00 -2.855749272735293e-03
8.500000000000000e-01 4.722918831072739e+00 -2.088979204144425e-03
8.550000000000000e-01 4.842528153522501e+00 -1.481487476601079e-03
8.600000000000000e-01 4.965164213705875e+00 -1.017254033330754e-03
8.650000000000000e-01 5.090903663152626e+00 -6.754208609255165e-04
8.700000000000000e-01 5.219825093111814e+00 -4.331200321517455e-04
8.750000000000000e-01 5.352009083673925e+00 -2.679388930405178e-04
8.800000000000000e-01 5.487538254136007e+00 -1.597321311759573e-04
8.850000000000000e-01 5.626497314641444e+00 -9.167355959192149e-05
8.900000000000000e-01 5.768973119126561e+00 -5.060443689095753e-05
8.950000000000000e-01 5.915054719607133e+00 -2.684444380530411e-05
9.000000000000000e-01 6.064833421838831e+00 -1.367417512350531e-05
9.050000000000000e-01 6.218402842386253e+00 -6.683729629608142e-06
9.100000000000000e-01 6.375858967136348e+00 -3.132762475370566e-06
9.150000000000000e-01 6.537300211292723e+00 -1.407263976955923e-06
9.200000000000000e-01 6.702827480888332e+00 -6.055353364347640e-07
9.250000000000000e-01 6.872544235855034e+00 -2.494720649945687e-07
9.300000000000000e-01 7.046556554689444e+00 -9.836725407241489e-08
9.350000000000001e-01 7.224973200755413e+00 -3.710877364079538e-08
9.400000000000001e-01 7.407905690264673e+00 -1.338977787275484e-08
9.450000000000001e-01 7.595468361978146e+00 -4.619922701212678e-09
9.500000000000001e-01 7.787778448671316e+00 -1.523959911181233e-09
9.550000000000001e-01 7.984956150408610e+00 -4.805299207574255e-10
9.600000000000000e-01 8.187124709672272e+00 -1.448178765217513e-10
9.650000000000000e-01 8.394410488393007e+00 -4.171002377598561e-11
9.700000000000000e-01 8.606943046930221e+00 -1.148022708787038e-11
9.750000000000000e-01 8.824855225051540e+00 -3.019535823803468e-12
9.800000000000000e-01 9.048283224961922e+00 -7.589339399415681e-13
9.850000000000000e-01 9.277366696434507e+00 -1.823141790649997e-13
9.900000000000000e-01 9.512248824096272e+00 -4.171545838031639e-14
9.950000000000000e-01 9.753076416923058e+00 -9.623653767076908e-15
1.000000000000000e+00 1.000000000000000e+01 4.295449860904641e-16
