0.000000000000000e+00 0.000000000000000e+00 0.000000000000000e+00
5.000000000000000e-03 3.369477419287315e-03 -2.944328215101297e-03
1.000000000000000e-02 6.741060871647481e-03 -5.629483599177914e-03
1.500000000000000e-02 1.011685770649257e-02 -8.468075806412010e-03
2.000000000000000e-02 1.349897790673588e-02 -1.175518754916475e-02
2.500000000000000e-02 1.688953540759990e-02 -1.544719590119020e-02
3.000000000000000e-02 2.029064941789469e-02 -1.859776817784011e-02
3.500000000000000e-02 2.370444574459234e-02 -2.186701707478407e-02
4.000000000000000e-02 2.713305812152553e-02 -2.517538692679045e-02
4.500000000000000e-02 3.057862954304063e-02 -2.847974082512411e-02
5.000000000000000e-02 3.404331360343898e-02 -3.170188513455136e-02
5.500000000000000e-02 3.752927584304335e-02 -3.506160701816533e-02
6.000000000000000e-02 4.103869510173117e-02 -3.840150888268321e-02
6.500000000000000e-02 4.457376488078044e-02 -4.171459291594976e-02
7.000000000000001e-02 4.813669471387935e-02 -4.505921012649612e-02
7.500000000000000e-02 5.172971154815675e-02 -4.850194307585652e-02
8.000000000000000e-02 5.535506113609672e-02 -5.191065412975840e-02
8.500000000000001e-02 5.901500943920686e-02 -5.533784276784059e-02
9.000000000000000e-02 6.271184404431801e-02 -5.883142217260767e-02
9.500000000000000e-02 6.644787559340060e-02 -6.237152647509315e-02
1.000000000000000e-01 7.022543922779090e-02 -6.589983112501094e-02
1.050000000000000e-01 7.404689604773053e-02 -6.949693972453830e-02
1.100000000000000e-01 7.791463458813094e-02 -7.315374496938361e-02
1.150000000000000e-01 8.183107231148547e-02 -7.682819988932860e-02
1.200000000000000e-01 8.579865711886202e-02 -8.053100728295301e-02
1.250000000000000e-01 8.981986887992111e-02 -8.432650624306276e-02
1.300000000000000e-01 9.389722098291493e-02 -8.816607485946124e-02
1.350000000000000e-01 9.803326190563690e-02 -9.202660154337361e-02
1.400000000000000e-01 1.022305768083033e-01 -9.594939719302208e-02
1.450000000000000e-01 1.064917891493625e-01 -9.996576969780671e-02
1.500000000000000e-01 1.108195623252418e-01 -1.040215912055785e-01
1.550000000000000e-01 1.152166013350572e-01 -1.081182680400384e-01
1.600000000000000e-01 1.196856544713255e-01 -1.122970458463226e-01
1.650000000000000e-01 1.242295150377370e-01 -1.165652493710830e-01
1.700000000000000e-01 1.288510230950609e-01 -1.208802341102664e-01
1.750000000000000e-01 1.335530672362758e-01 -1.252559376783361e-01
1.800000000000000e-01 1.383385863920344e-01 -1.297248433909947e-01
1.850000000000000e-01 1.432105716675912e-01 -1.342854115182143e-01
1.900000000000000e-01 1.481720682123397e-01 -1.389058305541050e-01
1.950000000000000e-01 1.532261771231311e-01 -1.436002934165009e-01
2.000000000000000e-01 1.583760573825595e-01 -1.483963283900250e-01
2.050000000000000e-01 1.636249278334301e-01 -1.532950421671414e-01
2.100000000000000e-01 1.689760691906397e-01 -1.582694255663668e-01
2.150000000000000e-01 1.744328260917313e-01 -1.633252364824835e-01
2.200000000000000e-01 1.799986091874004e-01 -1.684889840398319e-01
2.250000000000000e-01 1.856768972732633e-01 -1.737722930054896e-01
2.300000000000000e-01 1.914712394642179e-01 -1.791522317736111e-01
2.350000000000000e-01 1.973852574127551e-01 -1.846217508303912e-01
2.400000000000000e-01 2.034226475726105e-01 -1.902009560205284e-01
2.450000000000000e-01 2.095871835091678e-01 -1.959113783291563e-01
2.500000000000000e-01 2.158827182580599e-01 -2.017456103620395e-01
2.550000000000000e-01 2.223131867334419e-01 -2.076948943974775e-01
2.600000000000000e-01 2.288826081874405e-01 -2.137585402906372e-01
2.650000000000000e-01 2.355950887223172e-01 -2.199467050089795e-01
2.700000000000000e-01 2.424548238569160e-01 -2.262751363803807e-01
2.750000000000000e-01 2.494661011489995e-01 -2.327567714877518e-01
2.800000000000000e-01 2.566333028751116e-01 -2.393828441507299e-01
2.850000000000000e-01 2.639609087696434e-01 -2.461505184893215e-01
2.900000000000000e-01 2.714534988248126e-01 -2.530643024258679e-01
2.950000000000000e-01 2.791157561533084e-01 -2.601285367331445e-01
3.000000000000000e-01 2.869524699153886e-01 -2.673582662111532e-01
3.050000000000000e-01 2.949685383122613e-01 -2.747674867646916e-01
3.100000000000000e-01 3.031689716476197e-01 -2.823597937485391e-01
3.150000000000000e-01 3.115588954592450e-01 -2.901507338272251e-01
3.200000000000000e-01 3.201435537226349e-01 -2.981392879609066e-01
3.250000000000000e-01 3.289283121286580e-01 -3.063404470625842e-01
3.300000000000000e-01 3.379186614372866e-01 -3.147594174507181e-01
3.350000000000000e-01 3.471202209094989e-01 -3.234118782533786e-01
3.400000000000000e-01 3.565387418195016e-01 -3.323107590120147e-01
3.450000000000000e-01 3.661801110494620e-01 -3.414744479055528e-01
3.500000000000000e-01 3.760503547690021e-01 -3.509225521303730e-01
3.550000000000000e-01 3.861556422017504e-01 -3.606786992339217e-01
3.600000000000000e-01 3.965022894813072e-01 -3.707700777120398e-01
3.650000000000000e-01 4.070967635990345e-01 -3.812288229696098e-01
3.700000000000000e-01 4.179456864461349e-01 -3.920929192383555e-01
3.750000000000000e-01 4.290558389525505e-01 -4.034077095093583e-01
3.800000000000000e-01 4.404341653252637e-01 -4.152276813736102e-01
3.850000000000000e-01 4.520877773886537e-01 -4.276188298464147e-01
3.900000000000000e-01 4.640239590296172e-01 -4.406617261198400e-01
3.950000000000000e-01 4.762501707502353e-01 -4.544555882110727e-01
4.000000000000000e-01 4.887740543308307e-01 -4.691237456965932e-01
4.050000000000000e-01 5.016034376063282e-01 -4.848210963462929e-01
4.100000000000000e-01 5.147463393589066e-01 -5.017444614343853e-01
4.150000000000000e-01 5.282109743299990e-01 -5.201472593176968e-01
4.200000000000000e-01 5.420057583547735e-01 -5.403607821336222e-01
4.250000000000000e-01 5.561393136223041e-01 -5.628258769951022e-01
4.300000000000000e-01 5.706204740647189e-01 -5.881415999900057e-01
4.350000000000000e-01 5.854582908786964e-01 -6.171427040010680e-01
4.400000000000000e-01 6.006620381827575e-01 -6.510285228514938e-01
4.450000000000000e-01 6.162412188138907e-01 -6.915889297852490e-01
4.500000000000000e-01 6.322055702671360e-01 -7.416271247634765e-01
4.550000000000000e-01 6.485650707818353e-01 -8.058184488696747e-01
4.600000000000000e-01 6.653299455783577e-01 -8.926490890214432e-01
4.650000000000000e-01 6.825106732491932e-01 -1.019418459643844e+00
4.700000000000000e-01 7.001179923084168e-01 -1.227018534756443e+00
4.750000000000000e-01 7.181629079036070e-01 -1.615895069851254e+00
4.800000000000000e-01 7.366566986944229e-01 -2.120900815463047e+00
4.850000000000000e-01 7.556109239021327e-01 -1.489524255184001e+00
4.900000000000000e-01 7.750374305345038e-01 -1.632627686215081e-01
4.950000000000000e-01 7.949483607905672e-01 -9.366098553600914e-02
5.000000000000000e-01 8.153561596498893e-01 -9.026960573565099e-02
5.050000000000000e-01 8.362735826510871e-01 2.410500261438382e-02
5.100000000000000e-01 8.577137038644561e-01 -5.105013178651930e-02
5.150000000000000e-01 8.796899240636907e-01 3.251979337132961e-02
5.200000000000000e-01 9.022159791018011e-01 -1.964884340815591e-02
5.250000000000000e-01 9.253059484964714e-01 2.336691219306359e-02
5.300000000000000e-01 9.489742642302165e-01 1.217965101884702e-03
5.350000000000000e-01 9.732357197708378e-01 1.500777994120981e-02
5.400000000000000e-01 9.981054793178262e-01 1.261683358334973e-02
5.450000000000000e-01 1.023599087280478e+00 1.079028947354589e-02
5.500000000000000e-01 1.049732477993657e+00 1.719613686397200e-02
5.550000000000000e-01 1.076521985677273e+00 1.000509139551061e-02
5.600000000000001e-01 1.103984354645701e+00 1.773129345921877e-02
5.650000000000001e-01 1.132136749773522e+00 1.104210037454914e-02
5.700000000000001e-01 1.160996767224129e+00 1.647210212880010e-02
5.750000000000001e-01 1.190582445447902e+00 1.249437984970401e-02
5.800000000000000e-01 1.220912276456826e+00 1.490136518187548e-02
5.850000000000000e-01 1.252005217382601e+00 1.352236085770596e-02
5.900000000000000e-01 1.283880702325469e+00 1.374124737288609e-02
5.950000000000000e-01 1.316558654501151e+00 1.386542799821760e-02
6.000000000000000e-01 1.350059498693518e+00 1.312726358519800e-02
6.050000000000000e-01 1.384404174020732e+00 1.366370772963092e-02
6.100000000000000e-01 1.419614147022888e+00 1.287225441454347e-02
6.150000000000000e-01 1.455711425079295e+00 1.321039601329508e-02
6.200000000000000e-01 1.492718570163803e+00 1.272451450354447e-02
6.250000000000000e-01 1.530658712946775e+00 1.274615290551642e-02
6.300000000000000e-01 1.569555567252506e+00 1.253040526636817e-02
6.350000000000000e-01 1.609433444881138e+00 1.237057342762576e-02
6.400000000000000e-01 1.650317270804325e+00 1.226455145477462e-02
6.450000000000000e-01 1.692232598744148e+00 1.207153612187421e-02
6.500000000000000e-01 1.735205627145031e+00 1.196824343079406e-02
6.550000000000000e-01 1.779263215548615e+00 1.180377662201411e-02
6.600000000000000e-01 1.824432901381847e+00 1.167927416528138e-02
6.650000000000000e-01 1.870742917168772e+00 1.154056609021040e-02
6.700000000000000e-01 1.918222208176775e+00 1.140695574021325e-02
6.750000000000000e-01 1.966900450508319e+00 1.127706912717395e-02
6.800000000000000e-01 2.016808069649473e+00 1.114392398205231e-02
6.850000000000001e-01 2.067976259486829e+00 1.101378407189566e-02
6.900000000000001e-01 2.120437001804702e+00 1.088100533973844e-02
6.950000000000001e-01 2.174223086274785e+00 1.074731412619093e-02
7.000000000000001e-01 2.229368130950753e+00 1.061078766231317e-02
7.050000000000000e-01 2.285906603280654e+00 1.047055153096605e-02
7.100000000000000e-01 2.343873841650178e+00 1.032557744595380e-02
7.150000000000000e-01 2.403306077470301e+00 1.017445972558721e-02
7.200000000000000e-01 2.464240457823092e+00 1.001590918208432e-02
7.250000000000000e-01 2.526715068679855e+00 9.848362693433865e-03
7.300000000000000e-01 2.590768958706095e+00 9.670168473556907e-03
7.350000000000000e-01 2.656442163668210e+00 9.479497427439854e-03
7.400000000000000e-01 2.723775731457148e+00 9.274346604013585e-03
7.450000000000000e-01 2.792811747744667e+00 9.052526276137484e-03
7.500000000000000e-01 2.863593362288260e+00 8.811640874429148e-03
7.550000000000000e-01 2.936164815901156e+00 8.549078274469817e-03
7.600000000000000e-01 3.010571468104263e+00 8.261996861488733e-03
7.650000000000000e-01 3.086859825477351e+00 7.947318012523080e-03
7.700000000000000e-01 3.165077570727174e+00 7.601724272350918e-03
7.750000000000000e-01 3.245273592490716e+00 7.221667345344350e-03
7.800000000000000e-01 3.327498015892184e+00 6.803390401670089e-03
7.850000000000000e-01 3.411802233872832e+00 6.342970854420724e-03
7.900000000000000e-01 3.498238939313234e+00 5.836392375100698e-03
7.950000000000000e-01 3.586862157968046e+00 5.279656714404286e-03
8.000000000000000e-01 3.677727282233856e+00 4.668947248305873e-03
8.050000000000000e-01 3.770891105771243e+00 4.000859066610517e-03
8.100000000000001e-01 3.866411859002656e+00 3.272712322692287e-03
8.150000000000001e-01 3.964349245508326e+00 2.482960562572250e-03
8.200000000000001e-01 4.064764479342956e+00 1.631695439197532e-03
8.250000000000001e-01 4.167720323296481e+00 7.212379549725991e-04
8.300000000000001e-01 4.273281128122877e+00 -2.432153482635156e-04
8.350000000000000e-01 4.381512872761445e+00 -1.252964341617380e-03
8.400000000000000e-01 4.492483205575838e+00 -2.295303908576690e-03
8.450000000000000e-01 4.606261486636447e+00 -3.353245376520109e-03
8.500000000000000e-01 4.722918831072739e+00 -4.405509724406557e-03
8.550000000000000e-01 4.842528153522501e+00 -5.426823562801472e-03
8.600000000000000e-01 4.965164213705875e+00 -6.388564088301124e-03
8.650000000000000e-01 5.090903663152626e+00 -7.259746454185784e-03
8.700000000000000e-01 5.219825093111814e+00 -8.008178672275983e-03
8.750000000000000e-01 5.352009083673925e+00 -8.601507937431151e-03
8.800000000000000e-01 5.487538254136007e+00 -9.008139018694497e-03
8.850000000000000e-01 5.626497314641444e+00 -9.198623239606307e-03
8.900000000000000e-01 5.768973119126561e+00 -9.148590475960538e-03
8.950000000000000e-01 5.915054719607133e+00 -8.843939576178385e-03
9.000000000000000e-01 6.064833421838831e+00 -8.287621670474778e-03
9.050000000000000e-01 6.218402842386253e+00 -7.505634288609410e-03
9.100000000000000e-01 6.375858967136348e+00 -6.549010196602642e-03
9.150000000000000e-01 6.537300211292723e+00 -5.489494011752584e-03
9.200000000000000e-01 6.702827480888332e+00 -4.409034489956798e-03
9.250000000000000e-01 6.872544235855034e+00 -3.385928946955633e-03
9.300000000000000e-01 7.046556554689444e+00 -2.481950617742857e-03
9.350000000000001e-01 7.224973200755413e+00 -1.734303079745347e-03
9.400000000000001e-01 7.407905690264673e+00 -1.154159421737218e-03
9.450000000000001e-01 7.595468361978146e+00 -7.310381907017114e-04
9.500000000000001e-01 7.787778448671316e+00 -4.405346315891416e-04
9.550000000000001e-01 7.984956150408610e+00 -2.525246918978902e-04
9.600000000000000e-01 8.187124709672272e+00 -1.376880813118065e-04
9.650000000000000e-01 8.394410488393007e+00 -7.141589072480993e-05
9.700000000000000e-01 8.606943046930221e+00 -3.524287333675114e-05
9.750000000000000e-01 8.824855225051540e+00 -1.655192852828219e-05
9.800000000000000e-01 9.048283224961922e+00 -7.398522322691368e-06
9.850000000000000e-01 9.277366696434507e+00 -3.152405749630986e-06
9.900000000000000e-01 9.512248824096272e+00 -1.270292781403389e-06
9.950000000000000e-01 9.753076416923058e+00 -5.054732570148014e-07
1.000000000000000e+00 1.000000000000000e+01 -1.416292992848439e-07
