0.000000000000000e+00 0.000000000000000e+00 0.000000000000000e+00
5.000000000000000e-03 3.369477419287315e-03 -2.933178453143560e-03
1.000000000000000e-02 6.741060871647481e-03 -5.618659694468792e-03
1.500000000000000e-02 1.011685770649257e-02 -8.471436289800835e-03
2.000000000000000e-02 1.349897790673588e-02 -1.175879314536782e-02
2.500000000000000e-02 1.688953540759990e-02 -1.544909640334736e-02
3.000000000000000e-02 2.029064941789469e-02 -1.860051076905540e-02
3.500000000000000e-02 2.370444574459234e-02 -2.186998898269172e-02
4.000000000000000e-02 2.713305812152553e-02 -2.517874376914495e-02
4.500000000000000e-02 3.057862954304063e-02 -2.848434424990084e-02
5.000000000000000e-02 3.404331360343898e-02 -3.170673007895478e-02
5.500000000000000e-02 3.752927584304335e-02 -3.506633183478969e-02
6.000000000000000e-02 4.103869510173117e-02 -3.840721364916043e-02
6.500000000000000e-02 4.457376488078044e-02 -4.172106729999583e-02
7.000000000000001e-02 4.813669471387935e-02 -4.506560362219036e-02
7.500000000000000e-02 5.172971154815675e-02 -4.850894791701210e-02
8.000000000000000e-02 5.535506113609672e-02 -5.191872884849977e-02
8.500000000000001e-02 5.901500943920686e-02 -5.534608056605221e-02
9.000000000000000e-02 6.271184404431801e-02 -5.883978738826848e-02
9.500000000000000e-02 6.644787559340060e-02 -6.238094876075165e-02
1.000000000000000e-01 7.022543922779090e-02 -6.591003086807608e-02
1.050000000000000e-01 7.404689604773053e-02 -6.950718555025125e-02
1.100000000000000e-01 7.791463458813094e-02 -7.316453864486526e-02
1.150000000000000e-01 8.183107231148547e-02 -7.684003022639127e-02
1.200000000000000e-01 8.579865711886202e-02 -8.054332280293451e-02
1.250000000000000e-01 8.981986887992111e-02 -8.433912764136405e-02
1.300000000000000e-01 9.389722098291493e-02 -8.817955190005677e-02
1.350000000000000e-01 9.803326190563690e-02 -9.204090828309493e-02
1.400000000000000e-01 1.022305768083033e-01 -9.596410442989277e-02
1.450000000000000e-01 1.064917891493625e-01 -9.998110734108336e-02
1.500000000000000e-01 1.108195623252418e-01 -1.040379158159112e-01
1.550000000000000e-01 1.152166013350572e-01 -1.081352929512424e-01
1.600000000000000e-01 1.196856544713255e-01 -1.123145576854971e-01
1.650000000000000e-01 1.242295150377370e-01 -1.165836227118335e-01
1.700000000000000e-01 1.288510230950609e-01 -1.208996533160818e-01
1.750000000000000e-01 1.335530672362758e-01 -1.252760771698352e-01
1.800000000000000e-01 1.383385863920344e-01 -1.297456229535376e-01
1.850000000000000e-01 1.432105716675912e-01 -1.343071983833931e-01
1.900000000000000e-01 1.481720682123397e-01 -1.389287475783396e-01
1.950000000000000e-01 1.532261771231311e-01 -1.436240741090947e-01
2.000000000000000e-01 1.583760573825595e-01 -1.484209216506914e-01
2.050000000000000e-01 1.636249278334301e-01 -1.533207507875534e-01
2.100000000000000e-01 1.689760691906397e-01 -1.582964038230440e-01
2.150000000000000e-01 1.744328260917313e-01 -1.633533309314082e-01
2.200000000000000e-01 1.799986091874004e-01 -1.685181128059435e-01
2.250000000000000e-01 1.856768972732633e-01 -1.738026368786928e-01
2.300000000000000e-01 1.914712394642179e-01 -1.791840072701097e-01
2.350000000000000e-01 1.973852574127551e-01 -1.846550016236967e-01
2.400000000000000e-01 2.034226475726105e-01 -1.902356031019682e-01
2.450000000000000e-01 2.095871835091678e-01 -1.959474150160712e-01
2.500000000000000e-01 2.158827182580599e-01 -2.017832286274319e-01
2.550000000000000e-01 2.223131867334419e-01 -2.077343454759190e-01
2.600000000000000e-01 2.288826081874405e-01 -2.137999013301679e-01
2.650000000000000e-01 2.355950887223172e-01 -2.199899436272847e-01
2.700000000000000e-01 2.424548238569160e-01 -2.263203159991887e-01
2.750000000000000e-01 2.494661011489995e-01 -2.328040477208014e-01
2.800000000000000e-01 2.566333028751116e-01 -2.394324327241013e-01
2.850000000000000e-01 2.639609087696434e-01 -2.462026738375650e-01
2.900000000000000e-01 2.714534988248126e-01 -2.531191957057084e-01
2.950000000000000e-01 2.791157561533084e-01 -2.601863047312691e-01
3.000000000000000e-01 2.869524699153886e-01 -2.674190895659422e-01
3.050000000000000e-01 2.949685383122613e-01 -2.748315502214831e-01
3.100000000000000e-01 3.031689716476197e-01 -2.824273707011736e-01
3.150000000000000e-01 3.115588954592450e-01 -2.902221354285446e-01
3.200000000000000e-01 3.201435537226349e-01 -2.982148647196622e-01
3.250000000000000e-01 3.289283121286580e-01 -3.064206006224678e-01
3.300000000000000e-01 3.379186614372866e-01 -3.148445772473743e-01
3.350000000000000e-01 3.471202209094989e-01 -3.235025377171681e-01
3.400000000000000e-01 3.565387418195016e-01 -3.324074659075683e-01
3.450000000000000e-01 3.661801110494620e-01 -3.415778333061805e-01
3.500000000000000e-01 3.760503547690021e-01 -3.510333375104485e-01
3.550000000000000e-01 3.861556422017504e-01 -3.607977204481947e-01
3.600000000000000e-01 3.965022894813072e-01 -3.708983055811412e-01
3.650000000000000e-01 4.070967635990345e-01 -3.813673933032543e-01
3.700000000000000e-01 4.179456864461349e-01 -3.922431688539174e-01
3.750000000000000e-01 4.290558389525505e-01 -4.035712233489226e-01
3.800000000000000e-01 4.404341653252637e-01 -4.154063533068788e-01
3.850000000000000e-01 4.520877773886537e-01 -4.278149427248527e-01
3.900000000000000e-01 4.640239590296172e-01 -4.408780583590494e-01
3.950000000000000e-01 4.762501707502353e-01 -4.546955579227843e-01
4.000000000000000e-01 4.887740543308307e-01 -4.693916088491172e-01
4.050000000000000e-01 5.016034376063282e-01 -4.851222243656514e-01
4.100000000000000e-01 5.147463393589066e-01 -5.020857383858403e-01
4.150000000000000e-01 5.282109743299990e-01 -5.205376639736343e-01
4.200000000000000e-01 5.420057583547735e-01 -5.408122647734777e-01
4.250000000000000e-01 5.561393136223041e-01 -5.633547229471577e-01
4.300000000000000e-01 5.706204740647189e-01 -5.887706309568678e-01
4.350000000000000e-01 5.854582908786964e-01 -6.179049939957821e-01
4.400000000000000e-01 6.006620381827575e-01 -6.519740200076477e-01
4.450000000000000e-01 6.162412188138907e-01 -6.927970784887876e-01
4.500000000000000e-01 6.322055702671360e-01 -7.432330924502640e-01
4.550000000000000e-01 6.485650707818353e-01 -8.080742459217142e-01
4.600000000000000e-01 6.653299455783577e-01 -8.960906937275266e-01
4.650000000000000e-01 6.825106732491932e-01 -1.025442171694354e+00
4.700000000000000e-01 7.001179923084168e-01 -1.240616613363599e+00
4.750000000000000e-01 7.181629079036070e-01 -1.661554000003346e+00
4.800000000000000e-01 7.366566986944229e-01 -2.232218038482764e+00
4.850000000000000e-01 7.556109239021327e-01 -1.479289907876775e+00
4.900000000000000e-01 7.750374305345038e-01 -9.931360432124621e-02
4.950000000000000e-01 7.949483607905672e-01 -1.113566057323690e-01
5.000000000000000e-01 8.153561596498893e-01 -5.578554258358937e-02
5.050000000000000e-01 8.362735826510871e-01 1.660879459237107e-02
5.100000000000000e-01 8.577137038644561e-01 -4.109105246923514e-02
5.150000000000000e-01 8.796899240636907e-01 3.705768648387035e-02
5.200000000000000e-01 9.022159791018011e-01 -2.267588248103623e-02
5.250000000000000e-01 9.253059484964714e-01 3.288386471439712e-02
5.300000000000000e-01 9.489742642302165e-01 -6.006290792950722e-03
5.350000000000000e-01 9.732357197708378e-01 2.406840661641232e-02
5.400000000000000e-01 9.981054793178262e-01 6.170225906969436e-03
5.450000000000000e-01 1.023599087280478e+00 1.675791738321768e-02
5.500000000000000e-01 1.049732477993657e+00 1.345109534848946e-02
5.550000000000000e-01 1.076521985677273e+00 1.245178786929415e-02
5.600000000000001e-01 1.103984354645701e+00 1.664162964777444e-02
5.650000000000001e-01 1.132136749773522e+00 1.083326670186212e-02
5.700000000000001e-01 1.160996767224129e+00 1.703314840287677e-02
5.750000000000001e-01 1.190582445447902e+00 1.094057037892253e-02
5.800000000000000e-01 1.220912276456826e+00 1.594707462833094e-02
5.850000000000000e-01 1.252005217382601e+00 1.175691589570721e-02
5.900000000000000e-01 1.283880702325469e+00 1.444599643811141e-02
5.950000000000000e-01 1.316558654501151e+00 1.252345526739940e-02
6.000000000000000e-01 1.350059498693518e+00 1.318453071822913e-02
6.050000000000000e-01 1.384404174020732e+00 1.286304433173329e-02
6.100000000000000e-01 1.419614147022888e+00 1.239778058181130e-02
6.150000000000000e-01 1.455711425079295e+00 1.274882538764399e-02
6.200000000000000e-01 1.492718570163803e+00 1.201114500365461e-02
6.250000000000000e-01 1.530658712946775e+00 1.236257978299087e-02
6.300000000000000e-01 1.569555567252506e+00 1.181846382096596e-02
6.350000000000000e-01 1.609433444881138e+00 1.191931375491153e-02
6.400000000000000e-01 1.650317270804325e+00 1.164510074125061e-02
6.450000000000000e-01 1.692232598744148e+00 1.154532206094752e-02
6.500000000000000e-01 1.735205627145031e+00 1.142340007350106e-02
6.550000000000000e-01 1.779263215548615e+00 1.125764271638128e-02
6.600000000000000e-01 1.824432901381847e+00 1.116947780333177e-02
6.650000000000000e-01 1.870742917168772e+00 1.101877276196266e-02
6.700000000000000e-01 1.918222208176775e+00 1.091849735623971e-02
6.750000000000000e-01 1.966900450508319e+00 1.079527122981061e-02
6.800000000000000e-01 2.016808069649473e+00 1.068515152057935e-02
6.850000000000001e-01 2.067976259486829e+00 1.057538446929628e-02
6.900000000000001e-01 2.120437001804702e+00 1.046473226099949e-02
6.950000000000001e-01 2.174223086274785e+00 1.035729063583056e-02
7.000000000000001e-01 2.229368130950753e+00 1.024748591498128e-02
7.050000000000000e-01 2.285906603280654e+00 1.013752846576835e-02
7.100000000000000e-01 2.343873841650178e+00 1.002486621474185e-02
7.150000000000000e-01 2.403306077470301e+00 9.908951232220081e-03
7.200000000000000e-01 2.464240457823092e+00 9.788512469422733e-03
7.250000000000000e-01 2.526715068679855e+00 9.662156983733603e-03
7.300000000000000e-01 2.590768958706095e+00 9.528524675128621e-03
7.350000000000000e-01 2.656442163668210e+00 9.385980952590151e-03
7.400000000000000e-01 2.723775731457148e+00 9.232808289508001e-03
7.450000000000000e-01 2.792811747744667e+00 9.067088759623958e-03
7.500000000000000e-01 2.863593362288260e+00 8.886724399272020e-03
7.550000000000000e-01 2.936164815901156e+00 8.689411763631192e-03
7.600000000000000e-01 3.010571468104263e+00 8.472623649472388e-03
7.650000000000000e-01 3.086859825477351e+00 8.233594484044673e-03
7.700000000000000e-01 3.165077570727174e+00 7.969304323076815e-03
7.750000000000000e-01 3.245273592490716e+00 7.676468520230926e-03
7.800000000000000e-01 3.327498015892184e+00 7.351533602527761e-03
7.850000000000000e-01 3.411802233872832e+00 6.990684046820599e-03
7.900000000000000e-01 3.498238939313234e+00 6.589864906401013e-03
7.950000000000000e-01 3.586862157968046e+00 6.144828550025603e-03
8.000000000000000e-01 3.677727282233856e+00 5.651216069645953e-03
8.050000000000000e-01 3.770891105771243e+00 5.104684909772763e-03
8.100000000000001e-01 3.866411859002656e+00 4.501098338919857e-03
8.150000000000001e-01 3.964349245508326e+00 3.836797862179382e-03
8.200000000000001e-01 4.064764479342956e+00 3.108977357075235e-03
8.250000000000001e-01 4.167720323296481e+00 2.316168879557744e-03
8.300000000000001e-01 4.273281128122877e+00 1.458844331557224e-03
8.350000000000000e-01 4.381512872761445e+00 5.401218187615824e-04
8.400000000000000e-01 4.492483205575838e+00 -4.334838827198632e-04
8.450000000000000e-01 4.606261486636447e+00 -1.451386835119018e-03
8.500000000000000e-01 4.722918831072739e+00 -2.498455536804424e-03
8.550000000000000e-01 4.842528153522501e+00 -3.554809184381466e-03
8.600000000000000e-01 4.965164213705875e+00 -4.595933148966626e-03
8.650000000000000e-01 5.090903663152626e+00 -5.593201316293614e-03
8.700000000000000e-01 5.219825093111814e+00 -6.514857860270652e-03
8.750000000000000e-01 5.352009083673925e+00 -7.327287526725091e-03
8.800000000000000e-01 5.487538254136007e+00 -7.996183511603085e-03
8.850000000000000e-01 5.626497314641444e+00 -8.487421366896678e-03
8.900000000000000e-01 5.768973119126561e+00 -8.768189821803376e-03
8.950000000000000e-01 5.915054719607133e+00 -8.809661711658697e-03
9.000000000000000e-01 6.064833421838831e+00 -8.592300137191393e-03
9.050000000000000e-01 6.218402842386253e+00 -8.113389781838379e-03
9.100000000000000e-01 6.375858967136348e+00 -7.394276899102069e-03
9.150000000000000e-01 6.537300211292723e+00 -6.483581498665956e-03
9.200000000000000e-01 6.702827480888332e+00 -5.453469692084221e-03
9.250000000000000e-01 6.872544235855034e+00 -4.388805497351772e-03
9.300000000000000e-01 7.046556554689444e+00 -3.372189843133739e-03
9.350000000000001e-01 7.224973200755413e+00 -2.469740078696058e-03
9.400000000000001e-01 7.407905690264673e+00 -1.722006374938164e-03
9.450000000000001e-01 7.595468361978146e+00 -1.142082708464367e-03
9.500000000000001e-01 7.787778448671316e+00 -7.201297249157203e-04
9.550000000000001e-01 7.984956150408610e+00 -4.315731236949762e-04
9.600000000000000e-01 8.187124709672272e+00 -2.458064334215401e-04
9.650000000000000e-01 8.394410488393007e+00 -1.330632918318693e-04
9.700000000000000e-01 8.606943046930221e+00 -6.847350629057481e-05
9.750000000000000e-01 8.824855225051540e+00 -3.350612941558236e-05
9.800000000000000e-01 9.048283224961922e+00 -1.559091762768463e-05
9.850000000000000e-01 9.277366696434507e+00 -6.910874725048226e-06
9.900000000000000e-01 9.512248824096272e+00 -2.894357619312828e-06
9.950000000000000e-01 9.753076416923058e+00 -1.193941276925068e-06
1.000000000000000e+00 1.000000000000000e+01 -3.618750131446889e-07
