0.000000000000000e+00 0.000000000000000e+00 0.000000000000000e+00
5.000000000000000e-03 3.369477419287315e-03 -3.058342119438396e-03
1.000000000000000e-02 6.741060871647481e-03 -5.739449379792093e-03
1.500000000000000e-02 1.011685770649257e-02 -8.430541643544101e-03
2.000000000000000e-02 1.349897790673588e-02 -1.171158725641190e-02
2.500000000000000e-02 1.688953540759990e-02 -1.541435836352705e-02
3.000000000000000e-02 2.029064941789469e-02 -1.855580440925112e-02
3.500000000000000e-02 2.370444574459234e-02 -2.182506906764575e-02
4.000000000000000e-02 2.713305812152553e-02 -2.512485752025574e-02
4.500000000000000e-02 3.057862954304063e-02 -2.841092747438282e-02
5.000000000000000e-02 3.404331360343898e-02 -3.163159802818435e-02
5.500000000000000e-02 3.752927584304335e-02 -3.499163924412424e-02
6.000000000000000e-02 4.103869510173117e-02 -3.831579181488622e-02
6.500000000000000e-02 4.457376488078044e-02 -4.161929267793319e-02
7.000000000000001e-02 4.813669471387935e-02 -4.496556539036659e-02
7.500000000000000e-02 5.172971154815675e-02 -4.839762369141244e-02
8.000000000000000e-02 5.535506113609672e-02 -5.179069417090911e-02
8.500000000000001e-02 5.901500943920686e-02 -5.521663811722999e-02
9.000000000000000e-02 6.271184404431801e-02 -5.870770901296662e-02
9.500000000000000e-02 6.644787559340060e-02 -6.223157668067055e-02
1.000000000000000e-01 7.022543922779090e-02 -6.574921068583281e-02
1.050000000000000e-01 7.404689604773053e-02 -6.934570548850298e-02
1.100000000000000e-01 7.791463458813094e-02 -7.299356937313779e-02
1.150000000000000e-01 8.183107231148547e-02 -7.665302328741727e-02
1.200000000000000e-01 8.579865711886202e-02 -8.034936105850979e-02
1.250000000000000e-01 8.981986887992111e-02 -8.413976245260657e-02
1.300000000000000e-01 9.389722098291493e-02 -8.796616410933938e-02
1.350000000000000e-01 9.803326190563690e-02 -9.181508678193244e-02
1.400000000000000e-01 1.022305768083033e-01 -9.573226935718518e-02
1.450000000000000e-01 1.064917891493625e-01 -9.973866017282190e-02
1.500000000000000e-01 1.108195623252418e-01 -1.037797440193740e-01
1.550000000000000e-01 1.152166013350572e-01 -1.078666580246028e-01
1.600000000000000e-01 1.196856544713255e-01 -1.120382573679389e-01
1.650000000000000e-01 1.242295150377370e-01 -1.162932113874000e-01
1.700000000000000e-01 1.288510230950609e-01 -1.205927804697346e-01
1.750000000000000e-01 1.335530672362758e-01 -1.249582699756643e-01
1.800000000000000e-01 1.383385863920344e-01 -1.294176359091596e-01
1.850000000000000e-01 1.432105716675912e-01 -1.339629334933418e-01
1.900000000000000e-01 1.481720682123397e-01 -1.385667170616655e-01
1.950000000000000e-01 1.532261771231311e-01 -1.432487557687613e-01
2.000000000000000e-01 1.583760573825595e-01 -1.480327413786682e-01
2.050000000000000e-01 1.636249278334301e-01 -1.529146525311408e-01
2.100000000000000e-01 1.689760691906397e-01 -1.578702589887235e-01
2.150000000000000e-01 1.744328260917313e-01 -1.629098695470739e-01
2.200000000000000e-01 1.799986091874004e-01 -1.680584143966096e-01
2.250000000000000e-01 1.856768972732633e-01 -1.733235202089720e-01
2.300000000000000e-01 1.914712394642179e-01 -1.786821650779042e-01
2.350000000000000e-01 1.973852574127551e-01 -1.841300639315211e-01
2.400000000000000e-01 2.034226475726105e-01 -1.896888276045388e-01
2.450000000000000e-01 2.095871835091678e-01 -1.953786755689364e-01
2.500000000000000e-01 2.158827182580599e-01 -2.011893979686706e-01
2.550000000000000e-01 2.223131867334419e-01 -2.071115472827764e-01
2.600000000000000e-01 2.288826081874405e-01 -2.131470560527328e-01
2.650000000000000e-01 2.355950887223172e-01 -2.193076490569774e-01
2.700000000000000e-01 2.424548238569160e-01 -2.256075021584997e-01
2.750000000000000e-01 2.494661011489995e-01 -2.320581250647046e-01
2.800000000000000e-01 2.566333028751116e-01 -2.386499900159251e-01
2.850000000000000e-01 2.639609087696434e-01 -2.453797569804455e-01
2.900000000000000e-01 2.714534988248126e-01 -2.522531685627117e-01
2.950000000000000e-01 2.791157561533084e-01 -2.592750878831024e-01
3.000000000000000e-01 2.869524699153886e-01 -2.664598434776804e-01
3.050000000000000e-01 2.949685383122613e-01 -2.738213567461827e-01
3.100000000000000e-01 3.031689716476197e-01 -2.813619257281014e-01
3.150000000000000e-01 3.115588954592450e-01 -2.890965377485362e-01
3.200000000000000e-01 3.201435537226349e-01 -2.970236252913252e-01
3.250000000000000e-01 3.289283121286580e-01 -3.051574302899717e-01
3.300000000000000e-01 3.379186614372866e-01 -3.135027636677963e-01
3.350000000000000e-01 3.471202209094989e-01 -3.220743712090253e-01
3.400000000000000e-01 3.565387418195016e-01 -3.308843918335521e-01
3.450000000000000e-01 3.661801110494620e-01 -3.399500028921197e-01
3.500000000000000e-01 3.760503547690021e-01 -3.492894985233411e-01
3.550000000000000e-01 3.861556422017504e-01 -3.589248486082843e-01
3.600000000000000e-01 3.965022894813072e-01 -3.688812879624143e-01
3.650000000000000e-01 4.070967635990345e-01 -3.791885680082347e-01
3.700000000000000e-01 4.179456864461349e-01 -3.898817733747786e-01
3.750000000000000e-01 4.290558389525505e-01 -4.010026746948900e-01
3.800000000000000e-01 4.404341653252637e-01 -4.126013211590539e-01
3.850000000000000e-01 4.520877773886537e-01 -4.247381324787555e-01
3.900000000000000e-01 4.640239590296172e-01 -4.374865958152919e-01
3.950000000000000e-01 4.762501707502353e-01 -4.509368124472917e-01
4.000000000000000e-01 4.887740543308307e-01 -4.652002123297474e-01
4.050000000000000e-01 5.016034376063282e-01 -4.804159140281339e-01
4.100000000000000e-01 5.147463393589066e-01 -4.967594401506273e-01
4.150000000000000e-01 5.282109743299990e-01 -5.144548751961581e-01
4.200000000000000e-01 5.420057583547735e-01 -5.337921688945145e-01
4.250000000000000e-01 5.561393136223041e-01 -5.551523284876515e-01
4.300000000000000e-01 5.706204740647189e-01 -5.790450562501105e-01
4.350000000000000e-01 5.854582908786964e-01 -6.061666611281140e-01
4.400000000000000e-01 6.006620381827575e-01 -6.374922110289905e-01
4.450000000000000e-01 6.162412188138907e-01 -6.744278690054422e-01
4.500000000000000e-01 6.322055702671360e-01 -7.190735915165430e-01
4.550000000000000e-01 6.485650707818353e-01 -7.746962818390766e-01
4.600000000000000e-01 6.653299455783577e-01 -8.466105285330490e-01
4.650000000000000e-01 6.825106732491932e-01 -9.437770628197870e-01
4.700000000000000e-01 7.001179923084168e-01 -1.080806327287517e+00
4.750000000000000e-01 7.181629079036070e-01 -1.271957282011370e+00
4.800000000000000e-01 7.366566986944229e-01 -1.461154168733057e+00
4.850000000000000e-01 7.556109239021327e-01 -1.337748461659207e+00
4.900000000000000e-01 7.750374305345038e-01 -6.883722850797308e-01
4.950000000000000e-01 7.949483607905672e-01 -1.491609908508947e-01
5.000000000000000e-01 8.153561596498893e-01 -1.037324824274887e-01
5.050000000000000e-01 8.362735826510871e-01 -8.108218934449724e-02
5.100000000000000e-01 8.577137038644561e-01 -2.495564081740869e-02
5.150000000000000e-01 8.796899240636907e-01 -2.926805088980318e-02
5.200000000000000e-01 9.022159791018011e-01 -9.649750013744872e-03
5.250000000000000e-01 9.253059484964714e-01 -4.147395322706690e-03
5.300000000000000e-01 9.489742642302165e-01 -6.469926964766940e-04
5.350000000000000e-01 9.732357197708378e-01 5.709753803063115e-03
5.400000000000000e-01 9.981054793178262e-01 6.336057483213081e-03
5.450000000000000e-01 1.023599087280478e+00 9.781330494673116e-03
5.500000000000000e-01 1.049732477993657e+00 1.075305110912314e-02
5.550000000000000e-01 1.076521985677273e+00 1.204487527796134e-02
5.600000000000001e-01 1.103984354645701e+00 1.307965613808950e-02
5.650000000000001e-01 1.132136749773522e+00 1.354078457643424e-02
5.700000000000001e-01 1.160996767224129e+00 1.419928677320312e-02
5.750000000000001e-01 1.190582445447902e+00 1.444304135793557e-02
5.800000000000000e-01 1.220912276456826e+00 1.472437908899420e-02
5.850000000000000e-01 1.252005217382601e+00 1.486386283242952e-02
5.900000000000000e-01 1.283880702325469e+00 1.492725370796164e-02
5.950000000000000e-01 1.316558654501151e+00 1.495480330955774e-02
6.000000000000000e-01 1.350059498693518e+00 1.490957048979336e-02
6.050000000000000e-01 1.384404174020732e+00 1.483908084142575e-02
6.100000000000000e-01 1.419614147022888e+00 1.472689624931798e-02
6.150000000000000e-01 1.455711425079295e+00 1.458733617131600e-02
6.200000000000000e-01 1.492718570163803e+00 1.442326151764902e-02
6.250000000000000e-01 1.530658712946775e+00 1.423594345706669e-02
6.300000000000000e-01 1.569555567252506e+00 1.402996141173679e-02
6.350000000000000e-01 1.609433444881138e+00 1.380573153273017e-02
6.400000000000000e-01 1.650317270804325e+00 1.356519897313885e-02
6.450000000000000e-01 1.692232598744148e+00 1.330908876464387e-02
6.500000000000000e-01 1.735205627145031e+00 1.303787615256538e-02
6.550000000000000e-01 1.779263215548615e+00 1.275181740302359e-02
6.600000000000000e-01 1.824432901381847e+00 1.245076164861404e-02
6.650000000000000e-01 1.870742917168772e+00 1.213436887720034e-02
6.700000000000000e-01 1.918222208176775e+00 1.180203434796371e-02
6.750000000000000e-01 1.966900450508319e+00 1.145293983183182e-02
6.800000000000000e-01 2.016808069649473e+00 1.108606355894107e-02
6.850000000000001e-01 2.067976259486829e+00 1.070018798552631e-02
6.900000000000001e-01 2.120437001804702e+00 1.029391362992986e-02
6.950000000000001e-01 2.174223086274785e+00 9.865667130561631e-03
7.000000000000001e-01 2.229368130950753e+00 9.413712579330978e-03
7.050000000000000e-01 2.285906603280654e+00 8.936164355373290e-03
7.100000000000000e-01 2.343873841650178e+00 8.431003771547848e-03
7.150000000000000e-01 2.403306077470301e+00 7.896101421228345e-03
7.200000000000000e-01 2.464240457823092e+00 7.329247317839224e-03
7.250000000000000e-01 2.526715068679855e+00 6.728191545623607e-03
7.300000000000000e-01 2.590768958706095e+00 6.090698476287249e-03
7.350000000000000e-01 2.656442163668210e+00 5.414618073342017e-03
7.400000000000000e-01 2.723775731457148e+00 4.697978132702665e-03
7.450000000000000e-01 2.792811747744667e+00 3.939101425587661e-03
7.500000000000000e-01 2.863593362288260e+00 3.136751449871088e-03
7.550000000000000e-01 2.936164815901156e+00 2.290309614708128e-03
7.600000000000000e-01 3.010571468104263e+00 1.399984885160959e-03
7.650000000000000e-01 3.086859825477351e+00 4.670539397023696e-04
7.700000000000000e-01 3.165077570727174e+00 -5.058744279985882e-04
7.750000000000000e-01 3.245273592490716e+00 -1.514582629433247e-03
7.800000000000000e-01 3.327498015892184e+00 -2.552973909096888e-03
7.850000000000000e-01 3.411802233872832e+00 -3.612833123651609e-03
7.900000000000000e-01 3.498238939313234e+00 -4.683647669395501e-03
7.950000000000000e-01 3.586862157968046e+00 -5.752518083959432e-03
8.000000000000000e-01 3.677727282233856e+00 -6.804183384648615e-03
8.050000000000000e-01 3.770891105771243e+00 -7.821175641965229e-03
8.100000000000001e-01 3.866411859002656e+00 -8.784103080387313e-03
8.150000000000001e-01 3.964349245508326e+00 -9.672047213884902e-03
8.200000000000001e-01 4.064764479342956e+00 -1.046305390161530e-02
8.250000000000001e-01 4.167720323296481e+00 -1.113470077721025e-02
8.300000000000001e-01 4.273281128122877e+00 -1.166472978911941e-02
8.350000000000000e-01 4.381512872761445e+00 -1.203174990876532e-02
8.400000000000000e-01 4.492483205575838e+00 -1.221606443760150e-02
8.450000000000000e-01 4.606261486636447e+00 -1.220077053232874e-02
8.500000000000000e-01 4.722918831072739e+00 -1.197336610866882e-02
8.550000000000000e-01 4.842528153522501e+00 -1.152806425197138e-02
8.600000000000000e-01 4.965164213705875e+00 -1.086874858843872e-02
8.650000000000000e-01 5.090903663152626e+00 -1.001202291964250e-02
8.700000000000000e-01 5.219825093111814e+00 -8.989320200141725e-03
8.750000000000000e-01 5.352009083673925e+00 -7.846854566150908e-03
8.800000000000000e-01 5.487538254136007e+00 -6.642560267108781e-03
8.850000000000000e-01 5.626497314641444e+00 -5.440037769763005e-03
8.900000000000000e-01 5.768973119126561e+00 -4.300596353688002e-03
8.950000000000000e-01 5.915054719607133e+00 -3.275268207227130e-03
9.000000000000000e-01 6.064833421838831e+00 -2.398794700049903e-03
9.050000000000000e-01 6.218402842386253e+00 -1.686979411589608e-03
9.100000000000000e-01 6.375858967136348e+00 -1.137732716595105e-03
9.150000000000000e-01 6.537300211292723e+00 -7.350559415609793e-04
9.200000000000000e-01 6.702827480888332e+00 -4.545369993847359e-04
9.250000000000000e-01 6.872544235855034e+00 -2.688308666419081e-04
9.300000000000000e-01 7.046556554689444e+00 -1.519869747841117e-04
9.350000000000001e-01 7.224973200755413e+00 -8.210368088844319e-05
9.400000000000001e-01 7.407905690264673e+00 -4.236500155202286e-05
9.450000000000001e-01 7.595468361978146e+00 -2.087566443194904e-05
9.500000000000001e-01 7.787778448671316e+00 -9.821929731369827e-06
9.550000000000001e-01 7.984956150408610e+00 -4.412058825136078e-06
9.600000000000000e-01 8.187124709672272e+00 -1.892183413620974e-06
9.650000000000000e-01 8.394410488393007e+00 -7.747707995731965e-07
9.700000000000000e-01 8.606943046930221e+00 -3.028998210985600e-07
9.750000000000000e-01 8.824855225051540e+00 -1.130802721674311e-07
9.800000000000000e-01 9.048283224961922e+00 -4.031421643224023e-08
9.850000000000000e-01 9.277366696434507e+00 -1.373519999559707e-08
9.900000000000000e-01 9.512248824096272e+00 -4.444904011243708e-09
9.950000000000000e-01 9.753076416923058e+00 -1.437466616970215e-09
1.000000000000000e+00 1.000000000000000e+01 -2.179393156945025e-10
