0.000000000000000e+00 0.000000000000000e+00 0.000000000000000e+00
5.000000000000000e-03 3.369477419287315e-03 -2.620431544753637e-03
1.000000000000000e-02 6.741060871647481e-03 -5.357734756228708e-03
1.500000000000000e-02 1.011685770649257e-02 -8.026728739490277e-03
2.000000000000000e-02 1.349897790673588e-02 -1.089621132633231e-02
2.500000000000000e-02 1.688953540759990e-02 -1.430104265726736e-02
3.000000000000000e-02 2.029064941789469e-02 -1.739373165807712e-02
3.500000000000000e-02 2.370444574459234e-02 -2.043140457778072e-02
4.000000000000000e-02 2.713305812152553e-02 -2.340070429683963e-02
4.500000000000000e-02 3.057862954304063e-02 -2.651339831731121e-02
5.000000000000000e-02 3.404331360343898e-02 -2.959996588988780e-02
5.500000000000000e-02 3.752927584304335e-02 -3.267069968535015e-02
6.000000000000000e-02 4.103869510173117e-02 -3.571757193605873e-02
6.500000000000000e-02 4.457376488078044e-02 -3.886057260773606e-02
7.000000000000001e-02 4.813669471387935e-02 -4.200912588577123e-02
7.500000000000000e-02 5.172971154815675e-02 -4.514790132504218e-02
8.000000000000000e-02 5.535506113609672e-02 -4.829170845361620e-02
8.500000000000001e-02 5.901500943920686e-02 -5.152025217302864e-02
9.000000000000000e-02 6.271184404431801e-02 -5.476891455811001e-02
9.500000000000000e-02 6.644787559340060e-02 -5.801637005497721e-02
1.000000000000000e-01 7.022543922779090e-02 -6.128199179278446e-02
1.050000000000000e-01 7.404689604773053e-02 -6.462692585007936e-02
1.100000000000000e-01 7.791463458813094e-02 -6.800746818380535e-02
1.150000000000000e-01 8.183107231148547e-02 -7.139969184968052e-02
1.200000000000000e-01 8.579865711886202e-02 -7.481442207561136e-02
1.250000000000000e-01 8.981986887992111e-02 -7.830151527107983e-02
1.300000000000000e-01 9.389722098291493e-02 -8.184144668746095e-02
1.350000000000000e-01 9.803326190563690e-02 -8.541331718845434e-02
1.400000000000000e-01 1.022305768083033e-01 -8.900877435475026e-02
1.450000000000000e-01 1.064917891493625e-01 -9.266195602663692e-02
1.500000000000000e-01 1.108195623252418e-01 -9.638206039239514e-02
1.550000000000000e-01 1.152166013350572e-01 -1.001644521030637e-01
1.600000000000000e-01 1.196856544713255e-01 -1.039781111524563e-01
1.650000000000000e-01 1.242295150377370e-01 -1.078290956564490e-01
1.700000000000000e-01 1.288510230950609e-01 -1.117461932230337e-01
1.750000000000000e-01 1.335530672362758e-01 -1.157507970951771e-01
1.800000000000000e-01 1.383385863920344e-01 -1.198118855822520e-01
1.850000000000000e-01 1.432105716675912e-01 -1.239150910465278e-01
1.900000000000000e-01 1.481720682123397e-01 -1.280690269200588e-01
1.950000000000000e-01 1.532261771231311e-01 -1.322902022115755e-01
2.000000000000000e-01 1.583760573825595e-01 -1.365875758561789e-01
2.050000000000000e-01 1.636249278334301e-01 -1.409729773391012e-01
2.100000000000000e-01 1.689760691906397e-01 -1.454223890568421e-01
2.150000000000000e-01 1.744328260917313e-01 -1.499255998413477e-01
2.200000000000000e-01 1.799986091874004e-01 -1.544895850893875e-01
2.250000000000000e-01 1.856768972732633e-01 -1.591147057270665e-01
2.300000000000000e-01 1.914712394642179e-01 -1.638135031140762e-01
2.350000000000000e-01 1.973852574127551e-01 -1.686005986630655e-01
2.400000000000000e-01 2.034226475726105e-01 -1.734634012445609e-01
2.450000000000000e-01 2.095871835091678e-01 -1.784174707156654e-01
2.500000000000000e-01 2.158827182580599e-01 -1.834432917685616e-01
2.550000000000000e-01 2.223131867334419e-01 -1.885508994312287e-01
2.600000000000000e-01 2.288826081874405e-01 -1.937295397369144e-01
2.650000000000000e-01 2.355950887223172e-01 -1.989838901557125e-01
2.700000000000000e-01 2.424548238569160e-01 -2.043104238107397e-01
2.750000000000000e-01 2.494661011489995e-01 -2.097104848868674e-01
2.800000000000000e-01 2.566333028751116e-01 -2.151828352919135e-01
2.850000000000000e-01 2.639609087696434e-01 -2.207270545150416e-01
2.900000000000000e-01 2.714534988248126e-01 -2.263418589956449e-01
2.950000000000000e-01 2.791157561533084e-01 -2.320257721611189e-01
3.000000000000000e-01 2.869524699153886e-01 -2.377768327697108e-01
3.050000000000000e-01 2.949685383122613e-01 -2.435926834627450e-01
3.100000000000000e-01 3.031689716476197e-01 -2.494705114831760e-01
3.150000000000000e-01 3.115588954592450e-01 -2.554070330320032e-01
3.200000000000000e-01 3.201435537226349e-01 -2.613984560018566e-01
3.250000000000000e-01 3.289283121286580e-01 -2.674404434655929e-01
3.300000000000000e-01 3.379186614372866e-01 -2.735280717151322e-01
3.350000000000000e-01 3.471202209094989e-01 -2.796557850382230e-01
3.400000000000000e-01 3.565387418195016e-01 -2.858173467091716e-01
3.450000000000000e-01 3.661801110494620e-01 -2.920057862368829e-01
3.500000000000000e-01 3.760503547690021e-01 -2.982133426312396e-01
3.550000000000000e-01 3.861556422017504e-01 -3.044314034100566e-01
3.600000000000000e-01 3.965022894813072e-01 -3.106504389710042e-01
3.650000000000000e-01 4.070967635990345e-01 -3.168599318579703e-01
3.700000000000000e-01 4.179456864461349e-01 -3.230483003350925e-01
3.750000000000000e-01 4.290558389525505e-01 -3.292028155416529e-01
3.800000000000000e-01 4.404341653252637e-01 -3.353095113306264e-01
3.850000000000000e-01 4.520877773886537e-01 -3.413530856875117e-01
3.900000000000000e-01 4.640239590296172e-01 -3.473167923797343e-01
3.950000000000000e-01 4.762501707502353e-01 -3.531823211974859e-01
4.000000000000000e-01 4.887740543308307e-01 -3.589296648147167e-01
4.050000000000000e-01 5.016034376063282e-01 -3.645369699303370e-01
4.100000000000000e-01 5.147463393589066e-01 -3.699803699596963e-01
4.150000000000000e-01 5.282109743299990e-01 -3.752337961655087e-01
4.200000000000000e-01 5.420057583547735e-01 -3.802687637983763e-01
4.250000000000000e-01 5.561393136223041e-01 -3.850541296473731e-01
4.300000000000000e-01 5.706204740647189e-01 -3.895558175180928e-01
4.350000000000000e-01 5.854582908786964e-01 -3.937365087682049e-01
4.400000000000000e-01 6.006620381827575e-01 -3.975552964478468e-01
4.450000000000000e-01 6.162412188138907e-01 -4.009673042566306e-01
4.500000000000000e-01 6.322055702671360e-01 -4.039232760556801e-01
4.550000000000000e-01 6.485650707818353e-01 -4.063691488841276e-01
4.600000000000000e-01 6.653299455783577e-01 -4.082456333709652e-01
4.650000000000000e-01 6.825106732491932e-01 -4.094878413450294e-01
4.700000000000000e-01 7.001179923084168e-01 -4.100250226333442e-01
4.750000000000000e-01 7.181629079036070e-01 -4.097805025701364e-01
4.800000000000000e-01 7.366566986944229e-01 -4.086719488658100e-01
4.850000000000000e-01 7.556109239021327e-01 -4.066121396595703e-01
4.900000000000000e-01 7.750374305345038e-01 -4.035104490031093e-01
4.950000000000000e-01 7.949483607905672e-01 -3.992753018028339e-01
5.000000000000000e-01 8.153561596498893e-01 -3.938178606007217e-01
5.050000000000000e-01 8.362735826510871e-01 -3.870571671296121e-01
5.100000000000000e-01 8.577137038644561e-01 -3.789268426256391e-01
5.150000000000000e-01 8.796899240636907e-01 -3.693832249260927e-01
5.200000000000000e-01 9.022159791018011e-01 -3.584144768100863e-01
5.250000000000000e-01 9.253059484964714e-01 -3.460497656824020e-01
5.300000000000000e-01 9.489742642302165e-01 -3.323671731589286e-01
5.350000000000000e-01 9.732357197708378e-01 -3.174986885024019e-01
5.400000000000000e-01 9.981054793178262e-01 -3.016306479398188e-01
5.450000000000000e-01 1.023599087280478e+00 -2.849984414044101e-01
5.500000000000000e-01 1.049732477993657e+00 -2.678752309516284e-01
5.550000000000000e-01 1.076521985677273e+00 -2.505556332344241e-01
5.600000000000001e-01 1.103984354645701e+00 -2.333364661234236e-01
5.650000000000001e-01 1.132136749773522e+00 -2.164973579349950e-01
5.700000000000001e-01 1.160996767224129e+00 -2.002840128042380e-01
5.750000000000001e-01 1.190582445447902e+00 -1.848962265944898e-01
5.800000000000000e-01 1.220912276456826e+00 -1.704816213632374e-01
5.850000000000000e-01 1.252005217382601e+00 -1.571349016080648e-01
5.900000000000000e-01 1.283880702325469e+00 -1.449015637032823e-01
5.950000000000000e-01 1.316558654501151e+00 -1.337845671078235e-01
6.000000000000000e-01 1.350059498693518e+00 -1.237524730078340e-01
6.050000000000000e-01 1.384404174020732e+00 -1.147478304950435e-01
6.100000000000000e-01 1.419614147022888e+00 -1.066949768453643e-01
6.150000000000000e-01 1.455711425079295e+00 -9.950679076432911e-02
6.200000000000000e-01 1.492718570163803e+00 -9.309022859885974e-02
6.250000000000000e-01 1.530658712946775e+00 -8.735066618571420e-02
6.300000000000000e-01 1.569555567252506e+00 -8.219517540462648e-02
6.350000000000000e-01 1.609433444881138e+00 -7.753490815226358e-02
6.400000000000000e-01 1.650317270804325e+00 -7.328676485988087e-02
6.450000000000000e-01 1.692232598744148e+00 -6.937450829228996e-02
6.500000000000000e-01 1.735205627145031e+00 -6.572945856198899e-02
6.550000000000000e-01 1.779263215548615e+00 -6.229087926135524e-02
6.600000000000000e-01 1.824432901381847e+00 -5.900614082489043e-02
6.650000000000000e-01 1.870742917168772e+00 -5.583072679295769e-02
6.700000000000000e-01 1.918222208176775e+00 -5.272813136818908e-02
6.750000000000000e-01 1.966900450508319e+00 -4.966968178256329e-02
6.800000000000000e-01 2.016808069649473e+00 -4.663430569766386e-02
6.850000000000001e-01 2.067976259486829e+00 -4.360825154963124e-02
6.900000000000001e-01 2.120437001804702e+00 -4.058475826008057e-02
6.950000000000001e-01 2.174223086274785e+00 -3.756366043040992e-02
7.000000000000001e-01 2.229368130950753e+00 -3.455090691969209e-02
7.050000000000000e-01 2.285906603280654e+00 -3.155796590162804e-02
7.100000000000000e-01 2.343873841650178e+00 -2.860108961117597e-02
7.150000000000000e-01 2.403306077470301e+00 -2.570041833532991e-02
7.200000000000000e-01 2.464240457823092e+00 -2.287891641380510e-02
7.250000000000000e-01 2.526715068679855e+00 -2.016115260010103e-02
7.300000000000000e-01 2.590768958706095e+00 -1.757196116010886e-02
7.350000000000000e-01 2.656442163668210e+00 -1.513504519335773e-02
7.400000000000000e-01 2.723775731457148e+00 -1.287160547920524e-02
7.450000000000000e-01 2.792811747744667e+00 -1.079909209838204e-02
7.500000000000000e-01 2.863593362288260e+00 -8.930178397058848e-03
7.550000000000000e-01 2.936164815901156e+00 -7.272045563434378e-03
7.600000000000000e-01 3.010571468104263e+00 -5.826041586609212e-03
7.650000000000000e-01 3.086859825477351e+00 -4.587743538768005e-03
7.700000000000000e-01 3.165077570727174e+00 -3.547411805581037e-03
7.750000000000000e-01 3.245273592490716e+00 -2.690784974909962e-03
7.800000000000000e-01 3.327498015892184e+00 -2.000130421121024e-03
7.850000000000000e-01 3.411802233872832e+00 -1.455442963159663e-03
7.900000000000000e-01 3.498238939313234e+00 -1.035675268235899e-03
7.950000000000000e-01 3.586862157968046e+00 -7.198896168349637e-04
8.000000000000000e-01 3.677727282233856e+00 -4.882396642783220e-04
8.050000000000000e-01 3.770891105771243e+00 -3.227194155782575e-04
8.100000000000001e-01 3.866411859002656e+00 -2.076499667909346e-04
8.150000000000001e-01 3.964349245508326e+00 -1.299074227494090e-04
8.200000000000001e-01 4.064764479342956e+00 -7.892305475813774e-05
8.250000000000001e-01 4.167720323296481e+00 -4.650582542758650e-05
8.300000000000001e-01 4.273281128122877e+00 -2.654635406300789e-05
8.350000000000000e-01 4.381512872761445e+00 -1.466065717475905e-05
8.400000000000000e-01 4.492483205575838e+00 -7.823630402630399e-06
8.450000000000000e-01 4.606261486636447e+00 -4.029258828608792e-06
8.500000000000000e-01 4.722918831072739e+00 -2.000147472132299e-06
8.550000000000000e-01 4.842528153522501e+00 -9.558320557095408e-07
8.600000000000000e-01 4.965164213705875e+00 -4.391911154063539e-07
8.650000000000000e-01 5.090903663152626e+00 -1.938013651099165e-07
8.700000000000000e-01 5.219825093111814e+00 -8.203176473591105e-08
8.750000000000000e-01 5.352009083673925e+00 -3.326854643619833e-08
8.800000000000000e-01 5.487538254136007e+00 -1.291317593015554e-08
8.850000000000000e-01 5.626497314641444e+00 -4.792026700379921e-09
8.900000000000000e-01 5.768973119126561e+00 -1.698448509899047e-09
8.950000000000000e-01 5.915054719607133e+00 -5.744009890082417e-10
9.000000000000000e-01 6.064833421838831e+00 -1.851887373779300e-10
9.050000000000000e-01 6.218402842386253e+00 -5.687001826749386e-11
9.100000000000000e-01 6.375858967136348e+00 -1.662193217267669e-11
9.150000000000000e-01 6.537300211292723e+00 -4.620586029381217e-12
9.200000000000000e-01 6.702827480888332e+00 -1.220806905505116e-12
9.250000000000000e-01 6.872544235855034e+00 -3.063920601109195e-13
9.300000000000000e-01 7.046556554689444e+00 -7.300697476762608e-14
9.350000000000001e-01 7.224973200755413e+00 -1.650868692646761e-14
9.400000000000001e-01 7.407905690264673e+00 -3.541244902451974e-15
9.450000000000001e-01 7.595468361978146e+00 -7.203719678050208e-16
9.500000000000001e-01 7.787778448671316e+00 -1.389327298389976e-16
9.550000000000001e-01 7.984956150408610e+00 -2.539890719839386e-17
9.600000000000000e-01 8.187124709672272e+00 -4.400773093665186e-18
9.650000000000000e-01 8.394410488393007e+00 -7.226213901911971e-19
9.700000000000000e-01 8.606943046930221e+00 -1.124467945367822e-19
9.750000000000000e-01 8.824855225051540e+00 -1.658230470482676e-20
9.800000000000000e-01 9.048283224961922e+00 -2.317555988077850e-21
9.850000000000000e-01 9.277366696434507e+00 -3.070095615611389e-22
9.900000000000000e-01 9.512248824096272e+00 -3.851869396057226e-23
9.950000000000000e-01 9.753076416923058e+00 -4.826336760854664e-24
1.000000000000000e+00 1.000000000000000e+01 1.688202575182152e-24
