0.000000000000000e+00 0.000000000000000e+00 0.000000000000000e+00
5.000000000000000e-03 3.369477419287315e-03 -3.029668094726542e-03
1.000000000000000e-02 6.741060871647481e-03 -5.712038556117704e-03
1.500000000000000e-02 1.011685770649257e-02 -8.441038862891940e-03
2.000000000000000e-02 1.349897790673588e-02 -1.172473922322193e-02
2.500000000000000e-02 1.688953540759990e-02 -1.542692727227320e-02
3.000000000000000e-02 2.029064941789469e-02 -1.857085707976551e-02
3.500000000000000e-02 2.370444574459234e-02 -2.183938682578005e-02
4.000000000000000e-02 2.713305812152553e-02 -2.514281243133736e-02
4.500000000000000e-02 3.057862954304063e-02 -2.843525240193009e-02
5.000000000000000e-02 3.404331360343898e-02 -3.165599891743278e-02
5.500000000000000e-02 3.752927584304335e-02 -3.501625969159729e-02
6.000000000000000e-02 4.103869510173117e-02 -3.834620087501690e-02
6.500000000000000e-02 4.457376488078044e-02 -4.165267494979951e-02
7.000000000000001e-02 4.813669471387935e-02 -4.499828543235326e-02
7.500000000000000e-02 5.172971154815675e-02 -4.843444282045630e-02
8.000000000000000e-02 5.535506113609672e-02 -5.183295395308032e-02
8.500000000000001e-02 5.901500943920686e-02 -5.525909528503876e-02
9.000000000000000e-02 6.271184404431801e-02 -5.875119368238887e-02
9.500000000000000e-02 6.644787559340060e-02 -6.228088226316687e-02
1.000000000000000e-01 7.022543922779090e-02 -6.580208196354405e-02
1.050000000000000e-01 7.404689604773053e-02 -6.939879227038982e-02
1.100000000000000e-01 7.791463458813094e-02 -7.304997956513180e-02
1.150000000000000e-01 8.183107231148547e-02 -7.671462210524202e-02
1.200000000000000e-01 8.579865711886202e-02 -8.041308455835446e-02
1.250000000000000e-01 8.981986887992111e-02 -8.420540881373625e-02
1.300000000000000e-01 9.389722098291493e-02 -8.803654237332043e-02
1.350000000000000e-01 9.803326190563690e-02 -9.188939491962804e-02
1.400000000000000e-01 1.022305768083033e-01 -9.580848956150262e-02
1.450000000000000e-01 1.064917891493625e-01 -9.981853122692066e-02
1.500000000000000e-01 1.108195623252418e-01 -1.038648181592773e-01
1.550000000000000e-01 1.152166013350572e-01 -1.079550355333682e-01
1.600000000000000e-01 1.196856544713255e-01 -1.121291581948180e-01
1.650000000000000e-01 1.242295150377370e-01 -1.163888760607448e-01
1.700000000000000e-01 1.288510230950609e-01 -1.206938462467753e-01
1.750000000000000e-01 1.335530672362758e-01 -1.250628327280577e-01
1.800000000000000e-01 1.383385863920344e-01 -1.295255711049059e-01
1.850000000000000e-01 1.432105716675912e-01 -1.340763132767755e-01
1.900000000000000e-01 1.481720682123397e-01 -1.386859220886202e-01
1.950000000000000e-01 1.532261771231311e-01 -1.433722532597372e-01
2.000000000000000e-01 1.583760573825595e-01 -1.481604832496873e-01
2.050000000000000e-01 1.636249278334301e-01 -1.530483641858018e-01
2.100000000000000e-01 1.689760691906397e-01 -1.580105662752704e-01
2.150000000000000e-01 1.744328260917313e-01 -1.630558038558420e-01
2.200000000000000e-01 1.799986091874004e-01 -1.682096730789146e-01
2.250000000000000e-01 1.856768972732633e-01 -1.734812263865028e-01
2.300000000000000e-01 1.914712394642179e-01 -1.788473787816704e-01
2.350000000000000e-01 1.973852574127551e-01 -1.843028311884850e-01
2.400000000000000e-01 2.034226475726105e-01 -1.898687338813522e-01
2.450000000000000e-01 2.095871835091678e-01 -1.955658185041254e-01
2.500000000000000e-01 2.158827182580599e-01 -2.013848285927320e-01
2.550000000000000e-01 2.223131867334419e-01 -2.073165183595289e-01
2.600000000000000e-01 2.288826081874405e-01 -2.133618902506454e-01
2.650000000000000e-01 2.355950887223172e-01 -2.195321303198442e-01
2.700000000000000e-01 2.424548238569160e-01 -2.258419994557735e-01
2.750000000000000e-01 2.494661011489995e-01 -2.323035221156679e-01
2.800000000000000e-01 2.566333028751116e-01 -2.389074103658435e-01
2.850000000000000e-01 2.639609087696434e-01 -2.456504865562860e-01
2.900000000000000e-01 2.714534988248126e-01 -2.525380594224922e-01
2.950000000000000e-01 2.791157561533084e-01 -2.595748057283908e-01
3.000000000000000e-01 2.869524699153886e-01 -2.667753201736852e-01
3.050000000000000e-01 2.949685383122613e-01 -2.741535533121527e-01
3.100000000000000e-01 3.031689716476197e-01 -2.817122559079100e-01
3.150000000000000e-01 3.115588954592450e-01 -2.894666120259075e-01
3.200000000000000e-01 3.201435537226349e-01 -2.974152397200626e-01
3.250000000000000e-01 3.289283121286580e-01 -3.055726425767361e-01
3.300000000000000e-01 3.379186614372866e-01 -3.139437671883005e-01
3.350000000000000e-01 3.471202209094989e-01 -3.225436845431676e-01
3.400000000000000e-01 3.565387418195016e-01 -3.313848086648760e-01
3.450000000000000e-01 3.661801110494620e-01 -3.404847378918093e-01
3.500000000000000e-01 3.760503547690021e-01 -3.498622227174977e-01
3.550000000000000e-01 3.861556422017504e-01 -3.595398083530020e-01
3.600000000000000e-01 3.965022894813072e-01 -3.695434071865933e-01
3.650000000000000e-01 4.070967635990345e-01 -3.799035965314724e-01
3.700000000000000e-01 4.179456864461349e-01 -3.906564645041394e-01
3.750000000000000e-01 4.290558389525505e-01 -4.018450165704893e-01
3.800000000000000e-01 4.404341653252637e-01 -4.135208341119311e-01
3.850000000000000e-01 4.520877773886537e-01 -4.257462586742317e-01
3.900000000000000e-01 4.640239590296172e-01 -4.385972152761196e-01
3.950000000000000e-01 4.762501707502353e-01 -4.521669366764537e-01
4.000000000000000e-01 4.887740543308307e-01 -4.665709313952297e-01
4.050000000000000e-01 5.016034376063282e-01 -4.819537128374595e-01
4.100000000000000e-01 5.147463393589066e-01 -4.984980644242332e-01
4.150000000000000e-01 5.282109743299990e-01 -5.164380365138067e-01
4.200000000000000e-01 5.420057583547735e-01 -5.360775670707285e-01
4.250000000000000e-01 5.561393136223041e-01 -5.578178097261260e-01
4.300000000000000e-01 5.706204740647189e-01 -5.821983648995510e-01
4.350000000000000e-01 5.854582908786964e-01 -6.099615051055781e-01
4.400000000000000e-01 6.006620381827575e-01 -6.421559997273718e-01
4.450000000000000e-01 6.162412188138907e-01 -6.803123816896871e-01
4.500000000000000e-01 6.322055702671360e-01 -7.267541016719307e-01
4.550000000000000e-01 6.485650707818353e-01 -7.851824406863506e-01
4.600000000000000e-01 6.653299455783577e-01 -8.618424792636292e-01
4.650000000000000e-01 6.825106732491932e-01 -9.679255454461170e-01
4.700000000000000e-01 7.001179923084168e-01 -1.123878944860023e+00
4.750000000000000e-01 7.181629079036070e-01 -1.357077772627642e+00
4.800000000000000e-01 7.366566986944229e-01 -1.603069175673980e+00
4.850000000000000e-01 7.556109239021327e-01 -1.407250658691548e+00
4.900000000000000e-01 7.750374305345038e-01 -5.731422055379969e-01
4.950000000000000e-01 7.949483607905672e-01 -7.913394006327749e-02
5.000000000000000e-01 8.153561596498893e-01 -1.257258076653131e-01
5.050000000000000e-01 8.362735826510871e-01 -5.511087658898398e-02
5.100000000000000e-01 8.577137038644561e-01 -2.105026567458779e-02
5.150000000000000e-01 8.796899240636907e-01 -2.867628837317836e-02
5.200000000000000e-01 9.022159791018011e-01 -7.068729224292830e-06
5.250000000000000e-01 9.253059484964714e-01 -6.247810121360108e-03
5.300000000000000e-01 9.489742642302165e-01 4.707575536889622e-03
5.350000000000000e-01 9.732357197708378e-01 6.118662867844760e-03
5.400000000000000e-01 9.981054793178262e-01 7.863661024629418e-03
5.450000000000000e-01 1.023599087280478e+00 1.137521578014383e-02
5.500000000000000e-01 1.049732477993657e+00 1.091611109979235e-02
5.550000000000000e-01 1.076521985677273e+00 1.330771989496714e-02
5.600000000000001e-01 1.103984354645701e+00 1.318119756121090e-02
5.650000000000001e-01 1.132136749773522e+00 1.412151064510864e-02
5.700000000000001e-01 1.160996767224129e+00 1.442907535155953e-02
5.750000000000001e-01 1.190582445447902e+00 1.460897688485528e-02
5.800000000000000e-01 1.220912276456826e+00 1.492557767033427e-02
5.850000000000000e-01 1.252005217382601e+00 1.489476341847380e-02
5.900000000000000e-01 1.283880702325469e+00 1.502092580464366e-02
5.950000000000000e-01 1.316558654501151e+00 1.496492786158030e-02
6.000000000000000e-01 1.350059498693518e+00 1.492916996923714e-02
6.050000000000000e-01 1.384404174020732e+00 1.484917846658494e-02
6.100000000000000e-01 1.419614147022888e+00 1.473123799078444e-02
6.150000000000000e-01 1.455711425079295e+00 1.460765344933928e-02
6.200000000000000e-01 1.492718570163803e+00 1.445173107808516e-02
6.250000000000000e-01 1.530658712946775e+00 1.428752720080313e-02
6.300000000000000e-01 1.569555567252506e+00 1.410602491381696e-02
6.350000000000000e-01 1.609433444881138e+00 1.391252403990481e-02
6.400000000000000e-01 1.650317270804325e+00 1.370816416922682e-02
6.450000000000000e-01 1.692232598744148e+00 1.349246239615164e-02
6.500000000000000e-01 1.735205627145031e+00 1.326698339892961e-02
6.550000000000000e-01 1.779263215548615e+00 1.303119244008108e-02
6.600000000000000e-01 1.824432901381847e+00 1.278526902837567e-02
6.650000000000000e-01 1.870742917168772e+00 1.252882351643306e-02
6.700000000000000e-01 1.918222208176775e+00 1.226130168502083e-02
6.750000000000000e-01 1.966900450508319e+00 1.198200845146678e-02
6.800000000000000e-01 2.016808069649473e+00 1.169001253462677e-02
6.850000000000001e-01 2.067976259486829e+00 1.138423534341776e-02
6.900000000000001e-01 2.120437001804702e+00 1.106341391206797e-02
6.950000000000001e-01 2.174223086274785e+00 1.072611755580286e-02
7.000000000000001e-01 2.229368130950753e+00 1.037074767326914e-02
7.050000000000000e-01 2.285906603280654e+00 9.995538229492952e-03
7.100000000000000e-01 2.343873841650178e+00 9.598559606368330e-03
7.150000000000000e-01 2.403306077470301e+00 9.177722512043157e-03
7.200000000000000e-01 2.464240457823092e+00 8.730786106383670e-03
7.250000000000000e-01 2.526715068679855e+00 8.255370940864450e-03
7.300000000000000e-01 2.590768958706095e+00 7.748979187522867e-03
7.350000000000000e-01 2.656442163668210e+00 7.209024831006261e-03
7.400000000000000e-01 2.723775731457148e+00 6.632877098132347e-03
7.450000000000000e-01 2.792811747744667e+00 6.017921113030220e-03
7.500000000000000e-01 2.863593362288260e+00 5.361640370955079e-03
7.550000000000000e-01 2.936164815901156e+00 4.661726146396065e-03
7.600000000000000e-01 3.010571468104263e+00 3.916219175238431e-03
7.650000000000000e-01 3.086859825477351e+00 3.123688575409338e-03
7.700000000000000e-01 3.165077570727174e+00 2.283451594767996e-03
7.750000000000000e-01 3.245273592490716e+00 1.395835050207285e-03
7.800000000000000e-01 3.327498015892184e+00 4.624747953742529e-04
7.850000000000000e-01 3.411802233872832e+00 -5.133572735714383e-04
7.900000000000000e-01 3.498238939313234e+00 -1.526417970532231e-03
7.950000000000000e-01 3.586862157968046e+00 -2.569177751125880e-03
8.000000000000000e-01 3.677727282233856e+00 -3.631561689772803e-03
8.050000000000000e-01 3.770891105771243e+00 -4.700786297194027e-03
8.100000000000001e-01 3.866411859002656e+00 -5.761329216017007e-03
8.150000000000001e-01 3.964349245508326e+00 -6.795055808561963e-03
8.200000000000001e-01 4.064764479342956e+00 -7.781505728265082e-03
8.250000000000001e-01 4.167720323296481e+00 -8.698324645923284e-03
8.300000000000001e-01 4.273281128122877e+00 -9.521819661375309e-03
8.350000000000000e-01 4.381512872761445e+00 -1.022761531423649e-02
8.400000000000000e-01 4.492483205575838e+00 -1.079138269148597e-02
8.450000000000000e-01 4.606261486636447e+00 -1.118962796168462e-02
8.500000000000000e-01 4.722918831072739e+00 -1.140060589009156e-02
8.550000000000000e-01 4.842528153522501e+00 -1.140557656167974e-02
8.600000000000000e-01 4.965164213705875e+00 -1.119074719053289e-02
8.650000000000000e-01 5.090903663152626e+00 -1.075014707413707e-02
8.700000000000000e-01 5.219825093111814e+00 -1.008924700375062e-02
8.750000000000000e-01 5.352009083673925e+00 -9.228458626261650e-03
8.800000000000000e-01 5.487538254136007e+00 -8.205090152872496e-03
8.850000000000000e-01 5.626497314641444e+00 -7.072315050633922e-03
8.900000000000000e-01 5.768973119126561e+00 -5.894432304616930e-03
8.950000000000000e-01 5.915054719607133e+00 -4.738956405266707e-03
9.000000000000000e-01 6.064833421838831e+00 -3.667323879571138e-03
9.050000000000000e-01 6.218402842386253e+00 -2.726638266793542e-03
9.100000000000000e-01 6.375858967136348e+00 -1.944579923236131e-03
9.150000000000000e-01 6.537300211292723e+00 -1.328523416579757e-03
9.200000000000000e-01 6.702827480888332e+00 -8.685396907659359e-04
9.250000000000000e-01 6.872544235855034e+00 -5.428923838709637e-04
9.300000000000000e-01 7.046556554689444e+00 -3.242278255563481e-04
9.350000000000001e-01 7.224973200755413e+00 -1.849177226431338e-04
9.400000000000001e-01 7.407905690264673e+00 -1.006786744305731e-04
9.450000000000001e-01 7.595468361978146e+00 -5.231381671001284e-05
9.500000000000001e-01 7.787778448671316e+00 -2.593860764693949e-05
9.550000000000001e-01 7.984956150408610e+00 -1.227141701296456e-05
9.600000000000000e-01 8.187124709672272e+00 -5.539315808716442e-06
9.650000000000000e-01 8.394410488393007e+00 -2.385890917174243e-06
9.700000000000000e-01 8.606943046930221e+00 -9.806558703219343e-07
9.750000000000000e-01 8.824855225051540e+00 -3.846933128294471e-07
9.800000000000000e-01 9.048283224961922e+00 -1.440354642080819e-07
9.850000000000000e-01 9.277366696434507e+00 -5.151856990653749e-08
9.900000000000000e-01 9.512248824096272e+00 -1.748905279969592e-08
9.950000000000000e-01 9.753076416923058e+00 -5.920063063124754e-09
1.000000000000000e+00 1.000000000000000e+01 -1.062175208737951e-09
