0.000000000000000e+00 0.000000000000000e+00 0.000000000000000e+00
5.000000000000000e-03 3.369477419287315e-03 -2.703614379866394e-03
1.000000000000000e-02 6.741060871647481e-03 -5.292354026463615e-03
1.500000000000000e-02 1.011685770649257e-02 -7.980199524758765e-03
2.000000000000000e-02 1.349897790673588e-02 -1.104566151569802e-02
2.500000000000000e-02 1.688953540759990e-02 -1.452869918999222e-02
3.000000000000000e-02 2.029064941789469e-02 -1.751879970455895e-02
3.500000000000000e-02 2.370444574459234e-02 -2.056678982594675e-02
4.000000000000000e-02 2.713305812152553e-02 -2.366390102051666e-02
4.500000000000000e-02 3.057862954304063e-02 -2.680361766331993e-02
5.000000000000000e-02 3.404331360343898e-02 -2.983724492985179e-02
5.500000000000000e-02 3.752927584304335e-02 -3.296189868561943e-02
6.000000000000000e-02 4.103869510173117e-02 -3.610851767330658e-02
6.500000000000000e-02 4.457376488078044e-02 -3.924729004628292e-02
7.000000000000001e-02 4.813669471387935e-02 -4.236910858416162e-02
7.500000000000000e-02 5.172971154815675e-02 -4.558601169327415e-02
8.000000000000000e-02 5.535506113609672e-02 -4.881307778809577e-02
8.500000000000001e-02 5.901500943920686e-02 -5.202849073832621e-02
9.000000000000000e-02 6.271184404431801e-02 -5.527165697915990e-02
9.500000000000000e-02 6.644787559340060e-02 -5.860405736520353e-02
1.000000000000000e-01 7.022543922779090e-02 -6.194200369805712e-02
1.050000000000000e-01 7.404689604773053e-02 -6.528263326684788e-02
1.100000000000000e-01 7.791463458813094e-02 -6.867577828155350e-02
1.150000000000000e-01 8.183107231148547e-02 -7.214819291013289e-02
1.200000000000000e-01 8.579865711886202e-02 -7.563045226989674e-02
1.250000000000000e-01 8.981986887992111e-02 -7.913405408190072e-02
1.300000000000000e-01 9.389722098291493e-02 -8.270278429553199e-02
1.350000000000000e-01 9.803326190563690e-02 -8.634455323895868e-02
1.400000000000000e-01 1.022305768083033e-01 -9.000624736266984e-02
1.450000000000000e-01 1.064917891493625e-01 -9.370376667762118e-02
1.500000000000000e-01 1.108195623252418e-01 -9.747317958994191e-02
1.550000000000000e-01 1.152166013350572e-01 -1.013171025919503e-01
1.600000000000000e-01 1.196856544713255e-01 -1.051932814006459e-01
1.650000000000000e-01 1.242295150377370e-01 -1.091128912633823e-01
1.700000000000000e-01 1.288510230950609e-01 -1.131083478498146e-01
1.750000000000000e-01 1.335530672362758e-01 -1.171871126524312e-01
1.800000000000000e-01 1.383385863920344e-01 -1.213124212607237e-01
1.850000000000000e-01 1.432105716675912e-01 -1.254836368248905e-01
1.900000000000000e-01 1.481720682123397e-01 -1.297305028662681e-01
1.950000000000000e-01 1.532261771231311e-01 -1.340716947832832e-01
2.000000000000000e-01 1.583760573825595e-01 -1.384784548508802e-01
2.050000000000000e-01 1.636249278334301e-01 -1.429370263667404e-01
2.100000000000000e-01 1.689760691906397e-01 -1.474647623051184e-01
2.150000000000000e-01 1.744328260917313e-01 -1.520860023468151e-01
2.200000000000000e-01 1.799986091874004e-01 -1.567941744616285e-01
2.250000000000000e-01 1.856768972732633e-01 -1.615794187224390e-01
2.300000000000000e-01 1.914712394642179e-01 -1.664320614523396e-01
2.350000000000000e-01 1.973852574127551e-01 -1.713566086167611e-01
2.400000000000000e-01 2.034226475726105e-01 -1.763704348187465e-01
2.450000000000000e-01 2.095871835091678e-01 -1.814880731869224e-01
2.500000000000000e-01 2.158827182580599e-01 -1.866952778811737e-01
2.550000000000000e-01 2.223131867334419e-01 -1.919852679724087e-01
2.600000000000000e-01 2.288826081874405e-01 -1.973547911176897e-01
2.650000000000000e-01 2.355950887223172e-01 -2.028008817162395e-01
2.700000000000000e-01 2.424548238569160e-01 -2.083358696072111e-01
2.750000000000000e-01 2.494661011489995e-01 -2.139687428619672e-01
2.800000000000000e-01 2.566333028751116e-01 -2.196962919776011e-01
2.850000000000000e-01 2.639609087696434e-01 -2.255290052272281e-01
2.900000000000000e-01 2.714534988248126e-01 -2.314533878096707e-01
2.950000000000000e-01 2.791157561533084e-01 -2.374763110821868e-01
3.000000000000000e-01 2.869524699153886e-01 -2.435883523039821e-01
3.050000000000000e-01 2.949685383122613e-01 -2.497927202570714e-01
3.100000000000000e-01 3.031689716476197e-01 -2.560855511881334e-01
3.150000000000000e-01 3.115588954592450e-01 -2.624674661850288e-01
3.200000000000000e-01 3.201435537226349e-01 -2.689366324558142e-01
3.250000000000000e-01 3.289283121286580e-01 -2.754920297037650e-01
3.300000000000000e-01 3.379186614372866e-01 -2.821317178331645e-01
3.350000000000000e-01 3.471202209094989e-01 -2.888535286847292e-01
3.400000000000000e-01 3.565387418195016e-01 -2.956547291654104e-01
3.450000000000000e-01 3.661801110494620e-01 -3.025321129747454e-01
3.500000000000000e-01 3.760503547690021e-01 -3.094819182676362e-01
3.550000000000000e-01 3.861556422017504e-01 -3.164997961536035e-01
3.600000000000000e-01 3.965022894813072e-01 -3.235807463289711e-01
3.650000000000000e-01 4.070967635990345e-01 -3.307190461212360e-01
3.700000000000000e-01 4.179456864461349e-01 -3.379081608637259e-01
3.750000000000000e-01 4.290558389525505e-01 -3.451406341381070e-01
3.800000000000000e-01 4.404341653252637e-01 -3.524079509948913e-01
3.850000000000000e-01 4.520877773886537e-01 -3.597003661232303e-01
3.900000000000000e-01 4.640239590296172e-01 -3.670066857544880e-01
3.950000000000000e-01 4.762501707502353e-01 -3.743139883644906e-01
4.000000000000000e-01 4.887740543308307e-01 -3.816072641893366e-01
4.050000000000000e-01 5.016034376063282e-01 -3.888689469253598e-01
4.100000000000000e-01 5.147463393589066e-01 -3.960783022295604e-01
4.150000000000000e-01 5.282109743299990e-01 -4.032106262072138e-01
4.200000000000000e-01 5.420057583547735e-01 -4.102361923367994e-01
4.250000000000000e-01 5.561393136223041e-01 -4.171188666527477e-01
4.300000000000000e-01 5.706204740647189e-01 -4.238142881748412e-01
4.350000000000000e-01 5.854582908786964e-01 -4.302674849929540e-01
4.400000000000000e-01 6.006620381827575e-01 -4.364097682424226e-01
4.450000000000000e-01 6.162412188138907e-01 -4.421547220165308e-01
4.500000000000000e-01 6.322055702671360e-01 -4.473930990422417e-01
4.550000000000000e-01 6.485650707818353e-01 -4.519864629205640e-01
4.600000000000000e-01 6.653299455783577e-01 -4.557595294890395e-01
4.650000000000000e-01 6.825106732491932e-01 -4.584914211127372e-01
4.700000000000000e-01 7.001179923084168e-01 -4.599065609416351e-01
4.750000000000000e-01 7.181629079036070e-01 -4.596668291464641e-01
4.800000000000000e-01 7.366566986944229e-01 -4.573679930110450e-01
4.850000000000000e-01 7.556109239021327e-01 -4.525452823283614e-01
4.900000000000000e-01 7.750374305345038e-01 -4.446949066231994e-01
4.950000000000000e-01 7.949483607905672e-01 -4.333191828694150e-01
5.000000000000000e-01 8.153561596498893e-01 -4.180007305767915e-01
5.050000000000000e-01 8.362735826510871e-01 -3.985034663942106e-01
5.100000000000000e-01 8.577137038644561e-01 -3.748840065654130e-01
5.150000000000000e-01 8.796899240636907e-01 -3.475803893219710e-01
5.200000000000000e-01 9.022159791018011e-01 -3.174360395618386e-01
5.250000000000000e-01 9.253059484964714e-01 -2.856280381441679e-01
5.300000000000000e-01 9.489742642302165e-01 -2.535032019113954e-01
5.350000000000000e-01 9.732357197708378e-01 -2.223677865412407e-01
5.400000000000000e-01 9.981054793178262e-01 -1.932994389493442e-01
5.450000000000000e-01 1.023599087280478e+00 -1.670366130488861e-01
5.500000000000000e-01 1.049732477993657e+00 -1.439611509530816e-01
5.550000000000000e-01 1.076521985677273e+00 -1.241517352194574e-01
5.600000000000001e-01 1.103984354645701e+00 -1.074698350094435e-01
5.650000000000001e-01 1.132136749773522e+00 -9.364566567079492e-02
5.700000000000001e-01 1.160996767224129e+00 -8.234688373492179e-02
5.750000000000001e-01 1.190582445447902e+00 -7.322586083735867e-02
5.800000000000000e-01 1.220912276456826e+00 -6.594842105587760e-02
5.850000000000000e-01 1.252005217382601e+00 -6.020906725488704e-02
5.900000000000000e-01 1.283880702325469e+00 -5.573737429558428e-02
5.950000000000000e-01 1.316558654501151e+00 -5.229908424042830e-02
6.000000000000000e-01 1.350059498693518e+00 -4.969429484749475e-02
6.050000000000000e-01 1.384404174020732e+00 -4.775424364042559e-02
6.100000000000000e-01 1.419614147022888e+00 -4.633757645638100e-02
6.150000000000000e-01 1.455711425079295e+00 -4.532659555420157e-02
6.200000000000000e-01 1.492718570163803e+00 -4.462374207376979e-02
6.250000000000000e-01 1.530658712946775e+00 -4.414842712595230e-02
6.300000000000000e-01 1.569555567252506e+00 -4.383424709887597e-02
6.350000000000000e-01 1.609433444881138e+00 -4.362657701643931e-02
6.400000000000000e-01 1.650317270804325e+00 -4.348051543205268e-02
6.450000000000000e-01 1.692232598744148e+00 -4.335914599607848e-02
6.500000000000000e-01 1.735205627145031e+00 -4.323207899152968e-02
6.550000000000000e-01 1.779263215548615e+00 -4.307423764892356e-02
6.600000000000000e-01 1.824432901381847e+00 -4.286485719418707e-02
6.650000000000000e-01 1.870742917168772e+00 -4.258666843301750e-02
6.700000000000000e-01 1.918222208176775e+00 -4.222524176461698e-02
6.750000000000000e-01 1.966900450508319e+00 -4.176847161807109e-02
6.800000000000000e-01 2.016808069649473e+00 -4.120618529403096e-02
6.850000000000001e-01 2.067976259486829e+00 -4.052986397861420e-02
6.900000000000001e-01 2.120437001804702e+00 -3.973246715765050e-02
6.950000000000001e-01 2.174223086274785e+00 -3.880835461951557e-02
7.000000000000001e-01 2.229368130950753e+00 -3.775330242756646e-02
7.050000000000000e-01 2.285906603280654e+00 -3.656461029365982e-02
7.100000000000000e-01 2.343873841650178e+00 -3.524129720272768e-02
7.150000000000000e-01 2.403306077470301e+00 -3.378437934436823e-02
7.200000000000000e-01 2.464240457823092e+00 -3.219721880840993e-02
7.250000000000000e-01 2.526715068679855e+00 -3.048592265626147e-02
7.300000000000000e-01 2.590768958706095e+00 -2.865975986813928e-02
7.350000000000000e-01 2.656442163668210e+00 -2.673154905297428e-02
7.400000000000000e-01 2.723775731457148e+00 -2.471795462716614e-02
7.450000000000000e-01 2.792811747744667e+00 -2.263961675899637e-02
7.500000000000000e-01 2.863593362288260e+00 -2.052103532170568e-02
7.550000000000000e-01 2.936164815901156e+00 -1.839013544251299e-02
7.600000000000000e-01 3.010571468104263e+00 -1.627746599982135e-02
7.650000000000000e-01 3.086859825477351e+00 -1.421502371824342e-02
7.700000000000000e-01 3.165077570727174e+00 -1.223475089826800e-02
7.750000000000000e-01 3.245273592490716e+00 -1.036681575294272e-02
7.800000000000000e-01 3.327498015892184e+00 -8.637838357816100e-03
7.850000000000000e-01 3.411802233872832e+00 -7.069258915736239e-03
7.900000000000000e-01 3.498238939313234e+00 -5.676047821788617e-03
7.950000000000000e-01 3.586862157968046e+00 -4.465924617298261e-03
8.000000000000000e-01 3.677727282233856e+00 -3.439189128889527e-03
8.050000000000000e-01 3.770891105771243e+00 -2.589184137710209e-03
8.100000000000001e-01 3.866411859002656e+00 -1.903320800625102e-03
8.150000000000001e-01 3.964349245508326e+00 -1.364522586817431e-03
8.200000000000001e-01 4.064764479342956e+00 -9.528944748610278e-04
8.250000000000001e-01 4.167720323296481e+00 -6.474093454822009e-04
8.300000000000001e-01 4.273281128122877e+00 -4.274232869225820e-04
8.350000000000000e-01 4.381512872761445e+00 -2.738792675979802e-04
8.400000000000000e-01 4.492483205575838e+00 -1.701226022836624e-04
8.450000000000000e-01 4.606261486636447e+00 -1.023180301353804e-04
8.500000000000000e-01 4.722918831072739e+00 -5.951443519041490e-05
8.550000000000000e-01 4.842528153522501e+00 -3.344063315705638e-05
8.600000000000000e-01 4.965164213705875e+00 -1.813101507514771e-05
8.650000000000000e-01 5.090903663152626e+00 -9.475278997475018e-06
8.700000000000000e-01 5.219825093111814e+00 -4.767890288830773e-06
8.750000000000000e-01 5.352009083673925e+00 -2.307724848725484e-06
8.800000000000000e-01 5.487538254136007e+00 -1.073354484819996e-06
8.850000000000000e-01 5.626497314641444e+00 -4.792936419274377e-07
8.900000000000000e-01 5.768973119126561e+00 -2.052952132030123e-07
8.950000000000000e-01 5.915054719607133e+00 -8.427840967394035e-08
9.000000000000000e-01 6.064833421838831e+00 -3.313439598573970e-08
9.050000000000000e-01 6.218402842386253e+00 -1.246681800359238e-08
9.100000000000000e-01 6.375858967136348e+00 -4.485994621712696e-09
9.150000000000000e-01 6.537300211292723e+00 -1.542856173731955e-09
9.200000000000000e-01 6.702827480888332e+00 -5.068937213068900e-10
9.250000000000000e-01 6.872544235855034e+00 -1.590077669422997e-10
9.300000000000000e-01 7.046556554689444e+00 -4.760345397798549e-11
9.350000000000001e-01 7.224973200755413e+00 -1.359593332508848e-11
9.400000000000001e-01 7.407905690264673e+00 -3.703258640701734e-12
9.450000000000001e-01 7.595468361978146e+00 -9.616986649956391e-13
9.500000000000001e-01 7.787778448671316e+00 -2.380509807580715e-13
9.550000000000001e-01 7.984956150408610e+00 -5.615553028394442e-14
9.600000000000000e-01 8.187124709672272e+00 -1.262236672899023e-14
9.650000000000000e-01 8.394410488393007e+00 -2.703125936883111e-15
9.700000000000000e-01 8.606943046930221e+00 -5.514889376366529e-16
9.750000000000000e-01 8.824855225051540e+00 -1.071853358761306e-16
9.800000000000000e-01 9.048283224961922e+00 -1.984533164861688e-17
9.850000000000000e-01 9.277366696434507e+00 -3.500539566729134e-18
9.900000000000000e-01 9.512248824096272e+00 -5.872158403040134e-19
9.950000000000000e-01 9.753076416923058e+00 -9.915593951817551e-20
1.000000000000000e+00 1.000000000000000e+01 2.075185823354145e-20
