0.000000000000000e+00 0.000000000000000e+00 0.000000000000000e+00
5.000000000000000e-03 3.369477419287315e-03 -2.472707415694219e-03
1.000000000000000e-02 6.741060871647481e-03 -5.252529445555293e-03
1.500000000000000e-02 1.011685770649257e-02 -8.128673232452043e-03
2.000000000000000e-02 1.349897790673588e-02 -1.104624788127905e-02
2.500000000000000e-02 1.688953540759990e-02 -1.444076999869784e-02
3.000000000000000e-02 2.029064941789469e-02 -1.755974215702204e-02
3.500000000000000e-02 2.370444574459234e-02 -2.064623078793763e-02
4.000000000000000e-02 2.713305812152553e-02 -2.364926978930390e-02
4.500000000000000e-02 3.057862954304063e-02 -2.678127548531104e-02
5.000000000000000e-02 3.404331360343898e-02 -2.989896020535844e-02
5.500000000000000e-02 3.752927584304335e-02 -3.301283195265255e-02
6.000000000000000e-02 4.103869510173117e-02 -3.609041705211957e-02
6.500000000000000e-02 4.457376488078044e-02 -3.925212712778672e-02
7.000000000000001e-02 4.813669471387935e-02 -4.243385961991914e-02
7.500000000000000e-02 5.172971154815675e-02 -4.561913638439990e-02
8.000000000000000e-02 5.535506113609672e-02 -4.879324971985536e-02
8.500000000000001e-02 5.901500943920686e-02 -5.203673921310516e-02
9.000000000000000e-02 6.271184404431801e-02 -5.531832051880236e-02
9.500000000000000e-02 6.644787559340060e-02 -5.861795759015710e-02
1.000000000000000e-01 7.022543922779090e-02 -6.191718255595503e-02
1.050000000000000e-01 7.404689604773053e-02 -6.527167344817063e-02
1.100000000000000e-01 7.791463458813094e-02 -6.867992809334042e-02
1.150000000000000e-01 8.183107231148547e-02 -7.213055657353717e-02
1.200000000000000e-01 8.579865711886202e-02 -7.558864718040141e-02
1.250000000000000e-01 8.981986887992111e-02 -7.908238475953784e-02
1.300000000000000e-01 9.389722098291493e-02 -8.263785892721148e-02
1.350000000000000e-01 9.803326190563690e-02 -8.626598614918719e-02
1.400000000000000e-01 1.022305768083033e-01 -8.991906257732840e-02
1.450000000000000e-01 1.064917891493625e-01 -9.359275211604173e-02
1.500000000000000e-01 1.108195623252418e-01 -9.731917505510596e-02
1.550000000000000e-01 1.152166013350572e-01 -1.011298524386475e-01
1.600000000000000e-01 1.196856544713255e-01 -1.049970477158086e-01
1.650000000000000e-01 1.242295150377370e-01 -1.089081010435236e-01
1.700000000000000e-01 1.288510230950609e-01 -1.128582145857590e-01
1.750000000000000e-01 1.335530672362758e-01 -1.168578655708978e-01
1.800000000000000e-01 1.383385863920344e-01 -1.209264346020173e-01
1.850000000000000e-01 1.432105716675912e-01 -1.250841914712700e-01
1.900000000000000e-01 1.481720682123397e-01 -1.293039082652723e-01
1.950000000000000e-01 1.532261771231311e-01 -1.335776986748647e-01
2.000000000000000e-01 1.583760573825595e-01 -1.379047171609124e-01
2.050000000000000e-01 1.636249278334301e-01 -1.422805227496976e-01
2.100000000000000e-01 1.689760691906397e-01 -1.467232868219119e-01
2.150000000000000e-01 1.744328260917313e-01 -1.512472991846456e-01
2.200000000000000e-01 1.799986091874004e-01 -1.558433881709492e-01
2.250000000000000e-01 1.856768972732633e-01 -1.605312690252733e-01
2.300000000000000e-01 1.914712394642179e-01 -1.652874176090134e-01
2.350000000000000e-01 1.973852574127551e-01 -1.701262109039394e-01
2.400000000000000e-01 2.034226475726105e-01 -1.750325709967975e-01
2.450000000000000e-01 2.095871835091678e-01 -1.800140045229632e-01
2.500000000000000e-01 2.158827182580599e-01 -1.850654251458974e-01
2.550000000000000e-01 2.223131867334419e-01 -1.901898147170506e-01
2.600000000000000e-01 2.288826081874405e-01 -1.953861252341473e-01
2.650000000000000e-01 2.355950887223172e-01 -2.006550702569234e-01
2.700000000000000e-01 2.424548238569160e-01 -2.059961862368254e-01
2.750000000000000e-01 2.494661011489995e-01 -2.114090581557771e-01
2.800000000000000e-01 2.566333028751116e-01 -2.168927908840389e-01
2.850000000000000e-01 2.639609087696434e-01 -2.224462044327946e-01
2.900000000000000e-01 2.714534988248126e-01 -2.280677492981691e-01
2.950000000000000e-01 2.791157561533084e-01 -2.337555145714006e-01
3.000000000000000e-01 2.869524699153886e-01 -2.395071970563908e-01
3.050000000000000e-01 2.949685383122613e-01 -2.453200768102049e-01
3.100000000000000e-01 3.031689716476197e-01 -2.511909858353386e-01
3.150000000000000e-01 3.115588954592450e-01 -2.571162746494548e-01
3.200000000000000e-01 3.201435537226349e-01 -2.630917757866174e-01
3.250000000000000e-01 3.289283121286580e-01 -2.691127646817029e-01
3.300000000000000e-01 3.379186614372866e-01 -2.751739178935109e-01
3.350000000000000e-01 3.471202209094989e-01 -2.812692686811669e-01
3.400000000000000e-01 3.565387418195016e-01 -2.873921598938305e-01
3.450000000000000e-01 3.661801110494620e-01 -2.935351941200694e-01
3.500000000000000e-01 3.760503547690021e-01 -2.996901810253081e-01
3.550000000000000e-01 3.861556422017504e-01 -3.058480817888973e-01
3.600000000000000e-01 3.965022894813072e-01 -3.119989505316992e-01
3.650000000000000e-01 4.070967635990345e-01 -3.181318725987446e-01
3.700000000000000e-01 4.179456864461349e-01 -3.242348995271633e-01
3.750000000000000e-01 4.290558389525505e-01 -3.302949804849465e-01
3.800000000000000e-01 4.404341653252637e-01 -3.362978899093034e-01
3.850000000000000e-01 4.520877773886537e-01 -3.422281510025372e-01
3.900000000000000e-01 4.640239590296172e-01 -3.480689546576677e-01
3.950000000000000e-01 4.762501707502353e-01 -3.538020732855601e-01
4.000000000000000e-01 4.887740543308307e-01 -3.594077689026033e-01
4.050000000000000e-01 5.016034376063282e-01 -3.648646947188689e-01
4.100000000000000e-01 5.147463393589066e-01 -3.701497893522003e-01
4.150000000000000e-01 5.282109743299990e-01 -3.752381627031642e-01
4.200000000000000e-01 5.420057583547735e-01 -3.801029724897737e-01
4.250000000000000e-01 5.561393136223041e-01 -3.847152905069662e-01
4.300000000000000e-01 5.706204740647189e-01 -3.890439579145493e-01
4.350000000000000e-01 5.854582908786964e-01 -3.930554293713827e-01
4.400000000000000e-01 6.006620381827575e-01 -3.967136067679369e-01
4.450000000000000e-01 6.162412188138907e-01 -3.999796648634643e-01
4.500000000000000e-01 6.322055702671360e-01 -4.028118735746549e-01
4.550000000000000e-01 6.485650707818353e-01 -4.051654253334467e-01
4.600000000000000e-01 6.653299455783577e-01 -4.069922812553287e-01
4.650000000000000e-01 6.825106732491932e-01 -4.082410573222373e-01
4.700000000000000e-01 7.001179923084168e-01 -4.088569818854683e-01
4.750000000000000e-01 7.181629079036070e-01 -4.087819689413543e-01
4.800000000000000e-01 7.366566986944229e-01 -4.079548679458415e-01
4.850000000000000e-01 7.556109239021327e-01 -4.063119699298692e-01
4.900000000000000e-01 7.750374305345038e-01 -4.037878698016896e-01
4.950000000000000e-01 7.949483607905672e-01 -4.003168027449969e-01
5.000000000000000e-01 8.153561596498893e-01 -3.958345829813898e-01
5.050000000000000e-01 8.362735826510871e-01 -3.902812675005820e-01
5.100000000000000e-01 8.577137038644561e-01 -3.836046346728801e-01
5.150000000000000e-01 8.796899240636907e-01 -3.757644957631139e-01
5.200000000000000e-01 9.022159791018011e-01 -3.667377363636883e-01
5.250000000000000e-01 9.253059484964714e-01 -3.565238128887380e-01
5.300000000000000e-01 9.489742642302165e-01 -3.451502204021878e-01
5.350000000000000e-01 9.732357197708378e-01 -3.326772383189990e-01
5.400000000000000e-01 9.981054793178262e-01 -3.192011093219134e-01
5.450000000000000e-01 1.023599087280478e+00 -3.048547869301719e-01
5.500000000000000e-01 1.049732477993657e+00 -2.898055612030208e-01
5.550000000000000e-01 1.076521985677273e+00 -2.742492603051896e-01
5.600000000000001e-01 1.103984354645701e+00 -2.584012786575726e-01
5.650000000000001e-01 1.132136749773522e+00 -2.424852774232028e-01
5.700000000000001e-01 1.160996767224129e+00 -2.267208760575398e-01
5.750000000000001e-01 1.190582445447902e+00 -2.113118594936796e-01
5.800000000000000e-01 1.220912276456826e+00 -1.964362994625797e-01
5.850000000000000e-01 1.252005217382601e+00 -1.822395749437555e-01
5.900000000000000e-01 1.283880702325469e+00 -1.688307090510326e-01
5.950000000000000e-01 1.316558654501151e+00 -1.562818816927652e-01
6.000000000000000e-01 1.350059498693518e+00 -1.446305603633125e-01
6.050000000000000e-01 1.384404174020732e+00 -1.338834763093068e-01
6.100000000000000e-01 1.419614147022888e+00 -1.240216496255986e-01
6.150000000000000e-01 1.455711425079295e+00 -1.150057784392000e-01
6.200000000000000e-01 1.492718570163803e+00 -1.067814851337838e-01
6.250000000000000e-01 1.530658712946775e+00 -9.928409879857175e-02
6.300000000000000e-01 1.569555567252506e+00 -9.244281181206124e-02
6.350000000000000e-01 1.609433444881138e+00 -8.618416482343466e-02
6.400000000000000e-01 1.650317270804325e+00 -8.043488829035086e-02
6.450000000000000e-01 1.692232598744148e+00 -7.512416780363182e-02
6.500000000000000e-01 1.735205627145031e+00 -7.018541463958844e-02
6.550000000000000e-01 1.779263215548615e+00 -6.555762149149508e-02
6.600000000000000e-01 1.824432901381847e+00 -6.118637320471312e-02
6.650000000000000e-01 1.870742917168772e+00 -5.702456837912209e-02
6.700000000000000e-01 1.918222208176775e+00 -5.303289285771425e-02
6.750000000000000e-01 1.966900450508319e+00 -4.918007207123187e-02
6.800000000000000e-01 2.016808069649473e+00 -4.544291692252383e-02
6.850000000000001e-01 2.067976259486829e+00 -4.180616805702203e-02
6.900000000000001e-01 2.120437001804702e+00 -3.826213664928978e-02
6.950000000000001e-01 2.174223086274785e+00 -3.481013698643101e-02
7.000000000000001e-01 2.229368130950753e+00 -3.145570788632249e-02
7.050000000000000e-01 2.285906603280654e+00 -2.820962686139166e-02
7.100000000000000e-01 2.343873841650178e+00 -2.508673290436517e-02
7.150000000000000e-01 2.403306077470301e+00 -2.210458998790290e-02
7.200000000000000e-01 2.464240457823092e+00 -1.928204200887775e-02
7.250000000000000e-01 2.526715068679855e+00 -1.663772822558924e-02
7.300000000000000e-01 2.590768958706095e+00 -1.418864291393694e-02
7.350000000000000e-01 2.656442163668210e+00 -1.194883070506448e-02
7.400000000000000e-01 2.723775731457148e+00 -9.928307289723638e-03
7.450000000000000e-01 2.792811747744667e+00 -8.132282685390195e-03
7.500000000000000e-01 2.863593362288260e+00 -6.560741627415051e-03
7.550000000000000e-01 2.936164815901156e+00 -5.208405211172841e-03
7.600000000000000e-01 3.010571468104263e+00 -4.065063434115192e-03
7.650000000000000e-01 3.086859825477351e+00 -3.116234276219728e-03
7.700000000000000e-01 3.165077570727174e+00 -2.344075906775894e-03
7.750000000000000e-01 3.245273592490716e+00 -1.728458260166891e-03
7.800000000000000e-01 3.327498015892184e+00 -1.248091024522301e-03
7.850000000000000e-01 3.411802233872832e+00 -8.816078489740803e-04
7.900000000000000e-01 3.498238939313234e+00 -6.085204141454721e-04
7.950000000000000e-01 3.586862157968046e+00 -4.099785192037485e-04
8.000000000000000e-01 3.677727282233856e+00 -2.692999828107075e-04
8.050000000000000e-01 3.770891105771243e+00 -1.722628472077256e-04
8.100000000000001e-01 3.866411859002656e+00 -1.071781476332003e-04
8.150000000000001e-01 3.964349245508326e+00 -6.478117327690034e-05
8.200000000000001e-01 4.064764479342956e+00 -3.799079224976341e-05
8.250000000000001e-01 4.167720323296481e+00 -2.158965116300606e-05
8.300000000000001e-01 4.273281128122877e+00 -1.187393238560627e-05
8.350000000000000e-01 4.381512872761445e+00 -6.311955942883136e-06
8.400000000000000e-01 4.492483205575838e+00 -3.238837925299753e-06
8.450000000000000e-01 4.606261486636447e+00 -1.602154619911947e-06
8.500000000000000e-01 4.722918831072739e+00 -7.630350345538248e-07
8.550000000000000e-01 4.842528153522501e+00 -3.494196777772818e-07
8.600000000000000e-01 4.965164213705875e+00 -1.536584894732441e-07
8.650000000000000e-01 5.090903663152626e+00 -6.480724939024899e-08
8.700000000000000e-01 5.219825093111814e+00 -2.618246574350803e-08
8.750000000000000e-01 5.352009083673925e+00 -1.012028436217785e-08
8.800000000000000e-01 5.487538254136007e+00 -3.738188456219869e-09
8.850000000000000e-01 5.626497314641444e+00 -1.318030360386739e-09
8.900000000000000e-01 5.768973119126561e+00 -4.431141744750158e-10
8.950000000000000e-01 5.915054719607133e+00 -1.419009457619552e-10
9.000000000000000e-01 6.064833421838831e+00 -4.324272718306986e-11
9.050000000000000e-01 6.218402842386253e+00 -1.252866966474050e-11
9.100000000000000e-01 6.375858967136348e+00 -3.448226699271082e-12
9.150000000000000e-01 6.537300211292723e+00 -9.008464975230394e-13
9.200000000000000e-01 6.702827480888332e+00 -2.232371281491045e-13
9.250000000000000e-01 6.872544235855034e+00 -5.244104017614651e-14
9.300000000000000e-01 7.046556554689444e+00 -1.167149381500994e-14
9.350000000000001e-01 7.224973200755413e+00 -2.459944919384212e-15
9.400000000000001e-01 7.407905690264673e+00 -4.907878459391667e-16
9.450000000000001e-01 7.595468361978146e+00 -9.265928071461079e-17
9.500000000000001e-01 7.787778448671316e+00 -1.655002381158317e-17
9.550000000000001e-01 7.984956150408610e+00 -2.796019650238947e-18
9.600000000000000e-01 8.187124709672272e+00 -4.467443925349348e-19
9.650000000000000e-01 8.394410488393007e+00 -6.750364044116016e-20
9.700000000000000e-01 8.606943046930221e+00 -9.645864808823557e-21
9.750000000000000e-01 8.824855225051540e+00 -1.303529103449601e-21
9.800000000000000e-01 9.048283224961922e+00 -1.666121449225353e-22
9.850000000000000e-01 9.277366696434507e+00 -2.014477959487360e-23
9.900000000000000e-01 9.512248824096272e+00 -2.302771927464976e-24
9.950000000000000e-01 9.753076416923058e+00 -2.619613325892784e-25
1.000000000000000e+00 1.000000000000000e+01 1.025645410411444e-25
