0.000000000000000e+00 0.000000000000000e+00 0.000000000000000e+00
5.000000000000000e-03 3.369477419287315e-03 -9.823636935707644e-04
1.000000000000000e-02 6.741060871647481e-03 -3.595486072163030e-03
1.500000000000000e-02 1.011685770649257e-02 -8.485219243823771e-03
2.000000000000000e-02 1.349897790673588e-02 -1.152365274159639e-02
2.500000000000000e-02 1.688953540759990e-02 -1.449970365397888e-02
3.000000000000000e-02 2.029064941789469e-02 -1.761722704805842e-02
3.500000000000000e-02 2.370444574459234e-02 -2.086911697943527e-02
4.000000000000000e-02 2.713305812152553e-02 -2.390064129259693e-02
4.500000000000000e-02 3.057862954304063e-02 -2.702360813000175e-02
5.000000000000000e-02 3.404331360343898e-02 -3.017532795422540e-02
5.500000000000000e-02 3.752927584304335e-02 -3.332614178380421e-02
6.000000000000000e-02 4.103869510173117e-02 -3.643106734821960e-02
6.500000000000000e-02 4.457376488078044e-02 -3.963917403165991e-02
7.000000000000001e-02 4.813669471387935e-02 -4.285352740136887e-02
7.500000000000000e-02 5.172971154815675e-02 -4.605058064620211e-02
8.000000000000000e-02 5.535506113609672e-02 -4.926737580490742e-02
8.500000000000001e-02 5.901500943920686e-02 -5.257874152382554e-02
9.000000000000000e-02 6.271184404431801e-02 -5.588583475124021e-02
9.500000000000000e-02 6.644787559340060e-02 -5.919194871953931e-02
1.000000000000000e-01 7.022543922779090e-02 -6.255131034989678e-02
1.050000000000000e-01 7.404689604773053e-02 -6.598701450132934e-02
1.100000000000000e-01 7.791463458813094e-02 -6.942115186277548e-02
1.150000000000000e-01 8.183107231148547e-02 -7.288100283212866e-02
1.200000000000000e-01 8.579865711886202e-02 -7.640833016782805e-02
1.250000000000000e-01 8.981986887992111e-02 -7.999617377977307e-02
1.300000000000000e-01 9.389722098291493e-02 -8.359480616727347e-02
1.350000000000000e-01 9.803326190563690e-02 -8.724193569191396e-02
1.400000000000000e-01 1.022305768083033e-01 -9.096186845123574e-02
1.450000000000000e-01 1.064917891493625e-01 -9.473625983190184e-02
1.500000000000000e-01 1.108195623252418e-01 -9.853618325630993e-02
1.550000000000000e-01 1.152166013350572e-01 -1.023984663357321e-01
1.600000000000000e-01 1.196856544713255e-01 -1.063378777964059e-01
1.650000000000000e-01 1.242295150377370e-01 -1.103359713354830e-01
1.700000000000000e-01 1.288510230950609e-01 -1.143722422449057e-01
1.750000000000000e-01 1.335530672362758e-01 -1.184762469729021e-01
1.800000000000000e-01 1.383385863920344e-01 -1.226633842689631e-01
1.850000000000000e-01 1.432105716675912e-01 -1.269220250616467e-01
1.900000000000000e-01 1.481720682123397e-01 -1.312298007512124e-01
1.950000000000000e-01 1.532261771231311e-01 -1.356033621200582e-01
2.000000000000000e-01 1.583760573825595e-01 -1.400649295396087e-01
2.050000000000000e-01 1.636249278334301e-01 -1.446170170796755e-01
2.100000000000000e-01 1.689760691906397e-01 -1.492328504777644e-01
2.150000000000000e-01 1.744328260917313e-01 -1.539100770670196e-01
2.200000000000000e-01 1.799986091874004e-01 -1.586722237792429e-01
2.250000000000000e-01 1.856768972732633e-01 -1.635383730336654e-01
2.300000000000000e-01 1.914712394642179e-01 -1.684913205833156e-01
2.350000000000000e-01 1.973852574127551e-01 -1.735183991540203e-01
2.400000000000000e-01 2.034226475726105e-01 -1.786224840980516e-01
2.450000000000000e-01 2.095871835091678e-01 -1.838156132502944e-01
2.500000000000000e-01 2.158827182580599e-01 -1.891086232959639e-01
2.550000000000000e-01 2.223131867334419e-01 -1.945102303606922e-01
2.600000000000000e-01 2.288826081874405e-01 -2.000048745208818e-01
2.650000000000000e-01 2.355950887223172e-01 -2.055845725532468e-01
2.700000000000000e-01 2.424548238569160e-01 -2.112531709267665e-01
2.750000000000000e-01 2.494661011489995e-01 -2.170118115311351e-01
2.800000000000000e-01 2.566333028751116e-01 -2.228705494447475e-01
2.850000000000000e-01 2.639609087696434e-01 -2.288395334983195e-01
2.900000000000000e-01 2.714534988248126e-01 -2.349123268850541e-01
2.950000000000000e-01 2.791157561533084e-01 -2.410984211752388e-01
3.000000000000000e-01 2.869524699153886e-01 -2.473859562047313e-01
3.050000000000000e-01 2.949685383122613e-01 -2.537808865330203e-01
3.100000000000000e-01 3.031689716476197e-01 -2.602766234345520e-01
3.150000000000000e-01 3.115588954592450e-01 -2.668761130358018e-01
3.200000000000000e-01 3.201435537226349e-01 -2.735772961439873e-01
3.250000000000000e-01 3.289283121286580e-01 -2.803811369276559e-01
3.300000000000000e-01 3.379186614372866e-01 -2.872869471141999e-01
3.350000000000000e-01 3.471202209094989e-01 -2.942945101667415e-01
3.400000000000000e-01 3.565387418195016e-01 -3.014030039806737e-01
3.450000000000000e-01 3.661801110494620e-01 -3.086114326584056e-01
3.500000000000000e-01 3.760503547690021e-01 -3.159184330489769e-01
3.550000000000000e-01 3.861556422017504e-01 -3.233223308473151e-01
3.600000000000000e-01 3.965022894813072e-01 -3.308210921961465e-01
3.650000000000000e-01 4.070967635990345e-01 -3.384122986145408e-01
3.700000000000000e-01 4.179456864461349e-01 -3.460930960363060e-01
3.750000000000000e-01 4.290558389525505e-01 -3.538601289907208e-01
3.800000000000000e-01 4.404341653252637e-01 -3.617094481087045e-01
3.850000000000000e-01 4.520877773886537e-01 -3.696363824922210e-01
3.900000000000000e-01 4.640239590296172e-01 -3.776353622264424e-01
3.950000000000000e-01 4.762501707502353e-01 -3.856996709726320e-01
4.000000000000000e-01 4.887740543308307e-01 -3.938211001937318e-01
4.050000000000000e-01 5.016034376063282e-01 -4.019894651051783e-01
4.100000000000000e-01 5.147463393589066e-01 -4.101919263364466e-01
4.150000000000000e-01 5.282109743299990e-01 -4.184120387979889e-01
4.200000000000000e-01 5.420057583547735e-01 -4.266284179472032e-01
4.250000000000000e-01 5.561393136223041e-01 -4.348128704405261e-01
4.300000000000000e-01 5.706204740647189e-01 -4.429277773357647e-01
4.350000000000000e-01 5.854582908786964e-01 -4.509224397617294e-01
4.400000000000000e-01 6.006620381827575e-01 -4.587279969141203e-01
4.450000000000000e-01 6.162412188138907e-01 -4.662504070799305e-01
4.500000000000000e-01 6.322055702671360e-01 -4.733608599454306e-01
4.550000000000000e-01 6.485650707818353e-01 -4.798829076174923e-01
4.600000000000000e-01 6.653299455783577e-01 -4.855756660096989e-01
4.650000000000000e-01 6.825106732491932e-01 -4.901128573944714e-01
4.700000000000000e-01 7.001179923084168e-01 -4.930586181955726e-01
4.750000000000000e-01 7.181629079036070e-01 -4.938434730756019e-01
4.800000000000000e-01 7.366566986944229e-01 -4.917483756381416e-01
4.850000000000000e-01 7.556109239021327e-01 -4.859115319212090e-01
4.900000000000000e-01 7.750374305345038e-01 -4.753804394132476e-01
4.950000000000000e-01 7.949483607905672e-01 -4.592349491772296e-01
5.000000000000000e-01 8.153561596498893e-01 -4.367958495825481e-01
5.050000000000000e-01 8.362735826510871e-01 -4.078962756925002e-01
5.100000000000000e-01 8.577137038644561e-01 -3.731327370132080e-01
5.150000000000000e-01 8.796899240636907e-01 -3.339632476239645e-01
5.200000000000000e-01 9.022159791018011e-01 -2.925413433436856e-01
5.250000000000000e-01 9.253059484964714e-01 -2.512946451103351e-01
5.300000000000000e-01 9.489742642302165e-01 -2.124097143882907e-01
5.350000000000000e-01 9.732357197708378e-01 -1.774447824666074e-01
5.400000000000000e-01 9.981054793178262e-01 -1.472014698119126e-01
5.450000000000000e-01 1.023599087280478e+00 -1.218288735560445e-01
5.500000000000000e-01 1.049732477993657e+00 -1.010375247880362e-01
5.550000000000000e-01 1.076521985677273e+00 -8.430911623799811e-02
5.600000000000001e-01 1.103984354645701e+00 -7.104810155848061e-02
5.650000000000001e-01 1.132136749773522e+00 -6.067125470326679e-02
5.700000000000001e-01 1.160996767224129e+00 -5.265165684378791e-02
5.750000000000001e-01 1.190582445447902e+00 -4.653479407510114e-02
5.800000000000000e-01 1.220912276456826e+00 -4.193957277786090e-02
5.850000000000000e-01 1.252005217382601e+00 -3.855217461996258e-02
5.900000000000000e-01 1.283880702325469e+00 -3.611720383860943e-02
5.950000000000000e-01 1.316558654501151e+00 -3.442842415242903e-02
6.000000000000000e-01 1.350059498693518e+00 -3.332015316240188e-02
6.050000000000000e-01 1.384404174020732e+00 -3.265972566909362e-02
6.100000000000000e-01 1.419614147022888e+00 -3.234110826520348e-02
6.150000000000000e-01 1.455711425079295e+00 -3.227959629733348e-02
6.200000000000000e-01 1.492718570163803e+00 -3.240746549911008e-02
6.250000000000000e-01 1.530658712946775e+00 -3.267043739683766e-02
6.300000000000000e-01 1.569555567252506e+00 -3.302482511158383e-02
6.350000000000000e-01 1.609433444881138e+00 -3.343524171864685e-02
6.400000000000000e-01 1.650317270804325e+00 -3.387277068253180e-02
6.450000000000000e-01 1.692232598744148e+00 -3.431351427738141e-02
6.500000000000000e-01 1.735205627145031e+00 -3.473745027791093e-02
6.550000000000000e-01 1.779263215548615e+00 -3.512753935964406e-02
6.600000000000000e-01 1.824432901381847e+00 -3.546903576037139e-02
6.650000000000000e-01 1.870742917168772e+00 -3.574896215842943e-02
6.700000000000000e-01 1.918222208176775e+00 -3.595571678234571e-02
6.750000000000000e-01 1.966900450508319e+00 -3.607878682188260e-02
6.800000000000000e-01 2.016808069649473e+00 -3.610854755310419e-02
6.850000000000001e-01 2.067976259486829e+00 -3.603613144623826e-02
6.900000000000001e-01 2.120437001804702e+00 -3.585335604968746e-02
6.950000000000001e-01 2.174223086274785e+00 -3.555270371386966e-02
7.000000000000001e-01 2.229368130950753e+00 -3.512735022706612e-02
7.050000000000000e-01 2.285906603280654e+00 -3.457124307846147e-02
7.100000000000000e-01 2.343873841650178e+00 -3.387923312398002e-02
7.150000000000000e-01 2.403306077470301e+00 -3.304726555372417e-02
7.200000000000000e-01 2.464240457823092e+00 -3.207263672706859e-02
7.250000000000000e-01 2.526715068679855e+00 -3.095432195467279e-02
7.300000000000000e-01 2.590768958706095e+00 -2.969337481367056e-02
7.350000000000000e-01 2.656442163668210e+00 -2.829339018939732e-02
7.400000000000000e-01 2.723775731457148e+00 -2.676101026792256e-02
7.450000000000000e-01 2.792811747744667e+00 -2.510643515042073e-02
7.500000000000000e-01 2.863593362288260e+00 -2.334387890554569e-02
7.550000000000000e-01 2.936164815901156e+00 -2.149189092364275e-02
7.600000000000000e-01 3.010571468104263e+00 -1.957344680544602e-02
7.650000000000000e-01 3.086859825477351e+00 -1.761570982879927e-02
7.700000000000000e-01 3.165077570727174e+00 -1.564938044661579e-02
7.750000000000000e-01 3.245273592490716e+00 -1.370759175852837e-02
7.800000000000000e-01 3.327498015892184e+00 -1.182437231537803e-02
7.850000000000000e-01 3.411802233872832e+00 -1.003277532471548e-02
7.900000000000000e-01 3.498238939313234e+00 -8.362849776109377e-03
7.950000000000000e-01 3.586862157968046e+00 -6.839685195117739e-03
8.000000000000000e-01 3.677727282233856e+00 -5.481780729357789e-03
8.050000000000000e-01 3.770891105771243e+00 -4.299961823103409e-03
8.100000000000001e-01 3.866411859002656e+00 -3.296995828816804e-03
8.150000000000001e-01 3.964349245508326e+00 -2.467954811579567e-03
8.200000000000001e-01 4.064764479342956e+00 -1.801260704654490e-03
8.250000000000001e-01 4.167720323296481e+00 -1.280248350691461e-03
8.300000000000001e-01 4.273281128122877e+00 -8.850156171104796e-04
8.350000000000000e-01 4.381512872761445e+00 -5.943081728859908e-04
8.400000000000000e-01 4.492483205575838e+00 -3.872105341254798e-04
8.450000000000000e-01 4.606261486636447e+00 -2.444754398989031e-04
8.500000000000000e-01 4.722918831072739e+00 -1.494042501347933e-04
8.550000000000000e-01 4.842528153522501e+00 -8.827310314447041e-05
8.600000000000000e-01 4.965164213705875e+00 -5.036660330291641e-05
8.650000000000000e-01 5.090903663152626e+00 -2.772246288821268e-05
8.700000000000000e-01 5.219825093111814e+00 -1.470410752185791e-05
8.750000000000000e-01 5.352009083673925e+00 -7.508004815060238e-06
8.800000000000000e-01 5.487538254136007e+00 -3.686979334563862e-06
8.850000000000000e-01 5.626497314641444e+00 -1.739721352542561e-06
8.900000000000000e-01 5.768973119126561e+00 -7.880910411414304e-07
8.950000000000000e-01 5.915054719607133e+00 -3.424592025523011e-07
9.000000000000000e-01 6.064833421838831e+00 -1.426424743502410e-07
9.050000000000000e-01 6.218402842386253e+00 -5.691050224123627e-08
9.100000000000000e-01 6.375858967136348e+00 -2.173500556360201e-08
9.150000000000000e-01 6.537300211292723e+00 -7.941368717513447e-09
9.200000000000000e-01 6.702827480888332e+00 -2.774391241411753e-09
9.250000000000000e-01 6.872544235855034e+00 -9.263366036086431e-10
9.300000000000000e-01 7.046556554689444e+00 -2.954702461874460e-10
9.350000000000001e-01 7.224973200755413e+00 -8.999944116374222e-11
9.400000000000001e-01 7.407905690264673e+00 -2.617012504783293e-11
9.450000000000001e-01 7.595468361978146e+00 -7.262582413052067e-12
9.500000000000001e-01 7.787778448671316e+00 -1.923067794171573e-12
9.550000000000001e-01 7.984956150408610e+00 -4.857735615211051e-13
9.600000000000000e-01 8.187124709672272e+00 -1.170425882052559e-13
9.650000000000000e-01 8.394410488393007e+00 -2.689528367727025e-14
9.700000000000000e-01 8.606943046930221e+00 -5.893824835992527e-15
9.750000000000000e-01 8.824855225051540e+00 -1.231652426456190e-15
9.800000000000000e-01 9.048283224961922e+00 -2.454380992376565e-16
9.850000000000000e-01 9.277366696434507e+00 -4.664352242639837e-17
9.900000000000000e-01 9.512248824096272e+00 -8.435708806697492e-18
9.950000000000000e-01 9.753076416923058e+00 -1.537441542283061e-18
1.000000000000000e+00 1.000000000000000e+01 2.622992113125760e-19
