0.000000000000000e+00 0.000000000000000e+00 0.000000000000000e+00
5.000000000000000e-03 3.369477419287315e-03 -2.925024582816849e-03
1.000000000000000e-02 6.741060871647481e-03 -5.610741226080364e-03
1.500000000000000e-02 1.011685770649257e-02 -8.473879874622342e-03
2.000000000000000e-02 1.349897790673588e-02 -1.176139809347881e-02
2.500000000000000e-02 1.688953540759990e-02 -1.545042120162757e-02
3.000000000000000e-02 2.029064941789469e-02 -1.860244976954207e-02
3.500000000000000e-02 2.370444574459234e-02 -2.187210818391174e-02
4.000000000000000e-02 2.713305812152553e-02 -2.518112136215983e-02
4.500000000000000e-02 3.057862954304063e-02 -2.848760629161811e-02
5.000000000000000e-02 3.404331360343898e-02 -3.171017454655906e-02
5.500000000000000e-02 3.752927584304335e-02 -3.506968430620060e-02
6.000000000000000e-02 4.103869510173117e-02 -3.841125441795241e-02
6.500000000000000e-02 4.457376488078044e-02 -4.172566304994639e-02
7.000000000000001e-02 4.813669471387935e-02 -4.507014500398294e-02
7.500000000000000e-02 5.172971154815675e-02 -4.851391460412410e-02
8.000000000000000e-02 5.535506113609672e-02 -5.192445497452839e-02
8.500000000000001e-02 5.901500943920686e-02 -5.535192877456940e-02
9.000000000000000e-02 6.271184404431801e-02 -5.884572325271877e-02
9.500000000000000e-02 6.644787559340060e-02 -6.238763103291822e-02
1.000000000000000e-01 7.022543922779090e-02 -6.591726877628598e-02
1.050000000000000e-01 7.404689604773053e-02 -6.951445703607946e-02
1.100000000000000e-01 7.791463458813094e-02 -7.317219459480151e-02
1.150000000000000e-01 8.183107231148547e-02 -7.684842297804118e-02
1.200000000000000e-01 8.579865711886202e-02 -8.055206353065292e-02
1.250000000000000e-01 8.981986887992111e-02 -8.434808276885285e-02
1.300000000000000e-01 9.389722098291493e-02 -8.818911131855410e-02
1.350000000000000e-01 9.803326190563690e-02 -9.205105964584760e-02
1.400000000000000e-01 1.022305768083033e-01 -9.597454177806916e-02
1.450000000000000e-01 1.064917891493625e-01 -9.999198867769231e-02
1.500000000000000e-01 1.108195623252418e-01 -1.040494964900429e-01
1.550000000000000e-01 1.152166013350572e-01 -1.081473735692755e-01
1.600000000000000e-01 1.196856544713255e-01 -1.123269841243846e-01
1.650000000000000e-01 1.242295150377370e-01 -1.165966577604256e-01
1.700000000000000e-01 1.288510230950609e-01 -1.209134305280266e-01
1.750000000000000e-01 1.335530672362758e-01 -1.252903677681753e-01
1.800000000000000e-01 1.383385863920344e-01 -1.297603674878488e-01
1.850000000000000e-01 1.432105716675912e-01 -1.343226556559239e-01
1.900000000000000e-01 1.481720682123397e-01 -1.389450070082985e-01
1.950000000000000e-01 1.532261771231311e-01 -1.436409481876508e-01
2.000000000000000e-01 1.583760573825595e-01 -1.484383722328504e-01
2.050000000000000e-01 1.636249278334301e-01 -1.533389911531030e-01
2.100000000000000e-01 1.689760691906397e-01 -1.583155449419605e-01
2.150000000000000e-01 1.744328260917313e-01 -1.633732656111759e-01
2.200000000000000e-01 1.799986091874004e-01 -1.685387819383388e-01
2.250000000000000e-01 1.856768972732633e-01 -1.738241670107641e-01
2.300000000000000e-01 1.914712394642179e-01 -1.792065525194630e-01
2.350000000000000e-01 1.973852574127551e-01 -1.846785946194957e-01
2.400000000000000e-01 2.034226475726105e-01 -1.902601879063067e-01
2.450000000000000e-01 2.095871835091678e-01 -1.959729857425744e-01
2.500000000000000e-01 2.158827182580599e-01 -2.018099209531422e-01
2.550000000000000e-01 2.223131867334419e-01 -2.077623380631836e-01
2.600000000000000e-01 2.288826081874405e-01 -2.138292496368696e-01
2.650000000000000e-01 2.355950887223172e-01 -2.200206251666180e-01
2.700000000000000e-01 2.424548238569160e-01 -2.263523754384460e-01
2.750000000000000e-01 2.494661011489995e-01 -2.328375947910443e-01
2.800000000000000e-01 2.566333028751116e-01 -2.394676204472658e-01
2.850000000000000e-01 2.639609087696434e-01 -2.462396830478574e-01
2.900000000000000e-01 2.714534988248126e-01 -2.531581481892881e-01
2.950000000000000e-01 2.791157561533084e-01 -2.602272979678325e-01
3.000000000000000e-01 2.869524699153886e-01 -2.674622517982441e-01
3.050000000000000e-01 2.949685383122613e-01 -2.748770125361285e-01
3.100000000000000e-01 3.031689716476197e-01 -2.824753271468013e-01
3.150000000000000e-01 3.115588954592450e-01 -2.902728068400595e-01
3.200000000000000e-01 3.201435537226349e-01 -2.982685000306621e-01
3.250000000000000e-01 3.289283121286580e-01 -3.064774850867284e-01
3.300000000000000e-01 3.379186614372866e-01 -3.149050159215497e-01
3.350000000000000e-01 3.471202209094989e-01 -3.235668811331028e-01
3.400000000000000e-01 3.565387418195016e-01 -3.324761032179004e-01
3.450000000000000e-01 3.661801110494620e-01 -3.416512128856193e-01
3.500000000000000e-01 3.760503547690021e-01 -3.511119720023401e-01
3.550000000000000e-01 3.861556422017504e-01 -3.608822038314987e-01
3.600000000000000e-01 3.965022894813072e-01 -3.709893278212078e-01
3.650000000000000e-01 4.070967635990345e-01 -3.814657617270151e-01
3.700000000000000e-01 4.179456864461349e-01 -3.923498337968861e-01
3.750000000000000e-01 4.290558389525505e-01 -4.036873117143250e-01
3.800000000000000e-01 4.404341653252637e-01 -4.155332118841576e-01
3.850000000000000e-01 4.520877773886537e-01 -4.279541952418901e-01
3.900000000000000e-01 4.640239590296172e-01 -4.410316814674166e-01
3.950000000000000e-01 4.762501707502353e-01 -4.548659839949344e-01
4.000000000000000e-01 4.887740543308307e-01 -4.695818673753389e-01
4.050000000000000e-01 5.016034376063282e-01 -4.853361401421792e-01
4.100000000000000e-01 5.147463393589066e-01 -5.023282152526359e-01
4.150000000000000e-01 5.282109743299990e-01 -5.208151009376899e-01
4.200000000000000e-01 5.420057583547735e-01 -5.411331833899682e-01
4.250000000000000e-01 5.561393136223041e-01 -5.637307440254347e-01
4.300000000000000e-01 5.706204740647189e-01 -5.892180534605621e-01
4.350000000000000e-01 5.854582908786964e-01 -6.184474647780611e-01
4.400000000000000e-01 6.006620381827575e-01 -6.526473017648221e-01
4.450000000000000e-01 6.162412188138907e-01 -6.936581655210821e-01
4.500000000000000e-01 6.322055702671360e-01 -7.443792344339749e-01
4.550000000000000e-01 6.485650707818353e-01 -8.096875881358319e-01
4.600000000000000e-01 6.653299455783577e-01 -8.985618722703013e-01
4.650000000000000e-01 6.825106732491932e-01 -1.029808342745176e+00
4.700000000000000e-01 7.001179923084168e-01 -1.250790323814633e+00
4.750000000000000e-01 7.181629079036070e-01 -1.699543165588314e+00
4.800000000000000e-01 7.366566986944229e-01 -2.332032618176863e+00
4.850000000000000e-01 7.556109239021327e-01 -1.463990225013808e+00
4.900000000000000e-01 7.750374305345038e-01 -4.915303511246131e-02
4.950000000000000e-01 7.949483607905672e-01 -1.227599519713219e-01
5.000000000000000e-01 8.153561596498893e-01 -2.438855896351127e-02
5.050000000000000e-01 8.362735826510871e-01 5.557224159630511e-03
5.100000000000000e-01 8.577137038644561e-01 -2.634023361559835e-02
5.150000000000000e-01 8.796899240636907e-01 3.471460924896581e-02
5.200000000000000e-01 9.022159791018011e-01 -1.987216273638941e-02
5.250000000000000e-01 9.253059484964714e-01 3.695467904727422e-02
5.300000000000000e-01 9.489742642302165e-01 -9.719296124196281e-03
5.350000000000000e-01 9.732357197708378e-01 3.079685854446875e-02
5.400000000000000e-01 9.981054793178262e-01 2.784904896574958e-04
5.450000000000000e-01 1.023599087280478e+00 2.317829684251184e-02
5.500000000000000e-01 1.049732477993657e+00 8.148308388160306e-03
5.550000000000000e-01 1.076521985677273e+00 1.689812210080876e-02
5.600000000000001e-01 1.103984354645701e+00 1.320951956014924e-02
5.650000000000001e-01 1.132136749773522e+00 1.284547994408810e-02
5.700000000000001e-01 1.160996767224129e+00 1.560337531790955e-02
5.750000000000001e-01 1.190582445447902e+00 1.092120665143955e-02
5.800000000000000e-01 1.220912276456826e+00 1.594726029369978e-02
5.850000000000000e-01 1.252005217382601e+00 1.053815964764301e-02
5.900000000000000e-01 1.283880702325469e+00 1.505592315465440e-02
5.950000000000000e-01 1.316558654501151e+00 1.095755495150601e-02
6.000000000000000e-01 1.350059498693518e+00 1.370881546107658e-02
6.050000000000000e-01 1.384404174020732e+00 1.153220578872415e-02
6.100000000000000e-01 1.419614147022888e+00 1.247635213225016e-02
6.150000000000000e-01 1.455711425079295e+00 1.185816945439674e-02
6.200000000000000e-01 1.492718570163803e+00 1.163393241501745e-02
6.250000000000000e-01 1.530658712946775e+00 1.181708893725543e-02
6.300000000000000e-01 1.569555567252506e+00 1.118361090361590e-02
6.350000000000000e-01 1.609433444881138e+00 1.150856818440241e-02
6.400000000000000e-01 1.650317270804325e+00 1.096800223351680e-02
6.450000000000000e-01 1.692232598744148e+00 1.111348705219302e-02
6.500000000000000e-01 1.735205627145031e+00 1.081540751784993e-02
6.550000000000000e-01 1.779263215548615e+00 1.076584738538105e-02
6.600000000000000e-01 1.824432901381847e+00 1.063587953606088e-02
6.650000000000000e-01 1.870742917168772e+00 1.050236867706289e-02
6.700000000000000e-01 1.918222208176775e+00 1.042623110250922e-02
6.750000000000000e-01 1.966900450508319e+00 1.029540886018991e-02
6.800000000000000e-01 2.016808069649473e+00 1.021601722932079e-02
6.850000000000001e-01 2.067976259486829e+00 1.011032490068059e-02
6.900000000000001e-01 2.120437001804702e+00 1.002204653223960e-02
6.950000000000001e-01 2.174223086274785e+00 9.931374102655550e-03
7.000000000000001e-01 2.229368130950753e+00 9.841750899641177e-03
7.050000000000000e-01 2.285906603280654e+00 9.754689418418153e-03
7.100000000000000e-01 2.343873841650178e+00 9.665576758493419e-03
7.150000000000000e-01 2.403306077470301e+00 9.576381133116084e-03
7.200000000000000e-01 2.464240457823092e+00 9.484381663998020e-03
7.250000000000000e-01 2.526715068679855e+00 9.389150230215361e-03
7.300000000000000e-01 2.590768958706095e+00 9.289232499506259e-03
7.350000000000000e-01 2.656442163668210e+00 9.183240187530518e-03
7.400000000000000e-01 2.723775731457148e+00 9.069711609544456e-03
7.450000000000000e-01 2.792811747744667e+00 8.946936500210008e-03
7.500000000000000e-01 2.863593362288260e+00 8.813099928903776e-03
7.550000000000000e-01 2.936164815901156e+00 8.666169913192124e-03
7.600000000000000e-01 3.010571468104263e+00 8.503919001997304e-03
7.650000000000000e-01 3.086859825477351e+00 8.323891609163917e-03
7.700000000000000e-01 3.165077570727174e+00 8.123385898470526e-03
7.750000000000000e-01 3.245273592490716e+00 7.899435214192894e-03
7.800000000000000e-01 3.327498015892184e+00 7.648790031872720e-03
7.850000000000000e-01 3.411802233872832e+00 7.367906199360734e-03
7.900000000000000e-01 3.498238939313234e+00 7.052940676530978e-03
7.950000000000000e-01 3.586862157968046e+00 6.699759821622710e-03
8.000000000000000e-01 3.677727282233856e+00 6.303967888328342e-03
8.050000000000000e-01 3.770891105771243e+00 5.860966304092244e-03
8.100000000000001e-01 3.866411859002656e+00 5.366054389111857e-03
8.150000000000001e-01 3.964349245508326e+00 4.814587187112344e-03
8.200000000000001e-01 4.064764479342956e+00 4.202214920903512e-03
8.250000000000001e-01 4.167720323296481e+00 3.525227492041231e-03
8.300000000000001e-01 4.273281128122877e+00 2.781018844116970e-03
8.350000000000000e-01 4.381512872761445e+00 1.968687167874665e-03
8.400000000000000e-01 4.492483205575838e+00 1.089780436799608e-03
8.450000000000000e-01 4.606261486636447e+00 1.491400957457252e-04
8.500000000000000e-01 4.722918831072739e+00 -8.442868593726111e-04
8.550000000000000e-01 4.842528153522501e+00 -1.876813027962553e-03
8.600000000000000e-01 4.965164213705875e+00 -2.929636118937100e-03
8.650000000000000e-01 5.090903663152626e+00 -3.978788659961138e-03
8.700000000000000e-01 5.219825093111814e+00 -4.995548422984334e-03
8.750000000000000e-01 5.352009083673925e+00 -5.947425758851828e-03
8.800000000000000e-01 5.487538254136007e+00 -6.799552179565527e-03
8.850000000000000e-01 5.626497314641444e+00 -7.515958995881867e-03
8.900000000000000e-01 5.768973119126561e+00 -8.060411342945037e-03
8.950000000000000e-01 5.915054719607133e+00 -8.397362876993244e-03
9.000000000000000e-01 6.064833421838831e+00 -8.494558715020036e-03
9.050000000000000e-01 6.218402842386253e+00 -8.328689526734812e-03
9.100000000000000e-01 6.375858967136348e+00 -7.893758770882147e-03
9.150000000000000e-01 6.537300211292723e+00 -7.209324215966343e-03
9.200000000000000e-01 6.702827480888332e+00 -6.324321100016551e-03
9.250000000000000e-01 6.872544235855034e+00 -5.313145096897695e-03
9.300000000000000e-01 7.046556554689444e+00 -4.263851468257585e-03
9.350000000000001e-01 7.224973200755413e+00 -3.261947801657328e-03
9.400000000000001e-01 7.407905690264673e+00 -2.375229979896214e-03
9.450000000000001e-01 7.595468361978146e+00 -1.644424738210424e-03
9.500000000000001e-01 7.787778448671316e+00 -1.081670764413485e-03
9.550000000000001e-01 7.984956150408610e+00 -6.757371461127671e-04
9.600000000000000e-01 8.187124709672272e+00 -4.008637527930826e-04
9.650000000000000e-01 8.394410488393007e+00 -2.258239120010828e-04
9.700000000000000e-01 8.606943046930221e+00 -1.208276662516000e-04
9.750000000000000e-01 8.824855225051540e+00 -6.142393612421531e-05
9.800000000000000e-01 9.048283224961922e+00 -2.966728804449523e-05
9.850000000000000e-01 9.277366696434507e+00 -1.364086094514438e-05
9.900000000000000e-01 9.512248824096272e+00 -5.920677498339387e-06
9.950000000000000e-01 9.753076416923058e+00 -2.524771416449863e-06
1.000000000000000e+00 1.000000000000000e+01 -8.189345582318247e-07
