0.000000000000000e+00 0.000000000000000e+00 0.000000000000000e+00
5.000000000000000e-03 3.369477419287315e-03 -1.023724544935587e-03
1.000000000000000e-02 6.741060871647481e-03 -3.703596197878144e-03
1.500000000000000e-02 1.011685770649257e-02 -8.755977742486924e-03
2.000000000000000e-02 1.349897790673588e-02 -1.186554828326502e-02
2.500000000000000e-02 1.688953540759990e-02 -1.494005564142694e-02
3.000000000000000e-02 2.029064941789469e-02 -1.816629331704589e-02
3.500000000000000e-02 2.370444574459234e-02 -2.150277392325302e-02
4.000000000000000e-02 2.713305812152553e-02 -2.461814032836804e-02
4.500000000000000e-02 3.057862954304063e-02 -2.785651987429326e-02
5.000000000000000e-02 3.404331360343898e-02 -3.110777101361582e-02
5.500000000000000e-02 3.752927584304335e-02 -3.433735348497172e-02
6.000000000000000e-02 4.103869510173117e-02 -3.754311692934892e-02
6.500000000000000e-02 4.457376488078044e-02 -4.086700896799419e-02
7.000000000000001e-02 4.813669471387935e-02 -4.417143693199565e-02
7.500000000000000e-02 5.172971154815675e-02 -4.746053109127486e-02
8.000000000000000e-02 5.535506113609672e-02 -5.079541679126973e-02
8.500000000000001e-02 5.901500943920686e-02 -5.421329765914801e-02
9.000000000000000e-02 6.271184404431801e-02 -5.760788790403696e-02
9.500000000000000e-02 6.644787559340060e-02 -6.102925288116628e-02
1.000000000000000e-01 7.022543922779090e-02 -6.451762458676663e-02
1.050000000000000e-01 7.404689604773053e-02 -6.805060578531820e-02
1.100000000000000e-01 7.791463458813094e-02 -7.158155304136860e-02
1.150000000000000e-01 8.183107231148547e-02 -7.517917000374548e-02
1.200000000000000e-01 8.579865711886202e-02 -7.883955250102478e-02
1.250000000000000e-01 8.981986887992111e-02 -8.252474580632894e-02
1.300000000000000e-01 9.389722098291493e-02 -8.623881065708806e-02
1.350000000000000e-01 9.803326190563690e-02 -9.004064934379519e-02
1.400000000000000e-01 1.022305768083033e-01 -9.389710590014924e-02
1.450000000000000e-01 1.064917891493625e-01 -9.777959039890154e-02
1.500000000000000e-01 1.108195623252418e-01 -1.017167423045019e-01
1.550000000000000e-01 1.152166013350572e-01 -1.057486403081455e-01
1.600000000000000e-01 1.196856544713255e-01 -1.098344119891197e-01
1.650000000000000e-01 1.242295150377370e-01 -1.139577630176252e-01
1.700000000000000e-01 1.288510230950609e-01 -1.181522546079887e-01
1.750000000000000e-01 1.335530672362758e-01 -1.224451030628835e-01
1.800000000000000e-01 1.383385863920344e-01 -1.267994035494162e-01
1.850000000000000e-01 1.432105716675912e-01 -1.312038349888445e-01
1.900000000000000e-01 1.481720682123397e-01 -1.356885462241496e-01
1.950000000000000e-01 1.532261771231311e-01 -1.402774259241346e-01
2.000000000000000e-01 1.583760573825595e-01 -1.449416793934614e-01
2.050000000000000e-01 1.636249278334301e-01 -1.496677100004452e-01
2.100000000000000e-01 1.689760691906397e-01 -1.544777084390962e-01
2.150000000000000e-01 1.744328260917313e-01 -1.593975822905887e-01
2.200000000000000e-01 1.799986091874004e-01 -1.644118199216638e-01
2.250000000000000e-01 1.856768972732633e-01 -1.695047481701208e-01
2.300000000000000e-01 1.914712394642179e-01 -1.746825589096585e-01
2.350000000000000e-01 1.973852574127551e-01 -1.799666775613532e-01
2.400000000000000e-01 2.034226475726105e-01 -1.853630493678662e-01
2.450000000000000e-01 2.095871835091678e-01 -1.908684763148897e-01
2.500000000000000e-01 2.158827182580599e-01 -1.964693034075629e-01
2.550000000000000e-01 2.223131867334419e-01 -2.021655696640940e-01
2.600000000000000e-01 2.288826081874405e-01 -2.079751451265003e-01
2.650000000000000e-01 2.355950887223172e-01 -2.139142844787363e-01
2.700000000000000e-01 2.424548238569160e-01 -2.199768487699514e-01
2.750000000000000e-01 2.494661011489995e-01 -2.261605602985514e-01
2.800000000000000e-01 2.566333028751116e-01 -2.324605525165187e-01
2.850000000000000e-01 2.639609087696434e-01 -2.388747893177242e-01
2.900000000000000e-01 2.714534988248126e-01 -2.454162849328517e-01
2.950000000000000e-01 2.791157561533084e-01 -2.520943998348572e-01
3.000000000000000e-01 2.869524699153886e-01 -2.589128116920941e-01
3.050000000000000e-01 2.949685383122613e-01 -2.658836865738151e-01
3.100000000000000e-01 3.031689716476197e-01 -2.730004480175779e-01
3.150000000000000e-01 3.115588954592450e-01 -2.802733157750544e-01
3.200000000000000e-01 3.201435537226349e-01 -2.876984967416769e-01
3.250000000000000e-01 3.289283121286580e-01 -2.952843895994219e-01
3.300000000000000e-01 3.379186614372866e-01 -3.030333333904767e-01
3.350000000000000e-01 3.471202209094989e-01 -3.109530776907641e-01
3.400000000000000e-01 3.565387418195016e-01 -3.190498753936165e-01
3.450000000000000e-01 3.661801110494620e-01 -3.273321019306164e-01
3.500000000000000e-01 3.760503547690021e-01 -3.358085379537445e-01
3.550000000000000e-01 3.861556422017504e-01 -3.444893900234914e-01
3.600000000000000e-01 3.965022894813072e-01 -3.533861650073635e-01
3.650000000000000e-01 4.070967635990345e-01 -3.625121188532366e-01
3.700000000000000e-01 4.179456864461349e-01 -3.718825530688608e-01
3.750000000000000e-01 4.290558389525505e-01 -3.815152587220417e-01
3.800000000000000e-01 4.404341653252637e-01 -3.914310115746066e-01
3.850000000000000e-01 4.520877773886537e-01 -4.016541739425011e-01
3.900000000000000e-01 4.640239590296172e-01 -4.122134077697882e-01
3.950000000000000e-01 4.762501707502353e-01 -4.231425222800643e-01
4.000000000000000e-01 4.887740543308307e-01 -4.344814727440384e-01
4.050000000000000e-01 5.016034376063282e-01 -4.462775235204087e-01
4.100000000000000e-01 5.147463393589066e-01 -4.585865742989980e-01
4.150000000000000e-01 5.282109743299990e-01 -4.714746181572756e-01
4.200000000000000e-01 5.420057583547735e-01 -4.850192369371940e-01
4.250000000000000e-01 5.561393136223041e-01 -4.993109134264774e-01
4.300000000000000e-01 5.706204740647189e-01 -5.144536919753839e-01
4.350000000000000e-01 5.854582908786964e-01 -5.305642346812673e-01
4.400000000000000e-01 6.006620381827575e-01 -5.477673738371698e-01
4.450000000000000e-01 6.162412188138907e-01 -5.661844113187254e-01
4.500000000000000e-01 6.322055702671360e-01 -5.859068079880828e-01
4.550000000000000e-01 6.485650707818353e-01 -6.069409565194772e-01
4.600000000000000e-01 6.653299455783577e-01 -6.290967969799854e-01
4.650000000000000e-01 6.825106732491932e-01 -6.517709327668447e-01
4.700000000000000e-01 7.001179923084168e-01 -6.735448543859900e-01
4.750000000000000e-01 7.181629079036070e-01 -6.915068109884975e-01
4.800000000000000e-01 7.366566986944229e-01 -7.003176828959961e-01
4.850000000000000e-01 7.556109239021327e-01 -6.915301163301523e-01
4.900000000000000e-01 7.750374305345038e-01 -6.547250039077761e-01
4.950000000000000e-01 7.949483607905672e-01 -5.826202369303631e-01
5.000000000000000e-01 8.153561596498893e-01 -4.791947555546901e-01
5.050000000000000e-01 8.362735826510871e-01 -3.628555511744707e-01
5.100000000000000e-01 8.577137038644561e-01 -2.570510274525956e-01
5.150000000000000e-01 8.796899240636907e-01 -1.756941804568276e-01
5.200000000000000e-01 9.022159791018011e-01 -1.189801502441028e-01
5.250000000000000e-01 9.253059484964714e-01 -8.058984535914442e-02
5.300000000000000e-01 9.489742642302165e-01 -5.457532896341221e-02
5.350000000000000e-01 9.732357197708378e-01 -3.688924950317001e-02
5.400000000000000e-01 9.981054793178262e-01 -2.479261856260005e-02
5.450000000000000e-01 1.023599087280478e+00 -1.645003137697793e-02
5.500000000000000e-01 1.049732477993657e+00 -1.066505598489583e-02
5.550000000000000e-01 1.076521985677273e+00 -6.645771026609451e-03
5.600000000000001e-01 1.103984354645701e+00 -3.860755256045540e-03
5.650000000000001e-01 1.132136749773522e+00 -1.951842979023531e-03
5.700000000000001e-01 1.160996767224129e+00 -6.744770119472415e-04
5.750000000000001e-01 1.190582445447902e+00 1.402894990914058e-04
5.800000000000000e-01 1.220912276456826e+00 6.102520225322285e-04
5.850000000000000e-01 1.252005217382601e+00 8.184440822400843e-04
5.900000000000000e-01 1.283880702325469e+00 8.240089895488267e-04
5.950000000000000e-01 1.316558654501151e+00 6.695055511618320e-04
6.000000000000000e-01 1.350059498693518e+00 3.858947567584668e-04
6.050000000000000e-01 1.384404174020732e+00 -4.038598288623587e-06
6.100000000000000e-01 1.419614147022888e+00 -4.833120338142263e-04
6.150000000000000e-01 1.455711425079295e+00 -1.039080210217246e-03
6.200000000000000e-01 1.492718570163803e+00 -1.661454527321177e-03
6.250000000000000e-01 1.530658712946775e+00 -2.342655192240874e-03
6.300000000000000e-01 1.569555567252506e+00 -3.076392595290240e-03
6.350000000000000e-01 1.609433444881138e+00 -3.857407468318062e-03
6.400000000000000e-01 1.650317270804325e+00 -4.681121244890821e-03
6.450000000000000e-01 1.692232598744148e+00 -5.543363141305469e-03
6.500000000000000e-01 1.735205627145031e+00 -6.440150924360220e-03
6.550000000000000e-01 1.779263215548615e+00 -7.367509684267778e-03
6.600000000000000e-01 1.824432901381847e+00 -8.321318204002618e-03
6.650000000000000e-01 1.870742917168772e+00 -9.297176371053224e-03
6.700000000000000e-01 1.918222208176775e+00 -1.029028995004280e-02
6.750000000000000e-01 1.966900450508319e+00 -1.129537119945754e-02
6.800000000000000e-01 2.016808069649473e+00 -1.230655543427023e-02
6.850000000000001e-01 2.067976259486829e+00 -1.331733479064557e-02
6.900000000000001e-01 2.120437001804702e+00 -1.432051116796035e-02
6.950000000000001e-01 2.174223086274785e+00 -1.530817060711608e-02
7.000000000000001e-01 2.229368130950753e+00 -1.627168120879927e-02
7.050000000000000e-01 2.285906603280654e+00 -1.720171611938359e-02
7.100000000000000e-01 2.343873841650178e+00 -1.808830218115481e-02
7.150000000000000e-01 2.403306077470301e+00 -1.892089368989786e-02
7.200000000000000e-01 2.464240457823092e+00 -1.968846953504684e-02
7.250000000000000e-01 2.526715068679855e+00 -2.037965109349041e-02
7.300000000000000e-01 2.590768958706095e+00 -2.098283792974611e-02
7.350000000000000e-01 2.656442163668210e+00 -2.148635894440941e-02
7.400000000000000e-01 2.723775731457148e+00 -2.187863837433812e-02
7.450000000000000e-01 2.792811747744667e+00 -2.214837912925877e-02
7.500000000000000e-01 2.863593362288260e+00 -2.228477032024350e-02
7.550000000000000e-01 2.936164815901156e+00 -2.227773122168114e-02
7.600000000000000e-01 3.010571468104263e+00 -2.211820970372233e-02
7.650000000000000e-01 3.086859825477351e+00 -2.179855830557391e-02
7.700000000000000e-01 3.165077570727174e+00 -2.131301383510465e-02
7.750000000000000e-01 3.245273592490716e+00 -2.065830390574546e-02
7.800000000000000e-01 3.327498015892184e+00 -1.983439211254031e-02
7.850000000000000e-01 3.411802233872832e+00 -1.884534770554437e-02
7.900000000000000e-01 3.498238939313234e+00 -1.770028188726980e-02
7.950000000000000e-01 3.586862157968046e+00 -1.641423258408704e-02
8.000000000000000e-01 3.677727282233856e+00 -1.500881371445994e-02
8.050000000000000e-01 3.770891105771243e+00 -1.351239609042096e-02
8.100000000000001e-01 3.866411859002656e+00 -1.195958463310212e-02
8.150000000000001e-01 3.964349245508326e+00 -1.038982536209845e-02
8.200000000000001e-01 4.064764479342956e+00 -8.845120953015198e-03
8.250000000000001e-01 4.167720323296481e+00 -7.367031377133468e-03
8.300000000000001e-01 4.273281128122877e+00 -5.993334632582115e-03
8.350000000000000e-01 4.381512872761445e+00 -4.754858594978122e-03
8.400000000000000e-01 4.492483205575838e+00 -3.673017384349614e-03
8.450000000000000e-01 4.606261486636447e+00 -2.758476355897039e-03
8.500000000000000e-01 4.722918831072739e+00 -2.011152793152897e-03
8.550000000000000e-01 4.842528153522501e+00 -1.421493033983306e-03
8.600000000000000e-01 4.965164213705875e+00 -9.727238228695332e-04
8.650000000000000e-01 5.090903663152626e+00 -6.436186978827511e-04
8.700000000000000e-01 5.219825093111814e+00 -4.112821329578576e-04
8.750000000000000e-01 5.352009083673925e+00 -2.535305772991577e-04
8.800000000000000e-01 5.487538254136007e+00 -1.506043256178231e-04
8.850000000000000e-01 5.626497314641444e+00 -8.612495469096951e-05
8.900000000000000e-01 5.768973119126561e+00 -4.737004239392253e-05
8.950000000000000e-01 5.915054719607133e+00 -2.503752763607678e-05
9.000000000000000e-01 6.064833421838831e+00 -1.270727577626358e-05
9.050000000000000e-01 6.218402842386253e+00 -6.188388077752926e-06
9.100000000000000e-01 6.375858967136348e+00 -2.889927805780903e-06
9.150000000000000e-01 6.537300211292723e+00 -1.293390730535857e-06
9.200000000000000e-01 6.702827480888332e+00 -5.544753477896813e-07
9.250000000000000e-01 6.872544235855034e+00 -2.275868672823012e-07
9.300000000000000e-01 7.046556554689444e+00 -8.940302624992795e-08
9.350000000000001e-01 7.224973200755413e+00 -3.360070433105350e-08
9.400000000000001e-01 7.407905690264673e+00 -1.207838174042654e-08
9.450000000000001e-01 7.595468361978146e+00 -4.151709111942977e-09
9.500000000000001e-01 7.787778448671316e+00 -1.364317702990608e-09
9.550000000000001e-01 7.984956150408610e+00 -4.285532498153304e-10
9.600000000000000e-01 8.187124709672272e+00 -1.286593115912194e-10
9.650000000000000e-01 8.394410488393007e+00 -3.691357964319277e-11
9.700000000000000e-01 8.606943046930221e+00 -1.012079340537553e-11
9.750000000000000e-01 8.824855225051540e+00 -2.651636586002416e-12
9.800000000000000e-01 9.048283224961922e+00 -6.638634178473521e-13
9.850000000000000e-01 9.277366696434507e+00 -1.588495672892107e-13
9.900000000000000e-01 9.512248824096272e+00 -3.620383002404602e-14
9.950000000000000e-01 9.753076416923058e+00 -8.319619117181769e-15
1.000000000000000e+00 1.000000000000000e+01 3.893279126718628e-16
