0.000000000000000e+00 0.000000000000000e+00 0.000000000000000e+00
5.000000000000000e-03 3.369477419287315e-03 -1.198568741643959e-03
1.000000000000000e-02 6.741060871647481e-03 -3.775517455762231e-03
1.500000000000000e-02 1.011685770649257e-02 -8.167749677333986e-03
2.000000000000000e-02 1.349897790673588e-02 -1.125027844903483e-02
2.500000000000000e-02 1.688953540759990e-02 -1.424629722285283e-02
3.000000000000000e-02 2.029064941789469e-02 -1.721197936454299e-02
3.500000000000000e-02 2.370444574459234e-02 -2.039052906501773e-02
4.000000000000000e-02 2.713305812152553e-02 -2.342934177945389e-02
4.500000000000000e-02 3.057862954304063e-02 -2.644900659961051e-02
5.000000000000000e-02 3.404331360343898e-02 -2.947440614465023e-02
5.500000000000000e-02 3.752927584304335e-02 -3.260814082781487e-02
6.000000000000000e-02 4.103869510173117e-02 -3.568983543969707e-02
6.500000000000000e-02 4.457376488078044e-02 -3.876285423293094e-02
7.000000000000001e-02 4.813669471387935e-02 -4.187111192413431e-02
7.500000000000000e-02 5.172971154815675e-02 -4.506194747084956e-02
8.000000000000000e-02 5.535506113609672e-02 -4.822774079360303e-02
8.500000000000001e-02 5.901500943920686e-02 -5.139529185790238e-02
9.000000000000000e-02 6.271184404431801e-02 -5.461103306670329e-02
9.500000000000000e-02 6.644787559340060e-02 -5.790128669797386e-02
1.000000000000000e-01 7.022543922779090e-02 -6.118574550867120e-02
1.050000000000000e-01 7.404689604773053e-02 -6.447971550235300e-02
1.100000000000000e-01 7.791463458813094e-02 -6.782728830856999e-02
1.150000000000000e-01 8.183107231148547e-02 -7.125103563451228e-02
1.200000000000000e-01 8.579865711886202e-02 -7.468701272635739e-02
1.250000000000000e-01 8.981986887992111e-02 -7.813682375677972e-02
1.300000000000000e-01 9.389722098291493e-02 -8.164068826735491e-02
1.350000000000000e-01 9.803326190563690e-02 -8.522696664144723e-02
1.400000000000000e-01 1.022305768083033e-01 -8.884572529903098e-02
1.450000000000000e-01 1.064917891493625e-01 -9.248384862329666e-02
1.500000000000000e-01 1.108195623252418e-01 -9.617060522729869e-02
1.550000000000000e-01 1.152166013350572e-01 -9.994092728022423e-02
1.600000000000000e-01 1.196856544713255e-01 -1.037676361453461e-01
1.650000000000000e-01 1.242295150377370e-01 -1.076321549089125e-01
1.700000000000000e-01 1.288510230950609e-01 -1.115374306587569e-01
1.750000000000000e-01 1.335530672362758e-01 -1.155086811552624e-01
1.800000000000000e-01 1.383385863920344e-01 -1.195539367457321e-01
1.850000000000000e-01 1.432105716675912e-01 -1.236745761622413e-01
1.900000000000000e-01 1.481720682123397e-01 -1.278439961190531e-01
1.950000000000000e-01 1.532261771231311e-01 -1.320561837844652e-01
2.000000000000000e-01 1.583760573825595e-01 -1.363333955493230e-01
2.050000000000000e-01 1.636249278334301e-01 -1.406971313032354e-01
2.100000000000000e-01 1.689760691906397e-01 -1.451374233333839e-01
2.150000000000000e-01 1.744328260917313e-01 -1.496540193831316e-01
2.200000000000000e-01 1.799986091874004e-01 -1.542318833427010e-01
2.250000000000000e-01 1.856768972732633e-01 -1.588622363761873e-01
2.300000000000000e-01 1.914712394642179e-01 -1.635602511922137e-01
2.350000000000000e-01 1.973852574127551e-01 -1.683330990894753e-01
2.400000000000000e-01 2.034226475726105e-01 -1.731835047392656e-01
2.450000000000000e-01 2.095871835091678e-01 -1.781269026210242e-01
2.500000000000000e-01 2.158827182580599e-01 -1.831458239826334e-01
2.550000000000000e-01 2.223131867334419e-01 -1.882529038938990e-01
2.600000000000000e-01 2.288826081874405e-01 -1.934322416961038e-01
2.650000000000000e-01 2.355950887223172e-01 -1.986908629737637e-01
2.700000000000000e-01 2.424548238569160e-01 -2.040217820784611e-01
2.750000000000000e-01 2.494661011489995e-01 -2.094277047012185e-01
2.800000000000000e-01 2.566333028751116e-01 -2.149063744894217e-01
2.850000000000000e-01 2.639609087696434e-01 -2.204579980344537e-01
2.900000000000000e-01 2.714534988248126e-01 -2.260812259076155e-01
2.950000000000000e-01 2.791157561533084e-01 -2.317748737458651e-01
3.000000000000000e-01 2.869524699153886e-01 -2.375371151278434e-01
3.050000000000000e-01 2.949685383122613e-01 -2.433657800367104e-01
3.100000000000000e-01 3.031689716476197e-01 -2.492582162138927e-01
3.150000000000000e-01 3.115588954592450e-01 -2.552113084800293e-01
3.200000000000000e-01 3.201435537226349e-01 -2.612214337892397e-01
3.250000000000000e-01 3.289283121286580e-01 -2.672844301334481e-01
3.300000000000000e-01 3.379186614372866e-01 -2.733955544401058e-01
3.350000000000000e-01 3.471202209094989e-01 -2.795494379374800e-01
3.400000000000000e-01 3.565387418195016e-01 -2.857400367598794e-01
3.450000000000000e-01 3.661801110494620e-01 -2.919605784087115e-01
3.500000000000000e-01 3.760503547690021e-01 -2.982035036605247e-01
3.550000000000000e-01 3.861556422017504e-01 -3.044604036065818e-01
3.600000000000000e-01 3.965022894813072e-01 -3.107219513200175e-01
3.650000000000000e-01 4.070967635990345e-01 -3.169778275205765e-01
3.700000000000000e-01 4.179456864461349e-01 -3.232166394407846e-01
3.750000000000000e-01 4.290558389525505e-01 -3.294258319028864e-01
3.800000000000000e-01 4.404341653252637e-01 -3.355915893791578e-01
3.850000000000000e-01 4.520877773886537e-01 -3.416987275218197e-01
3.900000000000000e-01 4.640239590296172e-01 -3.477305723050599e-01
3.950000000000000e-01 4.762501707502353e-01 -3.536688245147475e-01
4.000000000000000e-01 4.887740543308307e-01 -3.594934068488837e-01
4.050000000000000e-01 5.016034376063282e-01 -3.651822903579826e-01
4.100000000000000e-01 5.147463393589066e-01 -3.707112963746168e-01
4.150000000000000e-01 5.282109743299990e-01 -3.760538694892285e-01
4.200000000000000e-01 5.420057583547735e-01 -3.811808165877437e-01
4.250000000000000e-01 5.561393136223041e-01 -3.860600065834141e-01
4.300000000000000e-01 5.706204740647189e-01 -3.906560254256181e-01
4.350000000000000e-01 5.854582908786964e-01 -3.949297815252393e-01
4.400000000000000e-01 6.006620381827575e-01 -3.988380583127085e-01
4.450000000000000e-01 6.162412188138907e-01 -4.023330138450673e-01
4.500000000000000e-01 6.322055702671360e-01 -4.053616330587135e-01
4.550000000000000e-01 6.485650707818353e-01 -4.078651475911769e-01
4.600000000000000e-01 6.653299455783577e-01 -4.097784525791973e-01
4.650000000000000e-01 6.825106732491932e-01 -4.110295713029359e-01
4.700000000000000e-01 7.001179923084168e-01 -4.115392489363370e-01
4.750000000000000e-01 7.181629079036070e-01 -4.112207976023371e-01
4.800000000000000e-01 7.366566986944229e-01 -4.099803668065199e-01
4.850000000000000e-01 7.556109239021327e-01 -4.077178737390313e-01
4.900000000000000e-01 7.750374305345038e-01 -4.043288893992519e-01
4.950000000000000e-01 7.949483607905672e-01 -3.997078235042179e-01
5.000000000000000e-01 8.153561596498893e-01 -3.937527574701927e-01
5.050000000000000e-01 8.362735826510871e-01 -3.863722029036687e-01
5.100000000000000e-01 8.577137038644561e-01 -3.774938690168415e-01
5.150000000000000e-01 8.796899240636907e-01 -3.670751698140056e-01
5.200000000000000e-01 9.022159791018011e-01 -3.551146875407017e-01
5.250000000000000e-01 9.253059484964714e-01 -3.416631954498432e-01
5.300000000000000e-01 9.489742642302165e-01 -3.268322837677970e-01
5.350000000000000e-01 9.732357197708378e-01 -3.107983621706871e-01
5.400000000000000e-01 9.981054793178262e-01 -2.938000767158016e-01
5.450000000000000e-01 1.023599087280478e+00 -2.761281125840819e-01
5.500000000000000e-01 1.049732477993657e+00 -2.581078470539379e-01
5.550000000000000e-01 1.076521985677273e+00 -2.400769758927728e-01
5.600000000000001e-01 1.103984354645701e+00 -2.223614990403043e-01
5.650000000000001e-01 1.132136749773522e+00 -2.052538397647151e-01
5.700000000000001e-01 1.160996767224129e+00 -1.889962383460383e-01
5.750000000000001e-01 1.190582445447902e+00 -1.737711714173535e-01
5.800000000000000e-01 1.220912276456826e+00 -1.596989325723288e-01
5.850000000000000e-01 1.252005217382601e+00 -1.468411954223662e-01
5.900000000000000e-01 1.283880702325469e+00 -1.352086670682085e-01
5.950000000000000e-01 1.316558654501151e+00 -1.247708414189045e-01
6.000000000000000e-01 1.350059498693518e+00 -1.154661929309474e-01
6.050000000000000e-01 1.384404174020732e+00 -1.072116698932984e-01
6.100000000000000e-01 1.419614147022888e+00 -9.991085907892877e-02
6.150000000000000e-01 1.455711425079295e+00 -9.346059546332619e-02
6.200000000000000e-01 1.492718570163803e+00 -8.775605363361678e-02
6.250000000000000e-01 1.530658712946775e+00 -8.269449893465321e-02
6.300000000000000e-01 1.569555567252506e+00 -7.817793084179339e-02
6.350000000000000e-01 1.609433444881138e+00 -7.411485255025529e-02
6.400000000000000e-01 1.650317270804325e+00 -7.042137546098269e-02
6.450000000000000e-01 1.692232598744148e+00 -6.702183218763665e-02
6.500000000000000e-01 1.735205627145031e+00 -6.384903651800075e-02
6.550000000000000e-01 1.779263215548615e+00 -6.084429787524011e-02
6.600000000000000e-01 1.824432901381847e+00 -5.795727251804672e-02
6.650000000000000e-01 1.870742917168772e+00 -5.514571356982903e-02
6.700000000000000e-01 1.918222208176775e+00 -5.237516579869897e-02
6.750000000000000e-01 1.966900450508319e+00 -4.961863752303525e-02
6.800000000000000e-01 2.016808069649473e+00 -4.685626988033157e-02
6.850000000000001e-01 2.067976259486829e+00 -4.407501209717714e-02
6.900000000000001e-01 2.120437001804702e+00 -4.126829992135592e-02
6.950000000000001e-01 2.174223086274785e+00 -3.843572314604868e-02
7.000000000000001e-01 2.229368130950753e+00 -3.558265786782116e-02
7.050000000000000e-01 2.285906603280654e+00 -3.271983101476766e-02
7.100000000000000e-01 2.343873841650178e+00 -2.986278040389263e-02
7.150000000000000e-01 2.403306077470301e+00 -2.703117490429097e-02
7.200000000000000e-01 2.464240457823092e+00 -2.424796764994870e-02
7.250000000000000e-01 2.526715068679855e+00 -2.153837127408241e-02
7.300000000000000e-01 2.590768958706095e+00 -1.892866708468316e-02
7.350000000000000e-01 2.656442163668210e+00 -1.644488756859028e-02
7.400000000000000e-01 2.723775731457148e+00 -1.411143961509571e-02
7.450000000000000e-01 2.792811747744667e+00 -1.194975937584930e-02
7.500000000000000e-01 2.863593362288260e+00 -9.977103663016278e-03
7.550000000000000e-01 2.936164815901156e+00 -8.205583305130507e-03
7.600000000000000e-01 3.010571468104263e+00 -6.641529189379786e-03
7.650000000000000e-01 3.086859825477351e+00 -5.285252855935065e-03
7.700000000000000e-01 3.165077570727174e+00 -4.131224224373616e-03
7.750000000000000e-01 3.245273592490716e+00 -3.168645092139494e-03
7.800000000000000e-01 3.327498015892184e+00 -2.382355110604934e-03
7.850000000000000e-01 3.411802233872832e+00 -1.753973311263605e-03
7.900000000000000e-01 3.498238939313234e+00 -1.263157745323515e-03
7.950000000000000e-01 3.586862157968046e+00 -8.888609942228645e-04
8.000000000000000e-01 3.677727282233856e+00 -6.104702024424444e-04
8.050000000000000e-01 3.770891105771243e+00 -4.087443918124209e-04
8.100000000000001e-01 3.866411859002656e+00 -2.664946823464809e-04
8.150000000000001e-01 3.964349245508326e+00 -1.689890848140540e-04
8.200000000000001e-01 4.064764479342956e+00 -1.040970720668730e-04
8.250000000000001e-01 4.167720323296481e+00 -6.221545756980534e-05
8.300000000000001e-01 4.273281128122877e+00 -3.603325594091134e-05
8.350000000000000e-01 4.381512872761445e+00 -2.019838604720771e-05
8.400000000000000e-01 4.492483205575838e+00 -1.094458295019871e-05
8.450000000000000e-01 4.606261486636447e+00 -5.725500734567415e-06
8.500000000000000e-01 4.722918831072739e+00 -2.888183337045904e-06
8.550000000000000e-01 4.842528153522501e+00 -1.403148286961409e-06
8.600000000000000e-01 4.965164213705875e+00 -6.557342310842253e-07
8.650000000000000e-01 5.090903663152626e+00 -2.944321885498779e-07
8.700000000000000e-01 5.219825093111814e+00 -1.268748556615185e-07
8.750000000000000e-01 5.352009083673925e+00 -5.240981919342671e-08
8.800000000000000e-01 5.487538254136007e+00 -2.073132509451999e-08
8.850000000000000e-01 5.626497314641444e+00 -7.844546353044412e-09
8.900000000000000e-01 5.768973119126561e+00 -2.836642590602984e-09
8.950000000000000e-01 5.915054719607133e+00 -9.793308759348033e-10
9.000000000000000e-01 6.064833421838831e+00 -3.225212598522153e-10
9.050000000000000e-01 6.218402842386253e+00 -1.012354815615031e-10
9.100000000000000e-01 6.375858967136348e+00 -3.026360436598374e-11
9.150000000000000e-01 6.537300211292723e+00 -8.610284033698379e-12
9.200000000000000e-01 6.702827480888332e+00 -2.329950770568471e-12
9.250000000000000e-01 6.872544235855034e+00 -5.993222226411104e-13
9.300000000000000e-01 7.046556554689444e+00 -1.464666711229856e-13
9.350000000000001e-01 7.224973200755413e+00 -3.399309894489085e-14
9.400000000000001e-01 7.407905690264673e+00 -7.489499674486790e-15
9.450000000000001e-01 7.595468361978146e+00 -1.565989051570261e-15
9.500000000000001e-01 7.787778448671316e+00 -3.106623141878466e-16
9.550000000000001e-01 7.984956150408610e+00 -5.846119265836305e-17
9.600000000000000e-01 8.187124709672272e+00 -1.043434888177655e-17
9.650000000000000e-01 8.394410488393007e+00 -1.766215347581727e-18
9.700000000000000e-01 8.606943046930221e+00 -2.835214218982016e-19
9.750000000000000e-01 8.824855225051540e+00 -4.316135993008404e-20
9.800000000000000e-01 9.048283224961922e+00 -6.231500250433871e-21
9.850000000000000e-01 9.277366696434507e+00 -8.533411580388698e-22
9.900000000000000e-01 9.512248824096272e+00 -1.107405536756713e-22
9.950000000000000e-01 9.753076416923058e+00 -1.436897971141088e-23
1.000000000000000e+00 1.000000000000000e+01 4.802649166099339e-24
