0.000000000000000e+00 0.000000000000000e+00 0.000000000000000e+00
5.000000000000000e-03 3.369477419287315e-03 -1.056040889286031e-03
1.000000000000000e-02 6.741060871647481e-03 -3.581127643306847e-03
1.500000000000000e-02 1.011685770649257e-02 -8.125275719333946e-03
2.000000000000000e-02 1.349897790673588e-02 -1.127741116343188e-02
2.500000000000000e-02 1.688953540759990e-02 -1.427593340296670e-02
3.000000000000000e-02 2.029064941789469e-02 -1.719422604727075e-02
3.500000000000000e-02 2.370444574459234e-02 -2.034150951602367e-02
4.000000000000000e-02 2.713305812152553e-02 -2.341047586287610e-02
4.500000000000000e-02 3.057862954304063e-02 -2.645705686596641e-02
5.000000000000000e-02 3.404331360343898e-02 -2.945336309383223e-02
5.500000000000000e-02 3.752927584304335e-02 -3.256088814031760e-02
6.000000000000000e-02 4.103869510173117e-02 -3.566434586827080e-02
6.500000000000000e-02 4.457376488078044e-02 -3.875354056125538e-02
7.000000000000001e-02 4.813669471387935e-02 -4.183727290370830e-02
7.500000000000000e-02 5.172971154815675e-02 -4.501207155991480e-02
8.000000000000000e-02 5.535506113609672e-02 -4.819649170455836e-02
8.500000000000001e-02 5.901500943920686e-02 -5.137256579382774e-02
9.000000000000000e-02 6.271184404431801e-02 -5.456678333601355e-02
9.500000000000000e-02 6.644787559340060e-02 -5.784576685251717e-02
1.000000000000000e-01 7.022543922779090e-02 -6.114569109094183e-02
1.050000000000000e-01 7.404689604773053e-02 -6.444638344039727e-02
1.100000000000000e-01 7.791463458813094e-02 -6.777623808750281e-02
1.150000000000000e-01 8.183107231148547e-02 -7.118807305499286e-02
1.200000000000000e-01 8.579865711886202e-02 -7.463505893262759e-02
1.250000000000000e-01 8.981986887992111e-02 -7.809449530337485e-02
1.300000000000000e-01 9.389722098291493e-02 -8.158648588254730e-02
1.350000000000000e-01 9.803326190563690e-02 -8.515677236421408e-02
1.400000000000000e-01 1.022305768083033e-01 -8.877931835258750e-02
1.450000000000000e-01 1.064917891493625e-01 -9.243169164828728e-02
1.500000000000000e-01 1.108195623252418e-01 -9.611601239211157e-02
1.550000000000000e-01 1.152166013350572e-01 -9.986759964808765e-02
1.600000000000000e-01 1.196856544713255e-01 -1.036875592897485e-01
1.650000000000000e-01 1.242295150377370e-01 -1.075655065957680e-01
1.700000000000000e-01 1.288510230950609e-01 -1.114791582037732e-01
1.750000000000000e-01 1.335530672362758e-01 -1.154396581485009e-01
1.800000000000000e-01 1.383385863920344e-01 -1.194718350057324e-01
1.850000000000000e-01 1.432105716675912e-01 -1.235912892078332e-01
1.900000000000000e-01 1.481720682123397e-01 -1.277676946741048e-01
1.950000000000000e-01 1.532261771231311e-01 -1.319878026344521e-01
2.000000000000000e-01 1.583760573825595e-01 -1.362648797801683e-01
2.050000000000000e-01 1.636249278334301e-01 -1.406172314098731e-01
2.100000000000000e-01 1.689760691906397e-01 -1.450487248429787e-01
2.150000000000000e-01 1.744328260917313e-01 -1.495669656261739e-01
2.200000000000000e-01 1.799986091874004e-01 -1.541506336679923e-01
2.250000000000000e-01 1.856768972732633e-01 -1.587895411495918e-01
2.300000000000000e-01 1.914712394642179e-01 -1.634932341272468e-01
2.350000000000000e-01 1.973852574127551e-01 -1.682641962914965e-01
2.400000000000000e-01 2.034226475726105e-01 -1.731119718583619e-01
2.450000000000000e-01 2.095871835091678e-01 -1.780507574336401e-01
2.500000000000000e-01 2.158827182580599e-01 -1.830670044920112e-01
2.550000000000000e-01 2.223131867334419e-01 -1.881742572863894e-01
2.600000000000000e-01 2.288826081874405e-01 -1.933549661161529e-01
2.650000000000000e-01 2.355950887223172e-01 -1.986173441200909e-01
2.700000000000000e-01 2.424548238569160e-01 -2.039522950408585e-01
2.750000000000000e-01 2.494661011489995e-01 -2.093633308314921e-01
2.800000000000000e-01 2.566333028751116e-01 -2.148473543944322e-01
2.850000000000000e-01 2.639609087696434e-01 -2.204049807684346e-01
2.900000000000000e-01 2.714534988248126e-01 -2.260347261659423e-01
2.950000000000000e-01 2.791157561533084e-01 -2.317355959419136e-01
3.000000000000000e-01 2.869524699153886e-01 -2.375058180801577e-01
3.050000000000000e-01 2.949685383122613e-01 -2.433433328181350e-01
3.100000000000000e-01 3.031689716476197e-01 -2.492455721638449e-01
3.150000000000000e-01 3.115588954592450e-01 -2.552095131339113e-01
3.200000000000000e-01 3.201435537226349e-01 -2.612316229953077e-01
3.250000000000000e-01 3.289283121286580e-01 -2.673078335241263e-01
3.300000000000000e-01 3.379186614372866e-01 -2.734334983742242e-01
3.350000000000000e-01 3.471202209094989e-01 -2.796033491950748e-01
3.400000000000000e-01 3.565387418195016e-01 -2.858114461323646e-01
3.450000000000000e-01 3.661801110494620e-01 -2.920511240421643e-01
3.500000000000000e-01 3.760503547690021e-01 -2.983149338195195e-01
3.550000000000000e-01 3.861556422017504e-01 -3.045945785455559e-01
3.600000000000000e-01 3.965022894813072e-01 -3.108808438759865e-01
3.650000000000000e-01 4.070967635990345e-01 -3.171635219587902e-01
3.700000000000000e-01 4.179456864461349e-01 -3.234313279709441e-01
3.750000000000000e-01 4.290558389525505e-01 -3.296718081384866e-01
3.800000000000000e-01 4.404341653252637e-01 -3.358712378286709e-01
3.850000000000000e-01 4.520877773886537e-01 -3.420145079695377e-01
3.900000000000000e-01 4.640239590296172e-01 -3.480849976507787e-01
3.950000000000000e-01 4.762501707502353e-01 -3.540644302823768e-01
4.000000000000000e-01 4.887740543308307e-01 -3.599327101296714e-01
4.050000000000000e-01 5.016034376063282e-01 -3.656677354077812e-01
4.100000000000000e-01 5.147463393589066e-01 -3.712451834191010e-01
4.150000000000000e-01 5.282109743299990e-01 -3.766382624899327e-01
4.200000000000000e-01 5.420057583547735e-01 -3.818174247736336e-01
4.250000000000000e-01 5.561393136223041e-01 -3.867500334567086e-01
4.300000000000000e-01 5.706204740647189e-01 -3.913999777272603e-01
4.350000000000000e-01 5.854582908786964e-01 -3.957272293528832e-01
4.400000000000000e-01 6.006620381827575e-01 -3.996873363433410e-01
4.450000000000000e-01 6.162412188138907e-01 -4.032308526466454e-01
4.500000000000000e-01 6.322055702671360e-01 -4.063027091544223e-01
4.550000000000000e-01 6.485650707818353e-01 -4.088415418624933e-01
4.600000000000000e-01 6.653299455783577e-01 -4.107790096623388e-01
4.650000000000000e-01 6.825106732491932e-01 -4.120391591401292e-01
4.700000000000000e-01 7.001179923084168e-01 -4.125379293219896e-01
4.750000000000000e-01 7.181629079036070e-01 -4.121829375359392e-01
4.800000000000000e-01 7.366566986944229e-01 -4.108737489624529e-01
4.850000000000000e-01 7.556109239021327e-01 -4.085029040559549e-01
4.900000000000000e-01 7.750374305345038e-01 -4.049580504871430e-01
4.950000000000000e-01 7.949483607905672e-01 -4.001255801607231e-01
5.000000000000000e-01 8.153561596498893e-01 -3.938961744020358e-01
5.050000000000000e-01 8.362735826510871e-01 -3.861725650207001e-01
5.100000000000000e-01 8.577137038644561e-01 -3.768795722119596e-01
5.150000000000000e-01 8.796899240636907e-01 -3.659760409607664e-01
5.200000000000000e-01 9.022159791018011e-01 -3.534676703852924e-01
5.250000000000000e-01 9.253059484964714e-01 -3.394190067107936e-01
5.300000000000000e-01 9.489742642302165e-01 -3.239622548569396e-01
5.350000000000000e-01 9.732357197708378e-01 -3.073003503936170e-01
5.400000000000000e-01 9.981054793178262e-01 -2.897022063388785e-01
5.450000000000000e-01 1.023599087280478e+00 -2.714893160529903e-01
5.500000000000000e-01 1.049732477993657e+00 -2.530147398774071e-01
5.550000000000000e-01 1.076521985677273e+00 -2.346373821602626e-01
5.600000000000001e-01 1.103984354645701e+00 -2.166956939219058e-01
5.650000000000001e-01 1.132136749773522e+00 -1.994850272768582e-01
5.700000000000001e-01 1.160996767224129e+00 -1.832417951220445e-01
5.750000000000001e-01 1.190582445447902e+00 -1.681358038505691e-01
5.800000000000000e-01 1.220912276456826e+00 -1.542703039600854e-01
5.850000000000000e-01 1.252005217382601e+00 -1.416880051007364e-01
5.900000000000000e-01 1.283880702325469e+00 -1.303807612228118e-01
5.950000000000000e-01 1.316558654501151e+00 -1.203007535878382e-01
6.000000000000000e-01 1.350059498693518e+00 -1.113715132024031e-01
6.050000000000000e-01 1.384404174020732e+00 -1.034977502936031e-01
6.100000000000000e-01 1.419614147022888e+00 -9.657350804692939e-02
6.150000000000000e-01 1.455711425079295e+00 -9.048855024411548e-02
6.200000000000000e-01 1.492718570163803e+00 -8.513312480630059e-02
6.250000000000000e-01 1.530658712946775e+00 -8.040135258447340e-02
6.300000000000000e-01 1.569555567252506e+00 -7.619351645149428e-02
6.350000000000000e-01 1.609433444881138e+00 -7.241750658422365e-02
6.400000000000000e-01 1.650317270804325e+00 -6.898963934558822e-02
6.450000000000000e-01 1.692232598744148e+00 -6.583502466869121e-02
6.500000000000000e-01 1.735205627145031e+00 -6.288761804338841e-02
6.550000000000000e-01 1.779263215548615e+00 -6.009006103786832e-02
6.600000000000000e-01 1.824432901381847e+00 -5.739338897605162e-02
6.650000000000000e-01 1.870742917168772e+00 -5.475666484904587e-02
6.700000000000000e-01 1.918222208176775e+00 -5.214658320793587e-02
6.750000000000000e-01 1.966900450508319e+00 -4.953707510265791e-02
6.800000000000000e-01 2.016808069649473e+00 -4.690893377243186e-02
6.850000000000001e-01 2.067976259486829e+00 -4.424946979961839e-02
6.900000000000001e-01 2.120437001804702e+00 -4.155219330243506e-02
6.950000000000001e-01 2.174223086274785e+00 -3.881650946744912e-02
7.000000000000001e-01 2.229368130950753e+00 -3.604740287535926e-02
7.050000000000000e-01 2.285906603280654e+00 -3.325507678356451e-02
7.100000000000000e-01 2.343873841650178e+00 -3.045450740883905e-02
7.150000000000000e-01 2.403306077470301e+00 -2.766487217843492e-02
7.200000000000000e-01 2.464240457823092e+00 -2.490881664240029e-02
7.250000000000000e-01 2.526715068679855e+00 -2.221153837096222e-02
7.300000000000000e-01 2.590768958706095e+00 -1.959968758788936e-02
7.350000000000000e-01 2.656442163668210e+00 -1.710011174180389e-02
7.400000000000000e-01 2.723775731457148e+00 -1.473850114561275e-02
7.450000000000000e-01 2.792811747744667e+00 -1.253802027073488e-02
7.500000000000000e-01 2.863593362288260e+00 -1.051802879505685e-02
7.550000000000000e-01 2.936164815901156e+00 -8.693003290726347e-03
7.600000000000000e-01 3.010571468104263e+00 -7.071761636393912e-03
7.650000000000000e-01 3.086859825477351e+00 -5.657067761576535e-03
7.700000000000000e-01 3.165077570727174e+00 -4.445657084048648e-03
7.750000000000000e-01 3.245273592490716e+00 -3.428678382640159e-03
7.800000000000000e-01 3.327498015892184e+00 -2.592502684981778e-03
7.850000000000000e-01 3.411802233872832e+00 -1.919810970910003e-03
7.900000000000000e-01 3.498238939313234e+00 -1.390845854507329e-03
7.950000000000000e-01 3.586862157968046e+00 -9.847015280343983e-04
8.000000000000000e-01 3.677727282233856e+00 -6.805320759941966e-04
8.050000000000000e-01 3.770891105771243e+00 -4.585790237497695e-04
8.100000000000001e-01 3.866411859002656e+00 -3.009505883166517e-04
8.150000000000001e-01 3.964349245508326e+00 -1.921219538283624e-04
8.200000000000001e-01 4.064764479342956e+00 -1.191619562366688e-04
8.250000000000001e-01 4.167720323296481e+00 -7.172146841089238e-05
8.300000000000001e-01 4.273281128122877e+00 -4.183880926735163e-05
8.350000000000000e-01 4.381512872761445e+00 -2.362615423751848e-05
8.400000000000000e-01 4.492483205575838e+00 -1.289895351794014e-05
8.450000000000000e-01 4.606261486636447e+00 -6.800313802949815e-06
8.500000000000000e-01 4.722918831072739e+00 -3.457681852896107e-06
8.550000000000000e-01 4.842528153522501e+00 -1.693544895930944e-06
8.600000000000000e-01 4.965164213705875e+00 -7.980786373329951e-07
8.650000000000000e-01 5.090903663152626e+00 -3.614294733143351e-07
8.700000000000000e-01 5.219825093111814e+00 -1.571209763191721e-07
8.750000000000000e-01 5.352009083673925e+00 -6.549312904762365e-08
8.800000000000000e-01 5.487538254136007e+00 -2.614827835039695e-08
8.850000000000000e-01 5.626497314641444e+00 -9.989176863184429e-09
8.900000000000000e-01 5.768973119126561e+00 -3.647787731050526e-09
8.950000000000000e-01 5.915054719607133e+00 -1.272151929450697e-09
9.000000000000000e-01 6.064833421838831e+00 -4.233291242248828e-10
9.050000000000000e-01 6.218402842386253e+00 -1.343050793137325e-10
9.100000000000000e-01 6.375858967136348e+00 -4.059322200365906e-11
9.150000000000000e-01 6.537300211292723e+00 -1.168046729608085e-11
9.200000000000000e-01 6.702827480888332e+00 -3.197709749627362e-12
9.250000000000000e-01 6.872544235855034e+00 -8.324238832971494e-13
9.300000000000000e-01 7.046556554689444e+00 -2.059488095980201e-13
9.350000000000001e-01 7.224973200755413e+00 -4.840539156650787e-14
9.400000000000001e-01 7.407905690264673e+00 -1.080402806681813e-14
9.450000000000001e-01 7.595468361978146e+00 -2.289284157527248e-15
9.500000000000001e-01 7.787778448671316e+00 -4.603902063138977e-16
9.550000000000001e-01 7.984956150408610e+00 -8.785772204528037e-17
9.600000000000000e-01 8.187124709672272e+00 -1.590742859665056e-17
9.650000000000000e-01 8.394410488393007e+00 -2.732418208612884e-18
9.700000000000000e-01 8.606943046930221e+00 -4.452494004491426e-19
9.750000000000000e-01 8.824855225051540e+00 -6.882873179437821e-20
9.800000000000000e-01 9.048283224961922e+00 -1.009405144558971e-20
9.850000000000000e-01 9.277366696434507e+00 -1.404536201775673e-21
9.900000000000000e-01 9.512248824096272e+00 -1.852563937162639e-22
9.950000000000000e-01 9.753076416923058e+00 -2.444467798368944e-23
1.000000000000000e+00 1.000000000000000e+01 7.985510874481058e-24
