0.000000000000000e+00 0.000000000000000e+00 0.000000000000000e+00
5.000000000000000e-03 3.369477419287315e-03 -2.849364706478261e-03
1.000000000000000e-02 6.741060871647481e-03 -5.525508633622628e-03
1.500000000000000e-02 1.011685770649257e-02 -8.448430645532174e-03
2.000000000000000e-02 1.349897790673588e-02 -1.169377505580812e-02
2.500000000000000e-02 1.688953540759990e-02 -1.528930832081562e-02
3.000000000000000e-02 2.029064941789469e-02 -1.843637382664009e-02
3.500000000000000e-02 2.370444574459234e-02 -2.173220746221166e-02
4.000000000000000e-02 2.713305812152553e-02 -2.498619585177240e-02
4.500000000000000e-02 3.057862954304063e-02 -2.823155877002779e-02
5.000000000000000e-02 3.404331360343898e-02 -3.146375262841521e-02
5.500000000000000e-02 3.752927584304335e-02 -3.480870488124376e-02
6.000000000000000e-02 4.103869510173117e-02 -3.808551471000000e-02
6.500000000000000e-02 4.457376488078044e-02 -4.138088799873137e-02
7.000000000000001e-02 4.813669471387935e-02 -4.473135129299791e-02
7.500000000000000e-02 5.172971154815675e-02 -4.812324912349961e-02
8.000000000000000e-02 5.535506113609672e-02 -5.148119749250576e-02
8.500000000000001e-02 5.901500943920686e-02 -5.491130548098883e-02
9.000000000000000e-02 6.271184404431801e-02 -5.838828754191569e-02
9.500000000000000e-02 6.644787559340060e-02 -6.186860180358060e-02
1.000000000000000e-01 7.022543922779090e-02 -6.536706574331352e-02
1.050000000000000e-01 7.404689604773053e-02 -6.895951135014447e-02
1.100000000000000e-01 7.791463458813094e-02 -7.257727473892933e-02
1.150000000000000e-01 8.183107231148547e-02 -7.620354078716483e-02
1.200000000000000e-01 8.579865711886202e-02 -7.988856464092459e-02
1.250000000000000e-01 8.981986887992111e-02 -8.365937736644910e-02
1.300000000000000e-01 9.389722098291493e-02 -8.744886891409781e-02
1.350000000000000e-01 9.803326190563690e-02 -9.127460671816615e-02
1.400000000000000e-01 1.022305768083033e-01 -9.517868333640327e-02
1.450000000000000e-01 1.064917891493625e-01 -9.915361611245443e-02
1.500000000000000e-01 1.108195623252418e-01 -1.031570647401988e-01
1.550000000000000e-01 1.152166013350572e-01 -1.072238886284810e-01
1.600000000000000e-01 1.196856544713255e-01 -1.113760807233069e-01
1.650000000000000e-01 1.242295150377370e-01 -1.155931024171102e-01
1.700000000000000e-01 1.288510230950609e-01 -1.198546591317217e-01
1.750000000000000e-01 1.335530672362758e-01 -1.241972765036446e-01
1.800000000000000e-01 1.383385863920344e-01 -1.286306628915209e-01
1.850000000000000e-01 1.432105716675912e-01 -1.331340591743380e-01
1.900000000000000e-01 1.481720682123397e-01 -1.376966702375690e-01
1.950000000000000e-01 1.532261771231311e-01 -1.423495202000295e-01
2.000000000000000e-01 1.583760573825595e-01 -1.471016647511172e-01
2.050000000000000e-01 1.636249278334301e-01 -1.519380821389708e-01
2.100000000000000e-01 1.689760691906397e-01 -1.568461618612453e-01
2.150000000000000e-01 1.744328260917313e-01 -1.618468623456222e-01
2.200000000000000e-01 1.799986091874004e-01 -1.669567801019048e-01
2.250000000000000e-01 1.856768972732633e-01 -1.721730864165135e-01
2.300000000000000e-01 1.914712394642179e-01 -1.774764264473423e-01
2.350000000000000e-01 1.973852574127551e-01 -1.828709221125491e-01
2.400000000000000e-01 2.034226475726105e-01 -1.883789947462661e-01
2.450000000000000e-01 2.095871835091678e-01 -1.940155632217952e-01
2.500000000000000e-01 2.158827182580599e-01 -1.997648940819877e-01
2.550000000000000e-01 2.223131867334419e-01 -2.056175051055777e-01
2.600000000000000e-01 2.288826081874405e-01 -2.115820661986632e-01
2.650000000000000e-01 2.355950887223172e-01 -2.176736504273661e-01
2.700000000000000e-01 2.424548238569160e-01 -2.239012118728159e-01
2.750000000000000e-01 2.494661011489995e-01 -2.302721681498719e-01
2.800000000000000e-01 2.566333028751116e-01 -2.367762357693445e-01
2.850000000000000e-01 2.639609087696434e-01 -2.434094006861899e-01
2.900000000000000e-01 2.714534988248126e-01 -2.501804548010340e-01
2.950000000000000e-01 2.791157561533084e-01 -2.570956782921177e-01
3.000000000000000e-01 2.869524699153886e-01 -2.641669917492646e-01
3.050000000000000e-01 2.949685383122613e-01 -2.714080021878700e-01
3.100000000000000e-01 3.031689716476197e-01 -2.788178482616497e-01
3.150000000000000e-01 3.115588954592450e-01 -2.864100784601304e-01
3.200000000000000e-01 3.201435537226349e-01 -2.941820058070053e-01
3.250000000000000e-01 3.289283121286580e-01 -3.021460136715225e-01
3.300000000000000e-01 3.379186614372866e-01 -3.103060209750654e-01
3.350000000000000e-01 3.471202209094989e-01 -3.186744909400289e-01
3.400000000000000e-01 3.565387418195016e-01 -3.272616401634176e-01
3.450000000000000e-01 3.661801110494620e-01 -3.360817192626158e-01
3.500000000000000e-01 3.760503547690021e-01 -3.451498542890915e-01
3.550000000000000e-01 3.861556422017504e-01 -3.544840461802098e-01
3.600000000000000e-01 3.965022894813072e-01 -3.641048702809648e-01
3.650000000000000e-01 4.070967635990345e-01 -3.740364263139969e-01
3.700000000000000e-01 4.179456864461349e-01 -3.843069626410472e-01
3.750000000000000e-01 4.290558389525505e-01 -3.949498813967798e-01
3.800000000000000e-01 4.404341653252637e-01 -4.060049067732127e-01
3.850000000000000e-01 4.520877773886537e-01 -4.175195899401853e-01
3.900000000000000e-01 4.640239590296172e-01 -4.295512102360111e-01
3.950000000000000e-01 4.762501707502353e-01 -4.421692167506847e-01
4.000000000000000e-01 4.887740543308307e-01 -4.554583866159629e-01
4.050000000000000e-01 5.016034376063282e-01 -4.695229523723645e-01
4.100000000000000e-01 5.147463393589066e-01 -4.844920511281557e-01
4.150000000000000e-01 5.282109743299990e-01 -5.005269976127871e-01
4.200000000000000e-01 5.420057583547735e-01 -5.178311009224340e-01
4.250000000000000e-01 5.561393136223041e-01 -5.366630624029757e-01
4.300000000000000e-01 5.706204740647189e-01 -5.573554462796918e-01
4.350000000000000e-01 5.854582908786964e-01 -5.803403288358464e-01
4.400000000000000e-01 6.006620381827575e-01 -6.061849364653528e-01
4.450000000000000e-01 6.162412188138907e-01 -6.356404286085910e-01
4.500000000000000e-01 6.322055702671360e-01 -6.697051483180114e-01
4.550000000000000e-01 6.485650707818353e-01 -7.096930395599179e-01
4.600000000000000e-01 6.653299455783577e-01 -7.572553170833177e-01
4.650000000000000e-01 6.825106732491932e-01 -8.141496520594554e-01
4.700000000000000e-01 7.001179923084168e-01 -8.810366747794962e-01
4.750000000000000e-01 7.181629079036070e-01 -9.531257939235390e-01
4.800000000000000e-01 7.366566986944229e-01 -1.008243992769049e+00
4.850000000000000e-01 7.556109239021327e-01 -9.893874194890119e-01
4.900000000000000e-01 7.750374305345038e-01 -8.245232207368425e-01
4.950000000000000e-01 7.949483607905672e-01 -5.336409916446769e-01
5.000000000000000e-01 8.153561596498893e-01 -2.702794820785203e-01
5.050000000000000e-01 8.362735826510871e-01 -1.374182002837878e-01
5.100000000000000e-01 8.577137038644561e-01 -8.451908469963137e-02
5.150000000000000e-01 8.796899240636907e-01 -5.085501900453158e-02
5.200000000000000e-01 9.022159791018011e-01 -3.014486494238798e-02
5.250000000000000e-01 9.253059484964714e-01 -1.839268086493950e-02
5.300000000000000e-01 9.489742642302165e-01 -9.696244037970567e-03
5.350000000000000e-01 9.732357197708378e-01 -3.790150716737068e-03
5.400000000000000e-01 9.981054793178262e-01 3.717768763266651e-04
5.450000000000000e-01 1.023599087280478e+00 3.552715118340703e-03
5.500000000000000e-01 1.049732477993657e+00 5.863043175411958e-03
5.550000000000000e-01 1.076521985677273e+00 7.614553578491922e-03
5.600000000000001e-01 1.103984354645701e+00 8.937078629702533e-03
5.650000000000001e-01 1.132136749773522e+00 9.915556981530904e-03
5.700000000000001e-01 1.160996767224129e+00 1.063865728588807e-02
5.750000000000001e-01 1.190582445447902e+00 1.115153298921153e-02
5.800000000000000e-01 1.220912276456826e+00 1.149594189901044e-02
5.850000000000000e-01 1.252005217382601e+00 1.170300156407646e-02
5.900000000000000e-01 1.283880702325469e+00 1.179515122180668e-02
5.950000000000000e-01 1.316558654501151e+00 1.179122937522176e-02
6.000000000000000e-01 1.350059498693518e+00 1.170541752396880e-02
6.050000000000000e-01 1.384404174020732e+00 1.154902421156139e-02
6.100000000000000e-01 1.419614147022888e+00 1.133105219912513e-02
6.150000000000000e-01 1.455711425079295e+00 1.105855347093456e-02
6.200000000000000e-01 1.492718570163803e+00 1.073711835478250e-02
6.250000000000000e-01 1.530658712946775e+00 1.037111163792610e-02
6.300000000000000e-01 1.569555567252506e+00 9.963905811654303e-03
6.350000000000000e-01 1.609433444881138e+00 9.518061332213119e-03
6.400000000000000e-01 1.650317270804325e+00 9.035464682777017e-03
6.450000000000000e-01 1.692232598744148e+00 8.517446969844519e-03
6.500000000000000e-01 1.735205627145031e+00 7.964881352109409e-03
6.550000000000000e-01 1.779263215548615e+00 7.378267621448394e-03
6.600000000000000e-01 1.824432901381847e+00 6.757807985844053e-03
6.650000000000000e-01 1.870742917168772e+00 6.103477427041178e-03
6.700000000000000e-01 1.918222208176775e+00 5.415092005275217e-03
6.750000000000000e-01 1.966900450508319e+00 4.692377822773589e-03
6.800000000000000e-01 2.016808069649473e+00 3.935043174524617e-03
6.850000000000001e-01 2.067976259486829e+00 3.142856150870988e-03
6.900000000000001e-01 2.120437001804702e+00 2.315729671442032e-03
6.950000000000001e-01 2.174223086274785e+00 1.453815575056064e-03
7.000000000000001e-01 2.229368130950753e+00 5.576088881730929e-04
7.050000000000000e-01 2.285906603280654e+00 -3.719373049901741e-04
7.100000000000000e-01 2.343873841650178e+00 -1.333286919976817e-03
7.150000000000000e-01 2.403306077470301e+00 -2.324187626829215e-03
7.200000000000000e-01 2.464240457823092e+00 -3.341532599583355e-03
7.250000000000000e-01 2.526715068679855e+00 -4.381222316542504e-03
7.300000000000000e-01 2.590768958706095e+00 -5.438033318639703e-03
7.350000000000000e-01 2.656442163668210e+00 -6.505502543930015e-03
7.400000000000000e-01 2.723775731457148e+00 -7.575837104771221e-03
7.450000000000000e-01 2.792811747744667e+00 -8.639859789362672e-03
7.500000000000000e-01 2.863593362288260e+00 -9.686999806438524e-03
7.550000000000000e-01 2.936164815901156e+00 -1.070533615318051e-02
7.600000000000000e-01 3.010571468104263e+00 -1.168169756553345e-02
7.650000000000000e-01 3.086859825477351e+00 -1.260181879181444e-02
7.700000000000000e-01 3.165077570727174e+00 -1.345054878305612e-02
7.750000000000000e-01 3.245273592490716e+00 -1.421210348175102e-02
7.800000000000000e-01 3.327498015892184e+00 -1.487035553635280e-02
7.850000000000000e-01 3.411802233872832e+00 -1.540915664716721e-02
7.900000000000000e-01 3.498238939313234e+00 -1.581269590061198e-02
7.950000000000000e-01 3.586862157968046e+00 -1.606590905914730e-02
8.000000000000000e-01 3.677727282233856e+00 -1.615496864627644e-02
8.050000000000000e-01 3.770891105771243e+00 -1.606790189962603e-02
8.100000000000001e-01 3.866411859002656e+00 -1.579539974561949e-02
8.150000000000001e-01 3.964349245508326e+00 -1.533188348959573e-02
8.200000000000001e-01 4.064764479342956e+00 -1.467686490011686e-02
8.250000000000001e-01 4.167720323296481e+00 -1.383654538488515e-02
8.300000000000001e-01 4.273281128122877e+00 -1.282544558764978e-02
8.350000000000000e-01 4.381512872761445e+00 -1.166767428607310e-02
8.400000000000000e-01 4.492483205575838e+00 -1.039731610443395e-02
8.450000000000000e-01 4.606261486636447e+00 -9.057437511734927e-03
8.500000000000000e-01 4.722918831072739e+00 -7.697437673730267e-03
8.550000000000000e-01 4.842528153522501e+00 -6.368877368003959e-03
8.600000000000000e-01 4.965164213705875e+00 -5.120384198519652e-03
8.650000000000000e-01 5.090903663152626e+00 -3.992583762480627e-03
8.700000000000000e-01 5.219825093111814e+00 -3.014096881106451e-03
8.750000000000000e-01 5.352009083673925e+00 -2.199419560552711e-03
8.800000000000000e-01 5.487538254136007e+00 -1.549033802745251e-03
8.850000000000000e-01 5.626497314641444e+00 -1.051545232001331e-03
8.900000000000000e-01 5.768973119126561e+00 -6.871921139041403e-04
8.950000000000000e-01 5.915054719607133e+00 -4.318517604493677e-04
9.000000000000000e-01 6.064833421838831e+00 -2.607187606921906e-04
9.050000000000000e-01 6.218402842386253e+00 -1.510825576929771e-04
9.100000000000000e-01 6.375858967136348e+00 -8.397110484810012e-05
9.150000000000000e-01 6.537300211292723e+00 -4.473325747537736e-05
9.200000000000000e-01 6.702827480888332e+00 -2.282797803474832e-05
9.250000000000000e-01 6.872544235855034e+00 -1.115393856975783e-05
9.300000000000000e-01 7.046556554689444e+00 -5.215957136050451e-06
9.350000000000001e-01 7.224973200755413e+00 -2.333653440066937e-06
9.400000000000001e-01 7.407905690264673e+00 -9.986530332568848e-07
9.450000000000001e-01 7.595468361978146e+00 -4.086703846794282e-07
9.500000000000001e-01 7.787778448671316e+00 -1.598964560898970e-07
9.550000000000001e-01 7.984956150408610e+00 -5.980790909187734e-08
9.600000000000000e-01 8.187124709672272e+00 -2.138441745474988e-08
9.650000000000000e-01 8.394410488393007e+00 -7.308631973998089e-09
9.700000000000000e-01 8.606943046930221e+00 -2.387643367616231e-09
9.750000000000000e-01 8.824855225051540e+00 -7.455997324908459e-10
9.800000000000000e-01 9.048283224961922e+00 -2.225618789219260e-10
9.850000000000000e-01 9.277366696434507e+00 -6.352836154962240e-11
9.900000000000000e-01 9.512248824096272e+00 -1.725941636920616e-11
9.950000000000000e-01 9.753076416923058e+00 -4.714105667537547e-12
1.000000000000000e+00 1.000000000000000e+01 -2.418357701688189e-13
