0.000000000000000e+00 0.000000000000000e+00 0.000000000000000e+00
5.000000000000000e-03 3.369477419287315e-03 -1.906694875457223e-03
1.000000000000000e-02 6.741060871647481e-03 -4.783238669949962e-03
1.500000000000000e-02 1.011685770649257e-02 -8.478653088283241e-03
2.000000000000000e-02 1.349897790673588e-02 -1.154410650595405e-02
2.500000000000000e-02 1.688953540759990e-02 -1.486645389316013e-02
3.000000000000000e-02 2.029064941789469e-02 -1.806592889046903e-02
3.500000000000000e-02 2.370444574459234e-02 -2.131769190708631e-02
4.000000000000000e-02 2.713305812152553e-02 -2.442752993432932e-02
4.500000000000000e-02 3.057862954304063e-02 -2.761567897055062e-02
5.000000000000000e-02 3.404331360343898e-02 -3.082310706340389e-02
5.500000000000000e-02 3.752927584304335e-02 -3.407293175088178e-02
6.000000000000000e-02 4.103869510173117e-02 -3.725877242646079e-02
6.500000000000000e-02 4.457376488078044e-02 -4.047999057018371e-02
7.000000000000001e-02 4.813669471387935e-02 -4.374571999988546e-02
7.500000000000000e-02 5.172971154815675e-02 -4.707205838001862e-02
8.000000000000000e-02 5.535506113609672e-02 -5.036837532581429e-02
8.500000000000001e-02 5.901500943920686e-02 -5.367156233851608e-02
9.000000000000000e-02 6.271184404431801e-02 -5.702274529311747e-02
9.500000000000000e-02 6.644787559340060e-02 -6.045840193225413e-02
1.000000000000000e-01 7.022543922779090e-02 -6.389920559997501e-02
1.050000000000000e-01 7.404689604773053e-02 -6.733828129796636e-02
1.100000000000000e-01 7.791463458813094e-02 -7.080823134097400e-02
1.150000000000000e-01 8.183107231148547e-02 -7.435525579765104e-02
1.200000000000000e-01 8.579865711886202e-02 -7.794968364536722e-02
1.250000000000000e-01 8.981986887992111e-02 -8.158669281494055e-02
1.300000000000000e-01 9.389722098291493e-02 -8.524176769343969e-02
1.350000000000000e-01 9.803326190563690e-02 -8.892136931644282e-02
1.400000000000000e-01 1.022305768083033e-01 -9.265624932491005e-02
1.450000000000000e-01 1.064917891493625e-01 -9.647825487795245e-02
1.500000000000000e-01 1.108195623252418e-01 -1.003516613539788e-01
1.550000000000000e-01 1.152166013350572e-01 -1.042748941014656e-01
1.600000000000000e-01 1.196856544713255e-01 -1.082360629245790e-01
1.650000000000000e-01 1.242295150377370e-01 -1.122254743138177e-01
1.700000000000000e-01 1.288510230950609e-01 -1.162692182186095e-01
1.750000000000000e-01 1.335530672362758e-01 -1.203822952096724e-01
1.800000000000000e-01 1.383385863920344e-01 -1.245571696559668e-01
1.850000000000000e-01 1.432105716675912e-01 -1.288231282721261e-01
1.900000000000000e-01 1.481720682123397e-01 -1.331462011358698e-01
1.950000000000000e-01 1.532261771231311e-01 -1.375509089032773e-01
2.000000000000000e-01 1.583760573825595e-01 -1.420124923378221e-01
2.050000000000000e-01 1.636249278334301e-01 -1.465447969668445e-01
2.100000000000000e-01 1.689760691906397e-01 -1.511388825387463e-01
2.150000000000000e-01 1.744328260917313e-01 -1.558009419433201e-01
2.200000000000000e-01 1.799986091874004e-01 -1.605296750889279e-01
2.250000000000000e-01 1.856768972732633e-01 -1.653276323537840e-01
2.300000000000000e-01 1.914712394642179e-01 -1.701953720822054e-01
2.350000000000000e-01 1.973852574127551e-01 -1.751339982749358e-01
2.400000000000000e-01 2.034226475726105e-01 -1.801440621885952e-01
2.450000000000000e-01 2.095871835091678e-01 -1.852260062716714e-01
2.500000000000000e-01 2.158827182580599e-01 -1.903800072568491e-01
2.550000000000000e-01 2.223131867334419e-01 -1.956060323090015e-01
2.600000000000000e-01 2.288826081874405e-01 -2.009038127486163e-01
2.650000000000000e-01 2.355950887223172e-01 -2.062728378427076e-01
2.700000000000000e-01 2.424548238569160e-01 -2.117123372119062e-01
2.750000000000000e-01 2.494661011489995e-01 -2.172212626815873e-01
2.800000000000000e-01 2.566333028751116e-01 -2.227982671539597e-01
2.850000000000000e-01 2.639609087696434e-01 -2.284416815688488e-01
2.900000000000000e-01 2.714534988248126e-01 -2.341494898803689e-01
2.950000000000000e-01 2.791157561533084e-01 -2.399193021696118e-01
3.000000000000000e-01 2.869524699153886e-01 -2.457483259113444e-01
3.050000000000000e-01 2.949685383122613e-01 -2.516333354101784e-01
3.100000000000000e-01 3.031689716476197e-01 -2.575706394118737e-01
3.150000000000000e-01 3.115588954592450e-01 -2.635560468971996e-01
3.200000000000000e-01 3.201435537226349e-01 -2.695848310719909e-01
3.250000000000000e-01 3.289283121286580e-01 -2.756516915774262e-01
3.300000000000000e-01 3.379186614372866e-01 -2.817507149583720e-01
3.350000000000000e-01 3.471202209094989e-01 -2.878753334443331e-01
3.400000000000000e-01 3.565387418195016e-01 -2.940182821168760e-01
3.450000000000000e-01 3.661801110494620e-01 -3.001715545590452e-01
3.500000000000000e-01 3.760503547690021e-01 -3.063263571059264e-01
3.550000000000000e-01 3.861556422017504e-01 -3.124730618408614e-01
3.600000000000000e-01 3.965022894813072e-01 -3.186011585084363e-01
3.650000000000000e-01 4.070967635990345e-01 -3.246992055428453e-01
3.700000000000000e-01 4.179456864461349e-01 -3.307547804380309e-01
3.750000000000000e-01 4.290558389525505e-01 -3.367544297136970e-01
3.800000000000000e-01 4.404341653252637e-01 -3.426836187583219e-01
3.850000000000000e-01 4.520877773886537e-01 -3.485266818564065e-01
3.900000000000000e-01 4.640239590296172e-01 -3.542667727322643e-01
3.950000000000000e-01 4.762501707502353e-01 -3.598858159671312e-01
4.000000000000000e-01 4.887740543308307e-01 -3.653644596713801e-01
4.050000000000000e-01 5.016034376063282e-01 -3.706820298215313e-01
4.100000000000000e-01 5.147463393589066e-01 -3.758164867065819e-01
4.150000000000000e-01 5.282109743299990e-01 -3.807443839764614e-01
4.200000000000000e-01 5.420057583547735e-01 -3.854408308571410e-01
4.250000000000000e-01 5.561393136223041e-01 -3.898794582067356e-01
4.300000000000000e-01 5.706204740647189e-01 -3.940323892559404e-01
4.350000000000000e-01 5.854582908786964e-01 -3.978702161335428e-01
4.400000000000000e-01 6.006620381827575e-01 -4.013619836634543e-01
4.450000000000000e-01 6.162412188138907e-01 -4.044751824865089e-01
4.500000000000000e-01 6.322055702671360e-01 -4.071757543762002e-01
4.550000000000000e-01 6.485650707818353e-01 -4.094281137674384e-01
4.600000000000000e-01 6.653299455783577e-01 -4.111951911026558e-01
4.650000000000000e-01 6.825106732491932e-01 -4.124385057340998e-01
4.700000000000000e-01 7.001179923084168e-01 -4.131182789215089e-01
4.750000000000000e-01 7.181629079036070e-01 -4.131936010298639e-01
4.800000000000000e-01 7.366566986944229e-01 -4.126226714093958e-01
4.850000000000000e-01 7.556109239021327e-01 -4.113631345692782e-01
4.900000000000000e-01 7.750374305345038e-01 -4.093725418881896e-01
4.950000000000000e-01 7.949483607905672e-01 -4.066089736928966e-01
5.000000000000000e-01 8.153561596498893e-01 -4.030318611052497e-01
5.050000000000000e-01 8.362735826510871e-01 -3.986030490739242e-01
5.100000000000000e-01 8.577137038644561e-01 -3.932881392885856e-01
5.150000000000000e-01 8.796899240636907e-01 -3.870581414307805e-01
5.200000000000000e-01 9.022159791018011e-01 -3.798914403221614e-01
5.250000000000000e-01 9.253059484964714e-01 -3.717760521633182e-01
5.300000000000000e-01 9.489742642302165e-01 -3.627120937857663e-01
5.350000000000000e-01 9.732357197708378e-01 -3.527143261358454e-01
5.400000000000000e-01 9.981054793178262e-01 -3.418145630743312e-01
5.450000000000000e-01 1.023599087280478e+00 -3.300636706715565e-01
5.500000000000000e-01 1.049732477993657e+00 -3.175328375283062e-01
5.550000000000000e-01 1.076521985677273e+00 -3.043137929944349e-01
5.600000000000001e-01 1.103984354645701e+00 -2.905177045950585e-01
5.650000000000001e-01 1.132136749773522e+00 -2.762726058371439e-01
5.700000000000001e-01 1.160996767224129e+00 -2.617193819072424e-01
5.750000000000001e-01 1.190582445447902e+00 -2.470065458972366e-01
5.800000000000000e-01 1.220912276456826e+00 -2.322842300264844e-01
5.850000000000000e-01 1.252005217382601e+00 -2.176979496379594e-01
5.900000000000000e-01 1.283880702325469e+00 -2.033827387929631e-01
5.950000000000000e-01 1.316558654501151e+00 -1.894581947718614e-01
6.000000000000000e-01 1.350059498693518e+00 -1.760248215714713e-01
6.050000000000000e-01 1.384404174020732e+00 -1.631618672866275e-01
6.100000000000000e-01 1.419614147022888e+00 -1.509266523029130e-01
6.150000000000000e-01 1.455711425079295e+00 -1.393552229895779e-01
6.200000000000000e-01 1.492718570163803e+00 -1.284640613048786e-01
6.250000000000000e-01 1.530658712946775e+00 -1.182525382461365e-01
6.300000000000000e-01 1.569555567252506e+00 -1.087058078944141e-01
6.350000000000000e-01 1.609433444881138e+00 -9.979788112289804e-02
6.400000000000000e-01 1.650317270804325e+00 -9.149467546932480e-02
6.450000000000000e-01 1.692232598744148e+00 -8.375689563814256e-02
6.500000000000000e-01 1.735205627145031e+00 -7.654264855858477e-02
6.550000000000000e-01 1.779263215548615e+00 -6.980973408713848e-02
6.600000000000000e-01 1.824432901381847e+00 -6.351757742324290e-02
6.650000000000000e-01 1.870742917168772e+00 -5.762878455999279e-02
6.700000000000000e-01 1.918222208176775e+00 -5.211031106564092e-02
6.750000000000000e-01 1.966900450508319e+00 -4.693424066916790e-02
6.800000000000000e-01 2.016808069649473e+00 -4.207817641955867e-02
6.850000000000001e-01 2.067976259486829e+00 -3.752525561752267e-02
6.900000000000001e-01 2.120437001804702e+00 -3.326381123694000e-02
6.950000000000001e-01 2.174223086274785e+00 -2.928671703304005e-02
7.000000000000001e-01 2.229368130950753e+00 -2.559046984742043e-02
7.050000000000000e-01 2.285906603280654e+00 -2.217407884315878e-02
7.100000000000000e-01 2.343873841650178e+00 -1.903784514145035e-02
7.150000000000000e-01 2.403306077470301e+00 -1.618212413851161e-02
7.200000000000000e-01 2.464240457823092e+00 -1.360616462220104e-02
7.250000000000000e-01 2.526715068679855e+00 -1.130711247393981e-02
7.300000000000000e-01 2.590768958706095e+00 -9.279252137770744e-03
7.350000000000000e-01 2.656442163668210e+00 -7.513537267861112e-03
7.400000000000000e-01 2.723775731457148e+00 -5.997435195765790e-03
7.450000000000000e-01 2.792811747744667e+00 -4.715080999115802e-03
7.500000000000000e-01 2.863593362288260e+00 -3.647709220161283e-03
7.550000000000000e-01 2.936164815901156e+00 -2.774307736361046e-03
7.600000000000000e-01 3.010571468104263e+00 -2.072421421902307e-03
7.650000000000000e-01 3.086859825477351e+00 -1.519024684831903e-03
7.700000000000000e-01 3.165077570727174e+00 -1.091382298397032e-03
7.750000000000000e-01 3.245273592490716e+00 -7.678266547117246e-04
7.800000000000000e-01 3.327498015892184e+00 -5.283951365558967e-04
7.850000000000000e-01 3.411802233872832e+00 -3.552914186555780e-04
7.900000000000000e-01 3.498238939313234e+00 -2.331563929585194e-04
7.950000000000000e-01 3.586862157968046e+00 -1.491552141630422e-04
8.000000000000000e-01 3.677727282233856e+00 -9.290418678049688e-05
8.050000000000000e-01 3.770891105771243e+00 -5.627309088909818e-05
8.100000000000001e-01 3.866411859002656e+00 -3.310426058663957e-05
8.150000000000001e-01 3.964349245508326e+00 -1.888949576387126e-05
8.200000000000001e-01 4.064764479342956e+00 -1.044079173943273e-05
8.250000000000001e-01 4.167720323296481e+00 -5.582579240019836e-06
8.300000000000001e-01 4.273281128122877e+00 -2.883542482152804e-06
8.350000000000000e-01 4.381512872761445e+00 -1.436814403794883e-06
8.400000000000000e-01 4.492483205575838e+00 -6.896737307339132e-07
8.450000000000000e-01 4.606261486636447e+00 -3.184462323783276e-07
8.500000000000000e-01 4.722918831072739e+00 -1.412393640961517e-07
8.550000000000000e-01 4.842528153522501e+00 -6.008690623599777e-08
8.600000000000000e-01 4.965164213705875e+00 -2.448430029853849e-08
8.650000000000000e-01 5.090903663152626e+00 -9.542529556851879e-09
8.700000000000000e-01 5.219825093111814e+00 -3.552216073429235e-09
8.750000000000000e-01 5.352009083673925e+00 -1.261241914852510e-09
8.800000000000000e-01 5.487538254136007e+00 -4.265578881512497e-10
8.850000000000000e-01 5.626497314641444e+00 -1.372376067298358e-10
8.900000000000000e-01 5.768973119126561e+00 -4.195075893640695e-11
8.950000000000000e-01 5.915054719607133e+00 -1.216909271044747e-11
9.000000000000000e-01 6.064833421838831e+00 -3.346075940149873e-12
9.050000000000000e-01 6.218402842386253e+00 -8.711851079770010e-13
9.100000000000000e-01 6.375858967136348e+00 -2.145620930908713e-13
9.150000000000000e-01 6.537300211292723e+00 -4.994242993783015e-14
9.200000000000000e-01 6.702827480888332e+00 -1.097751407561261e-14
9.250000000000000e-01 6.872544235855034e+00 -2.276870834224392e-15
9.300000000000000e-01 7.046556554689444e+00 -4.453435137780009e-16
9.350000000000001e-01 7.224973200755413e+00 -8.209882328074210e-17
9.400000000000001e-01 7.407905690264673e+00 -1.425827454143988e-17
9.450000000000001e-01 7.595468361978146e+00 -2.331999314543699e-18
9.500000000000001e-01 7.787778448671316e+00 -3.590901484328599e-19
9.550000000000001e-01 7.984956150408610e+00 -5.204896571898587e-20
9.600000000000000e-01 8.187124709672272e+00 -7.100846675617754e-21
9.650000000000000e-01 8.394410488393007e+00 -9.117743723723623e-22
9.700000000000000e-01 8.606943046930221e+00 -1.101958587876183e-22
9.750000000000000e-01 8.824855225051540e+00 -1.253702299528401e-23
9.800000000000000e-01 9.048283224961922e+00 -1.342925835829337e-24
9.850000000000000e-01 9.277366696434507e+00 -1.354692649719446e-25
9.900000000000000e-01 9.512248824096272e+00 -1.286733256680138e-26
9.950000000000000e-01 9.753076416923058e+00 -1.206476733413629e-27
1.000000000000000e+00 1.000000000000000e+01 5.662807841778581e-28
