0.000000000000000e+00 0.000000000000000e+00 -8.637909949175950e-01
5.000000000000000e-03 3.369477419287315e-03 -8.637909949175950e-01
1.000000000000000e-02 6.741060871647481e-03 -8.628345258177277e-01
1.500000000000000e-02 1.011685770649257e-02 -8.628089026656585e-01
2.000000000000000e-02 1.349897790673588e-02 -8.629317232396283e-01
2.500000000000000e-02 1.688953540759990e-02 -8.628799249898964e-01
3.000000000000000e-02 2.029064941789469e-02 -8.628335759486179e-01
3.500000000000000e-02 2.370444574459234e-02 -8.627885473622458e-01
4.000000000000000e-02 2.713305812152553e-02 -8.626864884281543e-01
4.500000000000000e-02 3.057862954304063e-02 -8.626290343836647e-01
5.000000000000000e-02 3.404331360343898e-02 -8.625880141910909e-01
5.500000000000000e-02 3.752927584304335e-02 -8.624797099804506e-01
6.000000000000000e-02 4.103869510173117e-02 -8.623656517582599e-01
6.500000000000000e-02 4.457376488078044e-02 -8.622960648365251e-01
7.000000000000001e-02 4.813669471387935e-02 -8.621842747287578e-01
7.500000000000000e-02 5.172971154815675e-02 -8.620327841151735e-01
8.000000000000000e-02 5.535506113609672e-02 -8.619203536384092e-01
8.500000000000001e-02 5.901500943920686e-02 -8.618077431430607e-01
9.000000000000000e-02 6.271184404431801e-02 -8.616310165908148e-01
9.500000000000000e-02 6.644787559340060e-02 -8.614565617248203e-01
1.000000000000000e-01 7.022543922779090e-02 -8.613179845038791e-01
1.050000000000000e-01 7.404689604773053e-02 -8.611429133122912e-01
1.100000000000000e-01 7.791463458813094e-02 -8.609236968393904e-01
1.150000000000000e-01 8.183107231148547e-02 -8.607264343857319e-01
1.200000000000000e-01 8.579865711886202e-02 -8.605332731728792e-01
1.250000000000000e-01 8.981986887992111e-02 -8.602946778150684e-01
1.300000000000000e-01 9.389722098291493e-02 -8.600428382184572e-01
1.350000000000000e-01 9.803326190563690e-02 -8.598075672844226e-01
1.400000000000000e-01 1.022305768083033e-01 -8.595475572610294e-01
1.450000000000000e-01 1.064917891493625e-01 -8.592508467561343e-01
1.500000000000000e-01 1.108195623252418e-01 -8.589593079805046e-01
1.550000000000000e-01 1.152166013350572e-01 -8.586697912640038e-01
1.600000000000000e-01 1.196856544713255e-01 -8.583419865533499e-01
1.650000000000000e-01 1.242295150377370e-01 -8.579877490947693e-01
1.700000000000000e-01 1.288510230950609e-01 -8.576427482252986e-01
1.750000000000000e-01 1.335530672362758e-01 -8.572888395430645e-01
1.800000000000000e-01 1.383385863920344e-01 -8.568939238615834e-01
1.850000000000000e-01 1.432105716675912e-01 -8.564767423073669e-01
1.900000000000000e-01 1.481720682123397e-01 -8.560658952297471e-01
1.950000000000000e-01 1.532261771231311e-01 -8.556425174463210e-01
2.000000000000000e-01 1.583760573825595e-01 -8.551800977630529e-01
2.050000000000000e-01 1.636249278334301e-01 -8.546932888395175e-01
2.100000000000000e-01 1.689760691906397e-01 -8.542070363043134e-01
2.150000000000000e-01 1.744328260917313e-01 -8.537110508909239e-01
2.200000000000000e-01 1.799986091874004e-01 -8.531829512072058e-01
2.250000000000000e-01 1.856768972732633e-01 -8.526253168011958e-01
2.300000000000000e-01 1.914712394642179e-01 -8.520572016759340e-01
2.350000000000000e-01 1.973852574127551e-01 -8.514844069528417e-01
2.400000000000000e-01 2.034226475726105e-01 -8.508964922499747e-01
2.450000000000000e-01 2.095871835091678e-01 -8.502800625698534e-01
2.500000000000000e-01 2.158827182580599e-01 -8.496370176620907e-01
2.550000000000000e-01 2.223131867334419e-01 -8.489861109589171e-01
2.600000000000000e-01 2.288826081874405e-01 -8.483383633332382e-01
2.650000000000000e-01 2.355950887223172e-01 -8.476812773387871e-01
2.700000000000000e-01 2.424548238569160e-01 -8.470050307446901e-01
2.750000000000000e-01 2.494661011489995e-01 -8.463138531660913e-01
2.800000000000000e-01 2.566333028751116e-01 -8.456141754356041e-01
2.850000000000000e-01 2.639609087696434e-01 -8.449194463012190e-01
2.900000000000000e-01 2.714534988248126e-01 -8.442419784367837e-01
2.950000000000000e-01 2.791157561533084e-01 -8.435776799548225e-01
3.000000000000000e-01 2.869524699153886e-01 -8.429295761342677e-01
3.050000000000000e-01 2.949685383122613e-01 -8.423001881787578e-01
3.100000000000000e-01 3.031689716476197e-01 -8.416904343948325e-01
3.150000000000000e-01 3.115588954592450e-01 -8.411174610261456e-01
3.200000000000000e-01 3.201435537226349e-01 -8.405865234183315e-01
3.250000000000000e-01 3.289283121286580e-01 -8.401183287160945e-01
3.300000000000000e-01 3.379186614372866e-01 -8.397240311693284e-01
3.350000000000000e-01 3.471202209094989e-01 -8.394239847392149e-01
3.400000000000000e-01 3.565387418195016e-01 -8.392359131373601e-01
3.450000000000000e-01 3.661801110494620e-01 -8.391831373180247e-01
3.500000000000000e-01 3.760503547690021e-01 -8.392910817025202e-01
3.550000000000000e-01 3.861556422017504e-01 -8.395901916894735e-01
3.600000000000000e-01 3.965022894813072e-01 -8.401157096773461e-01
3.650000000000000e-01 4.070967635990345e-01 -8.409091180724836e-01
3.700000000000000e-01 4.179456864461349e-01 -8.420191212199744e-01
3.750000000000000e-01 4.290558389525505e-01 -8.435032005473786e-01
3.800000000000000e-01 4.404341653252637e-01 -8.454294431523345e-01
3.850000000000000e-01 4.520877773886537e-01 -8.478789251534129e-01
3.900000000000000e-01 4.640239590296172e-01 -8.509487695060839e-01
3.950000000000000e-01 4.762501707502353e-01 -8.547561513405068e-01
4.000000000000000e-01 4.887740543308307e-01 -8.594436114969216e-01
4.050000000000000e-01 5.016034376063282e-01 -8.651862256881923e-01
4.100000000000000e-01 5.147463393589066e-01 -8.722014548556163e-01
4.150000000000000e-01 5.282109743299990e-01 -8.807629600082385e-01
4.200000000000000e-01 5.420057583547735e-01 -8.912204293887028e-01
4.250000000000000e-01 5.561393136223041e-01 -9.040287900895148e-01
4.300000000000000e-01 5.706204740647189e-01 -9.197925580270327e-01
4.350000000000000e-01 5.854582908786964e-01 -9.393355555774651e-01
4.400000000000000e-01 6.006620381827575e-01 -9.638150699811225e-01
4.450000000000000e-01 6.162412188138907e-01 -9.949180516935886e-01
4.500000000000000e-01 6.322055702671360e-01 -1.035218459537510e+00
4.550000000000000e-01 6.485650707818353e-01 -1.088875118776410e+00
4.600000000000000e-01 6.653299455783577e-01 -1.163110211681393e+00
4.650000000000000e-01 6.825106732491932e-01 -1.271604238575582e+00
4.700000000000000e-01 7.001179923084168e-01 -1.442250122095352e+00
4.750000000000000e-01 7.181629079036070e-01 -1.722905974272285e+00
4.800000000000000e-01 7.366566986944229e-01 -2.032622872568141e+00
4.850000000000000e-01 7.556109239021327e-01 -1.654179458877709e+00
4.900000000000000e-01 7.750374305345038e-01 -5.399154725028537e-01
4.950000000000000e-01 7.949483607905672e-01 -1.654399755717802e-01
5.000000000000000e-01 8.153561596498893e-01 -2.399524478388766e-01
5.050000000000000e-01 8.362735826510871e-01 -9.461512680747884e-02
5.100000000000000e-01 8.577137038644561e-01 -1.153917384690966e-01
5.150000000000000e-01 8.796899240636907e-01 -8.357241865672677e-02
5.200000000000000e-01 9.022159791018011e-01 -6.677011378597401e-02
5.250000000000000e-01 9.253059484964714e-01 -6.971068797157602e-02
5.300000000000000e-01 9.489742642302165e-01 -4.931230028915468e-02
5.350000000000000e-01 9.732357197708378e-01 -5.537849278997389e-02
5.400000000000000e-01 9.981054793178262e-01 -4.274250473424497e-02
5.450000000000000e-01 1.023599087280478e+00 -4.423076859223625e-02
5.500000000000000e-01 1.049732477993657e+00 -3.895182960271049e-02
5.550000000000000e-01 1.076521985677273e+00 -3.696049719396716e-02
5.600000000000001e-01 1.103984354645701e+00 -3.550734284027275e-02
5.650000000000001e-01 1.132136749773522e+00 -3.261802506042207e-02
5.700000000000001e-01 1.160996767224129e+00 -3.221230330263036e-02
5.750000000000001e-01 1.190582445447902e+00 -2.993475985729883e-02
5.800000000000000e-01 1.220912276456826e+00 -2.938902678862084e-02
5.850000000000000e-01 1.252005217382601e+00 -2.799999502699322e-02
5.900000000000000e-01 1.283880702325469e+00 -2.720274731330653e-02
5.950000000000000e-01 1.316558654501151e+00 -2.638881538833938e-02
6.000000000000000e-01 1.350059498693518e+00 -2.557335094511752e-02
6.050000000000000e-01 1.384404174020732e+00 -2.499486791231854e-02
6.100000000000000e-01 1.419614147022888e+00 -2.431923594849028e-02
6.150000000000000e-01 1.455711425079295e+00 -2.381638709368965e-02
6.200000000000000e-01 1.492718570163803e+00 -2.329232166174189e-02
6.250000000000000e-01 1.530658712946775e+00 -2.283798787312914e-02
6.300000000000000e-01 1.569555567252506e+00 -2.241532028089062e-02
6.350000000000000e-01 1.609433444881138e+00 -2.201643651788161e-02
6.400000000000000e-01 1.650317270804325e+00 -2.165331057699160e-02
6.450000000000000e-01 1.692232598744148e+00 -2.130586417743653e-02
6.500000000000000e-01 1.735205627145031e+00 -2.098171669958173e-02
6.550000000000000e-01 1.779263215548615e+00 -2.067202234404089e-02
6.600000000000000e-01 1.824432901381847e+00 -2.037572444230071e-02
6.650000000000000e-01 1.870742917168772e+00 -2.008998613079960e-02
6.700000000000000e-01 1.918222208176775e+00 -1.981160543791630e-02
6.750000000000000e-01 1.966900450508319e+00 -1.953852818354212e-02
6.800000000000000e-01 2.016808069649473e+00 -1.926794458467740e-02
6.850000000000001e-01 2.067976259486829e+00 -1.899751185259002e-02
6.900000000000001e-01 2.120437001804702e+00 -1.872472534855620e-02
6.950000000000001e-01 2.174223086274785e+00 -1.844708678935265e-02
7.000000000000001e-01 2.229368130950753e+00 -1.816206403315148e-02
7.050000000000000e-01 2.285906603280654e+00 -1.786703601375987e-02
7.100000000000000e-01 2.343873841650178e+00 -1.755929963688406e-02
7.150000000000000e-01 2.403306077470301e+00 -1.723603405689324e-02
7.200000000000000e-01 2.464240457823092e+00 -1.689428752587164e-02
7.250000000000000e-01 2.526715068679855e+00 -1.653095933294019e-02
7.300000000000000e-01 2.590768958706095e+00 -1.614278576259627e-02
7.350000000000000e-01 2.656442163668210e+00 -1.572633050674391e-02
7.400000000000000e-01 2.723775731457148e+00 -1.527798032042460e-02
7.450000000000000e-01 2.792811747744667e+00 -1.479394891806814e-02
7.500000000000000e-01 2.863593362288260e+00 -1.427029182540227e-02
7.550000000000000e-01 2.936164815901156e+00 -1.370293629795079e-02
7.600000000000000e-01 3.010571468104263e+00 -1.308773135056809e-02
7.650000000000000e-01 3.086859825477351e+00 -1.242052411893095e-02
7.700000000000000e-01 3.165077570727174e+00 -1.169727002150819e-02
7.750000000000000e-01 3.245273592490716e+00 -1.091418518127192e-02
7.800000000000000e-01 3.327498015892184e+00 -1.006794980478223e-02
7.850000000000000e-01 3.411802233872832e+00 -9.155970449816135e-03
7.900000000000000e-01 3.498238939313234e+00 -8.176706722318421e-03
7.950000000000000e-01 3.586862157968046e+00 -7.130062232121115e-03
8.000000000000000e-01 3.677727282233856e+00 -6.017829614433375e-03
8.050000000000000e-01 3.770891105771243e+00 -4.844166555019997e-03
8.100000000000001e-01 3.866411859002656e+00 -3.616065684054313e-03
8.150000000000001e-01 3.964349245508326e+00 -2.343766455700041e-03
8.200000000000001e-01 4.064764479342956e+00 -1.041046807610430e-03
8.250000000000001e-01 4.167720323296481e+00 2.746619135927860e-04
8.300000000000001e-01 4.273281128122877e+00 1.582368003805485e-03
8.350000000000000e-01 4.381512872761445e+00 2.857823889313919e-03
8.400000000000000e-01 4.492483205575838e+00 4.074033553416938e-03
8.450000000000000e-01 4.606261486636447e+00 5.201946001743619e-03
8.500000000000000e-01 4.722918831072739e+00 6.211286482016254e-03
8.550000000000000e-01 4.842528153522501e+00 7.071448656669045e-03
8.600000000000000e-01 4.965164213705875e+00 7.752442419797235e-03
8.650000000000000e-01 5.090903663152626e+00 8.226125411269309e-03
8.700000000000000e-01 5.219825093111814e+00 8.468219594219265e-03
8.750000000000000e-01 5.352009083673925e+00 8.461623205062732e-03
8.800000000000000e-01 5.487538254136007e+00 8.201015844881370e-03
8.850000000000000e-01 5.626497314641444e+00 7.697803122988763e-03
8.900000000000000e-01 5.768973119126561e+00 6.983555953839160e-03
8.950000000000000e-01 5.915054719607133e+00 6.109916171814391e-03
9.000000000000000e-01 6.064833421838831e+00 5.143810714163562e-03
9.050000000000000e-01 6.218402842386253e+00 4.158483006110796e-03
9.100000000000000e-01 6.375858967136348e+00 3.222537310200860e-03
9.150000000000000e-01 6.537300211292723e+00 2.390049222923393e-03
9.200000000000000e-01 6.702827480888332e+00 1.694400254406266e-03
9.250000000000000e-01 6.872544235855034e+00 1.147080858466359e-03
9.300000000000000e-01 7.046556554689444e+00 7.409886058028088e-04
9.350000000000001e-01 7.224973200755413e+00 4.564857600753053e-04
9.400000000000001e-01 7.407905690264673e+00 2.680860704164753e-04
9.450000000000001e-01 7.595468361978146e+00 1.500539475740881e-04
9.500000000000001e-01 7.787778448671316e+00 8.003727539586141e-05
9.550000000000001e-01 7.984956150408610e+00 4.068137646054747e-05
9.600000000000000e-01 8.187124709672272e+00 1.970504762345736e-05
9.650000000000000e-01 8.394410488393007e+00 9.096720536518263e-06
9.700000000000000e-01 8.606943046930221e+00 4.002988981246607e-06
9.750000000000000e-01 8.824855225051540e+00 1.679463223755173e-06
9.800000000000000e-01 9.048283224961922e+00 6.718667291491033e-07
9.850000000000000e-01 9.277366696434507e+00 2.566205077315358e-07
9.900000000000000e-01 9.512248824096272e+00 9.297833911699958e-08
9.950000000000000e-01 9.753076416923058e+00 3.387383167710765e-08
1.000000000000000e+00 1.000000000000000e+01 8.106942139611520e-09
