0.000000000000000e+00 0.000000000000000e+00 -6.818275413134015e-01
5.000000000000000e-03 3.369477419287315e-03 -6.818275413134015e-01
1.000000000000000e-02 6.741060871647481e-03 -6.830204308853480e-01
1.500000000000000e-02 1.011685770649257e-02 -6.829952368356799e-01
2.000000000000000e-02 1.349897790673588e-02 -6.826462863005091e-01
2.500000000000000e-02 1.688953540759990e-02 -6.826067214862728e-01
3.000000000000000e-02 2.029064941789469e-02 -6.826467537134449e-01
3.500000000000000e-02 2.370444574459234e-02 -6.825346866011187e-01
4.000000000000000e-02 2.713305812152553e-02 -6.823748957186774e-01
4.500000000000000e-02 3.057862954304063e-02 -6.822856515207635e-01
5.000000000000000e-02 3.404331360343898e-02 -6.821902174344334e-01
5.500000000000000e-02 3.752927584304335e-02 -6.820191184567813e-01
6.000000000000000e-02 4.103869510173117e-02 -6.818380724121326e-01
6.500000000000000e-02 4.457376488078044e-02 -6.816893122613730e-01
7.000000000000001e-02 4.813669471387935e-02 -6.815093095961218e-01
7.500000000000000e-02 5.172971154815675e-02 -6.812754365546558e-01
8.000000000000000e-02 5.535506113609672e-02 -6.810470899335933e-01
8.500000000000001e-02 5.901500943920686e-02 -6.808307014961107e-01
9.000000000000000e-02 6.271184404431801e-02 -6.805695878546005e-01
9.500000000000000e-02 6.644787559340060e-02 -6.802670138895431e-01
1.000000000000000e-01 7.022543922779090e-02 -6.799746533425090e-01
1.050000000000000e-01 7.404689604773053e-02 -6.796803484226899e-01
1.100000000000000e-01 7.791463458813094e-02 -6.793358496394043e-01
1.150000000000000e-01 8.183107231148547e-02 -6.789549777253584e-01
1.200000000000000e-01 8.579865711886202e-02 -6.785810398310587e-01
1.250000000000000e-01 8.981986887992111e-02 -6.781972869381041e-01
1.300000000000000e-01 9.389722098291493e-02 -6.777630026084113e-01
1.350000000000000e-01 9.803326190563690e-02 -6.772904116192332e-01
1.400000000000000e-01 1.022305768083033e-01 -6.768156767645536e-01
1.450000000000000e-01 1.064917891493625e-01 -6.763281822435500e-01
1.500000000000000e-01 1.108195623252418e-01 -6.757940347763380e-01
1.550000000000000e-01 1.152166013350572e-01 -6.752143494129189e-01
1.600000000000000e-01 1.196856544713255e-01 -6.746167206017389e-01
1.650000000000000e-01 1.242295150377370e-01 -6.740052188830031e-01
1.700000000000000e-01 1.288510230950609e-01 -6.733572990749661e-01
1.750000000000000e-01 1.335530672362758e-01 -6.726561581211090e-01
1.800000000000000e-01 1.383385863920344e-01 -6.719124957194244e-01
1.850000000000000e-01 1.432105716675912e-01 -6.711479566924706e-01
1.900000000000000e-01 1.481720682123397e-01 -6.703618122894027e-01
1.950000000000000e-01 1.532261771231311e-01 -6.695244098834614e-01
2.000000000000000e-01 1.583760573825595e-01 -6.686218952257975e-01
2.050000000000000e-01 1.636249278334301e-01 -6.676760334725830e-01
2.100000000000000e-01 1.689760691906397e-01 -6.667033999069975e-01
2.150000000000000e-01 1.744328260917313e-01 -6.656919049618487e-01
2.200000000000000e-01 1.799986091874004e-01 -6.646283123400486e-01
2.250000000000000e-01 1.856768972732633e-01 -6.635018010473137e-01
2.300000000000000e-01 1.914712394642179e-01 -6.623059283542053e-01
2.350000000000000e-01 1.973852574127551e-01 -6.610567889847991e-01
2.400000000000000e-01 2.034226475726105e-01 -6.597651000313977e-01
2.450000000000000e-01 2.095871835091678e-01 -6.584207547466242e-01
2.500000000000000e-01 2.158827182580599e-01 -6.570229341888296e-01
2.550000000000000e-01 2.223131867334419e-01 -6.555581120798166e-01
2.600000000000000e-01 2.288826081874405e-01 -6.540140881660645e-01
2.650000000000000e-01 2.355950887223172e-01 -6.523977718274532e-01
2.700000000000000e-01 2.424548238569160e-01 -6.506965742274694e-01
2.750000000000000e-01 2.494661011489995e-01 -6.489225683168676e-01
2.800000000000000e-01 2.566333028751116e-01 -6.470667962146162e-01
2.850000000000000e-01 2.639609087696434e-01 -6.451344853831693e-01
2.900000000000000e-01 2.714534988248126e-01 -6.431199407765398e-01
2.950000000000000e-01 2.791157561533084e-01 -6.410228776715207e-01
3.000000000000000e-01 2.869524699153886e-01 -6.388395406891797e-01
3.050000000000000e-01 2.949685383122613e-01 -6.365677711279930e-01
3.100000000000000e-01 3.031689716476197e-01 -6.342047300980888e-01
3.150000000000000e-01 3.115588954592450e-01 -6.317480183765217e-01
3.200000000000000e-01 3.201435537226349e-01 -6.291952270310619e-01
3.250000000000000e-01 3.289283121286580e-01 -6.265441233577487e-01
3.300000000000000e-01 3.379186614372866e-01 -6.237925849389533e-01
3.350000000000000e-01 3.471202209094989e-01 -6.209386292090595e-01
3.400000000000000e-01 3.565387418195016e-01 -6.179804118934155e-01
3.450000000000000e-01 3.661801110494620e-01 -6.149162360293461e-01
3.500000000000000e-01 3.760503547690021e-01 -6.117445555947122e-01
3.550000000000000e-01 3.861556422017504e-01 -6.084639762418778e-01
3.600000000000000e-01 3.965022894813072e-01 -6.050732497591239e-01
3.650000000000000e-01 4.070967635990345e-01 -6.015712602030842e-01
3.700000000000000e-01 4.179456864461349e-01 -5.979569986831986e-01
3.750000000000000e-01 4.290558389525505e-01 -5.942295232375582e-01
3.800000000000000e-01 4.404341653252637e-01 -5.903878993635668e-01
3.850000000000000e-01 4.520877773886537e-01 -5.864311157242965e-01
3.900000000000000e-01 4.640239590296172e-01 -5.823579682596363e-01
3.950000000000000e-01 4.762501707502353e-01 -5.781669043618438e-01
4.000000000000000e-01 4.887740543308307e-01 -5.738558168823011e-01
4.050000000000000e-01 5.016034376063282e-01 -5.694217754816345e-01
4.100000000000000e-01 5.147463393589066e-01 -5.648606801924337e-01
4.150000000000000e-01 5.282109743299990e-01 -5.601668190380010e-01
4.200000000000000e-01 5.420057583547735e-01 -5.553323082076307e-01
4.250000000000000e-01 5.561393136223041e-01 -5.503463898045166e-01
4.300000000000000e-01 5.706204740647189e-01 -5.451945589194052e-01
4.350000000000000e-01 5.854582908786964e-01 -5.398574894121039e-01
4.400000000000000e-01 6.006620381827575e-01 -5.343097274618359e-01
4.450000000000000e-01 6.162412188138907e-01 -5.285181255785980e-01
4.500000000000000e-01 6.322055702671360e-01 -5.224400003430173e-01
4.550000000000000e-01 6.485650707818353e-01 -5.160210191625975e-01
4.600000000000000e-01 6.653299455783577e-01 -5.091928612218026e-01
4.650000000000000e-01 6.825106732491932e-01 -5.018707641109477e-01
4.700000000000000e-01 7.001179923084168e-01 -4.939511705555206e-01
4.750000000000000e-01 7.181629079036070e-01 -4.853098391530761e-01
4.800000000000000e-01 7.366566986944229e-01 -4.758009839486150e-01
4.850000000000000e-01 7.556109239021327e-01 -4.652582507676739e-01
4.900000000000000e-01 7.750374305345038e-01 -4.534985854400399e-01
4.950000000000000e-01 7.949483607905672e-01 -4.403302150842037e-01
5.000000000000000e-01 8.153561596498893e-01 -4.255659015073462e-01
5.050000000000000e-01 8.362735826510871e-01 -4.090421350053713e-01
5.100000000000000e-01 8.577137038644561e-01 -3.906438224367313e-01
5.150000000000000e-01 8.796899240636907e-01 -3.703322290706230e-01
5.200000000000000e-01 9.022159791018011e-01 -3.481717301882283e-01
5.250000000000000e-01 9.253059484964714e-01 -3.243490518304391e-01
5.300000000000000e-01 9.489742642302165e-01 -2.991782300213278e-01
5.350000000000000e-01 9.732357197708378e-01 -2.730864672322329e-01
5.400000000000000e-01 9.981054793178262e-01 -2.465805051922834e-01
5.450000000000000e-01 1.023599087280478e+00 -2.201987662641437e-01
5.500000000000000e-01 1.049732477993657e+00 -1.944589989815743e-01
5.550000000000000e-01 1.076521985677273e+00 -1.698123705682701e-01
5.600000000000001e-01 1.103984354645701e+00 -1.466123350451679e-01
5.650000000000001e-01 1.132136749773522e+00 -1.251015716347543e-01
5.700000000000001e-01 1.160996767224129e+00 -1.054152227301198e-01
5.750000000000001e-01 1.190582445447902e+00 -8.759546115141185e-02
5.800000000000000e-01 1.220912276456826e+00 -7.161163022487894e-02
5.850000000000000e-01 1.252005217382601e+00 -5.738120034560909e-02
5.900000000000000e-01 1.283880702325469e+00 -4.478852086055050e-02
5.950000000000000e-01 1.316558654501151e+00 -3.369998451751305e-02
6.000000000000000e-01 1.350059498693518e+00 -2.397537684564184e-02
6.050000000000000e-01 1.384404174020732e+00 -1.547581990493829e-02
6.100000000000000e-01 1.419614147022888e+00 -8.068969201776209e-03
6.150000000000000e-01 1.455711425079295e+00 -1.632141206074305e-03
6.200000000000000e-01 1.492718570163803e+00 3.946041505875621e-03
6.250000000000000e-01 1.530658712946775e+00 8.765024735926403e-03
6.300000000000000e-01 1.569555567252506e+00 1.291237361581514e-02
6.350000000000000e-01 1.609433444881138e+00 1.646425628813160e-02
6.400000000000000e-01 1.650317270804325e+00 1.948619273778570e-02
6.450000000000000e-01 1.692232598744148e+00 2.203395656189607e-02
6.500000000000000e-01 1.735205627145031e+00 2.415455632601692e-02
6.550000000000000e-01 1.779263215548615e+00 2.588724980222995e-02
6.600000000000000e-01 1.824432901381847e+00 2.726456240272437e-02
6.650000000000000e-01 1.870742917168772e+00 2.831329320601418e-02
6.700000000000000e-01 1.918222208176775e+00 2.905549998905622e-02
6.750000000000000e-01 1.966900450508319e+00 2.950945980812769e-02
6.800000000000000e-01 2.016808069649473e+00 2.969060456178919e-02
6.850000000000001e-01 2.067976259486829e+00 2.961243187598611e-02
6.900000000000001e-01 2.120437001804702e+00 2.928739056834253e-02
6.950000000000001e-01 2.174223086274785e+00 2.872773674076902e-02
7.000000000000001e-01 2.229368130950753e+00 2.794635110099478e-02
7.050000000000000e-01 2.285906603280654e+00 2.695750050373027e-02
7.100000000000000e-01 2.343873841650178e+00 2.577751740232314e-02
7.150000000000000e-01 2.403306077470301e+00 2.442536096616529e-02
7.200000000000000e-01 2.464240457823092e+00 2.292301480712351e-02
7.250000000000000e-01 2.526715068679855e+00 2.129567100031562e-02
7.300000000000000e-01 2.590768958706095e+00 1.957165119708028e-02
7.350000000000000e-01 2.656442163668210e+00 1.778202572567468e-02
7.400000000000000e-01 2.723775731457148e+00 1.595991222960785e-02
7.450000000000000e-01 2.792811747744667e+00 1.413946623133688e-02
7.500000000000000e-01 2.863593362288260e+00 1.235461407228268e-02
7.550000000000000e-01 2.936164815901156e+00 1.063761839875436e-02
7.600000000000000e-01 3.010571468104263e+00 9.017600358797445e-03
7.650000000000000e-01 3.086859825477351e+00 7.519163328228466e-03
7.700000000000000e-01 3.165077570727174e+00 6.161264376017609e-03
7.750000000000000e-01 3.245273592490716e+00 4.956459300753334e-03
7.800000000000000e-01 3.327498015892184e+00 3.910606730220732e-03
7.850000000000000e-01 3.411802233872832e+00 3.023062402785126e-03
7.900000000000000e-01 3.498238939313234e+00 2.287335156373603e-03
7.950000000000000e-01 3.586862157968046e+00 1.692121162705023e-03
8.000000000000000e-01 3.677727282233856e+00 1.222591393169516e-03
8.050000000000000e-01 3.770891105771243e+00 8.617853585012212e-04
8.100000000000001e-01 3.866411859002656e+00 5.919642952887207e-04
8.150000000000001e-01 3.964349245508326e+00 3.957976650143368e-04
8.200000000000001e-01 4.064764479342956e+00 2.572930719552377e-04
8.250000000000001e-01 4.167720323296481e+00 1.624241166275159e-04
8.300000000000001e-01 4.273281128122877e+00 9.945511103219630e-05
8.350000000000000e-01 4.381512872761445e+00 5.899870910699401e-05
8.400000000000000e-01 4.492483205575838e+00 3.386735966435137e-05
8.450000000000000e-01 4.606261486636447e+00 1.879015071226063e-05
8.500000000000000e-01 4.722918831072739e+00 1.006422033119340e-05
8.550000000000000e-01 4.842528153522501e+00 5.197903239468320e-06
8.600000000000000e-01 4.965164213705875e+00 2.585712515666724e-06
8.650000000000000e-01 5.090903663152626e+00 1.237521755867595e-06
8.700000000000000e-01 5.219825093111814e+00 5.692138480419013e-07
8.750000000000000e-01 5.352009083673925e+00 2.513578570728906e-07
8.800000000000000e-01 5.487538254136007e+00 1.064547685377044e-07
8.850000000000000e-01 5.626497314641444e+00 4.319896512496456e-08
8.900000000000000e-01 5.768973119126561e+00 1.678098144908704e-08
8.950000000000000e-01 5.915054719607133e+00 6.234751318761525e-09
9.000000000000000e-01 6.064833421838831e+00 2.213724863443202e-09
9.050000000000000e-01 6.218402842386253e+00 7.505849581979680e-10
9.100000000000000e-01 6.375858967136348e+00 2.428519311059326e-10
9.150000000000000e-01 6.537300211292723e+00 7.493209942001782e-11
9.200000000000000e-01 6.702827480888332e+00 2.203554014322241e-11
9.250000000000000e-01 6.872544235855034e+00 6.172762318031235e-12
9.300000000000000e-01 7.046556554689444e+00 1.646386099024947e-12
9.350000000000001e-01 7.224973200755413e+00 4.179281487093675e-13
9.400000000000001e-01 7.407905690264673e+00 1.009335661534650e-13
9.450000000000001e-01 7.595468361978146e+00 2.318483331015750e-14
9.500000000000001e-01 7.787778448671316e+00 5.064075594834913e-15
9.550000000000001e-01 7.984956150408610e+00 1.051574103968659e-15
9.600000000000000e-01 8.187124709672272e+00 2.075677256144220e-16
9.650000000000000e-01 8.394410488393007e+00 3.894185689025456e-17
9.700000000000000e-01 8.606943046930221e+00 6.943615773464717e-18
9.750000000000000e-01 8.824855225051540e+00 1.176683341477588e-18
9.800000000000000e-01 9.048283224961922e+00 1.895164817732877e-19
9.850000000000000e-01 9.277366696434507e+00 2.901241569333218e-20
9.900000000000000e-01 9.512248824096272e+00 4.216855369106250e-21
9.950000000000000e-01 9.753076416923058e+00 6.221247637602361e-22
1.000000000000000e+00 1.000000000000000e+01 -1.460641345695141e-22
