0.000000000000000e+00 0.000000000000000e+00 -8.655459981684159e-01
5.000000000000000e-03 3.369477419287315e-03 -8.655459981684159e-01
1.000000000000000e-02 6.741060871647481e-03 -8.642589426532507e-01
1.500000000000000e-02 1.011685770649257e-02 -8.642383728496189e-01
2.000000000000000e-02 1.349897790673588e-02 -8.644360733111179e-01
2.500000000000000e-02 1.688953540759990e-02 -8.643733177166190e-01
3.000000000000000e-02 2.029064941789469e-02 -8.643075798407227e-01
3.500000000000000e-02 2.370444574459234e-02 -8.642738373830613e-01
4.000000000000000e-02 2.713305812152553e-02 -8.641749990084470e-01
4.500000000000000e-02 3.057862954304063e-02 -8.641097288028587e-01
5.000000000000000e-02 3.404331360343898e-02 -8.640732055390253e-01
5.500000000000000e-02 3.752927584304335e-02 -8.639714407048961e-01
6.000000000000000e-02 4.103869510173117e-02 -8.638522034327770e-01
6.500000000000000e-02 4.457376488078044e-02 -8.637807776604697e-01
7.000000000000001e-02 4.813669471387935e-02 -8.636763669331085e-01
7.500000000000000e-02 5.172971154815675e-02 -8.635264312185067e-01
8.000000000000000e-02 5.535506113609672e-02 -8.634102477674354e-01
8.500000000000001e-02 5.901500943920686e-02 -8.633007196400475e-01
9.000000000000000e-02 6.271184404431801e-02 -8.631287125046302e-01
9.500000000000000e-02 6.644787559340060e-02 -8.629530975332521e-01
1.000000000000000e-01 7.022543922779090e-02 -8.628152023506099e-01
1.050000000000000e-01 7.404689604773053e-02 -8.626452984749478e-01
1.100000000000000e-01 7.791463458813094e-02 -8.624274701609898e-01
1.150000000000000e-01 8.183107231148547e-02 -8.622294011712391e-01
1.200000000000000e-01 8.579865711886202e-02 -8.620404938204056e-01
1.250000000000000e-01 8.981986887992111e-02 -8.618067765306567e-01
1.300000000000000e-01 9.389722098291493e-02 -8.615550319732341e-01
1.350000000000000e-01 9.803326190563690e-02 -8.613210158336549e-01
1.400000000000000e-01 1.022305768083033e-01 -8.610667751806854e-01
1.450000000000000e-01 1.064917891493625e-01 -8.607741195789569e-01
1.500000000000000e-01 1.108195623252418e-01 -8.604833830195852e-01
1.550000000000000e-01 1.152166013350572e-01 -8.601972532688702e-01
1.600000000000000e-01 1.196856544713255e-01 -8.598756359135243e-01
1.650000000000000e-01 1.242295150377370e-01 -8.595253428366252e-01
1.700000000000000e-01 1.288510230950609e-01 -8.591826722722182e-01
1.750000000000000e-01 1.335530672362758e-01 -8.588337666305609e-01
1.800000000000000e-01 1.383385863920344e-01 -8.584455460863347e-01
1.850000000000000e-01 1.432105716675912e-01 -8.580331582121082e-01
1.900000000000000e-01 1.481720682123397e-01 -8.576262432799914e-01
1.950000000000000e-01 1.532261771231311e-01 -8.572091216357851e-01
2.000000000000000e-01 1.583760573825595e-01 -8.567545202896372e-01
2.050000000000000e-01 1.636249278334301e-01 -8.562742322081763e-01
2.100000000000000e-01 1.689760691906397e-01 -8.557935760666282e-01
2.150000000000000e-01 1.744328260917313e-01 -8.553049988411402e-01
2.200000000000000e-01 1.799986091874004e-01 -8.547863809256141e-01
2.250000000000000e-01 1.856768972732633e-01 -8.542378534885651e-01
2.300000000000000e-01 1.914712394642179e-01 -8.536776696776485e-01
2.350000000000000e-01 1.973852574127551e-01 -8.531137430490712e-01
2.400000000000000e-01 2.034226475726105e-01 -8.525369844087018e-01
2.450000000000000e-01 2.095871835091678e-01 -8.519327194938053e-01
2.500000000000000e-01 2.158827182580599e-01 -8.513015470457096e-01
2.550000000000000e-01 2.223131867334419e-01 -8.506625878425114e-01
2.600000000000000e-01 2.288826081874405e-01 -8.500277599270056e-01
2.650000000000000e-01 2.355950887223172e-01 -8.493853305434500e-01
2.700000000000000e-01 2.424548238569160e-01 -8.487256574505703e-01
2.750000000000000e-01 2.494661011489995e-01 -8.480519969946636e-01
2.800000000000000e-01 2.566333028751116e-01 -8.473702422279989e-01
2.850000000000000e-01 2.639609087696434e-01 -8.466944747679704e-01
2.900000000000000e-01 2.714534988248126e-01 -8.460373915534291e-01
2.950000000000000e-01 2.791157561533084e-01 -8.453954475498895e-01
3.000000000000000e-01 2.869524699153886e-01 -8.447721708415904e-01
3.050000000000000e-01 2.949685383122613e-01 -8.441697907505307e-01
3.100000000000000e-01 3.031689716476197e-01 -8.435894849761636e-01
3.150000000000000e-01 3.115588954592450e-01 -8.430483926460589e-01
3.200000000000000e-01 3.201435537226349e-01 -8.425520078191663e-01
3.250000000000000e-01 3.289283121286580e-01 -8.421214886237470e-01
3.300000000000000e-01 3.379186614372866e-01 -8.417683323637491e-01
3.350000000000000e-01 3.471202209094989e-01 -8.415134938590628e-01
3.400000000000000e-01 3.565387418195016e-01 -8.413752029992417e-01
3.450000000000000e-01 3.661801110494620e-01 -8.413774781975001e-01
3.500000000000000e-01 3.760503547690021e-01 -8.415464838888483e-01
3.550000000000000e-01 3.861556422017504e-01 -8.419135840823284e-01
3.600000000000000e-01 3.965022894813072e-01 -8.425151016043252e-01
3.650000000000000e-01 4.070967635990345e-01 -8.433938365094341e-01
3.700000000000000e-01 4.179456864461349e-01 -8.446000967163496e-01
3.750000000000000e-01 4.290558389525505e-01 -8.461933397260435e-01
3.800000000000000e-01 4.404341653252637e-01 -8.482441079437325e-01
3.850000000000000e-01 4.520877773886537e-01 -8.508365617168319e-01
3.900000000000000e-01 4.640239590296172e-01 -8.540717432090723e-01
3.950000000000000e-01 4.762501707502353e-01 -8.580718728850298e-01
4.000000000000000e-01 4.887740543308307e-01 -8.629860811419164e-01
4.050000000000000e-01 5.016034376063282e-01 -8.689981908802810e-01
4.100000000000000e-01 5.147463393589066e-01 -8.763374890756591e-01
4.150000000000000e-01 5.282109743299990e-01 -8.852939624511443e-01
4.200000000000000e-01 5.420057583547735e-01 -8.962403837319043e-01
4.250000000000000e-01 5.561393136223041e-01 -9.096652435658271e-01
4.300000000000000e-01 5.706204740647189e-01 -9.262234838976359e-01
4.350000000000000e-01 5.854582908786964e-01 -9.468177147578343e-01
4.400000000000000e-01 6.006620381827575e-01 -9.727343406314800e-01
4.450000000000000e-01 6.162412188138907e-01 -1.005884878639097e+00
4.500000000000000e-01 6.322055702671360e-01 -1.049264876701186e+00
4.550000000000000e-01 6.485650707818353e-01 -1.107909597554938e+00
4.600000000000000e-01 6.653299455783577e-01 -1.191142996489961e+00
4.650000000000000e-01 6.825106732491932e-01 -1.318866939409721e+00
4.700000000000000e-01 7.001179923084168e-01 -1.544137487783798e+00
4.750000000000000e-01 7.181629079036070e-01 -2.053213557531220e+00
4.800000000000000e-01 7.366566986944229e-01 -2.838000619482728e+00
4.850000000000000e-01 7.556109239021327e-01 -1.503855458456930e+00
4.900000000000000e-01 7.750374305345038e-01 6.820922783257486e-03
4.950000000000000e-01 7.949483607905672e-01 -1.894152827180605e-01
5.000000000000000e-01 8.153561596498893e-01 9.235215864618711e-03
5.050000000000000e-01 8.362735826510871e-01 -7.214814825951522e-02
5.100000000000000e-01 8.577137038644561e-01 -5.719651111131651e-03
5.150000000000000e-01 8.796899240636907e-01 -2.964995057226787e-02
5.200000000000000e-01 9.022159791018011e-01 -1.612333954115671e-02
5.250000000000000e-01 9.253059484964714e-01 -9.325796645472430e-03
5.300000000000000e-01 9.489742642302165e-01 -2.168156638095960e-02
5.350000000000000e-01 9.732357197708378e-01 4.991632237490995e-04
5.400000000000000e-01 9.981054793178262e-01 -2.342955912737741e-02
5.450000000000000e-01 1.023599087280478e+00 4.297089627986081e-03
5.500000000000000e-01 1.049732477993657e+00 -2.245065646644890e-02
5.550000000000000e-01 1.076521985677273e+00 4.443390098314372e-03
5.600000000000001e-01 1.103984354645701e+00 -1.973907365933351e-02
5.650000000000001e-01 1.132136749773522e+00 2.493964605663168e-03
5.700000000000001e-01 1.160996767224129e+00 -1.617983454837621e-02
5.750000000000001e-01 1.190582445447902e+00 -4.127865389015376e-04
5.800000000000000e-01 1.220912276456826e+00 -1.252682403526969e-02
5.850000000000000e-01 1.252005217382601e+00 -3.425946848523988e-03
5.900000000000000e-01 1.283880702325469e+00 -9.367814598366869e-03
5.950000000000000e-01 1.316558654501151e+00 -5.952301845364716e-03
6.000000000000000e-01 1.350059498693518e+00 -7.085205250762994e-03
6.050000000000000e-01 1.384404174020732e+00 -7.659717873780051e-03
6.100000000000000e-01 1.419614147022888e+00 -5.828012851510920e-03
6.150000000000000e-01 1.455711425079295e+00 -8.476117858726323e-03
6.200000000000000e-01 1.492718570163803e+00 -5.513452695011710e-03
6.250000000000000e-01 1.530658712946775e+00 -8.557892826021304e-03
6.300000000000000e-01 1.569555567252506e+00 -5.873475060251374e-03
6.350000000000000e-01 1.609433444881138e+00 -8.213421604316075e-03
6.400000000000000e-01 1.650317270804325e+00 -6.549294232131398e-03
6.450000000000000e-01 1.692232598744148e+00 -7.787065399701290e-03
6.500000000000000e-01 1.735205627145031e+00 -7.214398207829324e-03
6.550000000000000e-01 1.779263215548615e+00 -7.535544137456640e-03
6.600000000000000e-01 1.824432901381847e+00 -7.681117809333264e-03
6.650000000000000e-01 1.870742917168772e+00 -7.549312618473534e-03
6.700000000000000e-01 1.918222208176775e+00 -7.936730185985504e-03
6.750000000000000e-01 1.966900450508319e+00 -7.763458823138228e-03
6.800000000000000e-01 2.016808069649473e+00 -8.085148766628620e-03
6.850000000000001e-01 2.067976259486829e+00 -8.050863679878175e-03
6.900000000000001e-01 2.120437001804702e+00 -8.236973517995086e-03
6.950000000000001e-01 2.174223086274785e+00 -8.323983943150221e-03
7.000000000000001e-01 2.229368130950753e+00 -8.436074377292824e-03
7.050000000000000e-01 2.285906603280654e+00 -8.566552464103443e-03
7.100000000000000e-01 2.343873841650178e+00 -8.667951621258219e-03
7.150000000000000e-01 2.403306077470301e+00 -8.796426998283939e-03
7.200000000000000e-01 2.464240457823092e+00 -8.906436296657185e-03
7.250000000000000e-01 2.526715068679855e+00 -9.024880826538595e-03
7.300000000000000e-01 2.590768958706095e+00 -9.137852771737101e-03
7.350000000000000e-01 2.656442163668210e+00 -9.248716625737612e-03
7.400000000000000e-01 2.723775731457148e+00 -9.356487166881498e-03
7.450000000000000e-01 2.792811747744667e+00 -9.458882640879591e-03
7.500000000000000e-01 2.863593362288260e+00 -9.555821980955861e-03
7.550000000000000e-01 2.936164815901156e+00 -9.645259461599979e-03
7.600000000000000e-01 3.010571468104263e+00 -9.725982969657748e-03
7.650000000000000e-01 3.086859825477351e+00 -9.796161643486029e-03
7.700000000000000e-01 3.165077570727174e+00 -9.853871824371533e-03
7.750000000000000e-01 3.245273592490716e+00 -9.896935734475058e-03
7.800000000000000e-01 3.327498015892184e+00 -9.922884582870675e-03
7.850000000000000e-01 3.411802233872832e+00 -9.928959773760052e-03
7.900000000000000e-01 3.498238939313234e+00 -9.912056202023850e-03
7.950000000000000e-01 3.586862157968046e+00 -9.868696700935448e-03
8.000000000000000e-01 3.677727282233856e+00 -9.794992451637634e-03
8.050000000000000e-01 3.770891105771243e+00 -9.686610214340051e-03
8.100000000000001e-01 3.866411859002656e+00 -9.538739992337817e-03
8.150000000000001e-01 3.964349245508326e+00 -9.346072806967668e-03
8.200000000000001e-01 4.064764479342956e+00 -9.102800431507616e-03
8.250000000000001e-01 4.167720323296481e+00 -8.802640216539048e-03
8.300000000000001e-01 4.273281128122877e+00 -8.438897724462170e-03
8.350000000000000e-01 4.381512872761445e+00 -8.004605430554240e-03
8.400000000000000e-01 4.492483205575838e+00 -7.492770142923754e-03
8.450000000000000e-01 4.606261486636447e+00 -6.896739831305196e-03
8.500000000000000e-01 4.722918831072739e+00 -6.210738203050513e-03
8.550000000000000e-01 4.842528153522501e+00 -5.430670074510744e-03
8.600000000000000e-01 4.965164213705875e+00 -4.555223195196761e-03
8.650000000000000e-01 5.090903663152626e+00 -3.587112881980571e-03
8.700000000000000e-01 5.219825093111814e+00 -2.534272214222381e-03
8.750000000000000e-01 5.352009083673925e+00 -1.410916323662723e-03
8.800000000000000e-01 5.487538254136007e+00 -2.383877976794586e-04
8.850000000000000e-01 5.626497314641444e+00 9.546031826828838e-04
8.900000000000000e-01 5.768973119126561e+00 2.132809957280831e-03
8.950000000000000e-01 5.915054719607133e+00 3.256185980990274e-03
9.000000000000000e-01 6.064833421838831e+00 4.281482880852910e-03
9.050000000000000e-01 6.218402842386253e+00 5.162794754074424e-03
9.100000000000000e-01 6.375858967136348e+00 5.851800754345488e-03
9.150000000000000e-01 6.537300211292723e+00 6.300363965869906e-03
9.200000000000000e-01 6.702827480888332e+00 6.468057779573649e-03
9.250000000000000e-01 6.872544235855034e+00 6.334223834098117e-03
9.300000000000000e-01 7.046556554689444e+00 5.910068918702664e-03
9.350000000000001e-01 7.224973200755413e+00 5.244287528684465e-03
9.400000000000001e-01 7.407905690264673e+00 4.417721625389624e-03
9.450000000000001e-01 7.595468361978146e+00 3.527674579460535e-03
9.500000000000001e-01 7.787778448671316e+00 2.667473867457780e-03
9.550000000000001e-01 7.984956150408610e+00 1.908794146614158e-03
9.600000000000000e-01 8.187124709672272e+00 1.292250430424946e-03
9.650000000000000e-01 8.394410488393007e+00 8.277127392297167e-04
9.700000000000000e-01 8.606943046930221e+00 5.016996831547870e-04
9.750000000000000e-01 8.824855225051540e+00 2.879348362269026e-04
9.800000000000000e-01 9.048283224961922e+00 1.564540217753180e-04
9.850000000000000e-01 9.277366696434507e+00 8.074286092912422e-05
9.900000000000000e-01 9.512248824096272e+00 3.924059118175031e-05
9.950000000000000e-01 9.753076416923058e+00 1.873148177673337e-05
1.000000000000000e+00 1.000000000000000e+01 7.565527613741082e-06
