0.000000000000000e+00 0.000000000000000e+00 -6.657367804140438e-01
5.000000000000000e-03 3.369477419287315e-03 -6.657367804140438e-01
1.000000000000000e-02 6.741060871647481e-03 -6.638763397157977e-01
1.500000000000000e-02 1.011685770649257e-02 -6.636894172796807e-01
2.000000000000000e-02 1.349897790673588e-02 -6.640485218846913e-01
2.500000000000000e-02 1.688953540759990e-02 -6.640605498273676e-01
3.000000000000000e-02 2.029064941789469e-02 -6.638457700256225e-01
3.500000000000000e-02 2.370444574459234e-02 -6.637185195618552e-01
4.000000000000000e-02 2.713305812152553e-02 -6.636884224541849e-01
4.500000000000000e-02 3.057862954304063e-02 -6.635934668236542e-01
5.000000000000000e-02 3.404331360343898e-02 -6.634077849883608e-01
5.500000000000000e-02 3.752927584304335e-02 -6.632482021232963e-01
6.000000000000000e-02 4.103869510173117e-02 -6.631305009018682e-01
6.500000000000000e-02 4.457376488078044e-02 -6.629574933245461e-01
7.000000000000001e-02 4.813669471387935e-02 -6.627234387030217e-01
7.500000000000000e-02 5.172971154815675e-02 -6.625115062782369e-01
8.000000000000000e-02 5.535506113609672e-02 -6.623176544666207e-01
8.500000000000001e-02 5.901500943920686e-02 -6.620686818397707e-01
9.000000000000000e-02 6.271184404431801e-02 -6.617739435340867e-01
9.500000000000000e-02 6.644787559340060e-02 -6.614953547173252e-01
1.000000000000000e-01 7.022543922779090e-02 -6.612196592249302e-01
1.050000000000000e-01 7.404689604773053e-02 -6.608909562172047e-01
1.100000000000000e-01 7.791463458813094e-02 -6.605225293786846e-01
1.150000000000000e-01 8.183107231148547e-02 -6.601621804646663e-01
1.200000000000000e-01 8.579865711886202e-02 -6.597971415133593e-01
1.250000000000000e-01 8.981986887992111e-02 -6.593811535791795e-01
1.300000000000000e-01 9.389722098291493e-02 -6.589227352256741e-01
1.350000000000000e-01 9.803326190563690e-02 -6.584632008204728e-01
1.400000000000000e-01 1.022305768083033e-01 -6.579979041253676e-01
1.450000000000000e-01 1.064917891493625e-01 -6.574840170058608e-01
1.500000000000000e-01 1.108195623252418e-01 -6.569182091527552e-01
1.550000000000000e-01 1.152166013350572e-01 -6.563388004111952e-01
1.600000000000000e-01 1.196856544713255e-01 -6.557551859705507e-01
1.650000000000000e-01 1.242295150377370e-01 -6.551289334076089e-01
1.700000000000000e-01 1.288510230950609e-01 -6.544413222595350e-01
1.750000000000000e-01 1.335530672362758e-01 -6.537206439866940e-01
1.800000000000000e-01 1.383385863920344e-01 -6.529883768736441e-01
1.850000000000000e-01 1.432105716675912e-01 -6.522242969008503e-01
1.900000000000000e-01 1.481720682123397e-01 -6.514055075166504e-01
1.950000000000000e-01 1.532261771231311e-01 -6.505320912443393e-01
2.000000000000000e-01 1.583760573825595e-01 -6.496147812387312e-01
2.050000000000000e-01 1.636249278334301e-01 -6.486659613976195e-01
2.100000000000000e-01 1.689760691906397e-01 -6.476874473907993e-01
2.150000000000000e-01 1.744328260917313e-01 -6.466547029702965e-01
2.200000000000000e-01 1.799986091874004e-01 -6.455512700256829e-01
2.250000000000000e-01 1.856768972732633e-01 -6.443888002636878e-01
2.300000000000000e-01 1.914712394642179e-01 -6.431740267070578e-01
2.350000000000000e-01 1.973852574127551e-01 -6.419110421488267e-01
2.400000000000000e-01 2.034226475726105e-01 -6.406066937501245e-01
2.450000000000000e-01 2.095871835091678e-01 -6.392426178805444e-01
2.500000000000000e-01 2.158827182580599e-01 -6.378101412092367e-01
2.550000000000000e-01 2.223131867334419e-01 -6.363073364553948e-01
2.600000000000000e-01 2.288826081874405e-01 -6.347201871005731e-01
2.650000000000000e-01 2.355950887223172e-01 -6.330615857900417e-01
2.700000000000000e-01 2.424548238569160e-01 -6.313201855475079e-01
2.750000000000000e-01 2.494661011489995e-01 -6.295052114612465e-01
2.800000000000000e-01 2.566333028751116e-01 -6.276092151511794e-01
2.850000000000000e-01 2.639609087696434e-01 -6.256339970014382e-01
2.900000000000000e-01 2.714534988248126e-01 -6.235747967293670e-01
2.950000000000000e-01 2.791157561533084e-01 -6.214298524062138e-01
3.000000000000000e-01 2.869524699153886e-01 -6.191957494474241e-01
3.050000000000000e-01 2.949685383122613e-01 -6.168698704789056e-01
3.100000000000000e-01 3.031689716476197e-01 -6.144493647271525e-01
3.150000000000000e-01 3.115588954592450e-01 -6.119316050115806e-01
3.200000000000000e-01 3.201435537226349e-01 -6.093140101536088e-01
3.250000000000000e-01 3.289283121286580e-01 -6.065941132028614e-01
3.300000000000000e-01 3.379186614372866e-01 -6.037695427356239e-01
3.350000000000000e-01 3.471202209094989e-01 -6.008380375491658e-01
3.400000000000000e-01 3.565387418195016e-01 -5.977974518990676e-01
3.450000000000000e-01 3.661801110494620e-01 -5.946457632347083e-01
3.500000000000000e-01 3.760503547690021e-01 -5.913810768236726e-01
3.550000000000000e-01 3.861556422017504e-01 -5.880016269422961e-01
3.600000000000000e-01 3.965022894813072e-01 -5.845057725614156e-01
3.650000000000000e-01 4.070967635990345e-01 -5.808919855678804e-01
3.700000000000000e-01 4.179456864461349e-01 -5.771588290141378e-01
3.750000000000000e-01 4.290558389525505e-01 -5.733049223607762e-01
3.800000000000000e-01 4.404341653252637e-01 -5.693288899809271e-01
3.850000000000000e-01 4.520877773886537e-01 -5.652292883566881e-01
3.900000000000000e-01 4.640239590296172e-01 -5.610045063831962e-01
3.950000000000000e-01 4.762501707502353e-01 -5.566526319839411e-01
4.000000000000000e-01 4.887740543308307e-01 -5.521712768076711e-01
4.050000000000000e-01 5.016034376063282e-01 -5.475573491067454e-01
4.100000000000000e-01 5.147463393589066e-01 -5.428067629870689e-01
4.150000000000000e-01 5.282109743299990e-01 -5.379140700986663e-01
4.200000000000000e-01 5.420057583547735e-01 -5.328719975821140e-01
4.250000000000000e-01 5.561393136223041e-01 -5.276708738654083e-01
4.300000000000000e-01 5.706204740647189e-01 -5.222979220248194e-01
4.350000000000000e-01 5.854582908786964e-01 -5.167363994095771e-01
4.400000000000000e-01 6.006620381827575e-01 -5.109645629478851e-01
4.450000000000000e-01 6.162412188138907e-01 -5.049544433595076e-01
4.500000000000000e-01 6.322055702671360e-01 -4.986704204533854e-01
4.550000000000000e-01 6.485650707818353e-01 -4.920676087712571e-01
4.600000000000000e-01 6.653299455783577e-01 -4.850900921660518e-01
4.650000000000000e-01 6.825106732491932e-01 -4.776690927747808e-01
4.700000000000000e-01 7.001179923084168e-01 -4.697212303742146e-01
4.750000000000000e-01 7.181629079036070e-01 -4.611471279958978e-01
4.800000000000000e-01 7.366566986944229e-01 -4.518307514488660e-01
4.850000000000000e-01 7.556109239021327e-01 -4.416400282897104e-01
4.900000000000000e-01 7.750374305345038e-01 -4.304294537612679e-01
4.950000000000000e-01 7.949483607905672e-01 -4.180455089013407e-01
5.000000000000000e-01 8.153561596498893e-01 -4.043357061758582e-01
5.050000000000000e-01 8.362735826510871e-01 -3.891618244301777e-01
5.100000000000000e-01 8.577137038644561e-01 -3.724172746648466e-01
5.150000000000000e-01 8.796899240636907e-01 -3.540474852673021e-01
5.200000000000000e-01 9.022159791018011e-01 -3.340708009459077e-01
5.250000000000000e-01 9.253059484964714e-01 -3.125959974795356e-01
5.300000000000000e-01 9.489742642302165e-01 -2.898317254636945e-01
5.350000000000000e-01 9.732357197708378e-01 -2.660836846294082e-01
5.400000000000000e-01 9.981054793178262e-01 -2.417374624380249e-01
5.450000000000000e-01 1.023599087280478e+00 -2.172284068916161e-01
5.500000000000000e-01 1.049732477993657e+00 -1.930035104287481e-01
5.550000000000000e-01 1.076521985677273e+00 -1.694825789239951e-01
5.600000000000001e-01 1.103984354645701e+00 -1.470259290926297e-01
5.650000000000001e-01 1.132136749773522e+00 -1.259135663358714e-01
5.700000000000001e-01 1.160996767224129e+00 -1.063373447760050e-01
5.750000000000001e-01 1.190582445447902e+00 -8.840444920738612e-02
5.800000000000000e-01 1.220912276456826e+00 -7.214866764379617e-02
5.850000000000000e-01 1.252005217382601e+00 -5.754554298024897e-02
5.900000000000000e-01 1.283880702325469e+00 -4.452817737535968e-02
5.950000000000000e-01 1.316558654501151e+00 -3.300158688105672e-02
6.000000000000000e-01 1.350059498693518e+00 -2.285457663657468e-02
6.050000000000000e-01 1.384404174020732e+00 -1.396889065356078e-02
6.100000000000000e-01 1.419614147022888e+00 -6.225850132702888e-03
6.150000000000000e-01 1.455711425079295e+00 4.891011625445821e-04
6.200000000000000e-01 1.492718570163803e+00 6.283483854660106e-03
6.250000000000000e-01 1.530658712946775e+00 1.125608433648060e-02
6.300000000000000e-01 1.569555567252506e+00 1.549612846034627e-02
6.350000000000000e-01 1.609433444881138e+00 1.908306503051523e-02
6.400000000000000e-01 1.650317270804325e+00 2.208676653547057e-02
6.450000000000000e-01 1.692232598744148e+00 2.456801039569489e-02
6.500000000000000e-01 1.735205627145031e+00 2.657914598040050e-02
6.550000000000000e-01 1.779263215548615e+00 2.816488291329378e-02
6.600000000000000e-01 1.824432901381847e+00 2.936315733286231e-02
6.650000000000000e-01 1.870742917168772e+00 3.020604713464937e-02
6.700000000000000e-01 1.918222208176775e+00 3.072071662713838e-02
6.750000000000000e-01 1.966900450508319e+00 3.093037675441290e-02
6.800000000000000e-01 2.016808069649473e+00 3.085524986803675e-02
6.850000000000001e-01 2.067976259486829e+00 3.051352838677359e-02
6.900000000000001e-01 2.120437001804702e+00 2.992231475380657e-02
6.950000000000001e-01 2.174223086274785e+00 2.909852600560662e-02
7.000000000000001e-01 2.229368130950753e+00 2.805974023609668e-02
7.050000000000000e-01 2.285906603280654e+00 2.682495481160413e-02
7.100000000000000e-01 2.343873841650178e+00 2.541521838400540e-02
7.150000000000000e-01 2.403306077470301e+00 2.385409216314703e-02
7.200000000000000e-01 2.464240457823092e+00 2.216789268992587e-02
7.250000000000000e-01 2.526715068679855e+00 2.038567092833886e-02
7.300000000000000e-01 2.590768958706095e+00 1.853889307264161e-02
7.350000000000000e-01 2.656442163668210e+00 1.666080830830501e-02
7.400000000000000e-01 2.723775731457148e+00 1.478551744189498e-02
7.450000000000000e-01 2.792811747744667e+00 1.294679117186927e-02
7.500000000000000e-01 2.863593362288260e+00 1.117672291880959e-02
7.550000000000000e-01 2.936164815901156e+00 9.504332119807063e-03
7.600000000000000e-01 3.010571468104263e+00 7.954253029709811e-03
7.650000000000000e-01 3.086859825477351e+00 6.545646084256074e-03
7.700000000000000e-01 3.165077570727174e+00 5.291451380318769e-03
7.750000000000000e-01 3.245273592490716e+00 4.198068151009473e-03
7.800000000000000e-01 3.327498015892184e+00 3.265495218153433e-03
7.850000000000000e-01 3.411802233872832e+00 2.487912892898598e-03
7.900000000000000e-01 3.498238939313234e+00 1.854635342401327e-03
7.950000000000000e-01 3.586862157968046e+00 1.351322075181555e-03
8.000000000000000e-01 3.677727282233856e+00 9.613138191578849e-04
8.050000000000000e-01 3.770891105771243e+00 6.669544637193373e-04
8.100000000000001e-01 3.866411859002656e+00 4.507762325234428e-04
8.150000000000001e-01 3.964349245508326e+00 2.964559845305637e-04
8.200000000000001e-01 4.064764479342956e+00 1.894903157167839e-04
8.250000000000001e-01 4.167720323296481e+00 1.175787098370913e-04
8.300000000000001e-01 4.273281128122877e+00 7.074052147759428e-05
8.350000000000000e-01 4.381512872761445e+00 4.121794025777415e-05
8.400000000000000e-01 4.492483205575838e+00 2.323072890423542e-05
8.450000000000000e-01 4.606261486636447e+00 1.264967963285022e-05
8.500000000000000e-01 4.722918831072739e+00 6.646938625281154e-06
8.550000000000000e-01 4.842528153522501e+00 3.366514363553213e-06
8.600000000000000e-01 4.965164213705875e+00 1.641554336057738e-06
8.650000000000000e-01 5.090903663152626e+00 7.697606461821469e-07
8.700000000000000e-01 5.219825093111814e+00 3.467400265824563e-07
8.750000000000000e-01 5.352009083673925e+00 1.498776593950820e-07
8.800000000000000e-01 5.487538254136007e+00 6.210233785173136e-08
8.850000000000000e-01 5.626497314641444e+00 2.464274838894112e-08
8.900000000000000e-01 5.768973119126561e+00 9.355624715664904e-09
8.950000000000000e-01 5.915054719607133e+00 3.395260154519678e-09
9.000000000000000e-01 6.064833421838831e+00 1.176866761465983e-09
9.050000000000000e-01 6.218402842386253e+00 3.893114841473964e-10
9.100000000000000e-01 6.375858967136348e+00 1.228201866382210e-10
9.150000000000000e-01 6.537300211292723e+00 3.692816721023894e-11
9.200000000000000e-01 6.702827480888332e+00 1.057548688397613e-11
9.250000000000000e-01 6.872544235855034e+00 2.883123446085316e-12
9.300000000000000e-01 7.046556554689444e+00 7.478911522546487e-13
9.350000000000001e-01 7.224973200755413e+00 1.845202338150961e-13
9.400000000000001e-01 7.407905690264673e+00 4.328364217703008e-14
9.450000000000001e-01 7.595468361978146e+00 9.650425606460481e-15
9.500000000000001e-01 7.787778448671316e+00 2.044582849603952e-15
9.550000000000001e-01 7.984956150408610e+00 4.115421127107774e-16
9.600000000000000e-01 8.187124709672272e+00 7.868878317059646e-17
9.650000000000000e-01 8.394410488393007e+00 1.429087096202907e-17
9.700000000000000e-01 8.606943046930221e+00 2.465072140985012e-18
9.750000000000000e-01 8.824855225051540e+00 4.038512738075128e-19
9.800000000000000e-01 9.048283224961922e+00 6.284149538771993e-20
9.850000000000000e-01 9.277366696434507e+00 9.288451647423153e-21
9.900000000000000e-01 9.512248824096272e+00 1.302796796220474e-21
9.950000000000000e-01 9.753076416923058e+00 1.852546087301157e-22
1.000000000000000e+00 1.000000000000000e+01 -4.657910302121899e-23
