0.000000000000000e+00 0.000000000000000e+00 -8.654410080592645e-01
5.000000000000000e-03 3.369477419287315e-03 -8.654410080592645e-01
1.000000000000000e-02 6.741060871647481e-03 -8.641729577543604e-01
1.500000000000000e-02 1.011685770649257e-02 -8.641520689011207e-01
2.000000000000000e-02 1.349897790673588e-02 -8.643454296396591e-01
2.500000000000000e-02 1.688953540759990e-02 -8.642833247003225e-01
3.000000000000000e-02 2.029064941789469e-02 -8.642187370092181e-01
3.500000000000000e-02 2.370444574459234e-02 -8.641843204749958e-01
4.000000000000000e-02 2.713305812152553e-02 -8.640852681237784e-01
4.500000000000000e-02 3.057862954304063e-02 -8.640204727682319e-01
5.000000000000000e-02 3.404331360343898e-02 -8.639837009235720e-01
5.500000000000000e-02 3.752927584304335e-02 -8.638815288002875e-01
6.000000000000000e-02 4.103869510173117e-02 -8.637625898445451e-01
6.500000000000000e-02 4.457376488078044e-02 -8.636912925682965e-01
7.000000000000001e-02 4.813669471387935e-02 -8.635864386939724e-01
7.500000000000000e-02 5.172971154815675e-02 -8.634363906797440e-01
8.000000000000000e-02 5.535506113609672e-02 -8.633204411300101e-01
8.500000000000001e-02 5.901500943920686e-02 -8.632107418171050e-01
9.000000000000000e-02 6.271184404431801e-02 -8.630384357771231e-01
9.500000000000000e-02 6.644787559340060e-02 -8.628628808667670e-01
1.000000000000000e-01 7.022543922779090e-02 -8.627249601019078e-01
1.050000000000000e-01 7.404689604773053e-02 -8.625547478314648e-01
1.100000000000000e-01 7.791463458813094e-02 -8.623368208688327e-01
1.150000000000000e-01 8.183107231148547e-02 -8.621388015198063e-01
1.200000000000000e-01 8.579865711886202e-02 -8.619496482146625e-01
1.250000000000000e-01 8.981986887992111e-02 -8.617156311953497e-01
1.300000000000000e-01 9.389722098291493e-02 -8.614638733501516e-01
1.350000000000000e-01 9.803326190563690e-02 -8.612297878770918e-01
1.400000000000000e-01 1.022305768083033e-01 -8.609752018955134e-01
1.450000000000000e-01 1.064917891493625e-01 -8.606822935301620e-01
1.500000000000000e-01 1.108195623252418e-01 -8.603915074760689e-01
1.550000000000000e-01 1.152166013350572e-01 -8.601051799467295e-01
1.600000000000000e-01 1.196856544713255e-01 -8.597831871177305e-01
1.650000000000000e-01 1.242295150377370e-01 -8.594326486763084e-01
1.700000000000000e-01 1.288510230950609e-01 -8.590898390851188e-01
1.750000000000000e-01 1.335530672362758e-01 -8.587406365286750e-01
1.800000000000000e-01 1.383385863920344e-01 -8.583520083646516e-01
1.850000000000000e-01 1.432105716675912e-01 -8.579393250445024e-01
1.900000000000000e-01 1.481720682123397e-01 -8.575321742427996e-01
1.950000000000000e-01 1.532261771231311e-01 -8.571146786127514e-01
2.000000000000000e-01 1.583760573825595e-01 -8.566596023970627e-01
2.050000000000000e-01 1.636249278334301e-01 -8.561789152813845e-01
2.100000000000000e-01 1.689760691906397e-01 -8.556979209450123e-01
2.150000000000000e-01 1.744328260917313e-01 -8.552088988704036e-01
2.200000000000000e-01 1.799986091874004e-01 -8.546897074004250e-01
2.250000000000000e-01 1.856768972732633e-01 -8.541406257110982e-01
2.300000000000000e-01 1.914712394642179e-01 -8.535799598583566e-01
2.350000000000000e-01 1.973852574127551e-01 -8.530154977270231e-01
2.400000000000000e-01 2.034226475726105e-01 -8.524380661292346e-01
2.450000000000000e-01 2.095871835091678e-01 -8.518330645988321e-01
2.500000000000000e-01 2.158827182580599e-01 -8.512011704399093e-01
2.550000000000000e-01 2.223131867334419e-01 -8.505614859881044e-01
2.600000000000000e-01 2.288826081874405e-01 -8.499258767895640e-01
2.650000000000000e-01 2.355950887223172e-01 -8.492825613939358e-01
2.700000000000000e-01 2.424548238569160e-01 -8.486218848478714e-01
2.750000000000000e-01 2.494661011489995e-01 -8.479471624364462e-01
2.800000000000000e-01 2.566333028751116e-01 -8.472643200608179e-01
2.850000000000000e-01 2.639609087696434e-01 -8.465874024870016e-01
2.900000000000000e-01 2.714534988248126e-01 -8.459290840761257e-01
2.950000000000000e-01 2.791157561533084e-01 -8.452857856990627e-01
3.000000000000000e-01 2.869524699153886e-01 -8.446610047931993e-01
3.050000000000000e-01 2.949685383122613e-01 -8.440569877917804e-01
3.100000000000000e-01 3.031689716476197e-01 -8.434748964364014e-01
3.150000000000000e-01 3.115588954592450e-01 -8.429318705795810e-01
3.200000000000000e-01 3.201435537226349e-01 -8.424333896780289e-01
3.250000000000000e-01 3.289283121286580e-01 -8.420005846591267e-01
3.300000000000000e-01 3.379186614372866e-01 -8.416449318872283e-01
3.350000000000000e-01 3.471202209094989e-01 -8.413873495941764e-01
3.400000000000000e-01 3.565387418195016e-01 -8.412460367797796e-01
3.450000000000000e-01 3.661801110494620e-01 -8.412449692743352e-01
3.500000000000000e-01 3.760503547690021e-01 -8.414102663246161e-01
3.550000000000000e-01 3.861556422017504e-01 -8.417732358034441e-01
3.600000000000000e-01 3.965022894813072e-01 -8.423701344837173e-01
3.650000000000000e-01 4.070967635990345e-01 -8.432436818018882e-01
3.700000000000000e-01 4.179456864461349e-01 -8.444440874909712e-01
3.750000000000000e-01 4.290558389525505e-01 -8.460306879503885e-01
3.800000000000000e-01 4.404341653252637e-01 -8.480738749669383e-01
3.850000000000000e-01 4.520877773886537e-01 -8.506576194795326e-01
3.900000000000000e-01 4.640239590296172e-01 -8.538827226652159e-01
3.950000000000000e-01 4.762501707502353e-01 -8.578710943176067e-01
4.000000000000000e-01 4.887740543308307e-01 -8.627714584167079e-01
4.050000000000000e-01 5.016034376063282e-01 -8.687670973594561e-01
4.100000000000000e-01 5.147463393589066e-01 -8.760865657712181e-01
4.150000000000000e-01 5.282109743299990e-01 -8.850188367633128e-01
4.200000000000000e-01 5.420057583547735e-01 -8.959352453948894e-01
4.250000000000000e-01 5.561393136223041e-01 -9.093221841899345e-01
4.300000000000000e-01 5.706204740647189e-01 -9.258314282237448e-01
4.350000000000000e-01 5.854582908786964e-01 -9.463606103238164e-01
4.400000000000000e-01 6.006620381827575e-01 -9.721879154169906e-01
4.450000000000000e-01 6.162412188138907e-01 -1.005210414366766e+00
4.500000000000000e-01 6.322055702671360e-01 -1.048396122031369e+00
4.550000000000000e-01 6.485650707818353e-01 -1.106721691865771e+00
4.600000000000000e-01 6.653299455783577e-01 -1.189364458287506e+00
4.650000000000000e-01 6.825106732491932e-01 -1.315750612060315e+00
4.700000000000000e-01 7.001179923084168e-01 -1.536489227122752e+00
4.750000000000000e-01 7.181629079036070e-01 -2.014765624678778e+00
4.800000000000000e-01 7.366566986944229e-01 -2.713322967092505e+00
4.850000000000000e-01 7.556109239021327e-01 -1.553439489548590e+00
4.900000000000000e-01 7.750374305345038e-01 -5.169063567295731e-02
4.950000000000000e-01 7.949483607905672e-01 -1.994081127596893e-01
5.000000000000000e-01 8.153561596498893e-01 -2.511277671257908e-02
5.050000000000000e-01 8.362735826510871e-01 -6.633741826228449e-02
5.100000000000000e-01 8.577137038644561e-01 -3.372904831943287e-02
5.150000000000000e-01 8.796899240636907e-01 -2.148183464915292e-02
5.200000000000000e-01 9.022159791018011e-01 -3.758493316119628e-02
5.250000000000000e-01 9.253059484964714e-01 -3.757724402896574e-03
5.300000000000000e-01 9.489742642302165e-01 -3.629300631107137e-02
5.350000000000000e-01 9.732357197708378e-01 1.864908356019835e-03
5.400000000000000e-01 9.981054793178262e-01 -3.178567472483606e-02
5.450000000000000e-01 1.023599087280478e+00 1.576000238578092e-03
5.500000000000000e-01 1.049732477993657e+00 -2.583617208525813e-02
5.550000000000000e-01 1.076521985677273e+00 -1.343471337185634e-03
5.600000000000001e-01 1.103984354645701e+00 -1.979975522774891e-02
5.650000000000001e-01 1.132136749773522e+00 -4.951388667197754e-03
5.700000000000001e-01 1.160996767224129e+00 -1.460726181991803e-02
5.750000000000001e-01 1.190582445447902e+00 -8.103726431682170e-03
5.800000000000000e-01 1.220912276456826e+00 -1.078620169006821e-02
5.850000000000000e-01 1.252005217382601e+00 -1.022760655794525e-02
5.900000000000000e-01 1.283880702325469e+00 -8.492393867295868e-03
5.950000000000000e-01 1.316558654501151e+00 -1.119191307941121e-02
6.000000000000000e-01 1.350059498693518e+00 -7.565952968006611e-03
6.050000000000000e-01 1.384404174020732e+00 -1.119203009618024e-02
6.100000000000000e-01 1.419614147022888e+00 -7.624057449420745e-03
6.150000000000000e-01 1.455711425079295e+00 -1.061628656701587e-02
6.200000000000000e-01 1.492718570163803e+00 -8.189519358287023e-03
6.250000000000000e-01 1.530658712946775e+00 -9.894273994773507e-03
6.300000000000000e-01 1.569555567252506e+00 -8.833580753746424e-03
6.350000000000000e-01 1.609433444881138e+00 -9.354739236529328e-03
6.400000000000000e-01 1.650317270804325e+00 -9.291366053404205e-03
6.450000000000000e-01 1.692232598744148e+00 -9.137784255184932e-03
6.500000000000000e-01 1.735205627145031e+00 -9.503546119972115e-03
6.550000000000000e-01 1.779263215548615e+00 -9.198197631063419e-03
6.600000000000000e-01 1.824432901381847e+00 -9.563425150507263e-03
6.650000000000000e-01 1.870742917168772e+00 -9.395026012244448e-03
6.700000000000000e-01 1.918222208176775e+00 -9.603041772037371e-03
6.750000000000000e-01 1.966900450508319e+00 -9.605913097332915e-03
6.800000000000000e-01 2.016808069649473e+00 -9.697207032938080e-03
6.850000000000001e-01 2.067976259486829e+00 -9.786184038363283e-03
6.900000000000001e-01 2.120437001804702e+00 -9.845985767760206e-03
6.950000000000001e-01 2.174223086274785e+00 -9.947969981018961e-03
7.000000000000001e-01 2.229368130950753e+00 -1.001828856855397e-02
7.050000000000000e-01 2.285906603280654e+00 -1.011026328524174e-02
7.100000000000000e-01 2.343873841650178e+00 -1.019170776873103e-02
7.150000000000000e-01 2.403306077470301e+00 -1.027572016878303e-02
7.200000000000000e-01 2.464240457823092e+00 -1.035786283468945e-02
7.250000000000000e-01 2.526715068679855e+00 -1.043620128382221e-02
7.300000000000000e-01 2.590768958706095e+00 -1.051172815608968e-02
7.350000000000000e-01 2.656442163668210e+00 -1.058162624436039e-02
7.400000000000000e-01 2.723775731457148e+00 -1.064555157932282e-02
7.450000000000000e-01 2.792811747744667e+00 -1.070166055100552e-02
7.500000000000000e-01 2.863593362288260e+00 -1.074848060474846e-02
7.550000000000000e-01 2.936164815901156e+00 -1.078423069394525e-02
7.600000000000000e-01 3.010571468104263e+00 -1.080691103017492e-02
7.650000000000000e-01 3.086859825477351e+00 -1.081433315586187e-02
7.700000000000000e-01 3.165077570727174e+00 -1.080402678448915e-02
7.750000000000000e-01 3.245273592490716e+00 -1.077325203967306e-02
7.800000000000000e-01 3.327498015892184e+00 -1.071895189075092e-02
7.850000000000000e-01 3.411802233872832e+00 -1.063772697787222e-02
7.900000000000000e-01 3.498238939313234e+00 -1.052580360527920e-02
7.950000000000000e-01 3.586862157968046e+00 -1.037900599585578e-02
8.000000000000000e-01 3.677727282233856e+00 -1.019273369407056e-02
8.050000000000000e-01 3.770891105771243e+00 -9.961947243227057e-03
8.100000000000001e-01 3.866411859002656e+00 -9.681172792080755e-03
8.150000000000001e-01 3.964349245508326e+00 -9.344535561662775e-03
8.200000000000001e-01 4.064764479342956e+00 -8.945831047936633e-03
8.250000000000001e-01 4.167720323296481e+00 -8.478655299744686e-03
8.300000000000001e-01 4.273281128122877e+00 -7.936628677032558e-03
8.350000000000000e-01 4.381512872761445e+00 -7.313738391545393e-03
8.400000000000000e-01 4.492483205575838e+00 -6.604820608799146e-03
8.450000000000000e-01 4.606261486636447e+00 -5.806230650749375e-03
8.500000000000000e-01 4.722918831072739e+00 -4.916746509170769e-03
8.550000000000000e-01 4.842528153522501e+00 -3.938647498900414e-03
8.600000000000000e-01 4.965164213705875e+00 -2.878795036385565e-03
8.650000000000000e-01 5.090903663152626e+00 -1.749561685689663e-03
8.700000000000000e-01 5.219825093111814e+00 -5.695387672834781e-04
8.750000000000000e-01 5.352009083673925e+00 6.361157348234967e-04
8.800000000000000e-01 5.487538254136007e+00 1.835996024495082e-03
8.850000000000000e-01 5.626497314641444e+00 2.993611124473369e-03
8.900000000000000e-01 5.768973119126561e+00 4.068987708618819e-03
8.950000000000000e-01 5.915054719607133e+00 5.019874051463078e-03
9.000000000000000e-01 6.064833421838831e+00 5.802261575747484e-03
9.050000000000000e-01 6.218402842386253e+00 6.371437674943855e-03
9.100000000000000e-01 6.375858967136348e+00 6.685876017604044e-03
9.150000000000000e-01 6.537300211292723e+00 6.715410992382456e-03
9.200000000000000e-01 6.702827480888332e+00 6.452238114323695e-03
9.250000000000000e-01 6.872544235855034e+00 5.920188516077741e-03
9.300000000000000e-01 7.046556554689444e+00 5.176917234772455e-03
9.350000000000001e-01 7.224973200755413e+00 4.306172940252757e-03
9.400000000000001e-01 7.407905690264673e+00 3.401862549756362e-03
9.450000000000001e-01 7.595468361978146e+00 2.549450631173945e-03
9.500000000000001e-01 7.787778448671316e+00 1.811152987073520e-03
9.550000000000001e-01 7.984956150408610e+00 1.219184413921554e-03
9.600000000000000e-01 8.187124709672272e+00 7.775696900936279e-04
9.650000000000000e-01 8.394410488393007e+00 4.699108188103197e-04
9.700000000000000e-01 8.606943046930221e+00 2.691553195236353e-04
9.750000000000000e-01 8.824855225051540e+00 1.461929817854695e-04
9.800000000000000e-01 9.048283224961922e+00 7.529787041968886e-05
9.850000000000000e-01 9.277366696434507e+00 3.687891283795600e-05
9.900000000000000e-01 9.512248824096272e+00 1.703411870816276e-05
9.950000000000000e-01 9.753076416923058e+00 7.764680952370648e-06
1.000000000000000e+00 1.000000000000000e+01 2.911734416016527e-06
