0.000000000000000e+00 0.000000000000000e+00 -8.264578018920353e-01
5.000000000000000e-03 3.369477419287315e-03 -8.264578018920353e-01
1.000000000000000e-02 6.741060871647481e-03 -8.248437310491602e-01
1.500000000000000e-02 1.011685770649257e-02 -8.248080901512980e-01
2.000000000000000e-02 1.349897790673588e-02 -8.251478909527065e-01
2.500000000000000e-02 1.688953540759990e-02 -8.250754765662837e-01
3.000000000000000e-02 2.029064941789469e-02 -8.248874066945368e-01
3.500000000000000e-02 2.370444574459234e-02 -8.248645655535377e-01
4.000000000000000e-02 2.713305812152553e-02 -8.248411400545358e-01
4.500000000000000e-02 3.057862954304063e-02 -8.247158929230647e-01
5.000000000000000e-02 3.404331360343898e-02 -8.246065736447172e-01
5.500000000000000e-02 3.752927584304335e-02 -8.245439619887951e-01
6.000000000000000e-02 4.103869510173117e-02 -8.244202377483697e-01
6.500000000000000e-02 4.457376488078044e-02 -8.242600050262120e-01
7.000000000000001e-02 4.813669471387935e-02 -8.241467796876946e-01
7.500000000000000e-02 5.172971154815675e-02 -8.240258257608860e-01
8.000000000000000e-02 5.535506113609672e-02 -8.238339327887580e-01
8.500000000000001e-02 5.901500943920686e-02 -8.236464816786074e-01
9.000000000000000e-02 6.271184404431801e-02 -8.234959330046163e-01
9.500000000000000e-02 6.644787559340060e-02 -8.233043884847921e-01
1.000000000000000e-01 7.022543922779090e-02 -8.230635710266078e-01
1.050000000000000e-01 7.404689604773053e-02 -8.228440151408064e-01
1.100000000000000e-01 7.791463458813094e-02 -8.226299001575729e-01
1.150000000000000e-01 8.183107231148547e-02 -8.223661186013392e-01
1.200000000000000e-01 8.579865711886202e-02 -8.220822210378438e-01
1.250000000000000e-01 8.981986887992111e-02 -8.218145567481672e-01
1.300000000000000e-01 9.389722098291493e-02 -8.215235559559166e-01
1.350000000000000e-01 9.803326190563690e-02 -8.211893801682996e-01
1.400000000000000e-01 1.022305768083033e-01 -8.208532468195133e-01
1.450000000000000e-01 1.064917891493625e-01 -8.205196789942852e-01
1.500000000000000e-01 1.108195623252418e-01 -8.201471559018616e-01
1.550000000000000e-01 1.152166013350572e-01 -8.197396234690623e-01
1.600000000000000e-01 1.196856544713255e-01 -8.193347061261672e-01
1.650000000000000e-01 1.242295150377370e-01 -8.189209599567595e-01
1.700000000000000e-01 1.288510230950609e-01 -8.184630520577657e-01
1.750000000000000e-01 1.335530672362758e-01 -8.179728133357684e-01
1.800000000000000e-01 1.383385863920344e-01 -8.174814631223383e-01
1.850000000000000e-01 1.432105716675912e-01 -8.169758503086183e-01
1.900000000000000e-01 1.481720682123397e-01 -8.164264292413023e-01
1.950000000000000e-01 1.532261771231311e-01 -8.158411065225727e-01
2.000000000000000e-01 1.583760573825595e-01 -8.152457267085125e-01
2.050000000000000e-01 1.636249278334301e-01 -8.146356023860769e-01
2.100000000000000e-01 1.689760691906397e-01 -8.139876198214113e-01
2.150000000000000e-01 1.744328260917313e-01 -8.132971961789556e-01
2.200000000000000e-01 1.799986091874004e-01 -8.125806702661820e-01
2.250000000000000e-01 1.856768972732633e-01 -8.118486068975194e-01
2.300000000000000e-01 1.914712394642179e-01 -8.110928015809939e-01
2.350000000000000e-01 1.973852574127551e-01 -8.102942572151266e-01
2.400000000000000e-01 2.034226475726105e-01 -8.094495258667405e-01
2.450000000000000e-01 2.095871835091678e-01 -8.085776310540819e-01
2.500000000000000e-01 2.158827182580599e-01 -8.076907073967178e-01
2.550000000000000e-01 2.223131867334419e-01 -8.067753468989103e-01
2.600000000000000e-01 2.288826081874405e-01 -8.058192451762796e-01
2.650000000000000e-01 2.355950887223172e-01 -8.048214187310145e-01
2.700000000000000e-01 2.424548238569160e-01 -8.037837935827513e-01
2.750000000000000e-01 2.494661011489995e-01 -8.027188890241584e-01
2.800000000000000e-01 2.566333028751116e-01 -8.016368902644656e-01
2.850000000000000e-01 2.639609087696434e-01 -8.005301346028032e-01
2.900000000000000e-01 2.714534988248126e-01 -7.993980461640878e-01
2.950000000000000e-01 2.791157561533084e-01 -7.982366354932730e-01
3.000000000000000e-01 2.869524699153886e-01 -7.970405985068775e-01
3.050000000000000e-01 2.949685383122613e-01 -7.958209022706869e-01
3.100000000000000e-01 3.031689716476197e-01 -7.945747464543429e-01
3.150000000000000e-01 3.115588954592450e-01 -7.933156872736231e-01
3.200000000000000e-01 3.201435537226349e-01 -7.920448684643198e-01
3.250000000000000e-01 3.289283121286580e-01 -7.907724296799257e-01
3.300000000000000e-01 3.379186614372866e-01 -7.895032461933070e-01
3.350000000000000e-01 3.471202209094989e-01 -7.882462691573632e-01
3.400000000000000e-01 3.565387418195016e-01 -7.870098626551755e-01
3.450000000000000e-01 3.661801110494620e-01 -7.858046963506262e-01
3.500000000000000e-01 3.760503547690021e-01 -7.846427310877500e-01
3.550000000000000e-01 3.861556422017504e-01 -7.835380169559486e-01
3.600000000000000e-01 3.965022894813072e-01 -7.825066970748621e-01
3.650000000000000e-01 4.070967635990345e-01 -7.815673768067484e-01
3.700000000000000e-01 4.179456864461349e-01 -7.807413969546380e-01
3.750000000000000e-01 4.290558389525505e-01 -7.800531973286721e-01
3.800000000000000e-01 4.404341653252637e-01 -7.795307059298299e-01
3.850000000000000e-01 4.520877773886537e-01 -7.792057778172348e-01
3.900000000000000e-01 4.640239590296172e-01 -7.791146736036083e-01
3.950000000000000e-01 4.762501707502353e-01 -7.792985726997197e-01
4.000000000000000e-01 4.887740543308307e-01 -7.798041038077026e-01
4.050000000000000e-01 5.016034376063282e-01 -7.806838597057920e-01
4.100000000000000e-01 5.147463393589066e-01 -7.819968345799928e-01
4.150000000000000e-01 5.282109743299990e-01 -7.838086731422997e-01
4.200000000000000e-01 5.420057583547735e-01 -7.861915362164189e-01
4.250000000000000e-01 5.561393136223041e-01 -7.892232415555340e-01
4.300000000000000e-01 5.706204740647189e-01 -7.929850857897583e-01
4.350000000000000e-01 5.854582908786964e-01 -7.975573135230458e-01
4.400000000000000e-01 6.006620381827575e-01 -8.030104328764889e-01
4.450000000000000e-01 6.162412188138907e-01 -8.093892438546499e-01
4.500000000000000e-01 6.322055702671360e-01 -8.166841560795227e-01
4.550000000000000e-01 6.485650707818353e-01 -8.247805549944228e-01
4.600000000000000e-01 6.653299455783577e-01 -8.333710277451135e-01
4.650000000000000e-01 6.825106732491932e-01 -8.418073766005230e-01
4.700000000000000e-01 7.001179923084168e-01 -8.488633931059295e-01
4.750000000000000e-01 7.181629079036070e-01 -8.523904524295201e-01
4.800000000000000e-01 7.366566986944229e-01 -8.489161995487223e-01
4.850000000000000e-01 7.556109239021327e-01 -8.334309539949867e-01
4.900000000000000e-01 7.750374305345038e-01 -7.999455474711737e-01
4.950000000000000e-01 7.949483607905672e-01 -7.435813093527091e-01
5.000000000000000e-01 8.153561596498893e-01 -6.641181122730129e-01
5.050000000000000e-01 8.362735826510871e-01 -5.687076418200609e-01
5.100000000000000e-01 8.577137038644561e-01 -4.702527966705781e-01
5.150000000000000e-01 8.796899240636907e-01 -3.813023910764436e-01
5.200000000000000e-01 9.022159791018011e-01 -3.085294603314093e-01
5.250000000000000e-01 9.253059484964714e-01 -2.522519385182089e-01
5.300000000000000e-01 9.489742642302165e-01 -2.095769811428903e-01
5.350000000000000e-01 9.732357197708378e-01 -1.771916412522515e-01
5.400000000000000e-01 9.981054793178262e-01 -1.523768757524550e-01
5.450000000000000e-01 1.023599087280478e+00 -1.330814329522267e-01
5.500000000000000e-01 1.049732477993657e+00 -1.178081092410563e-01
5.550000000000000e-01 1.076521985677273e+00 -1.054846109872459e-01
5.600000000000001e-01 1.103984354645701e+00 -9.534460238311812e-02
5.650000000000001e-01 1.132136749773522e+00 -8.683773840142794e-02
5.700000000000001e-01 1.160996767224129e+00 -7.956635943304952e-02
5.750000000000001e-01 1.190582445447902e+00 -7.324072204109762e-02
5.800000000000000e-01 1.220912276456826e+00 -6.764768187247394e-02
5.850000000000000e-01 1.252005217382601e+00 -6.262888574491197e-02
5.900000000000000e-01 1.283880702325469e+00 -5.806546593058294e-02
5.950000000000000e-01 1.316558654501151e+00 -5.386724367793767e-02
6.000000000000000e-01 1.350059498693518e+00 -4.996507285420880e-02
6.050000000000000e-01 1.384404174020732e+00 -4.630537371185623e-02
6.100000000000000e-01 1.419614147022888e+00 -4.284620794463877e-02
6.150000000000000e-01 1.455711425079295e+00 -3.955444629087955e-02
6.200000000000000e-01 1.492718570163803e+00 -3.640371577982123e-02
6.250000000000000e-01 1.530658712946775e+00 -3.337290740090831e-02
6.300000000000000e-01 1.569555567252506e+00 -3.044508923907014e-02
6.350000000000000e-01 1.609433444881138e+00 -2.760671461218946e-02
6.400000000000000e-01 1.650317270804325e+00 -2.484704576836013e-02
6.450000000000000e-01 1.692232598744148e+00 -2.215773541501635e-02
6.500000000000000e-01 1.735205627145031e+00 -1.953252362808652e-02
6.550000000000000e-01 1.779263215548615e+00 -1.696701848234143e-02
6.600000000000000e-01 1.824432901381847e+00 -1.445853640760985e-02
6.650000000000000e-01 1.870742917168772e+00 -1.200598376391692e-02
6.700000000000000e-01 1.918222208176775e+00 -9.609765124998202e-03
6.750000000000000e-01 1.966900450508319e+00 -7.271706760578307e-03
6.800000000000000e-01 2.016808069649473e+00 -4.994986175753582e-03
6.850000000000001e-01 2.067976259486829e+00 -2.784060559345522e-03
6.900000000000001e-01 2.120437001804702e+00 -6.445887821736162e-04
6.950000000000001e-01 2.174223086274785e+00 1.416656741707057e-03
7.000000000000001e-01 2.229368130950753e+00 3.391890455311451e-03
7.050000000000000e-01 2.285906603280654e+00 5.272427061171582e-03
7.100000000000000e-01 2.343873841650178e+00 7.048807596542635e-03
7.150000000000000e-01 2.403306077470301e+00 8.710937279157654e-03
7.200000000000000e-01 2.464240457823092e+00 1.024823434821667e-02
7.250000000000000e-01 2.526715068679855e+00 1.164979013658784e-02
7.300000000000000e-01 2.590768958706095e+00 1.290454263038232e-02
7.350000000000000e-01 2.656442163668210e+00 1.400146882153739e-02
7.400000000000000e-01 2.723775731457148e+00 1.492980510794637e-02
7.450000000000000e-01 2.792811747744667e+00 1.567930950713576e-02
7.500000000000000e-01 2.863593362288260e+00 1.624058389775638e-02
7.550000000000000e-01 2.936164815901156e+00 1.660547785256804e-02
7.600000000000000e-01 3.010571468104263e+00 1.676759626654312e-02
7.650000000000000e-01 3.086859825477351e+00 1.672292855910898e-02
7.700000000000000e-01 3.165077570727174e+00 1.647060463208518e-02
7.750000000000000e-01 3.245273592490716e+00 1.601375865441277e-02
7.800000000000000e-01 3.327498015892184e+00 1.536044406967601e-02
7.850000000000000e-01 3.411802233872832e+00 1.452449385718893e-02
7.900000000000000e-01 3.498238939313234e+00 1.352616771995319e-02
7.950000000000000e-01 3.586862157968046e+00 1.239238918133913e-02
8.000000000000000e-01 3.677727282233856e+00 1.115637224202311e-02
8.050000000000000e-01 3.770891105771243e+00 9.856488253784752e-03
8.100000000000001e-01 3.866411859002656e+00 8.534334935081564e-03
8.150000000000001e-01 3.964349245508326e+00 7.232125985293882e-03
8.200000000000001e-01 4.064764479342956e+00 5.989685419368135e-03
8.250000000000001e-01 4.167720323296481e+00 4.841457837596901e-03
8.300000000000001e-01 4.273281128122877e+00 3.813991474988225e-03
8.350000000000000e-01 4.381512872761445e+00 2.924293360416937e-03
8.400000000000000e-01 4.492483205575838e+00 2.179303996912930e-03
8.450000000000000e-01 4.606261486636447e+00 1.576529902722339e-03
8.500000000000000e-01 4.722918831072739e+00 1.105659851169734e-03
8.550000000000000e-01 4.842528153522501e+00 7.508276845880884e-04
8.600000000000000e-01 4.965164213705875e+00 4.931073592443251e-04
8.650000000000000e-01 5.090903663152626e+00 3.128443559555816e-04
8.700000000000000e-01 5.219825093111814e+00 1.915250549695225e-04
8.750000000000000e-01 5.352009083673925e+00 1.130267347866244e-04
8.800000000000000e-01 5.487538254136007e+00 6.423435284181364e-05
8.850000000000000e-01 5.626497314641444e+00 3.512221132945930e-05
8.900000000000000e-01 5.768973119126561e+00 1.846072288245589e-05
8.950000000000000e-01 5.915054719607133e+00 9.320060553486542e-06
9.000000000000000e-01 6.064833421838831e+00 4.516164894792986e-06
9.050000000000000e-01 6.218402842386253e+00 2.098972104398354e-06
9.100000000000000e-01 6.375858967136348e+00 9.351058416986123e-07
9.150000000000000e-01 6.537300211292723e+00 3.991071919488435e-07
9.200000000000000e-01 6.702827480888332e+00 1.631081845215986e-07
9.250000000000000e-01 6.872544235855034e+00 6.380084981687647e-08
9.300000000000000e-01 7.046556554689444e+00 2.387657806595068e-08
9.350000000000001e-01 7.224973200755413e+00 8.546045216173380e-09
9.400000000000001e-01 7.407905690264673e+00 2.924686342566596e-09
9.450000000000001e-01 7.595468361978146e+00 9.567702542837943e-10
9.500000000000001e-01 7.787778448671316e+00 2.991313952229516e-10
9.550000000000001e-01 7.984956150408610e+00 8.936577054621147e-11
9.600000000000000e-01 8.187124709672272e+00 2.550822072964587e-11
9.650000000000000e-01 8.394410488393007e+00 6.955822978943465e-12
9.700000000000000e-01 8.606943046930221e+00 1.811963681433717e-12
9.750000000000000e-01 8.824855225051540e+00 4.508882744278702e-13
9.800000000000000e-01 9.048283224961922e+00 1.071768669161742e-13
9.850000000000000e-01 9.277366696434507e+00 2.434003359169191e-14
9.900000000000000e-01 9.512248824096272e+00 5.266458357018178e-15
9.950000000000000e-01 9.753076416923058e+00 1.164486383557166e-15
1.000000000000000e+00 1.000000000000000e+01 -4.352330302103372e-17
