0.000000000000000e+00 0.000000000000000e+00 -8.432125606360371e-01
5.000000000000000e-03 3.369477419287315e-03 -8.432125606360371e-01
1.000000000000000e-02 6.741060871647481e-03 -8.453980846558676e-01
1.500000000000000e-02 1.011685770649257e-02 -8.453452946724771e-01
2.000000000000000e-02 1.349897790673588e-02 -8.448190681404483e-01
2.500000000000000e-02 1.688953540759990e-02 -8.448533137970454e-01
3.000000000000000e-02 2.029064941789469e-02 -8.449165936343237e-01
3.500000000000000e-02 2.370444574459234e-02 -8.447910567157968e-01
4.000000000000000e-02 2.713305812152553e-02 -8.447187208172490e-01
4.500000000000000e-02 3.057862954304063e-02 -8.446937982736256e-01
5.000000000000000e-02 3.404331360343898e-02 -8.445724194258448e-01
5.500000000000000e-02 3.752927584304335e-02 -8.444486570354149e-01
6.000000000000000e-02 4.103869510173117e-02 -8.443893815431175e-01
6.500000000000000e-02 4.457376488078044e-02 -8.442870584487656e-01
7.000000000000001e-02 4.813669471387935e-02 -8.441206373523004e-01
7.500000000000000e-02 5.172971154815675e-02 -8.439921864254319e-01
8.000000000000000e-02 5.535506113609672e-02 -8.438786271758634e-01
8.500000000000001e-02 5.901500943920686e-02 -8.437069523891346e-01
9.000000000000000e-02 6.271184404431801e-02 -8.435230623196796e-01
9.500000000000000e-02 6.644787559340060e-02 -8.433682995461016e-01
1.000000000000000e-01 7.022543922779090e-02 -8.431813450680782e-01
1.050000000000000e-01 7.404689604773053e-02 -8.429550411251786e-01
1.100000000000000e-01 7.791463458813094e-02 -8.427489019709741e-01
1.150000000000000e-01 8.183107231148547e-02 -8.425433803688988e-01
1.200000000000000e-01 8.579865711886202e-02 -8.422855978338221e-01
1.250000000000000e-01 8.981986887992111e-02 -8.420132748985204e-01
1.300000000000000e-01 9.389722098291493e-02 -8.417646928688699e-01
1.350000000000000e-01 9.803326190563690e-02 -8.414923602694721e-01
1.400000000000000e-01 1.022305768083033e-01 -8.411706995257889e-01
1.450000000000000e-01 1.064917891493625e-01 -8.408484607160059e-01
1.500000000000000e-01 1.108195623252418e-01 -8.405379718553840e-01
1.550000000000000e-01 1.152166013350572e-01 -8.401918700494054e-01
1.600000000000000e-01 1.196856544713255e-01 -8.398058841742566e-01
1.650000000000000e-01 1.242295150377370e-01 -8.394215245750870e-01
1.700000000000000e-01 1.288510230950609e-01 -8.390366824787074e-01
1.750000000000000e-01 1.335530672362758e-01 -8.386131118050141e-01
1.800000000000000e-01 1.383385863920344e-01 -8.381544962025267e-01
1.850000000000000e-01 1.432105716675912e-01 -8.376936708432180e-01
1.900000000000000e-01 1.481720682123397e-01 -8.372267072101641e-01
1.950000000000000e-01 1.532261771231311e-01 -8.367217964524140e-01
2.000000000000000e-01 1.583760573825595e-01 -8.361795674757675e-01
2.050000000000000e-01 1.636249278334301e-01 -8.356284623911291e-01
2.100000000000000e-01 1.689760691906397e-01 -8.350720318398902e-01
2.150000000000000e-01 1.744328260917313e-01 -8.344821795205939e-01
2.200000000000000e-01 1.799986091874004e-01 -8.338493107012657e-01
2.250000000000000e-01 1.856768972732633e-01 -8.331968380906315e-01
2.300000000000000e-01 1.914712394642179e-01 -8.325397583423789e-01
2.350000000000000e-01 1.973852574127551e-01 -8.318601635189126e-01
2.400000000000000e-01 2.034226475726105e-01 -8.311409220750104e-01
2.450000000000000e-01 2.095871835091678e-01 -8.303888744913138e-01
2.500000000000000e-01 2.158827182580599e-01 -8.296181824551597e-01
2.550000000000000e-01 2.223131867334419e-01 -8.288346023320299e-01
2.600000000000000e-01 2.288826081874405e-01 -8.280360161232777e-01
2.650000000000000e-01 2.355950887223172e-01 -8.272086902399238e-01
2.700000000000000e-01 2.424548238569160e-01 -8.263454421037572e-01
2.750000000000000e-01 2.494661011489995e-01 -8.254596145148295e-01
2.800000000000000e-01 2.566333028751116e-01 -8.245621851338041e-01
2.850000000000000e-01 2.639609087696434e-01 -8.236564541174446e-01
2.900000000000000e-01 2.714534988248126e-01 -8.227488933268131e-01
2.950000000000000e-01 2.791157561533084e-01 -8.218322125957365e-01
3.000000000000000e-01 2.869524699153886e-01 -8.209043975684361e-01
3.050000000000000e-01 2.949685383122613e-01 -8.199722664545190e-01
3.100000000000000e-01 3.031689716476197e-01 -8.190343855097306e-01
3.150000000000000e-01 3.115588954592450e-01 -8.181070793943391e-01
3.200000000000000e-01 3.201435537226349e-01 -8.171932387309013e-01
3.250000000000000e-01 3.289283121286580e-01 -8.163082480467362e-01
3.300000000000000e-01 3.379186614372866e-01 -8.154597609382838e-01
3.350000000000000e-01 3.471202209094989e-01 -8.146618415494905e-01
3.400000000000000e-01 3.565387418195016e-01 -8.139270257779413e-01
3.450000000000000e-01 3.661801110494620e-01 -8.132715457028519e-01
3.500000000000000e-01 3.760503547690021e-01 -8.127133042455780e-01
3.550000000000000e-01 3.861556422017504e-01 -8.122735037870068e-01
3.600000000000000e-01 3.965022894813072e-01 -8.119765732916402e-01
3.650000000000000e-01 4.070967635990345e-01 -8.118509366270980e-01
3.700000000000000e-01 4.179456864461349e-01 -8.119295565227291e-01
3.750000000000000e-01 4.290558389525505e-01 -8.122507332584111e-01
3.800000000000000e-01 4.404341653252637e-01 -8.128590121580858e-01
3.850000000000000e-01 4.520877773886537e-01 -8.138063024309953e-01
3.900000000000000e-01 4.640239590296172e-01 -8.151532314079970e-01
3.950000000000000e-01 4.762501707502353e-01 -8.169708022976079e-01
4.000000000000000e-01 4.887740543308307e-01 -8.193424298274925e-01
4.050000000000000e-01 5.016034376063282e-01 -8.223664514536778e-01
4.100000000000000e-01 5.147463393589066e-01 -8.261592334760417e-01
4.150000000000000e-01 5.282109743299990e-01 -8.308590136432722e-01
4.200000000000000e-01 5.420057583547735e-01 -8.366306334030584e-01
4.250000000000000e-01 5.561393136223041e-01 -8.436712902000262e-01
4.300000000000000e-01 5.706204740647189e-01 -8.522173248575238e-01
4.350000000000000e-01 5.854582908786964e-01 -8.625517133297252e-01
4.400000000000000e-01 6.006620381827575e-01 -8.750110296116722e-01
4.450000000000000e-01 6.162412188138907e-01 -8.899884092654061e-01
4.500000000000000e-01 6.322055702671360e-01 -9.079236016438643e-01
4.550000000000000e-01 6.485650707818353e-01 -9.292580631352159e-01
4.600000000000000e-01 6.653299455783577e-01 -9.543016740321361e-01
4.650000000000000e-01 6.825106732491932e-01 -9.828852934183556e-01
4.700000000000000e-01 7.001179923084168e-01 -1.013522581528017e+00
4.750000000000000e-01 7.181629079036070e-01 -1.041576139129006e+00
4.800000000000000e-01 7.366566986944229e-01 -1.055973001456849e+00
4.850000000000000e-01 7.556109239021327e-01 -1.035915224481151e+00
4.900000000000000e-01 7.750374305345038e-01 -9.550095573958660e-01
4.950000000000000e-01 7.949483607905672e-01 -8.030765203659163e-01
5.000000000000000e-01 8.153561596498893e-01 -6.118786179415785e-01
5.050000000000000e-01 8.362735826510871e-01 -4.402746263762392e-01
5.100000000000000e-01 8.577137038644561e-01 -3.221846912946464e-01
5.150000000000000e-01 8.796899240636907e-01 -2.492708336550629e-01
5.200000000000000e-01 9.022159791018011e-01 -2.017282733107982e-01
5.250000000000000e-01 9.253059484964714e-01 -1.689349970016222e-01
5.300000000000000e-01 9.489742642302165e-01 -1.457456071022267e-01
5.350000000000000e-01 9.732357197708378e-01 -1.285418451226653e-01
5.400000000000000e-01 9.981054793178262e-01 -1.152482723221629e-01
5.450000000000000e-01 1.023599087280478e+00 -1.046774378745308e-01
5.500000000000000e-01 1.049732477993657e+00 -9.601453648695743e-02
5.550000000000000e-01 1.076521985677273e+00 -8.874207741662629e-02
5.600000000000001e-01 1.103984354645701e+00 -8.251618109888777e-02
5.650000000000001e-01 1.132136749773522e+00 -7.709209789639654e-02
5.700000000000001e-01 1.160996767224129e+00 -7.229784307421493e-02
5.750000000000001e-01 1.190582445447902e+00 -6.800737003669037e-02
5.800000000000000e-01 1.220912276456826e+00 -6.412571898368359e-02
5.850000000000000e-01 1.252005217382601e+00 -6.058034779866677e-02
5.900000000000000e-01 1.283880702325469e+00 -5.731435996898269e-02
5.950000000000000e-01 1.316558654501151e+00 -5.428233022860530e-02
6.000000000000000e-01 1.350059498693518e+00 -5.144739022131849e-02
6.050000000000000e-01 1.384404174020732e+00 -4.877911981634005e-02
6.100000000000000e-01 1.419614147022888e+00 -4.625207959268211e-02
6.150000000000000e-01 1.455711425079295e+00 -4.384473185017811e-02
6.200000000000000e-01 1.492718570163803e+00 -4.153864457741682e-02
6.250000000000000e-01 1.530658712946775e+00 -3.931789966186754e-02
6.300000000000000e-01 1.569555567252506e+00 -3.716864601815288e-02
6.350000000000000e-01 1.609433444881138e+00 -3.507876159622531e-02
6.400000000000000e-01 1.650317270804325e+00 -3.303759771648636e-02
6.450000000000000e-01 1.692232598744148e+00 -3.103578721977623e-02
6.500000000000000e-01 1.735205627145031e+00 -2.906510350452543e-02
6.550000000000000e-01 1.779263215548615e+00 -2.711836108772423e-02
6.600000000000000e-01 1.824432901381847e+00 -2.518935089826609e-02
6.650000000000000e-01 1.870742917168772e+00 -2.327280521006002e-02
6.700000000000000e-01 1.918222208176775e+00 -2.136438819459596e-02
6.750000000000000e-01 1.966900450508319e+00 -1.946070866327271e-02
6.800000000000000e-01 2.016808069649473e+00 -1.755935175956503e-02
6.850000000000001e-01 2.067976259486829e+00 -1.565892621853403e-02
6.900000000000001e-01 2.120437001804702e+00 -1.375912339499633e-02
6.950000000000001e-01 2.174223086274785e+00 -1.186078363958254e-02
7.000000000000001e-01 2.229368130950753e+00 -9.965964862926306e-03
7.050000000000000e-01 2.285906603280654e+00 -8.078007390294410e-03
7.100000000000000e-01 2.343873841650178e+00 -6.201588620172456e-03
7.150000000000000e-01 2.403306077470301e+00 -4.342760728971852e-03
7.200000000000000e-01 2.464240457823092e+00 -2.508964874988977e-03
7.250000000000000e-01 2.526715068679855e+00 -7.090161716276208e-04
7.300000000000000e-01 2.590768958706095e+00 1.046944842103755e-03
7.350000000000000e-01 2.656442163668210e+00 2.747536507483448e-03
7.400000000000000e-01 2.723775731457148e+00 4.380256134691120e-03
7.450000000000000e-01 2.792811747744667e+00 5.931633789534489e-03
7.500000000000000e-01 2.863593362288260e+00 7.387416356115244e-03
7.550000000000000e-01 2.936164815901156e+00 8.732778492006326e-03
7.600000000000000e-01 3.010571468104263e+00 9.952559067624217e-03
7.650000000000000e-01 3.086859825477351e+00 1.103152596892348e-02
7.700000000000000e-01 3.165077570727174e+00 1.195467879748856e-02
7.750000000000000e-01 3.245273592490716e+00 1.270760762784533e-02
7.800000000000000e-01 3.327498015892184e+00 1.327693562257917e-02
7.850000000000000e-01 3.411802233872832e+00 1.365088220471104e-02
7.900000000000000e-01 3.498238939313234e+00 1.381998833003195e-02
7.950000000000000e-01 3.586862157968046e+00 1.377804002064533e-02
8.000000000000000e-01 3.677727282233856e+00 1.352320112638384e-02
8.050000000000000e-01 3.770891105771243e+00 1.305931099352538e-02
8.100000000000001e-01 3.866411859002656e+00 1.239721403483532e-02
8.150000000000001e-01 3.964349245508326e+00 1.155587991449567e-02
8.200000000000001e-01 4.064764479342956e+00 1.056298140169401e-02
8.250000000000001e-01 4.167720323296481e+00 9.454573078891537e-03
8.300000000000001e-01 4.273281128122877e+00 8.273602389843438e-03
8.350000000000000e-01 4.381512872761445e+00 7.067195354635743e-03
8.400000000000000e-01 4.492483205575838e+00 5.882952052563670e-03
8.450000000000000e-01 4.606261486636447e+00 4.764776121092938e-03
8.500000000000000e-01 4.722918831072739e+00 3.748947545219331e-03
8.550000000000000e-01 4.842528153522501e+00 2.861154686567158e-03
8.600000000000000e-01 4.965164213705875e+00 2.115014566450873e-03
8.650000000000000e-01 5.090903663152626e+00 1.512282012765701e-03
8.700000000000000e-01 5.219825093111814e+00 1.044578366912363e-03
8.750000000000000e-01 5.352009083673925e+00 6.961686434601540e-04
8.800000000000000e-01 5.487538254136007e+00 4.471619449997643e-04
8.850000000000000e-01 5.626497314641444e+00 2.765282107327971e-04
8.900000000000000e-01 5.768973119126561e+00 1.644829898174205e-04
8.950000000000000e-01 5.915054719607133e+00 9.402152842105032e-05
9.000000000000000e-01 6.064833421838831e+00 5.160725615082757e-05
9.050000000000000e-01 6.218402842386253e+00 2.718050350280577e-05
9.100000000000000e-01 6.375858967136348e+00 1.372733669795085e-05
9.150000000000000e-01 6.537300211292723e+00 6.644270618372602e-06
9.200000000000000e-01 6.702827480888332e+00 3.080496065138868e-06
9.250000000000000e-01 6.872544235855034e+00 1.367460144068264e-06
9.300000000000000e-01 7.046556554689444e+00 5.809841294775726e-07
9.350000000000001e-01 7.224973200755413e+00 2.361723735578249e-07
9.400000000000001e-01 7.407905690264673e+00 9.183152010377316e-08
9.450000000000001e-01 7.595468361978146e+00 3.414727897930969e-08
9.500000000000001e-01 7.787778448671316e+00 1.214074437993524e-08
9.550000000000001e-01 7.984956150408610e+00 4.126676303615211e-09
9.600000000000000e-01 8.187124709672272e+00 1.340844841928552e-09
9.650000000000000e-01 8.394410488393007e+00 4.164390943398190e-10
9.700000000000000e-01 8.606943046930221e+00 1.236244368848398e-10
9.750000000000000e-01 8.824855225051540e+00 3.507797427776845e-11
9.800000000000000e-01 9.048283224961922e+00 9.513563385438773e-12
9.850000000000000e-01 9.277366696434507e+00 2.466963008084793e-12
9.900000000000000e-01 9.512248824096272e+00 6.094481112459919e-13
9.950000000000000e-01 9.753076416923058e+00 1.536849258977467e-13
1.000000000000000e+00 1.000000000000000e+01 4.930114677252927e-15
