0.000000000000000e+00 0.000000000000000e+00 -8.623110643307239e-01
5.000000000000000e-03 3.369477419287315e-03 -8.623110643307239e-01
1.000000000000000e-02 6.741060871647481e-03 -8.616505376649682e-01
1.500000000000000e-02 1.011685770649257e-02 -8.616211062920532e-01
2.000000000000000e-02 1.349897790673588e-02 -8.616778197947152e-01
2.500000000000000e-02 1.688953540759990e-02 -8.616353064928902e-01
3.000000000000000e-02 2.029064941789469e-02 -8.616053568041038e-01
3.500000000000000e-02 2.370444574459234e-02 -8.615508676244396e-01
4.000000000000000e-02 2.713305812152553e-02 -8.614467010649052e-01
4.500000000000000e-02 3.057862954304063e-02 -8.613955732300068e-01
5.000000000000000e-02 3.404331360343898e-02 -8.613502347260275e-01
5.500000000000000e-02 3.752927584304335e-02 -8.612368917088016e-01
6.000000000000000e-02 4.103869510173117e-02 -8.611274635899302e-01
6.500000000000000e-02 4.457376488078044e-02 -8.610589058248872e-01
7.000000000000001e-02 4.813669471387935e-02 -8.609409816959843e-01
7.500000000000000e-02 5.172971154815675e-02 -8.607886989641135e-01
8.000000000000000e-02 5.535506113609672e-02 -8.606791420723152e-01
8.500000000000001e-02 5.901500943920686e-02 -8.605635847120324e-01
9.000000000000000e-02 6.271184404431801e-02 -8.603833431280139e-01
9.500000000000000e-02 6.644787559340060e-02 -8.602100962545146e-01
1.000000000000000e-01 7.022543922779090e-02 -8.600705228999915e-01
1.050000000000000e-01 7.404689604773053e-02 -8.598910907182704e-01
1.100000000000000e-01 7.791463458813094e-02 -8.596711160414127e-01
1.150000000000000e-01 8.183107231148547e-02 -8.594744740346033e-01
1.200000000000000e-01 8.579865711886202e-02 -8.592775019201435e-01
1.250000000000000e-01 8.981986887992111e-02 -8.590350141804342e-01
1.300000000000000e-01 9.389722098291493e-02 -8.587832800096955e-01
1.350000000000000e-01 9.803326190563690e-02 -8.585467822746071e-01
1.400000000000000e-01 1.022305768083033e-01 -8.582819198652958e-01
1.450000000000000e-01 1.064917891493625e-01 -8.579820620848005e-01
1.500000000000000e-01 1.108195623252418e-01 -8.576898678729458e-01
1.550000000000000e-01 1.152166013350572e-01 -8.573973558558781e-01
1.600000000000000e-01 1.196856544713255e-01 -8.570644794776805e-01
1.650000000000000e-01 1.242295150377370e-01 -8.567071601658052e-01
1.700000000000000e-01 1.288510230950609e-01 -8.563601666701405e-01
1.750000000000000e-01 1.335530672362758e-01 -8.560019666174770e-01
1.800000000000000e-01 1.383385863920344e-01 -8.556015929421894e-01
1.850000000000000e-01 1.432105716675912e-01 -8.551805905847766e-01
1.900000000000000e-01 1.481720682123397e-01 -8.547664277594452e-01
1.950000000000000e-01 1.532261771231311e-01 -8.543377557175931e-01
2.000000000000000e-01 1.583760573825595e-01 -8.538689275867108e-01
2.050000000000000e-01 1.636249278334301e-01 -8.533768465752437e-01
2.100000000000000e-01 1.689760691906397e-01 -8.528859476871198e-01
2.150000000000000e-01 1.744328260917313e-01 -8.523837440036381e-01
2.200000000000000e-01 1.799986091874004e-01 -8.518478057219804e-01
2.250000000000000e-01 1.856768972732633e-01 -8.512827296440068e-01
2.300000000000000e-01 1.914712394642179e-01 -8.507081089386990e-01
2.350000000000000e-01 1.973852574127551e-01 -8.501279485982071e-01
2.400000000000000e-01 2.034226475726105e-01 -8.495307558217918e-01
2.450000000000000e-01 2.095871835091678e-01 -8.489042855909429e-01
2.500000000000000e-01 2.158827182580599e-01 -8.482515132652668e-01
2.550000000000000e-01 2.223131867334419e-01 -8.475907877431930e-01
2.600000000000000e-01 2.288826081874405e-01 -8.469323423841173e-01
2.650000000000000e-01 2.355950887223172e-01 -8.462631146358417e-01
2.700000000000000e-01 2.424548238569160e-01 -8.455731824437698e-01
2.750000000000000e-01 2.494661011489995e-01 -8.448675761353585e-01
2.800000000000000e-01 2.566333028751116e-01 -8.441531617103459e-01
2.850000000000000e-01 2.639609087696434e-01 -8.434428270211005e-01
2.900000000000000e-01 2.714534988248126e-01 -8.427485493945199e-01
2.950000000000000e-01 2.791157561533084e-01 -8.420658124385549e-01
3.000000000000000e-01 2.869524699153886e-01 -8.413972318812687e-01
3.050000000000000e-01 2.949685383122613e-01 -8.407455843231084e-01
3.100000000000000e-01 3.031689716476197e-01 -8.401115805148681e-01
3.150000000000000e-01 3.115588954592450e-01 -8.395123644771515e-01
3.200000000000000e-01 3.201435537226349e-01 -8.389529983335836e-01
3.250000000000000e-01 3.289283121286580e-01 -8.384538140898413e-01
3.300000000000000e-01 3.379186614372866e-01 -8.380256871361289e-01
3.350000000000000e-01 3.471202209094989e-01 -8.376884807783390e-01
3.400000000000000e-01 3.565387418195016e-01 -8.374595070803809e-01
3.450000000000000e-01 3.661801110494620e-01 -8.373615203410107e-01
3.500000000000000e-01 3.760503547690021e-01 -8.374193439106384e-01
3.550000000000000e-01 3.861556422017504e-01 -8.376626781538564e-01
3.600000000000000e-01 3.965022894813072e-01 -8.381258899298623e-01
3.650000000000000e-01 4.070967635990345e-01 -8.388493954715079e-01
3.700000000000000e-01 4.179456864461349e-01 -8.398806034940729e-01
3.750000000000000e-01 4.290558389525505e-01 -8.412754016070468e-01
3.800000000000000e-01 4.404341653252637e-01 -8.430999003447833e-01
3.850000000000000e-01 4.520877773886537e-01 -8.454326983302324e-01
3.900000000000000e-01 4.640239590296172e-01 -8.483677779609631e-01
3.950000000000000e-01 4.762501707502353e-01 -8.520182825962691e-01
4.000000000000000e-01 4.887740543308307e-01 -8.565215039685263e-01
4.050000000000000e-01 5.016034376063282e-01 -8.620455754120881e-01
4.100000000000000e-01 5.147463393589066e-01 -8.687986118652060e-01
4.150000000000000e-01 5.282109743299990e-01 -8.770414370251568e-01
4.200000000000000e-01 5.420057583547735e-01 -8.871056960123814e-01
4.250000000000000e-01 5.561393136223041e-01 -8.994202728893067e-01
4.300000000000000e-01 5.706204740647189e-01 -9.145509078449351e-01
4.350000000000000e-01 5.854582908786964e-01 -9.332615266585399e-01
4.400000000000000e-01 6.006620381827575e-01 -9.566127095830975e-01
4.450000000000000e-01 6.162412188138907e-01 -9.861265725799234e-01
4.500000000000000e-01 6.322055702671360e-01 -1.024076420257598e+00
4.550000000000000e-01 6.485650707818353e-01 -1.074023124057174e+00
4.600000000000000e-01 6.653299455783577e-01 -1.141858877385699e+00
4.650000000000000e-01 6.825106732491932e-01 -1.237861327987889e+00
4.700000000000000e-01 7.001179923084168e-01 -1.379928315674196e+00
4.750000000000000e-01 7.181629079036070e-01 -1.588727790392925e+00
4.800000000000000e-01 7.366566986944229e-01 -1.796264770191317e+00
4.850000000000000e-01 7.556109239021327e-01 -1.591342512837804e+00
4.900000000000000e-01 7.750374305345038e-01 -7.748255123675838e-01
4.950000000000000e-01 7.949483607905672e-01 -2.333566398656260e-01
5.000000000000000e-01 8.153561596498893e-01 -2.351050410516465e-01
5.050000000000000e-01 8.362735826510871e-01 -1.688444634867626e-01
5.100000000000000e-01 8.577137038644561e-01 -1.165937509810686e-01
5.150000000000000e-01 8.796899240636907e-01 -1.178526046206058e-01
5.200000000000000e-01 9.022159791018011e-01 -8.569435238214970e-02
5.250000000000000e-01 9.253059484964714e-01 -8.342424701046372e-02
5.300000000000000e-01 9.489742642302165e-01 -7.137360275185339e-02
5.350000000000000e-01 9.732357197708378e-01 -6.430075018097732e-02
5.400000000000000e-01 9.981054793178262e-01 -6.041685204002627e-02
5.450000000000000e-01 1.023599087280478e+00 -5.391608980203771e-02
5.500000000000000e-01 1.049732477993657e+00 -5.164564087875274e-02
5.550000000000000e-01 1.076521985677273e+00 -4.745823772300046e-02
5.600000000000001e-01 1.103984354645701e+00 -4.514774861160003e-02
5.650000000000001e-01 1.132136749773522e+00 -4.267498915508727e-02
5.700000000000001e-01 1.160996767224129e+00 -4.050470617258335e-02
5.750000000000001e-01 1.190582445447902e+00 -3.883256878466378e-02
5.800000000000000e-01 1.220912276456826e+00 -3.708162924374635e-02
5.850000000000000e-01 1.252005217382601e+00 -3.573220788156573e-02
5.900000000000000e-01 1.283880702325469e+00 -3.439596763677345e-02
5.950000000000000e-01 1.316558654501151e+00 -3.324309552022476e-02
6.000000000000000e-01 1.350059498693518e+00 -3.218964999742109e-02
6.050000000000000e-01 1.384404174020732e+00 -3.121468391242639e-02
6.100000000000000e-01 1.419614147022888e+00 -3.033736551941302e-02
6.150000000000000e-01 1.455711425079295e+00 -2.951479406767933e-02
6.200000000000000e-01 1.492718570163803e+00 -2.875901601371038e-02
6.250000000000000e-01 1.530658712946775e+00 -2.805141930955285e-02
6.300000000000000e-01 1.569555567252506e+00 -2.738789792504435e-02
6.350000000000000e-01 1.609433444881138e+00 -2.676266302153709e-02
6.400000000000000e-01 1.650317270804325e+00 -2.616860522438820e-02
6.450000000000000e-01 1.692232598744148e+00 -2.560184355833790e-02
6.500000000000000e-01 1.735205627145031e+00 -2.505706735888805e-02
6.550000000000000e-01 1.779263215548615e+00 -2.453023765616735e-02
6.600000000000000e-01 1.824432901381847e+00 -2.401731853942507e-02
6.650000000000000e-01 1.870742917168772e+00 -2.351449745724664e-02
6.700000000000000e-01 1.918222208176775e+00 -2.301820386312203e-02
6.750000000000000e-01 1.966900450508319e+00 -2.252493261709218e-02
6.800000000000000e-01 2.016808069649473e+00 -2.203129147188217e-02
6.850000000000001e-01 2.067976259486829e+00 -2.153392570176545e-02
6.900000000000001e-01 2.120437001804702e+00 -2.102949820595163e-02
6.950000000000001e-01 2.174223086274785e+00 -2.051466188598221e-02
7.000000000000001e-01 2.229368130950753e+00 -1.998603434064578e-02
7.050000000000000e-01 2.285906603280654e+00 -1.944018023326069e-02
7.100000000000000e-01 2.343873841650178e+00 -1.887359631601590e-02
7.150000000000000e-01 2.403306077470301e+00 -1.828270301788473e-02
7.200000000000000e-01 2.464240457823092e+00 -1.766384288958395e-02
7.250000000000000e-01 2.526715068679855e+00 -1.701328798485048e-02
7.300000000000000e-01 2.590768958706095e+00 -1.632725863307226e-02
7.350000000000000e-01 2.656442163668210e+00 -1.560195663418147e-02
7.400000000000000e-01 2.723775731457148e+00 -1.483361667426321e-02
7.450000000000000e-01 2.792811747744667e+00 -1.401858040806437e-02
7.500000000000000e-01 2.863593362288260e+00 -1.315339823217389e-02
7.550000000000000e-01 2.936164815901156e+00 -1.223496408140420e-02
7.600000000000000e-01 3.010571468104263e+00 -1.126068838326502e-02
7.650000000000000e-01 3.086859825477351e+00 -1.022871322574673e-02
7.700000000000000e-01 3.165077570727174e+00 -9.138171460738854e-03
7.750000000000000e-01 3.245273592490716e+00 -7.989487524604912e-03
7.800000000000000e-01 3.327498015892184e+00 -6.784711805058324e-03
7.850000000000000e-01 3.411802233872832e+00 -5.527872422445976e-03
7.900000000000000e-01 3.498238939313234e+00 -4.225319454253752e-03
7.950000000000000e-01 3.586862157968046e+00 -2.886028876316733e-03
8.000000000000000e-01 3.677727282233856e+00 -1.521828675425801e-03
8.050000000000000e-01 3.770891105771243e+00 -1.475098754822975e-04
8.100000000000001e-01 3.866411859002656e+00 1.219206369617597e-03
8.150000000000001e-01 3.964349245508326e+00 2.557857497333522e-03
8.200000000000001e-01 4.064764479342956e+00 3.845577242576327e-03
8.250000000000001e-01 4.167720323296481e+00 5.057564937796242e-03
8.300000000000001e-01 4.273281128122877e+00 6.167667541967565e-03
8.350000000000000e-01 4.381512872761445e+00 7.149055083006416e-03
8.400000000000000e-01 4.492483205575838e+00 7.974975949207923e-03
8.450000000000000e-01 4.606261486636447e+00 8.619624157642926e-03
8.500000000000000e-01 4.722918831072739e+00 9.059265386122240e-03
8.550000000000000e-01 4.842528153522501e+00 9.273906983824711e-03
8.600000000000000e-01 4.965164213705875e+00 9.249814415314861e-03
8.650000000000000e-01 5.090903663152626e+00 8.982913527181970e-03
8.700000000000000e-01 5.219825093111814e+00 8.482559635469041e-03
8.750000000000000e-01 5.352009083673925e+00 7.774526402687223e-03
8.800000000000000e-01 5.487538254136007e+00 6.901758135854837e-03
8.850000000000000e-01 5.626497314641444e+00 5.921756265739949e-03
8.900000000000000e-01 5.768973119126561e+00 4.900444869807793e-03
8.950000000000000e-01 5.915054719607133e+00 3.903617261972102e-03
9.000000000000000e-01 6.064833421838831e+00 2.988035478751116e-03
9.050000000000000e-01 6.218402842386253e+00 2.194469584881008e-03
9.100000000000000e-01 6.375858967136348e+00 1.544318992611390e-03
9.150000000000000e-01 6.537300211292723e+00 1.040259056765774e-03
9.200000000000000e-01 6.702827480888332e+00 6.701366631976564e-04
9.250000000000000e-01 6.872544235855034e+00 4.125724974278509e-04
9.300000000000000e-01 7.046556554689444e+00 2.426148260246182e-04
9.350000000000001e-01 7.224973200755413e+00 1.362190752969007e-04
9.400000000000001e-01 7.407905690264673e+00 7.300207087642145e-05
9.450000000000001e-01 7.595468361978146e+00 3.733571801577002e-05
9.500000000000001e-01 7.787778448671316e+00 1.822036406385855e-05
9.550000000000001e-01 7.984956150408610e+00 8.484260305187189e-06
9.600000000000000e-01 8.187124709672272e+00 3.769654894754154e-06
9.650000000000000e-01 8.394410488393007e+00 1.598259002357444e-06
9.700000000000000e-01 8.606943046930221e+00 6.466875746110973e-07
9.750000000000000e-01 8.824855225051540e+00 2.497512275671407e-07
9.800000000000000e-01 9.048283224961922e+00 9.207027027604623e-08
9.850000000000000e-01 9.277366696434507e+00 3.243107345933424e-08
9.900000000000000e-01 9.512248824096272e+00 1.085178557941740e-08
9.950000000000000e-01 9.753076416923058e+00 3.668053129581744e-09
1.000000000000000e+00 1.000000000000000e+01 7.174390931962656e-10
