0.000000000000000e+00 0.000000000000000e+00 -5.160744141093188e-01
5.000000000000000e-03 3.369477419287315e-03 -5.160744141093188e-01
1.000000000000000e-02 6.741060871647481e-03 -5.141786120412856e-01
1.500000000000000e-02 1.011685770649257e-02 -5.139753302260701e-01
2.000000000000000e-02 1.349897790673588e-02 -5.142813784195657e-01
2.500000000000000e-02 1.688953540759990e-02 -5.142917966825321e-01
3.000000000000000e-02 2.029064941789469e-02 -5.141585463566248e-01
3.500000000000000e-02 2.370444574459234e-02 -5.140349297194515e-01
4.000000000000000e-02 2.713305812152553e-02 -5.139163470197098e-01
4.500000000000000e-02 3.057862954304063e-02 -5.138156782160354e-01
5.000000000000000e-02 3.404331360343898e-02 -5.137145367076940e-01
5.500000000000000e-02 3.752927584304335e-02 -5.135528963480893e-01
6.000000000000000e-02 4.103869510173117e-02 -5.133507671324782e-01
6.500000000000000e-02 4.457376488078044e-02 -5.131756365676852e-01
7.000000000000001e-02 4.813669471387935e-02 -5.130142830275515e-01
7.500000000000000e-02 5.172971154815675e-02 -5.127963413309136e-01
8.000000000000000e-02 5.535506113609672e-02 -5.125274751212500e-01
8.500000000000001e-02 5.901500943920686e-02 -5.122735673207223e-01
9.000000000000000e-02 6.271184404431801e-02 -5.120388306569466e-01
9.500000000000000e-02 6.644787559340060e-02 -5.117581969848621e-01
1.000000000000000e-01 7.022543922779090e-02 -5.114173576863797e-01
1.050000000000000e-01 7.404689604773053e-02 -5.110731174920831e-01
1.100000000000000e-01 7.791463458813094e-02 -5.107489444374110e-01
1.150000000000000e-01 8.183107231148547e-02 -5.103954432519683e-01
1.200000000000000e-01 8.579865711886202e-02 -5.099823794342498e-01
1.250000000000000e-01 8.981986887992111e-02 -5.095404160874472e-01
1.300000000000000e-01 9.389722098291493e-02 -5.090987698389021e-01
1.350000000000000e-01 9.803326190563690e-02 -5.086460401028003e-01
1.400000000000000e-01 1.022305768083033e-01 -5.081613129556286e-01
1.450000000000000e-01 1.064917891493625e-01 -5.076289184896139e-01
1.500000000000000e-01 1.108195623252418e-01 -5.070504799694072e-01
1.550000000000000e-01 1.152166013350572e-01 -5.064561830530201e-01
1.600000000000000e-01 1.196856544713255e-01 -5.058606737843617e-01
1.650000000000000e-01 1.242295150377370e-01 -5.052312517490817e-01
1.700000000000000e-01 1.288510230950609e-01 -5.045476094772532e-01
1.750000000000000e-01 1.335530672362758e-01 -5.038168625220053e-01
1.800000000000000e-01 1.383385863920344e-01 -5.030389581504734e-01
1.850000000000000e-01 1.432105716675912e-01 -5.022315285839064e-01
1.900000000000000e-01 1.481720682123397e-01 -5.014099263419225e-01
1.950000000000000e-01 1.532261771231311e-01 -5.005511361673858e-01
2.000000000000000e-01 1.583760573825595e-01 -4.996521560529681e-01
2.050000000000000e-01 1.636249278334301e-01 -4.987032983816192e-01
2.100000000000000e-01 1.689760691906397e-01 -4.976859151161099e-01
2.150000000000000e-01 1.744328260917313e-01 -4.966190416117748e-01
2.200000000000000e-01 1.799986091874004e-01 -4.954838376610995e-01
2.250000000000000e-01 1.856768972732633e-01 -4.942998235484746e-01
2.300000000000000e-01 1.914712394642179e-01 -4.930545787391539e-01
2.350000000000000e-01 1.973852574127551e-01 -4.917557883700170e-01
2.400000000000000e-01 2.034226475726105e-01 -4.903965427720632e-01
2.450000000000000e-01 2.095871835091678e-01 -4.889770500378783e-01
2.500000000000000e-01 2.158827182580599e-01 -4.874932178663838e-01
2.550000000000000e-01 2.223131867334419e-01 -4.859428420739736e-01
2.600000000000000e-01 2.288826081874405e-01 -4.843228454843042e-01
2.650000000000000e-01 2.355950887223172e-01 -4.826305414316802e-01
2.700000000000000e-01 2.424548238569160e-01 -4.808631113335220e-01
2.750000000000000e-01 2.494661011489995e-01 -4.790177921030789e-01
2.800000000000000e-01 2.566333028751116e-01 -4.770917961436043e-01
2.850000000000000e-01 2.639609087696434e-01 -4.750823333275401e-01
2.900000000000000e-01 2.714534988248126e-01 -4.729866042616835e-01
2.950000000000000e-01 2.791157561533084e-01 -4.708018071008948e-01
3.000000000000000e-01 2.869524699153886e-01 -4.685251433882905e-01
3.050000000000000e-01 2.949685383122613e-01 -4.661538264707510e-01
3.100000000000000e-01 3.031689716476197e-01 -4.636850909730272e-01
3.150000000000000e-01 3.115588954592450e-01 -4.611162034086828e-01
3.200000000000000e-01 3.201435537226349e-01 -4.584444736598935e-01
3.250000000000000e-01 3.289283121286580e-01 -4.556672671701907e-01
3.300000000000000e-01 3.379186614372866e-01 -4.527820176546193e-01
3.350000000000000e-01 3.471202209094989e-01 -4.497862401040473e-01
3.400000000000000e-01 3.565387418195016e-01 -4.466775438104668e-01
3.450000000000000e-01 3.661801110494620e-01 -4.434536450776452e-01
3.500000000000000e-01 3.760503547690021e-01 -4.401123792043141e-01
3.550000000000000e-01 3.861556422017504e-01 -4.366517112347161e-01
3.600000000000000e-01 3.965022894813072e-01 -4.330697448623217e-01
3.650000000000000e-01 4.070967635990345e-01 -4.293647287452088e-01
3.700000000000000e-01 4.179456864461349e-01 -4.255350593442802e-01
3.750000000000000e-01 4.290558389525505e-01 -4.215792792263415e-01
3.800000000000000e-01 4.404341653252637e-01 -4.174960695815030e-01
3.850000000000000e-01 4.520877773886537e-01 -4.132842354873199e-01
3.900000000000000e-01 4.640239590296172e-01 -4.089426822101327e-01
3.950000000000000e-01 4.762501707502353e-01 -4.044703805684376e-01
4.000000000000000e-01 4.887740543308307e-01 -3.998663190968192e-01
4.050000000000000e-01 5.016034376063282e-01 -3.951294404488234e-01
4.100000000000000e-01 5.147463393589066e-01 -3.902585591743447e-01
4.150000000000000e-01 5.282109743299990e-01 -3.852522577203690e-01
4.200000000000000e-01 5.420057583547735e-01 -3.801087572618120e-01
4.250000000000000e-01 5.561393136223041e-01 -3.748257598145988e-01
4.300000000000000e-01 5.706204740647189e-01 -3.694002580780768e-01
4.350000000000000e-01 5.854582908786964e-01 -3.638283096866488e-01
4.400000000000000e-01 6.006620381827575e-01 -3.581047731432050e-01
4.450000000000000e-01 6.162412188138907e-01 -3.522230038252210e-01
4.500000000000000e-01 6.322055702671360e-01 -3.461745103165695e-01
4.550000000000000e-01 6.485650707818353e-01 -3.399485742036074e-01
4.600000000000000e-01 6.653299455783577e-01 -3.335318407260207e-01
4.650000000000000e-01 6.825106732491932e-01 -3.269078936900470e-01
4.700000000000000e-01 7.001179923084168e-01 -3.200568362588497e-01
4.750000000000000e-01 7.181629079036070e-01 -3.129549100184604e-01
4.800000000000000e-01 7.366566986944229e-01 -3.055741983061233e-01
4.850000000000000e-01 7.556109239021327e-01 -2.978824760544542e-01
4.900000000000000e-01 7.750374305345038e-01 -2.898432865745775e-01
4.950000000000000e-01 7.949483607905672e-01 -2.814163439564870e-01
5.000000000000000e-01 8.153561596498893e-01 -2.725583747871343e-01
5.050000000000000e-01 8.362735826510871e-01 -2.632245194475576e-01
5.100000000000000e-01 8.577137038644561e-01 -2.533704040753365e-01
5.150000000000000e-01 8.796899240636907e-01 -2.429549605492312e-01
5.200000000000000e-01 9.022159791018011e-01 -2.319440048020421e-01
5.250000000000000e-01 9.253059484964714e-01 -2.203144777519301e-01
5.300000000000000e-01 9.489742642302165e-01 -2.080591101586319e-01
5.350000000000000e-01 9.732357197708378e-01 -1.951911074383401e-01
5.400000000000000e-01 9.981054793178262e-01 -1.817482936745796e-01
5.450000000000000e-01 1.023599087280478e+00 -1.677960511565766e-01
5.500000000000000e-01 1.049732477993657e+00 -1.534283935923523e-01
5.550000000000000e-01 1.076521985677273e+00 -1.387666565318186e-01
5.600000000000001e-01 1.103984354645701e+00 -1.239555833643703e-01
5.650000000000001e-01 1.132136749773522e+00 -1.091569874531589e-01
5.700000000000001e-01 1.160996767224129e+00 -9.454159248670216e-02
5.750000000000001e-01 1.190582445447902e+00 -8.027998385355405e-02
5.800000000000000e-01 1.220912276456826e+00 -6.653375070186872e-02
5.850000000000000e-01 1.252005217382601e+00 -5.344782206212586e-02
5.900000000000000e-01 1.283880702325469e+00 -4.114473099004423e-02
5.950000000000000e-01 1.316558654501151e+00 -2.972116330432918e-02
6.000000000000000e-01 1.350059498693518e+00 -1.924676688722634e-02
6.050000000000000e-01 1.384404174020732e+00 -9.764899712146934e-03
6.100000000000000e-01 1.419614147022888e+00 -1.294823603031147e-03
6.150000000000000e-01 1.455711425079295e+00 6.165194286885078e-03
6.200000000000000e-01 1.492718570163803e+00 1.263436007898728e-02
6.250000000000000e-01 1.530658712946775e+00 1.814579630855473e-02
6.300000000000000e-01 1.569555567252506e+00 2.274321537171287e-02
6.350000000000000e-01 1.609433444881138e+00 2.647798076047181e-02
6.400000000000000e-01 1.650317270804325e+00 2.940662833228961e-02
6.450000000000000e-01 1.692232598744148e+00 3.158886027976720e-02
6.500000000000000e-01 1.735205627145031e+00 3.308598716400604e-02
6.550000000000000e-01 1.779263215548615e+00 3.395977253800442e-02
6.600000000000000e-01 1.824432901381847e+00 3.427162440784361e-02
6.650000000000000e-01 1.870742917168772e+00 3.408207329054164e-02
6.700000000000000e-01 1.918222208176775e+00 3.345047473455494e-02
6.750000000000000e-01 1.966900450508319e+00 3.243487322664716e-02
6.800000000000000e-01 2.016808069649473e+00 3.109196406433819e-02
6.850000000000001e-01 2.067976259486829e+00 2.947709061196221e-02
6.900000000000001e-01 2.120437001804702e+00 2.764421751045491e-02
6.950000000000001e-01 2.174223086274785e+00 2.564582713905561e-02
7.000000000000001e-01 2.229368130950753e+00 2.353269791498789e-02
7.050000000000000e-01 2.285906603280654e+00 2.135353919340523e-02
7.100000000000000e-01 2.343873841650178e+00 1.915447798465037e-02
7.150000000000000e-01 2.403306077470301e+00 1.697841577407321e-02
7.200000000000000e-01 2.464240457823092e+00 1.486429680247671e-02
7.250000000000000e-01 2.526715068679855e+00 1.284634905146030e-02
7.300000000000000e-01 2.590768958706095e+00 1.095337266915578e-02
7.350000000000000e-01 2.656442163668210e+00 9.208155096918200e-03
7.400000000000000e-01 2.723775731457148e+00 7.627086365917160e-03
7.450000000000000e-01 2.792811747744667e+00 6.220032152794237e-03
7.500000000000000e-01 2.863593362288260e+00 4.990498059698081e-03
7.550000000000000e-01 2.936164815901156e+00 3.936089383958415e-03
7.600000000000000e-01 3.010571468104263e+00 3.049240318704594e-03
7.650000000000000e-01 3.086859825477351e+00 2.318159160116505e-03
7.700000000000000e-01 3.165077570727174e+00 1.727915268543672e-03
7.750000000000000e-01 3.245273592490716e+00 1.261581805216272e-03
7.800000000000000e-01 3.327498015892184e+00 9.013468674320569e-04
7.850000000000000e-01 3.411802233872832e+00 6.295143273367658e-04
7.900000000000000e-01 3.498238939313234e+00 4.293328044307285e-04
7.950000000000000e-01 3.586862157968046e+00 2.856140109764104e-04
8.000000000000000e-01 3.677727282233856e+00 1.851267663794653e-04
8.050000000000000e-01 3.770891105771243e+00 1.167767273869884e-04
8.100000000000001e-01 3.866411859002656e+00 7.160124000035490e-05
8.150000000000001e-01 3.964349245508326e+00 4.262156750554493e-05
8.200000000000001e-01 4.064764479342956e+00 2.460023548107853e-05
8.250000000000001e-01 4.167720323296481e+00 1.374980811136260e-05
8.300000000000001e-01 4.273281128122877e+00 7.432583904353785e-06
8.350000000000000e-01 4.381512872761445e+00 3.880614649791949e-06
8.400000000000000e-01 4.492483205575838e+00 1.954365224141852e-06
8.450000000000000e-01 4.606261486636447e+00 9.481559336035317e-07
8.500000000000000e-01 4.722918831072739e+00 4.425338600768928e-07
8.550000000000000e-01 4.842528153522501e+00 1.984411389279641e-07
8.600000000000000e-01 4.965164213705875e+00 8.538184993534382e-08
8.650000000000000e-01 5.090903663152626e+00 3.520345306402016e-08
8.700000000000000e-01 5.219825093111814e+00 1.389113667015058e-08
8.750000000000000e-01 5.352009083673925e+00 5.239412579012828e-09
8.800000000000000e-01 5.487538254136007e+00 1.886663742712390e-09
8.850000000000000e-01 5.626497314641444e+00 6.478379441113276e-10
8.900000000000000e-01 5.768973119126561e+00 2.118907030417322e-10
8.950000000000000e-01 5.915054719607133e+00 6.594290967734095e-11
9.000000000000000e-01 6.064833421838831e+00 1.950732940630365e-11
9.050000000000000e-01 6.218402842386253e+00 5.480142321590926e-12
9.100000000000000e-01 6.375858967136348e+00 1.460733102667703e-12
9.150000000000000e-01 6.537300211292723e+00 3.691366359682184e-13
9.200000000000000e-01 6.702827480888332e+00 8.837424355021058e-14
9.250000000000000e-01 6.872544235855034e+00 2.003112316778692e-14
9.300000000000000e-01 7.046556554689444e+00 4.296144944296455e-15
9.350000000000001e-01 7.224973200755413e+00 8.714329419904511e-16
9.400000000000001e-01 7.407905690264673e+00 1.671059820916244e-16
9.450000000000001e-01 7.595468361978146e+00 3.028364295772190e-17
9.500000000000001e-01 7.787778448671316e+00 5.185254745158623e-18
9.550000000000001e-01 7.984956150408610e+00 8.386816224748791e-19
9.600000000000000e-01 8.187124709672272e+00 1.281263173190846e-19
9.650000000000000e-01 8.394410488393007e+00 1.848720069454199e-20
9.700000000000000e-01 8.606943046930221e+00 2.519413177933139e-21
9.750000000000000e-01 8.824855225051540e+00 3.243032997170755e-22
9.800000000000000e-01 9.048283224961922e+00 3.943463063192165e-23
9.850000000000000e-01 9.277366696434507e+00 4.530572102550310e-24
9.900000000000000e-01 9.512248824096272e+00 4.916007189266068e-25
9.950000000000000e-01 9.753076416923058e+00 5.349712149855834e-26
1.000000000000000e+00 1.000000000000000e+01 -1.953931348867690e-26
