0.000000000000000e+00 0.000000000000000e+00 -7.381326368628228e-01
5.000000000000000e-03 3.369477419287315e-03 -7.381326368628228e-01
1.000000000000000e-02 6.741060871647481e-03 -7.400844663984030e-01
1.500000000000000e-02 1.011685770649257e-02 -7.401116532130403e-01
2.000000000000000e-02 1.349897790673588e-02 -7.396030720347530e-01
2.500000000000000e-02 1.688953540759990e-02 -7.395509320478335e-01
3.000000000000000e-02 2.029064941789469e-02 -7.396397590888936e-01
3.500000000000000e-02 2.370444574459234e-02 -7.395386950949552e-01
4.000000000000000e-02 2.713305812152553e-02 -7.393738722424651e-01
4.500000000000000e-02 3.057862954304063e-02 -7.392947101673383e-01
5.000000000000000e-02 3.404331360343898e-02 -7.392099067774354e-01
5.500000000000000e-02 3.752927584304335e-02 -7.390469708278963e-01
6.000000000000000e-02 4.103869510173117e-02 -7.388833913036102e-01
6.500000000000000e-02 4.457376488078044e-02 -7.387525520404988e-01
7.000000000000001e-02 4.813669471387935e-02 -7.385785657325808e-01
7.500000000000000e-02 5.172971154815675e-02 -7.383582709474871e-01
8.000000000000000e-02 5.535506113609672e-02 -7.381598283499639e-01
8.500000000000001e-02 5.901500943920686e-02 -7.379645197919877e-01
9.000000000000000e-02 6.271184404431801e-02 -7.377104391227448e-01
9.500000000000000e-02 6.644787559340060e-02 -7.374312940898605e-01
1.000000000000000e-01 7.022543922779090e-02 -7.371780879553064e-01
1.050000000000000e-01 7.404689604773053e-02 -7.369065858859950e-01
1.100000000000000e-01 7.791463458813094e-02 -7.365742220182496e-01
1.150000000000000e-01 8.183107231148547e-02 -7.362283923354607e-01
1.200000000000000e-01 8.579865711886202e-02 -7.359017466890017e-01
1.250000000000000e-01 8.981986887992111e-02 -7.355442761053201e-01
1.300000000000000e-01 9.389722098291493e-02 -7.351290380885493e-01
1.350000000000000e-01 9.803326190563690e-02 -7.347024701249927e-01
1.400000000000000e-01 1.022305768083033e-01 -7.342856142148555e-01
1.450000000000000e-01 1.064917891493625e-01 -7.338325729379164e-01
1.500000000000000e-01 1.108195623252418e-01 -7.333233293066774e-01
1.550000000000000e-01 1.152166013350572e-01 -7.327976324710566e-01
1.600000000000000e-01 1.196856544713255e-01 -7.322737851266523e-01
1.650000000000000e-01 1.242295150377370e-01 -7.317133932680797e-01
1.700000000000000e-01 1.288510230950609e-01 -7.310951931612379e-01
1.750000000000000e-01 1.335530672362758e-01 -7.304494747671908e-01
1.800000000000000e-01 1.383385863920344e-01 -7.297978412993720e-01
1.850000000000000e-01 1.432105716675912e-01 -7.291135505188369e-01
1.900000000000000e-01 1.481720682123397e-01 -7.283715031924105e-01
1.950000000000000e-01 1.532261771231311e-01 -7.275858064136251e-01
2.000000000000000e-01 1.583760573825595e-01 -7.267782713810677e-01
2.050000000000000e-01 1.636249278334301e-01 -7.259431409202181e-01
2.100000000000000e-01 1.689760691906397e-01 -7.250620782708306e-01
2.150000000000000e-01 1.744328260917313e-01 -7.241240769154387e-01
2.200000000000000e-01 1.799986091874004e-01 -7.231334282064468e-01
2.250000000000000e-01 1.856768972732633e-01 -7.221071753984654e-01
2.300000000000000e-01 1.914712394642179e-01 -7.210516584031594e-01
2.350000000000000e-01 1.973852574127551e-01 -7.199454964015151e-01
2.400000000000000e-01 2.034226475726105e-01 -7.187728510615323e-01
2.450000000000000e-01 2.095871835091678e-01 -7.175389080271781e-01
2.500000000000000e-01 2.158827182580599e-01 -7.162477362644860e-01
2.550000000000000e-01 2.223131867334419e-01 -7.149070548381882e-01
2.600000000000000e-01 2.288826081874405e-01 -7.135241829578721e-01
2.650000000000000e-01 2.355950887223172e-01 -7.120842547642516e-01
2.700000000000000e-01 2.424548238569160e-01 -7.105810094945474e-01
2.750000000000000e-01 2.494661011489995e-01 -7.090099936178292e-01
2.800000000000000e-01 2.566333028751116e-01 -7.073599875920491e-01
2.850000000000000e-01 2.639609087696434e-01 -7.056412118351217e-01
2.900000000000000e-01 2.714534988248126e-01 -7.038447039325018e-01
2.950000000000000e-01 2.791157561533084e-01 -7.019794044162749e-01
3.000000000000000e-01 2.869524699153886e-01 -7.000396688669415e-01
3.050000000000000e-01 2.949685383122613e-01 -6.980283772695419e-01
3.100000000000000e-01 3.031689716476197e-01 -6.959423661180022e-01
3.150000000000000e-01 3.115588954592450e-01 -6.937814639104127e-01
3.200000000000000e-01 3.201435537226349e-01 -6.915440210978973e-01
3.250000000000000e-01 3.289283121286580e-01 -6.892293580642026e-01
3.300000000000000e-01 3.379186614372866e-01 -6.868367433964643e-01
3.350000000000000e-01 3.471202209094989e-01 -6.843658843929956e-01
3.400000000000000e-01 3.565387418195016e-01 -6.818167526086804e-01
3.450000000000000e-01 3.661801110494620e-01 -6.791896681967181e-01
3.500000000000000e-01 3.760503547690021e-01 -6.764852852646932e-01
3.550000000000000e-01 3.861556422017504e-01 -6.737046096592733e-01
3.600000000000000e-01 3.965022894813072e-01 -6.708489992800969e-01
3.650000000000000e-01 4.070967635990345e-01 -6.679201585392820e-01
3.700000000000000e-01 4.179456864461349e-01 -6.649201172504018e-01
3.750000000000000e-01 4.290558389525505e-01 -6.618511895108079e-01
3.800000000000000e-01 4.404341653252637e-01 -6.587159046330417e-01
3.850000000000000e-01 4.520877773886537e-01 -6.555169005791300e-01
3.900000000000000e-01 4.640239590296172e-01 -6.522567673597648e-01
3.950000000000000e-01 4.762501707502353e-01 -6.489378241816893e-01
4.000000000000000e-01 4.887740543308307e-01 -6.455618092854055e-01
4.050000000000000e-01 5.016034376063282e-01 -6.421294551728886e-01
4.100000000000000e-01 5.147463393589066e-01 -6.386399139051756e-01
4.150000000000000e-01 5.282109743299990e-01 -6.350899869497827e-01
4.200000000000000e-01 5.420057583547735e-01 -6.314731012700446e-01
4.250000000000000e-01 5.561393136223041e-01 -6.277779576725639e-01
4.300000000000000e-01 5.706204740647189e-01 -6.239867588897872e-01
4.350000000000000e-01 5.854582908786964e-01 -6.200729042461288e-01
4.400000000000000e-01 6.006620381827575e-01 -6.159980173308427e-01
4.450000000000000e-01 6.162412188138907e-01 -6.117081580337627e-01
4.500000000000000e-01 6.322055702671360e-01 -6.071290708200979e-01
4.550000000000000e-01 6.485650707818353e-01 -6.021603559393121e-01
4.600000000000000e-01 6.653299455783577e-01 -5.966685512948117e-01
4.650000000000000e-01 6.825106732491932e-01 -5.904793303860852e-01
4.700000000000000e-01 7.001179923084168e-01 -5.833694280925549e-01
4.750000000000000e-01 7.181629079036070e-01 -5.750595880097308e-01
4.800000000000000e-01 7.366566986944229e-01 -5.652108527628725e-01
4.850000000000000e-01 7.556109239021327e-01 -5.534278653476549e-01
4.900000000000000e-01 7.750374305345038e-01 -5.392742398503328e-01
4.950000000000000e-01 7.949483607905672e-01 -5.223057647844820e-01
5.000000000000000e-01 8.153561596498893e-01 -5.021259114235240e-01
5.050000000000000e-01 8.362735826510871e-01 -4.784632147553676e-01
5.100000000000000e-01 8.577137038644561e-01 -4.512607423275377e-01
5.150000000000000e-01 8.796899240636907e-01 -4.207559202281331e-01
5.200000000000000e-01 9.022159791018011e-01 -3.875204095224855e-01
5.250000000000000e-01 9.253059484964714e-01 -3.524329196135259e-01
5.300000000000000e-01 9.489742642302165e-01 -3.165774255933017e-01
5.350000000000000e-01 9.732357197708378e-01 -2.810890319379406e-01
5.400000000000000e-01 9.981054793178262e-01 -2.469931334087799e-01
5.450000000000000e-01 1.023599087280478e+00 -2.150851633524222e-01
5.500000000000000e-01 1.049732477993657e+00 -1.858772056314717e-01
5.550000000000000e-01 1.076521985677273e+00 -1.596086749027051e-01
5.600000000000001e-01 1.103984354645701e+00 -1.362983282907467e-01
5.650000000000001e-01 1.132136749773522e+00 -1.158109326670808e-01
5.700000000000001e-01 1.160996767224129e+00 -9.791931110101351e-02
5.750000000000001e-01 1.190582445447902e+00 -8.235274226924620e-02
5.800000000000000e-01 1.220912276456826e+00 -6.883029717080152e-02
5.850000000000000e-01 1.252005217382601e+00 -5.708147743460410e-02
5.900000000000000e-01 1.283880702325469e+00 -4.685755876415412e-02
5.950000000000000e-01 1.316558654501151e+00 -3.793673573446434e-02
6.000000000000000e-01 1.350059498693518e+00 -3.012542803332317e-02
6.050000000000000e-01 1.384404174020732e+00 -2.325737829250260e-02
6.100000000000000e-01 1.419614147022888e+00 -1.719159522749360e-02
6.150000000000000e-01 1.455711425079295e+00 -1.180978850031395e-02
6.200000000000000e-01 1.492718570163803e+00 -7.013672785560333e-03
6.250000000000000e-01 1.530658712946775e+00 -2.722349212504134e-03
6.300000000000000e-01 1.569555567252506e+00 1.130130223283747e-03
6.350000000000000e-01 1.609433444881138e+00 4.596969661467800e-03
6.400000000000000e-01 1.650317270804325e+00 7.720595927513004e-03
6.450000000000000e-01 1.692232598744148e+00 1.053439090071491e-02
6.500000000000000e-01 1.735205627145031e+00 1.306420511498306e-02
6.550000000000000e-01 1.779263215548615e+00 1.532967220858170e-02
6.600000000000000e-01 1.824432901381847e+00 1.734534548821582e-02
6.650000000000000e-01 1.870742917168772e+00 1.912167834155544e-02
6.700000000000000e-01 1.918222208176775e+00 2.066587026290417e-02
6.750000000000000e-01 1.966900450508319e+00 2.198260020453054e-02
6.800000000000000e-01 2.016808069649473e+00 2.307466894313633e-02
6.850000000000001e-01 2.067976259486829e+00 2.394357210653488e-02
6.900000000000001e-01 2.120437001804702e+00 2.459002526768611e-02
6.950000000000001e-01 2.174223086274785e+00 2.501446180392240e-02
7.000000000000001e-01 2.229368130950753e+00 2.521752265768330e-02
7.050000000000000e-01 2.285906603280654e+00 2.520055424077096e-02
7.100000000000000e-01 2.343873841650178e+00 2.496612593767068e-02
7.150000000000000e-01 2.403306077470301e+00 2.451857140964877e-02
7.200000000000000e-01 2.464240457823092e+00 2.386454772187426e-02
7.250000000000000e-01 2.526715068679855e+00 2.301359309389484e-02
7.300000000000000e-01 2.590768958706095e+00 2.197864834848950e-02
7.350000000000000e-01 2.656442163668210e+00 2.077649045096795e-02
7.400000000000000e-01 2.723775731457148e+00 1.942801170105632e-02
7.450000000000000e-01 2.792811747744667e+00 1.795826920144535e-02
7.500000000000000e-01 2.863593362288260e+00 1.639623089772630e-02
7.550000000000000e-01 2.936164815901156e+00 1.477416098560385e-02
7.600000000000000e-01 3.010571468104263e+00 1.312662089292524e-02
7.650000000000000e-01 3.086859825477351e+00 1.148911067139856e-02
7.700000000000000e-01 3.165077570727174e+00 9.896433114107248e-03
7.750000000000000e-01 3.245273592490716e+00 8.380918734678758e-03
7.800000000000000e-01 3.327498015892184e+00 6.970691368968710e-03
7.850000000000000e-01 3.411802233872832e+00 5.688170327791628e-03
7.900000000000000e-01 3.498238939313234e+00 4.548989131210843e-03
7.950000000000000e-01 3.586862157968046e+00 3.561463203957367e-03
8.000000000000000e-01 3.677727282233856e+00 2.726667067365709e-03
8.050000000000000e-01 3.770891105771243e+00 2.039098622673540e-03
8.100000000000001e-01 3.866411859002656e+00 1.487829578528479e-03
8.150000000000001e-01 3.964349245508326e+00 1.057981233310277e-03
8.200000000000001e-01 4.064764479342956e+00 7.323336946467853e-04
8.250000000000001e-01 4.167720323296481e+00 4.928780041582202e-04
8.300000000000001e-01 4.273281128122877e+00 3.221516749991301e-04
8.350000000000000e-01 4.381512872761445e+00 2.042503572426081e-04
8.400000000000000e-01 4.492483205575838e+00 1.254698389539232e-04
8.450000000000000e-01 4.606261486636447e+00 7.459097293023317e-05
8.500000000000000e-01 4.722918831072739e+00 4.286529427853509e-05
8.550000000000000e-01 4.842528153522501e+00 2.378527506205066e-05
8.600000000000000e-01 4.965164213705875e+00 1.272957180139018e-05
8.650000000000000e-01 5.090903663152626e+00 6.563800464043992e-06
8.700000000000000e-01 5.219825093111814e+00 3.257466120011726e-06
8.750000000000000e-01 5.352009083673925e+00 1.554356287082505e-06
8.800000000000000e-01 5.487538254136007e+00 7.124401938347722e-07
8.850000000000000e-01 5.626497314641444e+00 3.133818726487003e-07
8.900000000000000e-01 5.768973119126561e+00 1.321746382129665e-07
8.950000000000000e-01 5.915054719607133e+00 5.340897251971490e-08
9.000000000000000e-01 6.064833421838831e+00 2.066036225191872e-08
9.050000000000000e-01 6.218402842386253e+00 7.645545236113877e-09
9.100000000000000e-01 6.375858967136348e+00 2.704823262968299e-09
9.150000000000000e-01 6.537300211292723e+00 9.142530369530518e-10
9.200000000000000e-01 6.702827480888332e+00 2.950885374863500e-10
9.250000000000000e-01 6.872544235855034e+00 9.090378440080294e-11
9.300000000000000e-01 7.046556554689444e+00 2.671555381719043e-11
9.350000000000001e-01 7.224973200755413e+00 7.487399237223662e-12
9.400000000000001e-01 7.407905690264673e+00 2.000492033942482e-12
9.450000000000001e-01 7.595468361978146e+00 5.093986327411299e-13
9.500000000000001e-01 7.787778448671316e+00 1.235920921944816e-13
9.550000000000001e-01 7.984956150408610e+00 2.856618107471033e-14
9.600000000000000e-01 8.187124709672272e+00 6.288942848776453e-15
9.650000000000000e-01 8.394410488393007e+00 1.318621324879567e-15
9.700000000000000e-01 8.606943046930221e+00 2.632989180394626e-16
9.750000000000000e-01 8.824855225051540e+00 5.006676688692499e-17
9.800000000000000e-01 9.048283224961922e+00 9.066093577951416e-18
9.850000000000000e-01 9.277366696434507e+00 1.563487981648731e-18
9.900000000000000e-01 9.512248824096272e+00 2.563972948182953e-19
9.950000000000000e-01 9.753076416923058e+00 4.282646197436825e-20
1.000000000000000e+00 1.000000000000000e+01 -7.580018529198241e-21
