0.000000000000000e+00 0.000000000000000e+00 -6.917257767141229e-01
5.000000000000000e-03 3.369477419287315e-03 -6.917257767141229e-01
1.000000000000000e-02 6.741060871647481e-03 -6.934067850733500e-01
1.500000000000000e-02 1.011685770649257e-02 -6.935399789836033e-01
2.000000000000000e-02 1.349897790673588e-02 -6.931182873411120e-01
2.500000000000000e-02 1.688953540759990e-02 -6.929780282055179e-01
3.000000000000000e-02 2.029064941789469e-02 -6.930337256233003e-01
3.500000000000000e-02 2.370444574459234e-02 -6.929932552295945e-01
4.000000000000000e-02 2.713305812152553e-02 -6.928224596836404e-01
4.500000000000000e-02 3.057862954304063e-02 -6.926818273645658e-01
5.000000000000000e-02 3.404331360343898e-02 -6.926061359406861e-01
5.500000000000000e-02 3.752927584304335e-02 -6.924775875874725e-01
6.000000000000000e-02 4.103869510173117e-02 -6.922739825966078e-01
6.500000000000000e-02 4.457376488078044e-02 -6.920950701822439e-01
7.000000000000001e-02 4.813669471387935e-02 -6.919455063304955e-01
7.500000000000000e-02 5.172971154815675e-02 -6.917394576326615e-01
8.000000000000000e-02 5.535506113609672e-02 -6.914837798313780e-01
8.500000000000001e-02 5.901500943920686e-02 -6.912503405101319e-01
9.000000000000000e-02 6.271184404431801e-02 -6.910221998136497e-01
9.500000000000000e-02 6.644787559340060e-02 -6.907385317668292e-01
1.000000000000000e-01 7.022543922779090e-02 -6.904209307986552e-01
1.050000000000000e-01 7.404689604773053e-02 -6.901179805213213e-01
1.100000000000000e-01 7.791463458813094e-02 -6.898044668113443e-01
1.150000000000000e-01 8.183107231148547e-02 -6.894382864859319e-01
1.200000000000000e-01 8.579865711886202e-02 -6.890440308695054e-01
1.250000000000000e-01 8.981986887992111e-02 -6.886557400541170e-01
1.300000000000000e-01 9.389722098291493e-02 -6.882493511924582e-01
1.350000000000000e-01 9.803326190563690e-02 -6.877916820486050e-01
1.400000000000000e-01 1.022305768083033e-01 -6.873023337223275e-01
1.450000000000000e-01 1.064917891493625e-01 -6.868107543433969e-01
1.500000000000000e-01 1.108195623252418e-01 -6.863008981611062e-01
1.550000000000000e-01 1.152166013350572e-01 -6.857397377684840e-01
1.600000000000000e-01 1.196856544713255e-01 -6.851351472781055e-01
1.650000000000000e-01 1.242295150377370e-01 -6.845184349897225e-01
1.700000000000000e-01 1.288510230950609e-01 -6.838881918052638e-01
1.750000000000000e-01 1.335530672362758e-01 -6.832091135381515e-01
1.800000000000000e-01 1.383385863920344e-01 -6.824714027534163e-01
1.850000000000000e-01 1.432105716675912e-01 -6.817046537778541e-01
1.900000000000000e-01 1.481720682123397e-01 -6.809245837828771e-01
1.950000000000000e-01 1.532261771231311e-01 -6.801051255668173e-01
2.000000000000000e-01 1.583760573825595e-01 -6.792242469114379e-01
2.050000000000000e-01 1.636249278334301e-01 -6.782906815803948e-01
2.100000000000000e-01 1.689760691906397e-01 -6.773189467697185e-01
2.150000000000000e-01 1.744328260917313e-01 -6.763131927948424e-01
2.200000000000000e-01 1.799986091874004e-01 -6.752693086976631e-01
2.250000000000000e-01 1.856768972732633e-01 -6.741664125572805e-01
2.300000000000000e-01 1.914712394642179e-01 -6.729911554462025e-01
2.350000000000000e-01 1.973852574127551e-01 -6.717576972073293e-01
2.400000000000000e-01 2.034226475726105e-01 -6.704748545139428e-01
2.450000000000000e-01 2.095871835091678e-01 -6.691415824511017e-01
2.500000000000000e-01 2.158827182580599e-01 -6.677617657540007e-01
2.550000000000000e-01 2.223131867334419e-01 -6.663185950644666e-01
2.600000000000000e-01 2.288826081874405e-01 -6.648021306609205e-01
2.650000000000000e-01 2.355950887223172e-01 -6.632136875829879e-01
2.700000000000000e-01 2.424548238569160e-01 -6.615404192016572e-01
2.750000000000000e-01 2.494661011489995e-01 -6.597945421271066e-01
2.800000000000000e-01 2.566333028751116e-01 -6.579662948844449e-01
2.850000000000000e-01 2.639609087696434e-01 -6.560630128337294e-01
2.900000000000000e-01 2.714534988248126e-01 -6.540784022748607e-01
2.950000000000000e-01 2.791157561533084e-01 -6.520134005147392e-01
3.000000000000000e-01 2.869524699153886e-01 -6.498639932165646e-01
3.050000000000000e-01 2.949685383122613e-01 -6.476284517168573e-01
3.100000000000000e-01 3.031689716476197e-01 -6.453039245878393e-01
3.150000000000000e-01 3.115588954592450e-01 -6.428882008926865e-01
3.200000000000000e-01 3.201435537226349e-01 -6.403789857767564e-01
3.250000000000000e-01 3.289283121286580e-01 -6.377742177423418e-01
3.300000000000000e-01 3.379186614372866e-01 -6.350719509889720e-01
3.350000000000000e-01 3.471202209094989e-01 -6.322704042941029e-01
3.400000000000000e-01 3.565387418195016e-01 -6.293679517475399e-01
3.450000000000000e-01 3.661801110494620e-01 -6.263631340798229e-01
3.500000000000000e-01 3.760503547690021e-01 -6.232546615647067e-01
3.550000000000000e-01 3.861556422017504e-01 -6.200414150497635e-01
3.600000000000000e-01 3.965022894813072e-01 -6.167224401616708e-01
3.650000000000000e-01 4.070967635990345e-01 -6.132969327862403e-01
3.700000000000000e-01 4.179456864461349e-01 -6.097642124075313e-01
3.750000000000000e-01 4.290558389525505e-01 -6.061236794243361e-01
3.800000000000000e-01 4.404341653252637e-01 -6.023747515439046e-01
3.850000000000000e-01 4.520877773886537e-01 -5.985167731764879e-01
3.900000000000000e-01 4.640239590296172e-01 -5.945488902672211e-01
3.950000000000000e-01 4.762501707502353e-01 -5.904698811782014e-01
4.000000000000000e-01 4.887740543308307e-01 -5.862779320073899e-01
4.050000000000000e-01 5.016034376063282e-01 -5.819703420444713e-01
4.100000000000000e-01 5.147463393589066e-01 -5.775431418673428e-01
4.150000000000000e-01 5.282109743299990e-01 -5.729906028580833e-01
4.200000000000000e-01 5.420057583547735e-01 -5.683046127099277e-01
4.250000000000000e-01 5.561393136223041e-01 -5.634738869760756e-01
4.300000000000000e-01 5.706204740647189e-01 -5.584829822645054e-01
4.350000000000000e-01 5.854582908786964e-01 -5.533110730679733e-01
4.400000000000000e-01 6.006620381827575e-01 -5.479304527950952e-01
4.450000000000000e-01 6.162412188138907e-01 -5.423047226411372e-01
4.500000000000000e-01 6.322055702671360e-01 -5.363866432268212e-01
4.550000000000000e-01 6.485650707818353e-01 -5.301156491732734e-01
4.600000000000000e-01 6.653299455783577e-01 -5.234150743425803e-01
4.650000000000000e-01 6.825106732491932e-01 -5.161892167481322e-01
4.700000000000000e-01 7.001179923084168e-01 -5.083205010557635e-01
4.750000000000000e-01 7.181629079036070e-01 -4.996671870817519e-01
4.800000000000000e-01 7.366566986944229e-01 -4.900623321561682e-01
4.850000000000000e-01 7.556109239021327e-01 -4.793150316143605e-01
4.900000000000000e-01 7.750374305345038e-01 -4.672152824471154e-01
4.950000000000000e-01 7.949483607905672e-01 -4.535440204418859e-01
5.000000000000000e-01 8.153561596498893e-01 -4.380897639014468e-01
5.050000000000000e-01 8.362735826510871e-01 -4.206725787587369e-01
5.100000000000000e-01 8.577137038644561e-01 -4.011745058223614e-01
5.150000000000000e-01 8.796899240636907e-01 -3.795731351668175e-01
5.200000000000000e-01 9.022159791018011e-01 -3.559721507196625e-01
5.250000000000000e-01 9.253059484964714e-01 -3.306205318897471e-01
5.300000000000000e-01 9.489742642302165e-01 -3.039122228818557e-01
5.350000000000000e-01 9.732357197708378e-01 -2.763615740450790e-01
5.400000000000000e-01 9.981054793178262e-01 -2.485563374576516e-01
5.450000000000000e-01 1.023599087280478e+00 -2.210971367002189e-01
5.500000000000000e-01 1.049732477993657e+00 -1.945368163892015e-01
5.550000000000000e-01 1.076521985677273e+00 -1.693326338278269e-01
5.600000000000001e-01 1.103984354645701e+00 -1.458192214460327e-01
5.650000000000001e-01 1.132136749773522e+00 -1.242033262753594e-01
5.700000000000001e-01 1.160996767224129e+00 -1.045757085570196e-01
5.750000000000001e-01 1.190582445447902e+00 -8.693303911758442e-02
5.800000000000000e-01 1.220912276456826e+00 -7.120302201627128e-02
5.850000000000000e-01 1.252005217382601e+00 -5.726798097027951e-02
5.900000000000000e-01 1.283880702325469e+00 -4.498443167370372e-02
5.950000000000000e-01 1.316558654501151e+00 -3.419792821986991e-02
6.000000000000000e-01 1.350059498693518e+00 -2.475351791941938e-02
6.050000000000000e-01 1.384404174020732e+00 -1.650259454419994e-02
6.100000000000000e-01 1.419614147022888e+00 -9.307026344046532e-03
6.150000000000000e-01 1.455711425079295e+00 -3.041338718876867e-03
6.200000000000000e-01 1.492718570163803e+00 2.406428267184956e-03
6.250000000000000e-01 1.530658712946775e+00 7.134727636119643e-03
6.300000000000000e-01 1.569555567252506e+00 1.122905357639345e-02
6.350000000000000e-01 1.609433444881138e+00 1.476280842931177e-02
6.400000000000000e-01 1.650317270804325e+00 1.779834205954813e-02
6.450000000000000e-01 1.692232598744148e+00 2.038806921655503e-02
6.500000000000000e-01 1.735205627145031e+00 2.257560583807894e-02
6.550000000000000e-01 1.779263215548615e+00 2.439688884256117e-02
6.600000000000000e-01 1.824432901381847e+00 2.588125962007965e-02
6.650000000000000e-01 1.870742917168772e+00 2.705250185321187e-02
6.700000000000000e-01 1.918222208176775e+00 2.792983125489325e-02
6.750000000000000e-01 1.966900450508319e+00 2.852883937337916e-02
6.800000000000000e-01 2.016808069649473e+00 2.886239633833703e-02
6.850000000000001e-01 2.067976259486829e+00 2.894151848530482e-02
6.900000000000001e-01 2.120437001804702e+00 2.877620611919966e-02
6.950000000000001e-01 2.174223086274785e+00 2.837625403362751e-02
7.000000000000001e-01 2.229368130950753e+00 2.775203253557498e-02
7.050000000000000e-01 2.285906603280654e+00 2.691522949973457e-02
7.100000000000000e-01 2.343873841650178e+00 2.587953456498975e-02
7.150000000000000e-01 2.403306077470301e+00 2.466123567517027e-02
7.200000000000000e-01 2.464240457823092e+00 2.327968714896247e-02
7.250000000000000e-01 2.526715068679855e+00 2.175759952178091e-02
7.300000000000000e-01 2.590768958706095e+00 2.012109738278371e-02
7.350000000000000e-01 2.656442163668210e+00 1.839949541225038e-02
7.400000000000000e-01 2.723775731457148e+00 1.662475735067329e-02
7.450000000000000e-01 2.792811747744667e+00 1.483062871580783e-02
7.500000000000000e-01 2.863593362288260e+00 1.305147028186832e-02
7.550000000000000e-01 2.936164815901156e+00 1.132086126013692e-02
7.600000000000000e-01 3.010571468104263e+00 9.670081776737165e-03
7.650000000000000e-01 3.086859825477351e+00 8.126615294063921e-03
7.700000000000000e-01 3.165077570727174e+00 6.712825360871344e-03
7.750000000000000e-01 3.245273592490716e+00 5.444952535240732e-03
7.800000000000000e-01 3.327498015892184e+00 4.332545828146054e-03
7.850000000000000e-01 3.411802233872832e+00 3.378392639815133e-03
7.900000000000000e-01 3.498238939313234e+00 2.578949960167653e-03
7.950000000000000e-01 3.586862157968046e+00 1.925217858267643e-03
8.000000000000000e-01 3.677727282233856e+00 1.403944304045006e-03
8.050000000000000e-01 3.770891105771243e+00 9.990164143560143e-04
8.100000000000001e-01 3.866411859002656e+00 6.928819973529269e-04
8.150000000000001e-01 3.964349245508326e+00 4.678571993094143e-04
8.200000000000001e-01 4.064764479342956e+00 3.072074040553429e-04
8.250000000000001e-01 4.167720323296481e+00 1.959323558915238e-04
8.300000000000001e-01 4.273281128122877e+00 1.212341705355247e-04
8.350000000000000e-01 4.381512872761445e+00 7.269004079346410e-05
8.400000000000000e-01 4.492483205575838e+00 4.218349868985089e-05
8.450000000000000e-01 4.606261486636447e+00 2.366558588571039e-05
8.500000000000000e-01 4.722918831072739e+00 1.282013312343591e-05
8.550000000000000e-01 4.842528153522501e+00 6.698363392908656e-06
8.600000000000000e-01 4.965164213705875e+00 3.371746354918581e-06
8.650000000000000e-01 5.090903663152626e+00 1.633319845084058e-06
8.700000000000000e-01 5.219825093111814e+00 7.605906148373395e-07
8.750000000000000e-01 5.352009083673925e+00 3.401280205275530e-07
8.800000000000000e-01 5.487538254136007e+00 1.459186952689636e-07
8.850000000000000e-01 5.626497314641444e+00 5.999853471718568e-08
8.900000000000000e-01 5.768973119126561e+00 2.362304971134250e-08
8.950000000000000e-01 5.915054719607133e+00 8.898627879389034e-09
9.000000000000000e-01 6.064833421838831e+00 3.204431075644105e-09
9.050000000000000e-01 6.218402842386253e+00 1.102281526337902e-09
9.100000000000000e-01 6.375858967136348e+00 3.619472755665239e-10
9.150000000000000e-01 6.537300211292723e+00 1.133787986850574e-10
9.200000000000000e-01 6.702827480888332e+00 3.386102225463349e-11
9.250000000000000e-01 6.872544235855034e+00 9.636587481213687e-12
9.300000000000000e-01 7.046556554689444e+00 2.612161339574669e-12
9.350000000000001e-01 7.224973200755413e+00 6.741455007185529e-13
9.400000000000001e-01 7.407905690264673e+00 1.655891501930940e-13
9.450000000000001e-01 7.595468361978146e+00 3.869955403312736e-14
9.500000000000001e-01 7.787778448671316e+00 8.603394692396932e-15
9.550000000000001e-01 7.984956150408610e+00 1.819027295623447e-15
9.600000000000000e-01 8.187124709672272e+00 3.657214058019425e-16
9.650000000000000e-01 8.394410488393007e+00 6.991319201632393e-17
9.700000000000000e-01 8.606943046930221e+00 1.270689734030543e-17
9.750000000000000e-01 8.824855225051540e+00 2.195748672708045e-18
9.800000000000000e-01 9.048283224961922e+00 3.607405883534489e-19
9.850000000000000e-01 9.277366696434507e+00 5.635229988109541e-20
9.900000000000000e-01 9.512248824096272e+00 8.360322503623988e-21
9.950000000000000e-01 9.753076416923058e+00 1.259807450880678e-21
1.000000000000000e+00 1.000000000000000e+01 -2.835959602873773e-22
