0.000000000000000e+00 0.000000000000000e+00 -8.626733007772800e-01
5.000000000000000e-03 3.369477419287315e-03 -8.626733007772800e-01
1.000000000000000e-02 6.741060871647481e-03 -8.619392016059796e-01
1.500000000000000e-02 1.011685770649257e-02 -8.619106649661251e-01
2.000000000000000e-02 1.349897790673588e-02 -8.619837413041992e-01
2.500000000000000e-02 1.688953540759990e-02 -8.619389581907499e-01
3.000000000000000e-02 2.029064941789469e-02 -8.619050069537497e-01
3.500000000000000e-02 2.370444574459234e-02 -8.618528221129573e-01
4.000000000000000e-02 2.713305812152553e-02 -8.617491185515659e-01
4.500000000000000e-02 3.057862954304063e-02 -8.616964694729526e-01
5.000000000000000e-02 3.404331360343898e-02 -8.616522295184283e-01
5.500000000000000e-02 3.752927584304335e-02 -8.615400772986297e-01
6.000000000000000e-02 4.103869510173117e-02 -8.614294978326621e-01
6.500000000000000e-02 4.457376488078044e-02 -8.613607330234142e-01
7.000000000000001e-02 4.813669471387935e-02 -8.612442996308878e-01
7.500000000000000e-02 5.172971154815675e-02 -8.610921679430354e-01
8.000000000000000e-02 5.535506113609672e-02 -8.609819346938299e-01
8.500000000000001e-02 5.901500943920686e-02 -8.608671266953646e-01
9.000000000000000e-02 6.271184404431801e-02 -8.606877056870328e-01
9.500000000000000e-02 6.644787559340060e-02 -8.605141458505526e-01
1.000000000000000e-01 7.022543922779090e-02 -8.603748519404604e-01
1.050000000000000e-01 7.404689604773053e-02 -8.601964862354209e-01
1.100000000000000e-01 7.791463458813094e-02 -8.599766636863989e-01
1.150000000000000e-01 8.183107231148547e-02 -8.597798764570097e-01
1.200000000000000e-01 8.579865711886202e-02 -8.595838551592936e-01
1.250000000000000e-01 8.981986887992111e-02 -8.593423012476610e-01
1.300000000000000e-01 9.389722098291493e-02 -8.590905274181877e-01
1.350000000000000e-01 9.803326190563690e-02 -8.588543450035696e-01
1.400000000000000e-01 1.022305768083033e-01 -8.585906686525216e-01
1.450000000000000e-01 1.064917891493625e-01 -8.582915589090311e-01
1.500000000000000e-01 1.108195623252418e-01 -8.579995248868502e-01
1.550000000000000e-01 1.152166013350572e-01 -8.577077582074799e-01
1.600000000000000e-01 1.196856544713255e-01 -8.573761109564574e-01
1.650000000000000e-01 1.242295150377370e-01 -8.570195264656555e-01
1.700000000000000e-01 1.288510230950609e-01 -8.566730243160999e-01
1.750000000000000e-01 1.335530672362758e-01 -8.563158812861169e-01
1.800000000000000e-01 1.383385863920344e-01 -8.559168282801798e-01
1.850000000000000e-01 1.432105716675912e-01 -8.554967437399396e-01
1.900000000000000e-01 1.481720682123397e-01 -8.550833938098761e-01
1.950000000000000e-01 1.532261771231311e-01 -8.546560200456658e-01
2.000000000000000e-01 1.583760573825595e-01 -8.541887458672491e-01
2.050000000000000e-01 1.636249278334301e-01 -8.536979376194674e-01
2.100000000000000e-01 1.689760691906397e-01 -8.532081714239141e-01
2.150000000000000e-01 1.744328260917313e-01 -8.527074886395145e-01
2.200000000000000e-01 1.799986091874004e-01 -8.521734570339851e-01
2.250000000000000e-01 1.856768972732633e-01 -8.516101840264299e-01
2.300000000000000e-01 1.914712394642179e-01 -8.510371422017117e-01
2.350000000000000e-01 1.973852574127551e-01 -8.504587770987452e-01
2.400000000000000e-01 2.034226475726105e-01 -8.498638461754592e-01
2.450000000000000e-01 2.095871835091678e-01 -8.492398172215638e-01
2.500000000000000e-01 2.158827182580599e-01 -8.485894042325172e-01
2.550000000000000e-01 2.223131867334419e-01 -8.479310629392488e-01
2.600000000000000e-01 2.288826081874405e-01 -8.472752219733282e-01
2.650000000000000e-01 2.355950887223172e-01 -8.466089504774752e-01
2.700000000000000e-01 2.424548238569160e-01 -8.459223465600566e-01
2.750000000000000e-01 2.494661011489995e-01 -8.452202462726062e-01
2.800000000000000e-01 2.566333028751116e-01 -8.445094106222468e-01
2.850000000000000e-01 2.639609087696434e-01 -8.438028670108667e-01
2.900000000000000e-01 2.714534988248126e-01 -8.431126758062720e-01
2.950000000000000e-01 2.791157561533084e-01 -8.424344215290327e-01
3.000000000000000e-01 2.869524699153886e-01 -8.417708190210862e-01
3.050000000000000e-01 2.949685383122613e-01 -8.411245816134995e-01
3.100000000000000e-01 3.031689716476197e-01 -8.404964699857956e-01
3.150000000000000e-01 3.115588954592450e-01 -8.399036293965526e-01
3.200000000000000e-01 3.201435537226349e-01 -8.393511686402331e-01
3.250000000000000e-01 3.289283121286580e-01 -8.388595111806862e-01
3.300000000000000e-01 3.379186614372866e-01 -8.384395998628305e-01
3.350000000000000e-01 3.471202209094989e-01 -8.381114168614852e-01
3.400000000000000e-01 3.565387418195016e-01 -8.378923738327675e-01
3.450000000000000e-01 3.661801110494620e-01 -8.378053621217251e-01
3.500000000000000e-01 3.760503547690021e-01 -8.378753504374220e-01
3.550000000000000e-01 3.861556422017504e-01 -8.381322192261906e-01
3.600000000000000e-01 3.965022894813072e-01 -8.386105469126242e-01
3.650000000000000e-01 4.070967635990345e-01 -8.393510072270571e-01
3.700000000000000e-01 4.179456864461349e-01 -8.404013216421300e-01
3.750000000000000e-01 4.290558389525505e-01 -8.418177622755690e-01
3.800000000000000e-01 4.404341653252637e-01 -8.436669161940650e-01
3.850000000000000e-01 4.520877773886537e-01 -8.460279788804420e-01
3.900000000000000e-01 4.640239590296172e-01 -8.489956886999289e-01
3.950000000000000e-01 4.762501707502353e-01 -8.526841585827252e-01
4.000000000000000e-01 4.887740543308307e-01 -8.572319412085035e-01
4.050000000000000e-01 5.016034376063282e-01 -8.628088355264055e-01
4.100000000000000e-01 5.147463393589066e-01 -8.696251954889427e-01
4.150000000000000e-01 5.282109743299990e-01 -8.779449149200765e-01
4.200000000000000e-01 5.420057583547735e-01 -8.881039451975073e-01
4.250000000000000e-01 5.561393136223041e-01 -9.005373704442905e-01
4.300000000000000e-01 5.706204740647189e-01 -9.158201337694617e-01
4.350000000000000e-01 5.854582908786964e-01 -9.347303213791479e-01
4.400000000000000e-01 6.006620381827575e-01 -9.583512610059467e-01
4.450000000000000e-01 6.162412188138907e-01 -9.882435773808198e-01
4.500000000000000e-01 6.322055702671360e-01 -1.026750139884385e+00
4.550000000000000e-01 6.485650707818353e-01 -1.077568179743941e+00
4.600000000000000e-01 6.653299455783577e-01 -1.146886103649299e+00
4.650000000000000e-01 6.825106732491932e-01 -1.245708387272551e+00
4.700000000000000e-01 7.001179923084168e-01 -1.393907727319814e+00
4.750000000000000e-01 7.181629079036070e-01 -1.616814081518818e+00
4.800000000000000e-01 7.366566986944229e-01 -1.843230558359025e+00
4.850000000000000e-01 7.556109239021327e-01 -1.608953710912711e+00
4.900000000000000e-01 7.750374305345038e-01 -7.290330921907738e-01
4.950000000000000e-01 7.949483607905672e-01 -2.104439044363970e-01
5.000000000000000e-01 8.153561596498893e-01 -2.386447039806844e-01
5.050000000000000e-01 8.362735826510871e-01 -1.547160569481553e-01
5.100000000000000e-01 8.577137038644561e-01 -1.136574493021779e-01
5.150000000000000e-01 8.796899240636907e-01 -1.134046726054933e-01
5.200000000000000e-01 9.022159791018011e-01 -7.994047731701624e-02
5.250000000000000e-01 9.253059484964714e-01 -8.148916366018122e-02
5.300000000000000e-01 9.489742642302165e-01 -6.666579955099858e-02
5.350000000000000e-01 9.732357197708378e-01 -6.210403804094750e-02
5.400000000000000e-01 9.981054793178262e-01 -5.730466792119825e-02
5.450000000000000e-01 1.023599087280478e+00 -5.135842693278744e-02
5.500000000000000e-01 1.049732477993657e+00 -4.944268345510289e-02
5.550000000000000e-01 1.076521985677273e+00 -4.502401150486226e-02
5.600000000000001e-01 1.103984354645701e+00 -4.326183529752364e-02
5.650000000000001e-01 1.132136749773522e+00 -4.060146957926335e-02
5.700000000000001e-01 1.160996767224129e+00 -3.872965147868818e-02
5.750000000000001e-01 1.190582445447902e+00 -3.708426434924357e-02
5.800000000000000e-01 1.220912276456826e+00 -3.542734038803066e-02
5.850000000000000e-01 1.252005217382601e+00 -3.419726452152066e-02
5.900000000000000e-01 1.283880702325469e+00 -3.289869988039731e-02
5.950000000000000e-01 1.316558654501151e+00 -3.185167278692046e-02
6.000000000000000e-01 1.350059498693518e+00 -3.084780635280464e-02
6.050000000000000e-01 1.384404174020732e+00 -2.994525019053799e-02
6.100000000000000e-01 1.419614147022888e+00 -2.912889657611237e-02
6.150000000000000e-01 1.455711425079295e+00 -2.836239361392960e-02
6.200000000000000e-01 1.492718570163803e+00 -2.766570312319746e-02
6.250000000000000e-01 1.530658712946775e+00 -2.701033789399144e-02
6.300000000000000e-01 1.569555567252506e+00 -2.640041351730607e-02
6.350000000000000e-01 1.609433444881138e+00 -2.582617523571792e-02
6.400000000000000e-01 1.650317270804325e+00 -2.528232508999758e-02
6.450000000000000e-01 1.692232598744148e+00 -2.476519711523282e-02
6.500000000000000e-01 1.735205627145031e+00 -2.426929285273014e-02
6.550000000000000e-01 1.779263215548615e+00 -2.379121816333580e-02
6.600000000000000e-01 1.824432901381847e+00 -2.332691193336146e-02
6.650000000000000e-01 1.870742917168772e+00 -2.287286730831400e-02
6.700000000000000e-01 1.918222208176775e+00 -2.242569514912960e-02
6.750000000000000e-01 1.966900450508319e+00 -2.198207405893371e-02
6.800000000000000e-01 2.016808069649473e+00 -2.153881086189497e-02
6.850000000000001e-01 2.067976259486829e+00 -2.109272586652007e-02
6.900000000000001e-01 2.120437001804702e+00 -2.064066194030209e-02
6.950000000000001e-01 2.174223086274785e+00 -2.017944302538431e-02
7.000000000000001e-01 2.229368130950753e+00 -1.970585173327067e-02
7.050000000000000e-01 2.285906603280654e+00 -1.921660948490548e-02
7.100000000000000e-01 2.343873841650178e+00 -1.870835801364872e-02
7.150000000000000e-01 2.403306077470301e+00 -1.817764718315241e-02
7.200000000000000e-01 2.464240457823092e+00 -1.762092750444960e-02
7.250000000000000e-01 2.526715068679855e+00 -1.703454998809796e-02
7.300000000000000e-01 2.590768958706095e+00 -1.641477509745786e-02
7.350000000000000e-01 2.656442163668210e+00 -1.575779351286817e-02
7.400000000000000e-01 2.723775731457148e+00 -1.505976213620006e-02
7.450000000000000e-01 2.792811747744667e+00 -1.431685948747075e-02
7.500000000000000e-01 2.863593362288260e+00 -1.352536542937277e-02
7.550000000000000e-01 2.936164815901156e+00 -1.268177078231961e-02
7.600000000000000e-01 3.010571468104263e+00 -1.178292275056853e-02
7.650000000000000e-01 3.086859825477351e+00 -1.082621182290417e-02
7.700000000000000e-01 3.165077570727174e+00 -9.809804525566549e-03
7.750000000000000e-01 3.245273592490716e+00 -8.732923714894729e-03
7.800000000000000e-01 3.327498015892184e+00 -7.596173510202981e-03
7.850000000000000e-01 3.411802233872832e+00 -6.401898937454219e-03
7.900000000000000e-01 3.498238939313234e+00 -5.154561165069137e-03
7.950000000000000e-01 3.586862157968046e+00 -3.861099508755440e-03
8.000000000000000e-01 3.677727282233856e+00 -2.531243178853543e-03
8.050000000000000e-01 3.770891105771243e+00 -1.177730948655065e-03
8.100000000000001e-01 3.866411859002656e+00 1.836011524324001e-04
8.150000000000001e-01 3.964349245508326e+00 1.533891592525741e-03
8.200000000000001e-01 4.064764479342956e+00 2.851491302855479e-03
8.250000000000001e-01 4.167720323296481e+00 4.112356535165915e-03
8.300000000000001e-01 4.273281128122877e+00 5.290578221451531e-03
8.350000000000000e-01 4.381512872761445e+00 6.359027228732625e-03
8.400000000000000e-01 4.492483205575838e+00 7.290089813608299e-03
8.450000000000000e-01 4.606261486636447e+00 8.056481139822028e-03
8.500000000000000e-01 4.722918831072739e+00 8.632205177381060e-03
8.550000000000000e-01 4.842528153522501e+00 8.993885853425435e-03
8.600000000000000e-01 4.965164213705875e+00 9.122824064780478e-03
8.650000000000000e-01 5.090903663152626e+00 9.008046149872511e-03
8.700000000000000e-01 5.219825093111814e+00 8.650170224222188e-03
8.750000000000000e-01 5.352009083673925e+00 8.065226208476869e-03
8.800000000000000e-01 5.487538254136007e+00 7.286979650877183e-03
8.850000000000000e-01 5.626497314641444e+00 6.366259543397839e-03
8.900000000000000e-01 5.768973119126561e+00 5.366492452510002e-03
8.950000000000000e-01 5.915054719607133e+00 4.355907862413527e-03
9.000000000000000e-01 6.064833421838831e+00 3.398157979735847e-03
9.050000000000000e-01 6.218402842386253e+00 2.543778509533012e-03
9.100000000000000e-01 6.375858967136348e+00 1.824670960857964e-03
9.150000000000000e-01 6.537300211292723e+00 1.252736298943598e-03
9.200000000000000e-01 6.702827480888332e+00 8.224296743651820e-04
9.250000000000000e-01 6.872544235855034e+00 5.159171116311986e-04
9.300000000000000e-01 7.046556554689444e+00 3.090682745982035e-04
9.350000000000001e-01 7.224973200755413e+00 1.767406840277438e-04
9.400000000000001e-01 7.407905690264673e+00 9.644819952774991e-05
9.450000000000001e-01 7.595468361978146e+00 5.021579774961585e-05
9.500000000000001e-01 7.787778448671316e+00 2.494172187210467e-05
9.550000000000001e-01 7.984956150408610e+00 1.181776230150909e-05
9.600000000000000e-01 8.187124709672272e+00 5.341658368475981e-06
9.650000000000000e-01 8.394410488393007e+00 2.303457529854858e-06
9.700000000000000e-01 8.606943046930221e+00 9.477543576407846e-07
9.750000000000000e-01 8.824855225051540e+00 3.721280373947553e-07
9.800000000000000e-01 9.048283224961922e+00 1.394455280634083e-07
9.850000000000000e-01 9.277366696434507e+00 4.992165483374196e-08
9.900000000000000e-01 9.512248824096272e+00 1.697294455009193e-08
9.950000000000000e-01 9.753076416923058e+00 5.824324966731389e-09
1.000000000000000e+00 1.000000000000000e+01 1.190111666687568e-09
