0.000000000000000e+00 0.000000000000000e+00 -8.394382212832526e-01
5.000000000000000e-03 3.369477419287315e-03 -8.394382212832526e-01
1.000000000000000e-02 6.741060871647481e-03 -8.413205963235180e-01
1.500000000000000e-02 1.011685770649257e-02 -8.412661569764650e-01
2.000000000000000e-02 1.349897790673588e-02 -8.408223227080924e-01
2.500000000000000e-02 1.688953540759990e-02 -8.408492080547669e-01
3.000000000000000e-02 2.029064941789469e-02 -8.408743062581076e-01
3.500000000000000e-02 2.370444574459234e-02 -8.407584052755229e-01
4.000000000000000e-02 2.713305812152553e-02 -8.407051738365575e-01
4.500000000000000e-02 3.057862954304063e-02 -8.406648963388446e-01
5.000000000000000e-02 3.404331360343898e-02 -8.405322767381853e-01
5.500000000000000e-02 3.752927584304335e-02 -8.404215104683330e-01
6.000000000000000e-02 4.103869510173117e-02 -8.403604794743418e-01
6.500000000000000e-02 4.457376488078044e-02 -8.402414224190830e-01
7.000000000000001e-02 4.813669471387935e-02 -8.400788596458697e-01
7.500000000000000e-02 5.172971154815675e-02 -8.399590011421152e-01
8.000000000000000e-02 5.535506113609672e-02 -8.398313226550733e-01
8.500000000000001e-02 5.901500943920686e-02 -8.396485944136194e-01
9.000000000000000e-02 6.271184404431801e-02 -8.394734975455226e-01
9.500000000000000e-02 6.644787559340060e-02 -8.393179280375688e-01
1.000000000000000e-01 7.022543922779090e-02 -8.391149539955126e-01
1.050000000000000e-01 7.404689604773053e-02 -8.388847236362349e-01
1.100000000000000e-01 7.791463458813094e-02 -8.386829608732146e-01
1.150000000000000e-01 8.183107231148547e-02 -8.384684904176519e-01
1.200000000000000e-01 8.579865711886202e-02 -8.381988510746000e-01
1.250000000000000e-01 8.981986887992111e-02 -8.379259798934116e-01
1.300000000000000e-01 9.389722098291493e-02 -8.376741919342920e-01
1.350000000000000e-01 9.803326190563690e-02 -8.373888003302212e-01
1.400000000000000e-01 1.022305768083033e-01 -8.370592129297034e-01
1.450000000000000e-01 1.064917891493625e-01 -8.367355445118607e-01
1.500000000000000e-01 1.108195623252418e-01 -8.364157753370423e-01
1.550000000000000e-01 1.152166013350572e-01 -8.360550856303819e-01
1.600000000000000e-01 1.196856544713255e-01 -8.356620416280247e-01
1.650000000000000e-01 1.242295150377370e-01 -8.352732383034847e-01
1.700000000000000e-01 1.288510230950609e-01 -8.348753389460414e-01
1.750000000000000e-01 1.335530672362758e-01 -8.344358438738928e-01
1.800000000000000e-01 1.383385863920344e-01 -8.339681554603682e-01
1.850000000000000e-01 1.432105716675912e-01 -8.334993724530342e-01
1.900000000000000e-01 1.481720682123397e-01 -8.330168977636053e-01
1.950000000000000e-01 1.532261771231311e-01 -8.324937069781743e-01
2.000000000000000e-01 1.583760573825595e-01 -8.319381281756805e-01
2.050000000000000e-01 1.636249278334301e-01 -8.313751375792408e-01
2.100000000000000e-01 1.689760691906397e-01 -8.308013397308871e-01
2.150000000000000e-01 1.744328260917313e-01 -8.301900556305546e-01
2.200000000000000e-01 1.799986091874004e-01 -8.295373176011533e-01
2.250000000000000e-01 1.856768972732633e-01 -8.288672075726390e-01
2.300000000000000e-01 1.914712394642179e-01 -8.281907504493898e-01
2.350000000000000e-01 1.973852574127551e-01 -8.274870132416745e-01
2.400000000000000e-01 2.034226475726105e-01 -8.267401384242837e-01
2.450000000000000e-01 2.095871835091678e-01 -8.259611812572845e-01
2.500000000000000e-01 2.158827182580599e-01 -8.251654120359974e-01
2.550000000000000e-01 2.223131867334419e-01 -8.243543679203390e-01
2.600000000000000e-01 2.288826081874405e-01 -8.235231011245909e-01
2.650000000000000e-01 2.355950887223172e-01 -8.226595766025299e-01
2.700000000000000e-01 2.424548238569160e-01 -8.217581809659784e-01
2.750000000000000e-01 2.494661011489995e-01 -8.208331549667151e-01
2.800000000000000e-01 2.566333028751116e-01 -8.198958372359373e-01
2.850000000000000e-01 2.639609087696434e-01 -8.189470192600969e-01
2.900000000000000e-01 2.714534988248126e-01 -8.179917068035495e-01
2.950000000000000e-01 2.791157561533084e-01 -8.170227646525933e-01
3.000000000000000e-01 2.869524699153886e-01 -8.160373264484334e-01
3.050000000000000e-01 2.949685383122613e-01 -8.150431953585363e-01
3.100000000000000e-01 3.031689716476197e-01 -8.140385761379888e-01
3.150000000000000e-01 3.115588954592450e-01 -8.130393755935960e-01
3.200000000000000e-01 3.201435537226349e-01 -8.120480678277501e-01
3.250000000000000e-01 3.289283121286580e-01 -8.110789061452692e-01
3.300000000000000e-01 3.379186614372866e-01 -8.101389022800576e-01
3.350000000000000e-01 3.471202209094989e-01 -8.092409423562541e-01
3.400000000000000e-01 3.565387418195016e-01 -8.083966040621200e-01
3.450000000000000e-01 3.661801110494620e-01 -8.076208274171699e-01
3.500000000000000e-01 3.760503547690021e-01 -8.069301405134711e-01
3.550000000000000e-01 3.861556422017504e-01 -8.063440774677383e-01
3.600000000000000e-01 3.965022894813072e-01 -8.058851275222487e-01
3.650000000000000e-01 4.070967635990345e-01 -8.055793997136623e-01
3.700000000000000e-01 4.179456864461349e-01 -8.054570981283671e-01
3.750000000000000e-01 4.290558389525505e-01 -8.055532069676280e-01
3.800000000000000e-01 4.404341653252637e-01 -8.059082617056478e-01
3.850000000000000e-01 4.520877773886537e-01 -8.065692861028431e-01
3.900000000000000e-01 4.640239590296172e-01 -8.075909084844017e-01
3.950000000000000e-01 4.762501707502353e-01 -8.090367026285638e-01
4.000000000000000e-01 4.887740543308307e-01 -8.109807978717039e-01
4.050000000000000e-01 5.016034376063282e-01 -8.135098122641817e-01
4.100000000000000e-01 5.147463393589066e-01 -8.167251645528461e-01
4.150000000000000e-01 5.282109743299990e-01 -8.207458131137463e-01
4.200000000000000e-01 5.420057583547735e-01 -8.257114369078267e-01
4.250000000000000e-01 5.561393136223041e-01 -8.317859845755302e-01
4.300000000000000e-01 5.706204740647189e-01 -8.391613070325024e-01
4.350000000000000e-01 5.854582908786964e-01 -8.480601154588953e-01
4.400000000000000e-01 6.006620381827575e-01 -8.587364656900752e-01
4.450000000000000e-01 6.162412188138907e-01 -8.714696974923182e-01
4.500000000000000e-01 6.322055702671360e-01 -8.865428012301695e-01
4.550000000000000e-01 6.485650707818353e-01 -9.041854114416703e-01
4.600000000000000e-01 6.653299455783577e-01 -9.244385918370897e-01
4.650000000000000e-01 6.825106732491932e-01 -9.468517690254076e-01
4.700000000000000e-01 7.001179923084168e-01 -9.698394928809977e-01
4.750000000000000e-01 7.181629079036070e-01 -9.894350304012468e-01
4.800000000000000e-01 7.366566986944229e-01 -9.973098261056943e-01
4.850000000000000e-01 7.556109239021327e-01 -9.790393673842333e-01
4.900000000000000e-01 7.750374305345038e-01 -9.165232748170331e-01
4.950000000000000e-01 7.949483607905672e-01 -7.999840565429454e-01
5.000000000000000e-01 8.153561596498893e-01 -6.445348615238718e-01
5.050000000000000e-01 8.362735826510871e-01 -4.885357901734352e-01
5.100000000000000e-01 8.577137038644561e-01 -3.652774308467460e-01
5.150000000000000e-01 8.796899240636907e-01 -2.811778444711335e-01
5.200000000000000e-01 9.022159791018011e-01 -2.251108991208453e-01
5.250000000000000e-01 9.253059484964714e-01 -1.862855367638819e-01
5.300000000000000e-01 9.489742642302165e-01 -1.586204586960020e-01
5.350000000000000e-01 9.732357197708378e-01 -1.383052159903499e-01
5.400000000000000e-01 9.981054793178262e-01 -1.228251763978911e-01
5.450000000000000e-01 1.023599087280478e+00 -1.106585462358639e-01
5.500000000000000e-01 1.049732477993657e+00 -1.008259754302301e-01
5.550000000000000e-01 1.076521985677273e+00 -9.267083940026458e-02
5.600000000000001e-01 1.103984354645701e+00 -8.575650505880539e-02
5.650000000000001e-01 1.132136749773522e+00 -7.978103662293932e-02
5.700000000000001e-01 1.160996767224129e+00 -7.453039602544045e-02
5.750000000000001e-01 1.190582445447902e+00 -6.985053781561008e-02
5.800000000000000e-01 1.220912276456826e+00 -6.562757965761556e-02
5.850000000000000e-01 1.252005217382601e+00 -6.177559133985792e-02
5.900000000000000e-01 1.283880702325469e+00 -5.822846970407613e-02
5.950000000000000e-01 1.316558654501151e+00 -5.493432414174786e-02
6.000000000000000e-01 1.350059498693518e+00 -5.185169424342601e-02
6.050000000000000e-01 1.384404174020732e+00 -4.894690048803384e-02
6.100000000000000e-01 1.419614147022888e+00 -4.619216710447990e-02
6.150000000000000e-01 1.455711425079295e+00 -4.356428244080345e-02
6.200000000000000e-01 1.492718570163803e+00 -4.104362639653825e-02
6.250000000000000e-01 1.530658712946775e+00 -3.861345859033379e-02
6.300000000000000e-01 1.569555567252506e+00 -3.625939372462273e-02
6.350000000000000e-01 1.609433444881138e+00 -3.396901335249157e-02
6.400000000000000e-01 1.650317270804325e+00 -3.173157931337387e-02
6.450000000000000e-01 1.692232598744148e+00 -2.953782437293894e-02
6.500000000000000e-01 1.735205627145031e+00 -2.737980272614239e-02
6.550000000000000e-01 1.779263215548615e+00 -2.525078785601514e-02
6.600000000000000e-01 1.824432901381847e+00 -2.314520846414207e-02
6.650000000000000e-01 1.870742917168772e+00 -2.105861530050925e-02
6.700000000000000e-01 1.918222208176775e+00 -1.898767301299495e-02
6.750000000000000e-01 1.966900450508319e+00 -1.693017182481977e-02
6.800000000000000e-01 2.016808069649473e+00 -1.488505408961059e-02
6.850000000000001e-01 2.067976259486829e+00 -1.285245069786230e-02
6.900000000000001e-01 2.120437001804702e+00 -1.083372203808995e-02
6.950000000000001e-01 2.174223086274785e+00 -8.831497878233310e-03
7.000000000000001e-01 2.229368130950753e+00 -6.849710264971050e-03
7.050000000000000e-01 2.285906603280654e+00 -4.893613482879368e-03
7.100000000000000e-01 2.343873841650178e+00 -2.969785404710756e-03
7.150000000000000e-01 2.403306077470301e+00 -1.086105296751664e-03
7.200000000000000e-01 2.464240457823092e+00 7.482956493338322e-04
7.250000000000000e-01 2.526715068679855e+00 2.523113172943017e-03
7.300000000000000e-01 2.590768958706095e+00 4.226978476548108e-03
7.350000000000000e-01 2.656442163668210e+00 5.847595002196197e-03
7.400000000000000e-01 2.723775731457148e+00 7.371900841472835e-03
7.450000000000000e-01 2.792811747744667e+00 8.786254005969179e-03
7.500000000000000e-01 2.863593362288260e+00 1.007663909051935e-02
7.550000000000000e-01 2.936164815901156e+00 1.122889696293960e-02
7.600000000000000e-01 3.010571468104263e+00 1.222898412746164e-02
7.650000000000000e-01 3.086859825477351e+00 1.306327513487126e-02
7.700000000000000e-01 3.165077570727174e+00 1.371892922197148e-02
7.750000000000000e-01 3.245273592490716e+00 1.418435004294965e-02
7.800000000000000e-01 3.327498015892184e+00 1.444977277501866e-02
7.850000000000000e-01 3.411802233872832e+00 1.450801233704513e-02
7.900000000000000e-01 3.498238939313234e+00 1.435539398643308e-02
7.950000000000000e-01 3.586862157968046e+00 1.399285540104962e-02
8.000000000000000e-01 3.677727282233856e+00 1.342715129334247e-02
8.050000000000000e-01 3.770891105771243e+00 1.267200954665941e-02
8.100000000000001e-01 3.866411859002656e+00 1.174899882439651e-02
8.150000000000001e-01 3.964349245508326e+00 1.068780530521911e-02
8.200000000000001e-01 4.064764479342956e+00 9.525622175005063e-03
8.250000000000001e-01 4.167720323296481e+00 8.305460265540066e-03
8.300000000000001e-01 4.273281128122877e+00 7.073390700205072e-03
8.350000000000000e-01 4.381512872761445e+00 5.874987840657607e-03
8.400000000000000e-01 4.492483205575838e+00 4.751477706398482e-03
8.450000000000000e-01 4.606261486636447e+00 3.736231683943182e-03
8.500000000000000e-01 4.722918831072739e+00 2.852222862944036e-03
8.550000000000000e-01 4.842528153522501e+00 2.110878467292220e-03
8.600000000000000e-01 4.965164213705875e+00 1.512466524916170e-03
8.650000000000000e-01 5.090903663152626e+00 1.047834199436911e-03
8.700000000000000e-01 5.219825093111814e+00 7.010598792860872e-04
8.750000000000000e-01 5.352009083673925e+00 4.524553686083544e-04
8.800000000000000e-01 5.487538254136007e+00 2.813768045798415e-04
8.850000000000000e-01 5.626497314641444e+00 1.684451583406469e-04
8.900000000000000e-01 5.768973119126561e+00 9.698050495455252e-05
8.950000000000000e-01 5.915054719607133e+00 5.365327192794352e-05
9.000000000000000e-01 6.064833421838831e+00 2.850073060414115e-05
9.050000000000000e-01 6.218402842386253e+00 1.452637839231240e-05
9.100000000000000e-01 6.375858967136348e+00 7.099446152768132e-06
9.150000000000000e-01 6.537300211292723e+00 3.325148825885973e-06
9.200000000000000e-01 6.702827480888332e+00 1.491761080314994e-06
9.250000000000000e-01 6.872544235855034e+00 6.407638524751033e-07
9.300000000000000e-01 7.046556554689444e+00 2.634157081892074e-07
9.350000000000001e-01 7.224973200755413e+00 1.036068526893312e-07
9.400000000000001e-01 7.407905690264673e+00 3.897793824377835e-08
9.450000000000001e-01 7.595468361978146e+00 1.402277098436855e-08
9.500000000000001e-01 7.787778448671316e+00 4.823401969093461e-09
9.550000000000001e-01 7.984956150408610e+00 1.586043971083103e-09
9.600000000000000e-01 8.187124709672272e+00 4.985085962790134e-10
9.650000000000000e-01 8.394410488393007e+00 1.497593120683696e-10
9.700000000000000e-01 8.606943046930221e+00 4.299917277042491e-11
9.750000000000000e-01 8.824855225051540e+00 1.179954276464321e-11
9.800000000000000e-01 9.048283224961922e+00 3.094624364584236e-12
9.850000000000000e-01 9.277366696434507e+00 7.758952249709742e-13
9.900000000000000e-01 9.512248824096272e+00 1.853477331500048e-13
9.950000000000000e-01 9.753076416923058e+00 4.521667041041365e-14
1.000000000000000e+00 1.000000000000000e+01 6.486430761200147e-16
