0.000000000000000e+00 0.000000000000000e+00 -8.526606370571916e-01
5.000000000000000e-03 3.369477419287315e-03 -8.526606370571916e-01
1.000000000000000e-02 6.741060871647481e-03 -8.539501775537133e-01
1.500000000000000e-02 1.011685770649257e-02 -8.539044839632358e-01
2.000000000000000e-02 1.349897790673588e-02 -8.535425322265946e-01
2.500000000000000e-02 1.688953540759990e-02 -8.535543006324584e-01
3.000000000000000e-02 2.029064941789469e-02 -8.536133544861761e-01
3.500000000000000e-02 2.370444574459234e-02 -8.535056621590983e-01
4.000000000000000e-02 2.713305812152553e-02 -8.534030173121161e-01
4.500000000000000e-02 3.057862954304063e-02 -8.533818989997269e-01
5.000000000000000e-02 3.404331360343898e-02 -8.532999438845487e-01
5.500000000000000e-02 3.752927584304335e-02 -8.531669261179130e-01
6.000000000000000e-02 4.103869510173117e-02 -8.530888735083723e-01
6.500000000000000e-02 4.457376488078044e-02 -8.530145476589682e-01
7.000000000000001e-02 4.813669471387935e-02 -8.528621717168116e-01
7.500000000000000e-02 5.172971154815675e-02 -8.527151416689883e-01
8.000000000000000e-02 5.535506113609672e-02 -8.526151303453826e-01
8.500000000000001e-02 5.901500943920686e-02 -8.524740751383217e-01
9.000000000000000e-02 6.271184404431801e-02 -8.522818939286432e-01
9.500000000000000e-02 6.644787559340060e-02 -8.521192698824361e-01
1.000000000000000e-01 7.022543922779090e-02 -8.519637196943919e-01
1.050000000000000e-01 7.404689604773053e-02 -8.517571906773538e-01
1.100000000000000e-01 7.791463458813094e-02 -8.515399606759418e-01
1.150000000000000e-01 8.183107231148547e-02 -8.513442160204354e-01
1.200000000000000e-01 8.579865711886202e-02 -8.511183538147780e-01
1.250000000000000e-01 8.981986887992111e-02 -8.508557134206903e-01
1.300000000000000e-01 9.389722098291493e-02 -8.506067839671037e-01
1.350000000000000e-01 9.803326190563690e-02 -8.503575851318877e-01
1.400000000000000e-01 1.022305768083033e-01 -8.500620177178634e-01
1.450000000000000e-01 1.064917891493625e-01 -8.497470284656348e-01
1.500000000000000e-01 1.108195623252418e-01 -8.494492896177763e-01
1.550000000000000e-01 1.152166013350572e-01 -8.491335993090003e-01
1.600000000000000e-01 1.196856544713255e-01 -8.487708710558289e-01
1.650000000000000e-01 1.242295150377370e-01 -8.483977272785971e-01
1.700000000000000e-01 1.288510230950609e-01 -8.480356421701933e-01
1.750000000000000e-01 1.335530672362758e-01 -8.476472107538651e-01
1.800000000000000e-01 1.383385863920344e-01 -8.472148372519954e-01
1.850000000000000e-01 1.432105716675912e-01 -8.467724590756783e-01
1.900000000000000e-01 1.481720682123397e-01 -8.463351621698741e-01
1.950000000000000e-01 1.532261771231311e-01 -8.458705582960557e-01
2.000000000000000e-01 1.583760573825595e-01 -8.453630477366186e-01
2.050000000000000e-01 1.636249278334301e-01 -8.448400764939902e-01
2.100000000000000e-01 1.689760691906397e-01 -8.443187294420484e-01
2.150000000000000e-01 1.744328260917313e-01 -8.437751123787003e-01
2.200000000000000e-01 1.799986091874004e-01 -8.431901298444280e-01
2.250000000000000e-01 1.856768972732633e-01 -8.425800333391591e-01
2.300000000000000e-01 1.914712394642179e-01 -8.419649261307577e-01
2.350000000000000e-01 1.973852574127551e-01 -8.413371260303568e-01
2.400000000000000e-01 2.034226475726105e-01 -8.406802687233165e-01
2.450000000000000e-01 2.095871835091678e-01 -8.399909251611054e-01
2.500000000000000e-01 2.158827182580599e-01 -8.392784920815950e-01
2.550000000000000e-01 2.223131867334419e-01 -8.385566921497742e-01
2.600000000000000e-01 2.288826081874405e-01 -8.378300057402037e-01
2.650000000000000e-01 2.355950887223172e-01 -8.370834073377343e-01
2.700000000000000e-01 2.424548238569160e-01 -8.363074012872648e-01
2.750000000000000e-01 2.494661011489995e-01 -8.355117595778833e-01
2.800000000000000e-01 2.566333028751116e-01 -8.347057950329714e-01
2.850000000000000e-01 2.639609087696434e-01 -8.338981368191977e-01
2.900000000000000e-01 2.714534988248126e-01 -8.330982990793100e-01
2.950000000000000e-01 2.791157561533084e-01 -8.322997325137632e-01
3.000000000000000e-01 2.869524699153886e-01 -8.315026120560099e-01
3.050000000000000e-01 2.949685383122613e-01 -8.307115739099478e-01
3.100000000000000e-01 3.031689716476197e-01 -8.299261557981550e-01
3.150000000000000e-01 3.115588954592450e-01 -8.291632954730755e-01
3.200000000000000e-01 3.201435537226349e-01 -8.284269159662114e-01
3.250000000000000e-01 3.289283121286580e-01 -8.277349354538569e-01
3.300000000000000e-01 3.379186614372866e-01 -8.270965616126293e-01
3.350000000000000e-01 3.471202209094989e-01 -8.265286836141215e-01
3.400000000000000e-01 3.565387418195016e-01 -8.260461468733534e-01
3.450000000000000e-01 3.661801110494620e-01 -8.256683231318460e-01
3.500000000000000e-01 3.760503547690021e-01 -8.254164487080111e-01
3.550000000000000e-01 3.861556422017504e-01 -8.253157997629657e-01
3.600000000000000e-01 3.965022894813072e-01 -8.253955578580998e-01
3.650000000000000e-01 4.070967635990345e-01 -8.256898557569733e-01
3.700000000000000e-01 4.179456864461349e-01 -8.262385026229428e-01
3.750000000000000e-01 4.290558389525505e-01 -8.270880900256878e-01
3.800000000000000e-01 4.404341653252637e-01 -8.282932710014949e-01
3.850000000000000e-01 4.520877773886537e-01 -8.299183823399681e-01
3.900000000000000e-01 4.640239590296172e-01 -8.320394680874011e-01
3.950000000000000e-01 4.762501707502353e-01 -8.347468451303773e-01
4.000000000000000e-01 4.887740543308307e-01 -8.381483837643948e-01
4.050000000000000e-01 5.016034376063282e-01 -8.423737512499760e-01
4.100000000000000e-01 5.147463393589066e-01 -8.475799652563583e-01
4.150000000000000e-01 5.282109743299990e-01 -8.539587510458948e-01
4.200000000000000e-01 5.420057583547735e-01 -8.617464100176584e-01
4.250000000000000e-01 5.561393136223041e-01 -8.712372183791917e-01
4.300000000000000e-01 5.706204740647189e-01 -8.828018177066749e-01
4.350000000000000e-01 5.854582908786964e-01 -8.969126529268875e-01
4.400000000000000e-01 6.006620381827575e-01 -9.141791771122659e-01
4.450000000000000e-01 6.162412188138907e-01 -9.353957973993586e-01
4.500000000000000e-01 6.322055702671360e-01 -9.616034707842637e-01
4.550000000000000e-01 6.485650707818353e-01 -9.941545493604313e-01
4.600000000000000e-01 6.653299455783577e-01 -1.034725568694058e+00
4.650000000000000e-01 6.825106732491932e-01 -1.085060508478876e+00
4.700000000000000e-01 7.001179923084168e-01 -1.145681887517459e+00
4.750000000000000e-01 7.181629079036070e-01 -1.211251376749088e+00
4.800000000000000e-01 7.366566986944229e-01 -1.257860323810572e+00
4.850000000000000e-01 7.556109239021327e-01 -1.224678830795306e+00
4.900000000000000e-01 7.750374305345038e-01 -1.036485142209965e+00
4.950000000000000e-01 7.949483607905672e-01 -7.186518245058019e-01
5.000000000000000e-01 8.153561596498893e-01 -4.353116767223003e-01
5.050000000000000e-01 8.362735826510871e-01 -2.896583162596081e-01
5.100000000000000e-01 8.577137038644561e-01 -2.251844110939462e-01
5.150000000000000e-01 8.796899240636907e-01 -1.809542205081628e-01
5.200000000000000e-01 9.022159791018011e-01 -1.516736066650030e-01
5.250000000000000e-01 9.253059484964714e-01 -1.324421383581973e-01
5.300000000000000e-01 9.489742642302165e-01 -1.171697690265181e-01
5.350000000000000e-01 9.732357197708378e-01 -1.055485829776369e-01
5.400000000000000e-01 9.981054793178262e-01 -9.626912515092431e-02
5.450000000000000e-01 1.023599087280478e+00 -8.849644361571843e-02
5.500000000000000e-01 1.049732477993657e+00 -8.203204112571941e-02
5.550000000000000e-01 1.076521985677273e+00 -7.647804732969202e-02
5.600000000000001e-01 1.103984354645701e+00 -7.165810202405659e-02
5.650000000000001e-01 1.132136749773522e+00 -6.743667783272873e-02
5.700000000000001e-01 1.160996767224129e+00 -6.368704584498240e-02
5.750000000000001e-01 1.190582445447902e+00 -6.033352489938849e-02
5.800000000000000e-01 1.220912276456826e+00 -5.730683424836124e-02
5.850000000000000e-01 1.252005217382601e+00 -5.455360584606130e-02
5.900000000000000e-01 1.283880702325469e+00 -5.203188782886788e-02
5.950000000000000e-01 1.316558654501151e+00 -4.970583975945659e-02
6.000000000000000e-01 1.350059498693518e+00 -4.754644416059485e-02
6.050000000000000e-01 1.384404174020732e+00 -4.552911784740182e-02
6.100000000000000e-01 1.419614147022888e+00 -4.363295811791722e-02
6.150000000000000e-01 1.455711425079295e+00 -4.184010556345531e-02
6.200000000000000e-01 1.492718570163803e+00 -4.013505393565971e-02
6.250000000000000e-01 1.530658712946775e+00 -3.850426463714263e-02
6.300000000000000e-01 1.569555567252506e+00 -3.693579875500444e-02
6.350000000000000e-01 1.609433444881138e+00 -3.541903617861321e-02
6.400000000000000e-01 1.650317270804325e+00 -3.394445662907182e-02
6.450000000000000e-01 1.692232598744148e+00 -3.250345924421846e-02
6.500000000000000e-01 1.735205627145031e+00 -3.108822157063884e-02
6.550000000000000e-01 1.779263215548615e+00 -2.969158799510676e-02
6.600000000000000e-01 1.824432901381847e+00 -2.830698388417480e-02
6.650000000000000e-01 1.870742917168772e+00 -2.692835250610994e-02
6.700000000000000e-01 1.918222208176775e+00 -2.555011243694813e-02
6.750000000000000e-01 1.966900450508319e+00 -2.416713429971076e-02
6.800000000000000e-01 2.016808069649473e+00 -2.277473619472090e-02
6.850000000000001e-01 2.067976259486829e+00 -2.136869767050569e-02
6.900000000000001e-01 2.120437001804702e+00 -1.994529238486541e-02
6.950000000000001e-01 2.174223086274785e+00 -1.850133970472099e-02
7.000000000000001e-01 2.229368130950753e+00 -1.703427537292781e-02
7.050000000000000e-01 2.285906603280654e+00 -1.554224097493836e-02
7.100000000000000e-01 2.343873841650178e+00 -1.402419122401264e-02
7.150000000000000e-01 2.403306077470301e+00 -1.248001701340476e-02
7.200000000000000e-01 2.464240457823092e+00 -1.091068074952235e-02
7.250000000000000e-01 2.526715068679855e+00 -9.318358726141394e-03
7.300000000000000e-01 2.590768958706095e+00 -7.706583350255165e-03
7.350000000000000e-01 2.656442163668210e+00 -6.080376109462607e-03
7.400000000000000e-01 2.723775731457148e+00 -4.446360604363159e-03
7.450000000000000e-01 2.792811747744667e+00 -2.812844152572157e-03
7.500000000000000e-01 2.863593362288260e+00 -1.189856799211293e-03
7.550000000000000e-01 2.936164815901156e+00 4.108616808223149e-04
7.600000000000000e-01 3.010571468104263e+00 1.975933027671658e-03
7.650000000000000e-01 3.086859825477351e+00 3.490472021475421e-03
7.700000000000000e-01 3.165077570727174e+00 4.938275898654528e-03
7.750000000000000e-01 3.245273592490716e+00 6.302065796811958e-03
7.800000000000000e-01 3.327498015892184e+00 7.563773233837074e-03
7.850000000000000e-01 3.411802233872832e+00 8.704867179991889e-03
7.900000000000000e-01 3.498238939313234e+00 9.706724296775516e-03
7.950000000000000e-01 3.586862157968046e+00 1.055105628085465e-02
8.000000000000000e-01 3.677727282233856e+00 1.122042338481417e-02
8.050000000000000e-01 3.770891105771243e+00 1.169888142855883e-02
8.100000000000001e-01 3.866411859002656e+00 1.197282815752640e-02
8.150000000000001e-01 3.964349245508326e+00 1.203212326367909e-02
8.200000000000001e-01 4.064764479342956e+00 1.187153280876670e-02
8.250000000000001e-01 4.167720323296481e+00 1.149246612678288e-02
8.300000000000001e-01 4.273281128122877e+00 1.090482030600071e-02
8.350000000000000e-01 4.381512872761445e+00 1.012855380691017e-02
8.400000000000000e-01 4.492483205575838e+00 9.194455269478976e-03
8.450000000000000e-01 4.606261486636447e+00 8.143557857019717e-03
8.500000000000000e-01 4.722918831072739e+00 7.024844874696607e-03
8.550000000000000e-01 4.842528153522501e+00 5.891287319025791e-03
8.600000000000000e-01 4.965164213705875e+00 4.794737625850092e-03
8.650000000000000e-01 5.090903663152626e+00 3.780602407991802e-03
8.700000000000000e-01 5.219825093111814e+00 2.883368574254047e-03
8.750000000000000e-01 5.352009083673925e+00 2.123887624379016e-03
8.800000000000000e-01 5.487538254136007e+00 1.508882109623001e-03
8.850000000000000e-01 5.626497314641444e+00 1.032579439223730e-03
8.900000000000000e-01 5.768973119126561e+00 6.798907910103791e-04
8.950000000000000e-01 5.915054719607133e+00 4.302838936640601e-04
9.000000000000000e-01 6.064833421838831e+00 2.614998974842649e-04
9.050000000000000e-01 6.218402842386253e+00 1.524873815613477e-04
9.100000000000000e-01 6.375858967136348e+00 8.525706451792383e-05
9.150000000000000e-01 6.537300211292723e+00 4.567611169870028e-05
9.200000000000000e-01 6.702827480888332e+00 2.343558126267594e-05
9.250000000000000e-01 6.872544235855034e+00 1.151039939162466e-05
9.300000000000000e-01 7.046556554689444e+00 5.409600900103642e-06
9.350000000000001e-01 7.224973200755413e+00 2.431988589972339e-06
9.400000000000001e-01 7.407905690264673e+00 1.045603879493377e-06
9.450000000000001e-01 7.595468361978146e+00 4.298273932861440e-07
9.500000000000001e-01 7.787778448671316e+00 1.689179432600518e-07
9.550000000000001e-01 7.984956150408610e+00 6.345490372857644e-08
9.600000000000000e-01 8.187124709672272e+00 2.278413293710213e-08
9.650000000000000e-01 8.394410488393007e+00 7.819217533081822e-09
9.700000000000000e-01 8.606943046930221e+00 2.564818317807407e-09
9.750000000000000e-01 8.824855225051540e+00 8.041270244767014e-10
9.800000000000000e-01 9.048283224961922e+00 2.409780103144326e-10
9.850000000000000e-01 9.277366696434507e+00 6.905798781182213e-11
9.900000000000000e-01 9.512248824096272e+00 1.884445707592519e-11
9.950000000000000e-01 9.753076416923058e+00 5.237526966640733e-12
1.000000000000000e+00 1.000000000000000e+01 4.454901130671465e-13
