0.000000000000000e+00 0.000000000000000e+00 -8.648252373596105e-01
5.000000000000000e-03 3.369477419287315e-03 -8.648252373596105e-01
1.000000000000000e-02 6.741060871647481e-03 -8.636707595549304e-01
1.500000000000000e-02 1.011685770649257e-02 -8.636480425773315e-01
2.000000000000000e-02 1.349897790673588e-02 -8.638155642769011e-01
2.500000000000000e-02 1.688953540759990e-02 -8.637572907113863e-01
3.000000000000000e-02 2.029064941789469e-02 -8.636994806566622e-01
3.500000000000000e-02 2.370444574459234e-02 -8.636611050724410e-01
4.000000000000000e-02 2.713305812152553e-02 -8.635608517366939e-01
4.500000000000000e-02 3.057862954304063e-02 -8.634988248304307e-01
5.000000000000000e-02 3.404331360343898e-02 -8.634605414693429e-01
5.500000000000000e-02 3.752927584304335e-02 -8.633560207829161e-01
6.000000000000000e-02 4.103869510173117e-02 -8.632388627000500e-01
6.500000000000000e-02 4.457376488078044e-02 -8.631682720318785e-01
7.000000000000001e-02 4.813669471387935e-02 -8.630608220763448e-01
7.500000000000000e-02 5.172971154815675e-02 -8.629101652412451e-01
8.000000000000000e-02 5.535506113609672e-02 -8.627955644945604e-01
8.500000000000001e-02 5.901500943920686e-02 -8.626848267757428e-01
9.000000000000000e-02 6.271184404431801e-02 -8.625108098931823e-01
9.500000000000000e-02 6.644787559340060e-02 -8.623356320683669e-01
1.000000000000000e-01 7.022543922779090e-02 -8.621975222870313e-01
1.050000000000000e-01 7.404689604773053e-02 -8.620254988703897e-01
1.100000000000000e-01 7.791463458813094e-02 -8.618070339018535e-01
1.150000000000000e-01 8.183107231148547e-02 -8.616093028053159e-01
1.200000000000000e-01 8.579865711886202e-02 -8.614186847510465e-01
1.250000000000000e-01 8.981986887992111e-02 -8.611829299828232e-01
1.300000000000000e-01 9.389722098291493e-02 -8.609311144572251e-01
1.350000000000000e-01 9.803326190563690e-02 -8.606966079769832e-01
1.400000000000000e-01 1.022305768083033e-01 -8.604399968647822e-01
1.450000000000000e-01 1.064917891493625e-01 -8.601456324270443e-01
1.500000000000000e-01 1.108195623252418e-01 -8.598545605849068e-01
1.550000000000000e-01 1.152166013350572e-01 -8.595670608415997e-01
1.600000000000000e-01 1.196856544713255e-01 -8.592428795296438e-01
1.650000000000000e-01 1.242295150377370e-01 -8.588909265865490e-01
1.700000000000000e-01 1.288510230950609e-01 -8.585473011630190e-01
1.750000000000000e-01 1.335530672362758e-01 -8.581963512874666e-01
1.800000000000000e-01 1.383385863920344e-01 -8.578053508574141e-01
1.850000000000000e-01 1.432105716675912e-01 -8.573909575309049e-01
1.900000000000000e-01 1.481720682123397e-01 -8.569824255238304e-01
1.950000000000000e-01 1.532261771231311e-01 -8.565627360859956e-01
2.000000000000000e-01 1.583760573825595e-01 -8.561048934792783e-01
2.050000000000000e-01 1.636249278334301e-01 -8.556218895510397e-01
2.100000000000000e-01 1.689760691906397e-01 -8.551389210654470e-01
2.150000000000000e-01 1.744328260917313e-01 -8.546472947453403e-01
2.200000000000000e-01 1.799986091874004e-01 -8.541247561173282e-01
2.250000000000000e-01 1.856768972732633e-01 -8.535724486439503e-01
2.300000000000000e-01 1.914712394642179e-01 -8.530089758158014e-01
2.350000000000000e-01 1.973852574127551e-01 -8.524413865040722e-01
2.400000000000000e-01 2.034226475726105e-01 -8.518600230082667e-01
2.450000000000000e-01 2.095871835091678e-01 -8.512507248273392e-01
2.500000000000000e-01 2.158827182580599e-01 -8.506146282036886e-01
2.550000000000000e-01 2.223131867334419e-01 -8.499707181568714e-01
2.600000000000000e-01 2.288826081874405e-01 -8.493305492761839e-01
2.650000000000000e-01 2.355950887223172e-01 -8.486820621286340e-01
2.700000000000000e-01 2.424548238569160e-01 -8.480155322460018e-01
2.750000000000000e-01 2.494661011489995e-01 -8.473346187693152e-01
2.800000000000000e-01 2.566333028751116e-01 -8.466454385124319e-01
2.850000000000000e-01 2.639609087696434e-01 -8.459618174973383e-01
2.900000000000000e-01 2.714534988248126e-01 -8.452962966121091e-01
2.950000000000000e-01 2.791157561533084e-01 -8.446451003467258e-01
3.000000000000000e-01 2.869524699153886e-01 -8.440115478866197e-01
3.050000000000000e-01 2.949685383122613e-01 -8.433979869346580e-01
3.100000000000000e-01 3.031689716476197e-01 -8.428054867983653e-01
3.150000000000000e-01 3.115588954592450e-01 -8.422511908133696e-01
3.200000000000000e-01 3.201435537226349e-01 -8.417404936438290e-01
3.250000000000000e-01 3.289283121286580e-01 -8.412943672807149e-01
3.300000000000000e-01 3.379186614372866e-01 -8.409241663803655e-01
3.350000000000000e-01 3.471202209094989e-01 -8.406505962863394e-01
3.400000000000000e-01 3.565387418195016e-01 -8.404916764399761e-01
3.450000000000000e-01 3.661801110494620e-01 -8.404711351929075e-01
3.500000000000000e-01 3.760503547690021e-01 -8.406148291912123e-01
3.550000000000000e-01 3.861556422017504e-01 -8.409537401932939e-01
3.600000000000000e-01 3.965022894813072e-01 -8.415237413183949e-01
3.650000000000000e-01 4.070967635990345e-01 -8.423670839131222e-01
3.700000000000000e-01 4.179456864461349e-01 -8.435334078079384e-01
3.750000000000000e-01 4.290558389525505e-01 -8.450813467653208e-01
3.800000000000000e-01 4.404341653252637e-01 -8.470804190553088e-01
3.850000000000000e-01 4.520877773886537e-01 -8.496134976731792e-01
3.900000000000000e-01 4.640239590296172e-01 -8.527799876402078e-01
3.950000000000000e-01 4.762501707502353e-01 -8.567000000084822e-01
4.000000000000000e-01 4.887740543308307e-01 -8.615199073511255e-01
4.050000000000000e-01 5.016034376063282e-01 -8.674198674734375e-01
4.100000000000000e-01 5.147463393589066e-01 -8.746242054710688e-01
4.150000000000000e-01 5.282109743299990e-01 -8.834160472621281e-01
4.200000000000000e-01 5.420057583547735e-01 -8.941584458454029e-01
4.250000000000000e-01 5.561393136223041e-01 -9.073257270798305e-01
4.300000000000000e-01 5.706204740647189e-01 -9.235514904850274e-01
4.350000000000000e-01 5.854582908786964e-01 -9.437048783838110e-01
4.400000000000000e-01 6.006620381827575e-01 -9.690171875603633e-01
4.450000000000000e-01 6.162412188138907e-01 -1.001303469876429e+00
4.500000000000000e-01 6.322055702671360e-01 -1.043376493559367e+00
4.550000000000000e-01 6.485650707818353e-01 -1.099886051988541e+00
4.600000000000000e-01 6.653299455783577e-01 -1.179208270246775e+00
4.650000000000000e-01 6.825106732491932e-01 -1.298292109601459e+00
4.700000000000000e-01 7.001179923084168e-01 -1.496759645504868e+00
4.750000000000000e-01 7.181629079036070e-01 -1.868591022683836e+00
4.800000000000000e-01 7.366566986944229e-01 -2.332769999287322e+00
4.850000000000000e-01 7.556109239021327e-01 -1.651137620376106e+00
4.900000000000000e-01 7.750374305345038e-01 -2.784535978660825e-01
4.950000000000000e-01 7.949483607905672e-01 -1.847932955670470e-01
5.000000000000000e-01 8.153561596498893e-01 -1.658898275418266e-01
5.050000000000000e-01 8.362735826510871e-01 -4.570104493269209e-02
5.100000000000000e-01 8.577137038644561e-01 -1.111531146493664e-01
5.150000000000000e-01 8.796899240636907e-01 -2.644315391642806e-02
5.200000000000000e-01 9.022159791018011e-01 -7.142671604061328e-02
5.250000000000000e-01 9.253059484964714e-01 -2.821939708335598e-02
5.300000000000000e-01 9.489742642302165e-01 -4.542333508676923e-02
5.350000000000000e-01 9.732357197708378e-01 -3.108007976829160e-02
5.400000000000000e-01 9.981054793178262e-01 -3.045923791505417e-02
5.450000000000000e-01 1.023599087280478e+00 -3.111458691590438e-02
5.500000000000000e-01 1.049732477993657e+00 -2.312222733447599e-02
5.550000000000000e-01 1.076521985677273e+00 -2.872900272127775e-02
5.600000000000001e-01 1.103984354645701e+00 -2.027126178529743e-02
5.650000000000001e-01 1.132136749773522e+00 -2.530274954306345e-02
5.700000000000001e-01 1.160996767224129e+00 -1.950285400116390e-02
5.750000000000001e-01 1.190582445447902e+00 -2.203625785942979e-02
5.800000000000000e-01 1.220912276456826e+00 -1.929319786388048e-02
5.850000000000000e-01 1.252005217382601e+00 -1.958519599507398e-02
5.900000000000000e-01 1.283880702325469e+00 -1.892536353594516e-02
5.950000000000000e-01 1.316558654501151e+00 -1.806463967092119e-02
6.000000000000000e-01 1.350059498693518e+00 -1.826845860703843e-02
6.050000000000000e-01 1.384404174020732e+00 -1.724182756859773e-02
6.100000000000000e-01 1.419614147022888e+00 -1.748859393367183e-02
6.150000000000000e-01 1.455711425079295e+00 -1.678359065112646e-02
6.200000000000000e-01 1.492718570163803e+00 -1.679053364747845e-02
6.250000000000000e-01 1.530658712946775e+00 -1.644339852900197e-02
6.300000000000000e-01 1.569555567252506e+00 -1.627337204989577e-02
6.350000000000000e-01 1.609433444881138e+00 -1.612306934021856e-02
6.400000000000000e-01 1.650317270804325e+00 -1.592050014506283e-02
6.450000000000000e-01 1.692232598744148e+00 -1.582530153014122e-02
6.500000000000000e-01 1.735205627145031e+00 -1.566763969825348e-02
6.550000000000000e-01 1.779263215548615e+00 -1.557440206890900e-02
6.600000000000000e-01 1.824432901381847e+00 -1.546474942649558e-02
6.650000000000000e-01 1.870742917168772e+00 -1.537385681801974e-02
6.700000000000000e-01 1.918222208176775e+00 -1.529028060450283e-02
6.750000000000000e-01 1.966900450508319e+00 -1.520899448118660e-02
6.800000000000000e-01 2.016808069649473e+00 -1.513564035098480e-02
6.850000000000001e-01 2.067976259486829e+00 -1.506246970432170e-02
6.900000000000001e-01 2.120437001804702e+00 -1.499179138292218e-02
6.950000000000001e-01 2.174223086274785e+00 -1.492026891532916e-02
7.000000000000001e-01 2.229368130950753e+00 -1.484684870623379e-02
7.050000000000000e-01 2.285906603280654e+00 -1.476989484647438e-02
7.100000000000000e-01 2.343873841650178e+00 -1.468753081277106e-02
7.150000000000000e-01 2.403306077470301e+00 -1.459807268406004e-02
7.200000000000000e-01 2.464240457823092e+00 -1.449952230596704e-02
7.250000000000000e-01 2.526715068679855e+00 -1.438985266157312e-02
7.300000000000000e-01 2.590768958706095e+00 -1.426684999581969e-02
7.350000000000000e-01 2.656442163668210e+00 -1.412813750949546e-02
7.400000000000000e-01 2.723775731457148e+00 -1.397114920783566e-02
7.450000000000000e-01 2.792811747744667e+00 -1.379310469336372e-02
7.500000000000000e-01 2.863593362288260e+00 -1.359099314659530e-02
7.550000000000000e-01 2.936164815901156e+00 -1.336155207129653e-02
7.600000000000000e-01 3.010571468104263e+00 -1.310125184793036e-02
7.650000000000000e-01 3.086859825477351e+00 -1.280628375167907e-02
7.700000000000000e-01 3.165077570727174e+00 -1.247255565494276e-02
7.750000000000000e-01 3.245273592490716e+00 -1.209569918009815e-02
7.800000000000000e-01 3.327498015892184e+00 -1.167109345046729e-02
7.850000000000000e-01 3.411802233872832e+00 -1.119391267443268e-02
7.900000000000000e-01 3.498238939313234e+00 -1.065920733368999e-02
7.950000000000000e-01 3.586862157968046e+00 -1.006203060306995e-02
8.000000000000000e-01 3.677727282233856e+00 -9.397623343416178e-03
8.050000000000000e-01 3.770891105771243e+00 -8.661674117028454e-03
8.100000000000001e-01 3.866411859002656e+00 -7.850671467786854e-03
8.150000000000001e-01 3.964349245508326e+00 -6.962359240534368e-03
8.200000000000001e-01 4.064764479342956e+00 -5.996294854364950e-03
8.250000000000001e-01 4.167720323296481e+00 -4.954497453050637e-03
8.300000000000001e-01 4.273281128122877e+00 -3.842146762941608e-03
8.350000000000000e-01 4.381512872761445e+00 -2.668250633306727e-03
8.400000000000000e-01 4.492483205575838e+00 -1.446171179222367e-03
8.450000000000000e-01 4.606261486636447e+00 -1.939203429323331e-04
8.500000000000000e-01 4.722918831072739e+00 1.065820267680574e-03
8.550000000000000e-01 4.842528153522501e+00 2.305992088690646e-03
8.600000000000000e-01 4.965164213705875e+00 3.495811136133042e-03
8.650000000000000e-01 5.090903663152626e+00 4.601749821943182e-03
8.700000000000000e-01 5.219825093111814e+00 5.588652086020465e-03
8.750000000000000e-01 5.352009083673925e+00 6.420738797238520e-03
8.800000000000000e-01 5.487538254136007e+00 7.062594245598157e-03
8.850000000000000e-01 5.626497314641444e+00 7.480850663259329e-03
8.900000000000000e-01 5.768973119126561e+00 7.647643727912972e-03
8.950000000000000e-01 5.915054719607133e+00 7.546368001310280e-03
9.000000000000000e-01 6.064833421838831e+00 7.178770313264703e-03
9.050000000000000e-01 6.218402842386253e+00 6.570784098121851e-03
9.100000000000000e-01 6.375858967136348e+00 5.773922688329634e-03
9.150000000000000e-01 6.537300211292723e+00 4.860217537296451e-03
9.200000000000000e-01 6.702827480888332e+00 3.911215093555993e-03
9.250000000000000e-01 6.872544235855034e+00 3.004118308224675e-03
9.300000000000000e-01 7.046556554689444e+00 2.199379006944757e-03
9.350000000000001e-01 7.224973200755413e+00 1.533322373741240e-03
9.400000000000001e-01 7.407905690264673e+00 1.017227973212766e-03
9.450000000000001e-01 7.595468361978146e+00 6.418955217431186e-04
9.500000000000001e-01 7.787778448671316e+00 3.851858096585866e-04
9.550000000000001e-01 7.984956150408610e+00 2.197887902830335e-04
9.600000000000000e-01 8.187124709672272e+00 1.192599459904220e-04
9.650000000000000e-01 8.394410488393007e+00 6.154677031348795e-05
9.700000000000000e-01 8.606943046930221e+00 3.021572906395575e-05
9.750000000000000e-01 8.824855225051540e+00 1.411631413529282e-05
9.800000000000000e-01 9.048283224961922e+00 6.276393628571835e-06
9.850000000000000e-01 9.277366696434507e+00 2.660691259423289e-06
9.900000000000000e-01 9.512248824096272e+00 1.067595675770843e-06
9.950000000000000e-01 9.753076416923058e+00 4.277139633231959e-07
1.000000000000000e+00 1.000000000000000e+01 1.265738036450555e-07
