0.000000000000000e+00 0.000000000000000e+00 -7.565891152403810e-01
5.000000000000000e-03 3.369477419287315e-03 -7.565891152403810e-01
1.000000000000000e-02 6.741060871647481e-03 -7.558802237153184e-01
1.500000000000000e-02 1.011685770649257e-02 -7.559399326501312e-01
2.000000000000000e-02 1.349897790673588e-02 -7.560540965798734e-01
2.500000000000000e-02 1.688953540759990e-02 -7.559207566576166e-01
3.000000000000000e-02 2.029064941789469e-02 -7.558214024539488e-01
3.500000000000000e-02 2.370444574459234e-02 -7.558064350479239e-01
4.000000000000000e-02 2.713305812152553e-02 -7.557008697524069e-01
4.500000000000000e-02 3.057862954304063e-02 -7.555520231910730e-01
5.000000000000000e-02 3.404331360343898e-02 -7.554680603583835e-01
5.500000000000000e-02 3.752927584304335e-02 -7.553708015308029e-01
6.000000000000000e-02 4.103869510173117e-02 -7.551884638893024e-01
6.500000000000000e-02 4.457376488078044e-02 -7.550136488664644e-01
7.000000000000001e-02 4.813669471387935e-02 -7.548833042888439e-01
7.500000000000000e-02 5.172971154815675e-02 -7.547070434270516e-01
8.000000000000000e-02 5.535506113609672e-02 -7.544707852918309e-01
8.500000000000001e-02 5.901500943920686e-02 -7.542566000882929e-01
9.000000000000000e-02 6.271184404431801e-02 -7.540568513274061e-01
9.500000000000000e-02 6.644787559340060e-02 -7.538026713892496e-01
1.000000000000000e-01 7.022543922779090e-02 -7.535144780907640e-01
1.050000000000000e-01 7.404689604773053e-02 -7.532451736080599e-01
1.100000000000000e-01 7.791463458813094e-02 -7.529636088386281e-01
1.150000000000000e-01 8.183107231148547e-02 -7.526304492087444e-01
1.200000000000000e-01 8.579865711886202e-02 -7.522805534940333e-01
1.250000000000000e-01 8.981986887992111e-02 -7.519390979043389e-01
1.300000000000000e-01 9.389722098291493e-02 -7.515683162418754e-01
1.350000000000000e-01 9.803326190563690e-02 -7.511507161870254e-01
1.400000000000000e-01 1.022305768083033e-01 -7.507221885676194e-01
1.450000000000000e-01 1.064917891493625e-01 -7.502918808472531e-01
1.500000000000000e-01 1.108195623252418e-01 -7.498246371201779e-01
1.550000000000000e-01 1.152166013350572e-01 -7.493118252703411e-01
1.600000000000000e-01 1.196856544713255e-01 -7.487842214282292e-01
1.650000000000000e-01 1.242295150377370e-01 -7.482478337590031e-01
1.700000000000000e-01 1.288510230950609e-01 -7.476741757782585e-01
1.750000000000000e-01 1.335530672362758e-01 -7.470518438704694e-01
1.800000000000000e-01 1.383385863920344e-01 -7.464026505840776e-01
1.850000000000000e-01 1.432105716675912e-01 -7.457394110690334e-01
1.900000000000000e-01 1.481720682123397e-01 -7.450452146887830e-01
1.950000000000000e-01 1.532261771231311e-01 -7.442986513431995e-01
2.000000000000000e-01 1.583760573825595e-01 -7.435056959214795e-01
2.050000000000000e-01 1.636249278334301e-01 -7.426888797261073e-01
2.100000000000000e-01 1.689760691906397e-01 -7.418505623139581e-01
2.150000000000000e-01 1.744328260917313e-01 -7.409638091040229e-01
2.200000000000000e-01 1.799986091874004e-01 -7.400142681606029e-01
2.250000000000000e-01 1.856768972732633e-01 -7.390195664877132e-01
2.300000000000000e-01 1.914712394642179e-01 -7.379952242262904e-01
2.350000000000000e-01 1.973852574127551e-01 -7.369330949825904e-01
2.400000000000000e-01 2.034226475726105e-01 -7.358217591439377e-01
2.450000000000000e-01 2.095871835091678e-01 -7.346500477584768e-01
2.500000000000000e-01 2.158827182580599e-01 -7.334120896129360e-01
2.550000000000000e-01 2.223131867334419e-01 -7.321221113922705e-01
2.600000000000000e-01 2.288826081874405e-01 -7.307899724214189e-01
2.650000000000000e-01 2.355950887223172e-01 -7.294083597886704e-01
2.700000000000000e-01 2.424548238569160e-01 -7.279768470556549e-01
2.750000000000000e-01 2.494661011489995e-01 -7.264837710861669e-01
2.800000000000000e-01 2.566333028751116e-01 -7.249193442097206e-01
2.850000000000000e-01 2.639609087696434e-01 -7.232893175645223e-01
2.900000000000000e-01 2.714534988248126e-01 -7.215841920488540e-01
2.950000000000000e-01 2.791157561533084e-01 -7.198148857963578e-01
3.000000000000000e-01 2.869524699153886e-01 -7.179751626743403e-01
3.050000000000000e-01 2.949685383122613e-01 -7.160706782325421e-01
3.100000000000000e-01 3.031689716476197e-01 -7.140980905303944e-01
3.150000000000000e-01 3.115588954592450e-01 -7.120587741985065e-01
3.200000000000000e-01 3.201435537226349e-01 -7.099513604562611e-01
3.250000000000000e-01 3.289283121286580e-01 -7.077760782578604e-01
3.300000000000000e-01 3.379186614372866e-01 -7.055328289615554e-01
3.350000000000000e-01 3.471202209094989e-01 -7.032221801077733e-01
3.400000000000000e-01 3.565387418195016e-01 -7.008449942381173e-01
3.450000000000000e-01 3.661801110494620e-01 -6.984026136272402e-01
3.500000000000000e-01 3.760503547690021e-01 -6.958968186463892e-01
3.550000000000000e-01 3.861556422017504e-01 -6.933298683980452e-01
3.600000000000000e-01 3.965022894813072e-01 -6.907045071908644e-01
3.650000000000000e-01 4.070967635990345e-01 -6.880239725481847e-01
3.700000000000000e-01 4.179456864461349e-01 -6.852919862304906e-01
3.750000000000000e-01 4.290558389525505e-01 -6.825127258147918e-01
3.800000000000000e-01 4.404341653252637e-01 -6.796907670340351e-01
3.850000000000000e-01 4.520877773886537e-01 -6.768309860926408e-01
3.900000000000000e-01 4.640239590296172e-01 -6.739384071550941e-01
3.950000000000000e-01 4.762501707502353e-01 -6.710179755543266e-01
4.000000000000000e-01 4.887740543308307e-01 -6.680742308516603e-01
4.050000000000000e-01 5.016034376063282e-01 -6.651108453951977e-01
4.100000000000000e-01 5.147463393589066e-01 -6.621299827632142e-01
4.150000000000000e-01 5.282109743299990e-01 -6.591314156453468e-01
4.200000000000000e-01 5.420057583547735e-01 -6.561113233551387e-01
4.250000000000000e-01 5.561393136223041e-01 -6.530606642901384e-01
4.300000000000000e-01 5.706204740647189e-01 -6.499629874702595e-01
4.350000000000000e-01 5.854582908786964e-01 -6.467915097639595e-01
4.400000000000000e-01 6.006620381827575e-01 -6.435052434292544e-01
4.450000000000000e-01 6.162412188138907e-01 -6.400439181147576e-01
4.500000000000000e-01 6.322055702671360e-01 -6.363214164815703e-01
4.550000000000000e-01 6.485650707818353e-01 -6.322174618250167e-01
4.600000000000000e-01 6.653299455783577e-01 -6.275674132072416e-01
4.650000000000000e-01 6.825106732491932e-01 -6.221503309634487e-01
4.700000000000000e-01 7.001179923084168e-01 -6.156761162015700e-01
4.750000000000000e-01 7.181629079036070e-01 -6.077736918880010e-01
4.800000000000000e-01 7.366566986944229e-01 -5.979840601411421e-01
4.850000000000000e-01 7.556109239021327e-01 -5.857646380761430e-01
4.900000000000000e-01 7.750374305345038e-01 -5.705140012240534e-01
4.950000000000000e-01 7.949483607905672e-01 -5.516274551691215e-01
5.000000000000000e-01 8.153561596498893e-01 -5.285907595168051e-01
5.050000000000000e-01 8.362735826510871e-01 -5.011083544195254e-01
5.100000000000000e-01 8.577137038644561e-01 -4.692426270059510e-01
5.150000000000000e-01 8.796899240636907e-01 -4.335184571575117e-01
5.200000000000000e-01 9.022159791018011e-01 -3.949380741173418e-01
5.250000000000000e-01 9.253059484964714e-01 -3.548718510650317e-01
5.300000000000000e-01 9.489742642302165e-01 -3.148412092412970e-01
5.350000000000000e-01 9.732357197708378e-01 -2.762633191354433e-01
5.400000000000000e-01 9.981054793178262e-01 -2.402459213846330e-01
5.450000000000000e-01 1.023599087280478e+00 -2.074900282429433e-01
5.500000000000000e-01 1.049732477993657e+00 -1.783026730235026e-01
5.550000000000000e-01 1.076521985677273e+00 -1.526800938885024e-01
5.600000000000001e-01 1.103984354645701e+00 -1.304128118808709e-01
5.650000000000001e-01 1.132136749773522e+00 -1.111791218261399e-01
5.700000000000001e-01 1.160996767224129e+00 -9.461360884815709e-02
5.750000000000001e-01 1.190582445447902e+00 -8.035082210534485e-02
5.800000000000000e-01 1.220912276456826e+00 -6.804974949144091e-02
5.850000000000000e-01 1.252005217382601e+00 -5.740536826741643e-02
5.900000000000000e-01 1.283880702325469e+00 -4.815229370831047e-02
5.950000000000000e-01 1.316558654501151e+00 -4.006399850520882e-02
6.000000000000000e-01 1.350059498693518e+00 -3.294980199638907e-02
6.050000000000000e-01 1.384404174020732e+00 -2.665093316630299e-02
6.100000000000000e-01 1.419614147022888e+00 -2.103639475597432e-02
6.150000000000000e-01 1.455711425079295e+00 -1.599900545375728e-02
6.200000000000000e-01 1.492718570163803e+00 -1.145179381933707e-02
6.250000000000000e-01 1.530658712946775e+00 -7.324804796045532e-03
6.300000000000000e-01 1.569555567252506e+00 -3.562320428883386e-03
6.350000000000000e-01 1.609433444881138e+00 -1.204677921188006e-04
6.400000000000000e-01 1.650317270804325e+00 3.034824598645065e-03
6.450000000000000e-01 1.692232598744148e+00 5.929563468636808e-03
6.500000000000000e-01 1.735205627145031e+00 8.583160673938916e-03
6.550000000000000e-01 1.779263215548615e+00 1.100967315531202e-02
6.600000000000000e-01 1.824432901381847e+00 1.321884611554457e-02
6.650000000000000e-01 1.870742917168772e+00 1.521698913283812e-02
6.700000000000000e-01 1.918222208176775e+00 1.700771203701945e-02
6.750000000000000e-01 1.966900450508319e+00 1.859254515199510e-02
6.800000000000000e-01 2.016808069649473e+00 1.997146692445419e-02
6.850000000000001e-01 2.067976259486829e+00 2.114336091347619e-02
6.900000000000001e-01 2.120437001804702e+00 2.210642344371004e-02
6.950000000000001e-01 2.174223086274785e+00 2.285854269799269e-02
7.000000000000001e-01 2.229368130950753e+00 2.339766933922586e-02
7.050000000000000e-01 2.285906603280654e+00 2.372219750571745e-02
7.100000000000000e-01 2.343873841650178e+00 2.383137270384506e-02
7.150000000000000e-01 2.403306077470301e+00 2.372573909323926e-02
7.200000000000000e-01 2.464240457823092e+00 2.340763220701237e-02
7.250000000000000e-01 2.526715068679855e+00 2.288171358498788e-02
7.300000000000000e-01 2.590768958706095e+00 2.215553068161570e-02
7.350000000000000e-01 2.656442163668210e+00 2.124006890031804e-02
7.400000000000000e-01 2.723775731457148e+00 2.015024390570547e-02
7.450000000000000e-01 2.792811747744667e+00 1.890526414388311e-02
7.500000000000000e-01 2.863593362288260e+00 1.752878005221318e-02
7.550000000000000e-01 2.936164815901156e+00 1.604873327262817e-02
7.600000000000000e-01 3.010571468104263e+00 1.449683182352955e-02
7.650000000000000e-01 3.086859825477351e+00 1.290760925183572e-02
7.700000000000000e-01 3.165077570727174e+00 1.131707683733976e-02
7.750000000000000e-01 3.245273592490716e+00 9.761041974742507e-03
7.800000000000000e-01 3.327498015892184e+00 8.273231512483046e-03
7.850000000000000e-01 3.411802233872832e+00 6.883411437837208e-03
7.900000000000000e-01 3.498238939313234e+00 5.615719815818087e-03
7.950000000000000e-01 3.586862157968046e+00 4.487419127419993e-03
8.000000000000000e-01 3.677727282233856e+00 3.508225922344362e-03
8.050000000000000e-01 3.770891105771243e+00 2.680297650844595e-03
8.100000000000001e-01 3.866411859002656e+00 1.998863408474830e-03
8.150000000000001e-01 3.964349245508326e+00 1.453395269892766e-03
8.200000000000001e-01 4.064764479342956e+00 1.029147061158679e-03
8.250000000000001e-01 4.167720323296481e+00 7.088500811048779e-04
8.300000000000001e-01 4.273281128122877e+00 4.743552954340023e-04
8.350000000000000e-01 4.381512872761445e+00 3.080457369041392e-04
8.400000000000000e-01 4.492483205575838e+00 1.939013303506344e-04
8.450000000000000e-01 4.606261486636447e+00 1.181671926954533e-04
8.500000000000000e-01 4.722918831072739e+00 6.964123655158751e-05
8.550000000000000e-01 4.842528153522501e+00 3.964614619133014e-05
8.600000000000000e-01 4.965164213705875e+00 2.177823819459539e-05
8.650000000000000e-01 5.090903663152626e+00 1.153099970910057e-05
8.700000000000000e-01 5.219825093111814e+00 5.878732223558798e-06
8.750000000000000e-01 5.352009083673925e+00 2.882966736635857e-06
8.800000000000000e-01 5.487538254136007e+00 1.358688508809500e-06
8.850000000000000e-01 5.626497314641444e+00 6.147936575773327e-07
8.900000000000000e-01 5.768973119126561e+00 2.668664632745871e-07
8.950000000000000e-01 5.915054719607133e+00 1.110354820843220e-07
9.000000000000000e-01 6.064833421838831e+00 4.424901550098249e-08
9.050000000000000e-01 6.218402842386253e+00 1.687772148946196e-08
9.100000000000000e-01 6.375858967136348e+00 6.157586253024749e-09
9.150000000000000e-01 6.537300211292723e+00 2.147512518660030e-09
9.200000000000000e-01 6.702827480888332e+00 7.155752182858875e-10
9.250000000000000e-01 6.872544235855034e+00 2.276977465811596e-10
9.300000000000000e-01 7.046556554689444e+00 6.916058492781278e-11
9.350000000000001e-01 7.224973200755413e+00 2.004427188832304e-11
9.400000000000001e-01 7.407905690264673e+00 5.541287854258070e-12
9.450000000000001e-01 7.595468361978146e+00 1.460824652616624e-12
9.500000000000001e-01 7.787778448671316e+00 3.671560737082651e-13
9.550000000000001e-01 7.984956150408610e+00 8.796016776241523e-14
9.600000000000000e-01 8.187124709672272e+00 2.008351188837089e-14
9.650000000000000e-01 8.394410488393007e+00 4.369826105780494e-15
9.700000000000000e-01 8.606943046930221e+00 9.059997799889317e-16
9.750000000000000e-01 8.824855225051540e+00 1.789842767868361e-16
9.800000000000000e-01 9.048283224961922e+00 3.369154892525432e-17
9.850000000000000e-01 9.277366696434507e+00 6.043399570927546e-18
9.900000000000000e-01 9.512248824096272e+00 1.031265876757183e-18
9.950000000000000e-01 9.753076416923058e+00 1.794023825030778e-19
1.000000000000000e+00 1.000000000000000e+01 -2.825859827928582e-20
