0.000000000000000e+00 0.000000000000000e+00 -8.653966231059953e-01
5.000000000000000e-03 3.369477419287315e-03 -8.653966231059953e-01
1.000000000000000e-02 6.741060871647481e-03 -8.641366398706022e-01
1.500000000000000e-02 1.011685770649257e-02 -8.641156167834048e-01
2.000000000000000e-02 1.349897790673588e-02 -8.643071368803418e-01
2.500000000000000e-02 1.688953540759990e-02 -8.642453072598196e-01
3.000000000000000e-02 2.029064941789469e-02 -8.641812063455179e-01
3.500000000000000e-02 2.370444574459234e-02 -8.641465047364849e-01
4.000000000000000e-02 2.713305812152553e-02 -8.640473627273806e-01
4.500000000000000e-02 3.057862954304063e-02 -8.639827678862869e-01
5.000000000000000e-02 3.404331360343898e-02 -8.639458901425742e-01
5.500000000000000e-02 3.752927584304335e-02 -8.638435464283422e-01
6.000000000000000e-02 4.103869510173117e-02 -8.637247340682596e-01
6.500000000000000e-02 4.457376488078044e-02 -8.636534904146917e-01
7.000000000000001e-02 4.813669471387935e-02 -8.635484492317848e-01
7.500000000000000e-02 5.172971154815675e-02 -8.633983544902278e-01
8.000000000000000e-02 5.535506113609672e-02 -8.632825034875742e-01
8.500000000000001e-02 5.901500943920686e-02 -8.631727312869404e-01
9.000000000000000e-02 6.271184404431801e-02 -8.630002995131222e-01
9.500000000000000e-02 6.644787559340060e-02 -8.628247703721803e-01
1.000000000000000e-01 7.022543922779090e-02 -8.626868382102760e-01
1.050000000000000e-01 7.404689604773053e-02 -8.625164955245059e-01
1.100000000000000e-01 7.791463458813094e-02 -8.622985274688577e-01
1.150000000000000e-01 8.183107231148547e-02 -8.621005290680999e-01
1.200000000000000e-01 8.579865711886202e-02 -8.619112714497913e-01
1.250000000000000e-01 8.981986887992111e-02 -8.616771280193848e-01
1.300000000000000e-01 9.389722098291493e-02 -8.614253648658282e-01
1.350000000000000e-01 9.803326190563690e-02 -8.611912498699303e-01
1.400000000000000e-01 1.022305768083033e-01 -8.609365179008514e-01
1.450000000000000e-01 1.064917891493625e-01 -8.606435030755795e-01
1.500000000000000e-01 1.108195623252418e-01 -8.603526961701105e-01
1.550000000000000e-01 1.152166013350572e-01 -8.600662848477442e-01
1.600000000000000e-01 1.196856544713255e-01 -8.597441334906094e-01
1.650000000000000e-01 1.242295150377370e-01 -8.593934916916256e-01
1.700000000000000e-01 1.288510230950609e-01 -8.590506233243792e-01
1.750000000000000e-01 1.335530672362758e-01 -8.587012951596217e-01
1.800000000000000e-01 1.383385863920344e-01 -8.583124949504872e-01
1.850000000000000e-01 1.432105716675912e-01 -8.578996870748836e-01
1.900000000000000e-01 1.481720682123397e-01 -8.574924365956091e-01
1.950000000000000e-01 1.532261771231311e-01 -8.570747828590394e-01
2.000000000000000e-01 1.583760573825595e-01 -8.566195061738927e-01
2.050000000000000e-01 1.636249278334301e-01 -8.561386507220909e-01
2.100000000000000e-01 1.689760691906397e-01 -8.556575135582679e-01
2.150000000000000e-01 1.744328260917313e-01 -8.551683034984440e-01
2.200000000000000e-01 1.799986091874004e-01 -8.546488698112613e-01
2.250000000000000e-01 1.856768972732633e-01 -8.540995541882758e-01
2.300000000000000e-01 1.914712394642179e-01 -8.535386848596639e-01
2.350000000000000e-01 1.973852574127551e-01 -8.529739965518469e-01
2.400000000000000e-01 2.034226475726105e-01 -8.523962806896432e-01
2.450000000000000e-01 2.095871835091678e-01 -8.517909681126516e-01
2.500000000000000e-01 2.158827182580599e-01 -8.511587693105992e-01
2.550000000000000e-01 2.223131867334419e-01 -8.505187786849550e-01
2.600000000000000e-01 2.288826081874405e-01 -8.498828395425116e-01
2.650000000000000e-01 2.355950887223172e-01 -8.492391499613413e-01
2.700000000000000e-01 2.424548238569160e-01 -8.485780496898622e-01
2.750000000000000e-01 2.494661011489995e-01 -8.479028789025945e-01
2.800000000000000e-01 2.566333028751116e-01 -8.472195773614788e-01
2.850000000000000e-01 2.639609087696434e-01 -8.465421742142680e-01
2.900000000000000e-01 2.714534988248126e-01 -8.458833342614993e-01
2.950000000000000e-01 2.791157561533084e-01 -8.452394640143991e-01
3.000000000000000e-01 2.869524699153886e-01 -8.446140479769202e-01
3.050000000000000e-01 2.949685383122613e-01 -8.440093398298991e-01
3.100000000000000e-01 3.031689716476197e-01 -8.434264945862784e-01
3.150000000000000e-01 3.115588954592450e-01 -8.428826523935476e-01
3.200000000000000e-01 3.201435537226349e-01 -8.423832865481878e-01
3.250000000000000e-01 3.289283121286580e-01 -8.419495164874888e-01
3.300000000000000e-01 3.379186614372866e-01 -8.415928097402986e-01
3.350000000000000e-01 3.471202209094989e-01 -8.413340690966210e-01
3.400000000000000e-01 3.565387418195016e-01 -8.411914805220194e-01
3.450000000000000e-01 3.661801110494620e-01 -8.411890018792541e-01
3.500000000000000e-01 3.760503547690021e-01 -8.413527333485633e-01
3.550000000000000e-01 3.861556422017504e-01 -8.417139591185205e-01
3.600000000000000e-01 3.965022894813072e-01 -8.423089080947272e-01
3.650000000000000e-01 4.070967635990345e-01 -8.431802657040599e-01
3.700000000000000e-01 4.179456864461349e-01 -8.443782002617763e-01
3.750000000000000e-01 4.290558389525505e-01 -8.459619970871155e-01
3.800000000000000e-01 4.404341653252637e-01 -8.480019844423260e-01
3.850000000000000e-01 4.520877773886537e-01 -8.505820533898861e-01
3.900000000000000e-01 4.640239590296172e-01 -8.538029034908100e-01
3.950000000000000e-01 4.762501707502353e-01 -8.577863135563178e-01
4.000000000000000e-01 4.887740543308307e-01 -8.626808362420335e-01
4.050000000000000e-01 5.016034376063282e-01 -8.686695261361967e-01
4.100000000000000e-01 5.147463393589066e-01 -8.759806292595204e-01
4.150000000000000e-01 5.282109743299990e-01 -8.849026917002306e-01
4.200000000000000e-01 5.420057583547735e-01 -8.958064430187900e-01
4.250000000000000e-01 5.561393136223041e-01 -9.091773923852564e-01
4.300000000000000e-01 5.706204740647189e-01 -9.256659821347093e-01
4.350000000000000e-01 5.854582908786964e-01 -9.461677516526160e-01
4.400000000000000e-01 6.006620381827575e-01 -9.719574311790805e-01
4.450000000000000e-01 6.162412188138907e-01 -1.004926025860618e+00
4.500000000000000e-01 6.322055702671360e-01 -1.048030006793141e+00
4.550000000000000e-01 6.485650707818353e-01 -1.106221512102189e+00
4.600000000000000e-01 6.653299455783577e-01 -1.188616820686621e+00
4.650000000000000e-01 6.825106732491932e-01 -1.314446286732089e+00
4.700000000000000e-01 7.001179923084168e-01 -1.533352681494722e+00
4.750000000000000e-01 7.181629079036070e-01 -2.000582197359574e+00
4.800000000000000e-01 7.366566986944229e-01 -2.670798548365250e+00
4.850000000000000e-01 7.556109239021327e-01 -1.568413055791472e+00
4.900000000000000e-01 7.750374305345038e-01 -7.277646734629863e-02
4.950000000000000e-01 7.949483607905672e-01 -2.013850384328108e-01
5.000000000000000e-01 8.153561596498893e-01 -3.864630216245085e-02
5.050000000000000e-01 8.362735826510871e-01 -6.340957516559778e-02
5.100000000000000e-01 8.577137038644561e-01 -4.398093089512678e-02
5.150000000000000e-01 8.796899240636907e-01 -1.887682535564952e-02
5.200000000000000e-01 9.022159791018011e-01 -4.448063485970877e-02
5.250000000000000e-01 9.253059484964714e-01 -2.916372963804790e-03
5.300000000000000e-01 9.489742642302165e-01 -4.015936263439587e-02
5.350000000000000e-01 9.732357197708378e-01 8.674718057062050e-04
5.400000000000000e-01 9.981054793178262e-01 -3.331795631822475e-02
5.450000000000000e-01 1.023599087280478e+00 -7.706337391409754e-04
5.500000000000000e-01 1.049732477993657e+00 -2.587617679990189e-02
5.550000000000000e-01 1.076521985677273e+00 -4.366599183508177e-03
5.600000000000001e-01 1.103984354645701e+00 -1.915753910336467e-02
5.650000000000001e-01 1.132136749773522e+00 -8.013289741793410e-03
5.700000000000001e-01 1.160996767224129e+00 -1.393561419662907e-02
5.750000000000001e-01 1.190582445447902e+00 -1.073127619574098e-02
5.800000000000000e-01 1.220912276456826e+00 -1.050581648534780e-02
5.850000000000000e-01 1.252005217382601e+00 -1.217585665209271e-02
5.900000000000000e-01 1.283880702325469e+00 -8.769557336652755e-03
5.950000000000000e-01 1.316558654501151e+00 -1.244740599366573e-02
6.000000000000000e-01 1.350059498693518e+00 -8.343906221844031e-03
6.050000000000000e-01 1.384404174020732e+00 -1.192099391332865e-02
6.100000000000000e-01 1.419614147022888e+00 -8.701403083624219e-03
6.150000000000000e-01 1.455711425079295e+00 -1.107211010390315e-02
6.200000000000000e-01 1.492718570163803e+00 -9.325592882774949e-03
6.250000000000000e-01 1.530658712946775e+00 -1.031241474622659e-02
6.300000000000000e-01 1.569555567252506e+00 -9.847194709921734e-03
6.350000000000000e-01 1.609433444881138e+00 -9.872890092913969e-03
6.400000000000000e-01 1.650317270804325e+00 -1.011562705984227e-02
6.450000000000000e-01 1.692232598744148e+00 -9.773636340846450e-03
6.500000000000000e-01 1.735205627145031e+00 -1.017554827531020e-02
6.550000000000000e-01 1.779263215548615e+00 -9.890008504558808e-03
6.600000000000000e-01 1.824432901381847e+00 -1.016309538846328e-02
6.650000000000000e-01 1.870742917168772e+00 -1.007172002626812e-02
6.700000000000000e-01 1.918222208176775e+00 -1.018864843229913e-02
6.750000000000000e-01 1.966900450508319e+00 -1.023456242853699e-02
6.800000000000000e-01 2.016808069649473e+00 -1.028224969130102e-02
6.850000000000001e-01 2.067976259486829e+00 -1.037096160534465e-02
6.900000000000001e-01 2.120437001804702e+00 -1.041844909085211e-02
6.950000000000001e-01 2.174223086274785e+00 -1.050275380980533e-02
7.000000000000001e-01 2.229368130950753e+00 -1.056646561686698e-02
7.050000000000000e-01 2.285906603280654e+00 -1.064098664359991e-02
7.100000000000000e-01 2.343873841650178e+00 -1.071174414808898e-02
7.150000000000000e-01 2.403306077470301e+00 -1.078088766736717e-02
7.200000000000000e-01 2.464240457823092e+00 -1.084889826684401e-02
7.250000000000000e-01 2.526715068679855e+00 -1.091231701567669e-02
7.300000000000000e-01 2.590768958706095e+00 -1.097182011134259e-02
7.350000000000000e-01 2.656442163668210e+00 -1.102509426179053e-02
7.400000000000000e-01 2.723775731457148e+00 -1.107115710727411e-02
7.450000000000000e-01 2.792811747744667e+00 -1.110832350624568e-02
7.500000000000000e-01 2.863593362288260e+00 -1.113485515048552e-02
7.550000000000000e-01 2.936164815901156e+00 -1.114885233822966e-02
7.600000000000000e-01 3.010571468104263e+00 -1.114815153725222e-02
7.650000000000000e-01 3.086859825477351e+00 -1.113038240071765e-02
7.700000000000000e-01 3.165077570727174e+00 -1.109289314697507e-02
7.750000000000000e-01 3.245273592490716e+00 -1.103274286484607e-02
7.800000000000000e-01 3.327498015892184e+00 -1.094666599776596e-02
7.850000000000000e-01 3.411802233872832e+00 -1.083104403575134e-02
7.900000000000000e-01 3.498238939313234e+00 -1.068187861248613e-02
7.950000000000000e-01 3.586862157968046e+00 -1.049476893268562e-02
8.000000000000000e-01 3.677727282233856e+00 -1.026489712132608e-02
8.050000000000000e-01 3.770891105771243e+00 -9.987027690698345e-03
8.100000000000001e-01 3.866411859002656e+00 -9.655532517488869e-03
8.150000000000001e-01 3.964349245508326e+00 -9.264450743973631e-03
8.200000000000001e-01 4.064764479342956e+00 -8.807597246721005e-03
8.250000000000001e-01 4.167720323296481e+00 -8.278747588328026e-03
8.300000000000001e-01 4.273281128122877e+00 -7.671930670346582e-03
8.350000000000000e-01 4.381512872761445e+00 -6.981849327271780e-03
8.400000000000000e-01 4.492483205575838e+00 -6.204456808818907e-03
8.450000000000000e-01 4.606261486636447e+00 -5.337734188883712e-03
8.500000000000000e-01 4.722918831072739e+00 -4.382665830164303e-03
8.550000000000000e-01 4.842528153522501e+00 -3.344293741473805e-03
8.600000000000000e-01 4.965164213705875e+00 -2.232675398998107e-03
8.650000000000000e-01 5.090903663152626e+00 -1.063635585174067e-03
8.700000000000000e-01 5.219825093111814e+00 1.407617160661582e-04
8.750000000000000e-01 5.352009083673925e+00 1.352215888965591e-03
8.800000000000000e-01 5.487538254136007e+00 2.536924867929427e-03
8.850000000000000e-01 5.626497314641444e+00 3.656988589830555e-03
8.900000000000000e-01 5.768973119126561e+00 4.671868295317612e-03
8.950000000000000e-01 5.915054719607133e+00 5.539256891793611e-03
9.000000000000000e-01 6.064833421838831e+00 6.215701086749352e-03
9.050000000000000e-01 6.218402842386253e+00 6.658703660723366e-03
9.100000000000000e-01 6.375858967136348e+00 6.832335018439813e-03
9.150000000000000e-01 6.537300211292723e+00 6.716624957678762e-03
9.200000000000000e-01 6.702827480888332e+00 6.317938471639304e-03
9.250000000000000e-01 6.872544235855034e+00 5.675343802604606e-03
9.300000000000000e-01 7.046556554689444e+00 4.858583713285518e-03
9.350000000000001e-01 7.224973200755413e+00 3.956714560387630e-03
9.400000000000001e-01 7.407905690264673e+00 3.060812250454428e-03
9.450000000000001e-01 7.595468361978146e+00 2.246792161278692e-03
9.500000000000001e-01 7.787778448671316e+00 1.563962447806401e-03
9.550000000000001e-01 7.984956150408610e+00 1.032004163216352e-03
9.600000000000000e-01 8.187124709672272e+00 6.454983982518683e-04
9.650000000000000e-01 8.394410488393007e+00 3.827588438946118e-04
9.700000000000000e-01 8.606943046930221e+00 2.152185408243060e-04
9.750000000000000e-01 8.824855225051540e+00 1.148082523243979e-04
9.800000000000000e-01 9.048283224961922e+00 5.810476832381054e-05
9.850000000000000e-01 9.277366696434507e+00 2.797353722948250e-05
9.900000000000000e-01 9.512248824096272e+00 1.270664177891468e-05
9.950000000000000e-01 9.753076416923058e+00 5.704632707550533e-06
1.000000000000000e+00 1.000000000000000e+01 2.085287854040932e-06
