0.000000000000000e+00 0.000000000000000e+00 -2.956424672566000e-01
5.000000000000000e-03 3.369477419287315e-03 -2.956424672566000e-01
1.000000000000000e-02 6.741060871647481e-03 -2.937837073633964e-01
1.500000000000000e-02 1.011685770649257e-02 -2.937146165812931e-01
2.000000000000000e-02 1.349897790673588e-02 -2.940711554906758e-01
2.500000000000000e-02 1.688953540759990e-02 -2.940054925802648e-01
3.000000000000000e-02 2.029064941789469e-02 -2.938544836549212e-01
3.500000000000000e-02 2.370444574459234e-02 -2.938316423803753e-01
4.000000000000000e-02 2.713305812152553e-02 -2.937867759104673e-01
4.500000000000000e-02 3.057862954304063e-02 -2.936577653084085e-01
5.000000000000000e-02 3.404331360343898e-02 -2.935376334415727e-01
5.500000000000000e-02 3.752927584304335e-02 -2.934644567917158e-01
6.000000000000000e-02 4.103869510173117e-02 -2.933852266743333e-01
6.500000000000000e-02 4.457376488078044e-02 -2.932398378079094e-01
7.000000000000001e-02 4.813669471387935e-02 -2.930427768797014e-01
7.500000000000000e-02 5.172971154815675e-02 -2.928756222638382e-01
8.000000000000000e-02 5.535506113609672e-02 -2.927602390422398e-01
8.500000000000001e-02 5.901500943920686e-02 -2.926155265852621e-01
9.000000000000000e-02 6.271184404431801e-02 -2.924081800332838e-01
9.500000000000000e-02 6.644787559340060e-02 -2.921744379544363e-01
1.000000000000000e-01 7.022543922779090e-02 -2.919183073470423e-01
1.050000000000000e-01 7.404689604773053e-02 -2.916696945780694e-01
1.100000000000000e-01 7.791463458813094e-02 -2.914599003299707e-01
1.150000000000000e-01 8.183107231148547e-02 -2.912328970117813e-01
1.200000000000000e-01 8.579865711886202e-02 -2.909835649935425e-01
1.250000000000000e-01 8.981986887992111e-02 -2.907112337975645e-01
1.300000000000000e-01 9.389722098291493e-02 -2.903747065028393e-01
1.350000000000000e-01 9.803326190563690e-02 -2.900297858986747e-01
1.400000000000000e-01 1.022305768083033e-01 -2.896353585436313e-01
1.450000000000000e-01 1.064917891493625e-01 -2.892357115059342e-01
1.500000000000000e-01 1.108195623252418e-01 -2.888071247274436e-01
1.550000000000000e-01 1.152166013350572e-01 -2.883665578287630e-01
1.600000000000000e-01 1.196856544713255e-01 -2.879040158752049e-01
1.650000000000000e-01 1.242295150377370e-01 -2.874226488506181e-01
1.700000000000000e-01 1.288510230950609e-01 -2.869186307450091e-01
1.750000000000000e-01 1.335530672362758e-01 -2.863913213149576e-01
1.800000000000000e-01 1.383385863920344e-01 -2.858388540910639e-01
1.850000000000000e-01 1.432105716675912e-01 -2.852599813784586e-01
1.900000000000000e-01 1.481720682123397e-01 -2.846533128140519e-01
1.950000000000000e-01 1.532261771231311e-01 -2.840175515622504e-01
2.000000000000000e-01 1.583760573825595e-01 -2.833513809396725e-01
2.050000000000000e-01 1.636249278334301e-01 -2.826534802529997e-01
2.100000000000000e-01 1.689760691906397e-01 -2.819225070072642e-01
2.150000000000000e-01 1.744328260917313e-01 -2.811570943440567e-01
2.200000000000000e-01 1.799986091874004e-01 -2.803558472792090e-01
2.250000000000000e-01 1.856768972732633e-01 -2.795173412962966e-01
2.300000000000000e-01 1.914712394642179e-01 -2.786401217133155e-01
2.350000000000000e-01 1.973852574127551e-01 -2.777227038774127e-01
2.400000000000000e-01 2.034226475726105e-01 -2.767635739804358e-01
2.450000000000000e-01 2.095871835091678e-01 -2.757611904363443e-01
2.500000000000000e-01 2.158827182580599e-01 -2.747139857766562e-01
2.550000000000000e-01 2.223131867334419e-01 -2.736203690459947e-01
2.600000000000000e-01 2.288826081874405e-01 -2.724787286923196e-01
2.650000000000000e-01 2.355950887223172e-01 -2.712874359549594e-01
2.700000000000000e-01 2.424548238569160e-01 -2.700448487585452e-01
2.750000000000000e-01 2.494661011489995e-01 -2.687493161235694e-01
2.800000000000000e-01 2.566333028751116e-01 -2.673991831049978e-01
2.850000000000000e-01 2.639609087696434e-01 -2.659927962695086e-01
2.900000000000000e-01 2.714534988248126e-01 -2.645285097196025e-01
2.950000000000000e-01 2.791157561533084e-01 -2.630046916690768e-01
3.000000000000000e-01 2.869524699153886e-01 -2.614197315691756e-01
3.050000000000000e-01 2.949685383122613e-01 -2.597720477780028e-01
3.100000000000000e-01 3.031689716476197e-01 -2.580600957574059e-01
3.150000000000000e-01 3.115588954592450e-01 -2.562823767713950e-01
3.200000000000000e-01 3.201435537226349e-01 -2.544374470479829e-01
3.250000000000000e-01 3.289283121286580e-01 -2.525239273520358e-01
3.300000000000000e-01 3.379186614372866e-01 -2.505405128999620e-01
3.350000000000000e-01 3.471202209094989e-01 -2.484859835276719e-01
3.400000000000000e-01 3.565387418195016e-01 -2.463592140008854e-01
3.450000000000000e-01 3.661801110494620e-01 -2.441591843313063e-01
3.500000000000000e-01 3.760503547690021e-01 -2.418849899329968e-01
3.550000000000000e-01 3.861556422017504e-01 -2.395358514203227e-01
3.600000000000000e-01 3.965022894813072e-01 -2.371111238115309e-01
3.650000000000000e-01 4.070967635990345e-01 -2.346103048602322e-01
3.700000000000000e-01 4.179456864461349e-01 -2.320330421903477e-01
3.750000000000000e-01 4.290558389525505e-01 -2.293791388582127e-01
3.800000000000000e-01 4.404341653252637e-01 -2.266485569083323e-01
3.850000000000000e-01 4.520877773886537e-01 -2.238414184267153e-01
3.900000000000000e-01 4.640239590296172e-01 -2.209580035279802e-01
3.950000000000000e-01 4.762501707502353e-01 -2.179987446400751e-01
4.000000000000000e-01 4.887740543308307e-01 -2.149642163745684e-01
4.050000000000000e-01 5.016034376063282e-01 -2.118551201928555e-01
4.100000000000000e-01 5.147463393589066e-01 -2.086722630021079e-01
4.150000000000000e-01 5.282109743299990e-01 -2.054165287436228e-01
4.200000000000000e-01 5.420057583547735e-01 -2.020888419765257e-01
4.250000000000000e-01 5.561393136223041e-01 -1.986901224201790e-01
4.300000000000000e-01 5.706204740647189e-01 -1.952212294109275e-01
4.350000000000000e-01 5.854582908786964e-01 -1.916828952689477e-01
4.400000000000000e-01 6.006620381827575e-01 -1.880756466798395e-01
4.450000000000000e-01 6.162412188138907e-01 -1.843997134002067e-01
4.500000000000000e-01 6.322055702671360e-01 -1.806549239307974e-01
4.550000000000000e-01 6.485650707818353e-01 -1.768405883064560e-01
4.600000000000000e-01 6.653299455783577e-01 -1.729553688786683e-01
4.650000000000000e-01 6.825106732491932e-01 -1.689971409703249e-01
4.700000000000000e-01 7.001179923084168e-01 -1.649628466242698e-01
4.750000000000000e-01 7.181629079036070e-01 -1.608483464074036e-01
4.800000000000000e-01 7.366566986944229e-01 -1.566482764210307e-01
4.850000000000000e-01 7.556109239021327e-01 -1.523559203328123e-01
4.900000000000000e-01 7.750374305345038e-01 -1.479631093692042e-01
4.950000000000000e-01 7.949483607905672e-01 -1.434601667011563e-01
5.000000000000000e-01 8.153561596498893e-01 -1.388359163247530e-01
5.050000000000000e-01 8.362735826510871e-01 -1.340777800394700e-01
5.100000000000000e-01 8.577137038644561e-01 -1.291719889289291e-01
5.150000000000000e-01 8.796899240636907e-01 -1.241039371034902e-01
5.200000000000000e-01 9.022159791018011e-01 -1.188587044020972e-01
5.250000000000000e-01 9.253059484964714e-01 -1.134217701340044e-01
5.300000000000000e-01 9.489742642302165e-01 -1.077799305915645e-01
5.350000000000000e-01 9.732357197708378e-01 -1.019224180016370e-01
5.400000000000000e-01 9.981054793178262e-01 -9.584219736988207e-02
5.450000000000000e-01 1.023599087280478e+00 -8.953739085492785e-02
5.500000000000000e-01 1.049732477993657e+00 -8.301274885226978e-02
5.550000000000000e-01 1.076521985677273e+00 -7.628105654011634e-02
5.600000000000001e-01 1.103984354645701e+00 -6.936433955149598e-02
5.650000000000001e-01 1.132136749773522e+00 -6.229471903024190e-02
5.700000000000001e-01 1.160996767224129e+00 -5.511477073514955e-02
5.750000000000001e-01 1.190582445447902e+00 -4.787726926600715e-02
5.800000000000000e-01 1.220912276456826e+00 -4.064424734265706e-02
5.850000000000000e-01 1.252005217382601e+00 -3.348536686195124e-02
5.900000000000000e-01 1.283880702325469e+00 -2.647567375798753e-02
5.950000000000000e-01 1.316558654501151e+00 -1.969287979020171e-02
6.000000000000000e-01 1.350059498693518e+00 -1.321436828286200e-02
6.050000000000000e-01 1.384404174020732e+00 -7.114147705485665e-03
6.100000000000000e-01 1.419614147022888e+00 -1.459972862296301e-03
6.150000000000000e-01 1.455711425079295e+00 3.689178772453042e-03
6.200000000000000e-01 1.492718570163803e+00 8.285139808820853e-03
6.250000000000000e-01 1.530658712946775e+00 1.229201880881837e-02
6.300000000000000e-01 1.569555567252506e+00 1.568707986954182e-02
6.350000000000000e-01 1.609433444881138e+00 1.846106161669122e-02
6.400000000000000e-01 1.650317270804325e+00 2.061799090982068e-02
6.450000000000000e-01 1.692232598744148e+00 2.217456085713611e-02
6.500000000000000e-01 1.735205627145031e+00 2.315914494644796e-02
6.550000000000000e-01 1.779263215548615e+00 2.361051392928555e-02
6.600000000000000e-01 1.824432901381847e+00 2.357631429227598e-02
6.650000000000000e-01 1.870742917168772e+00 2.311136046782343e-02
6.700000000000000e-01 1.918222208176775e+00 2.227578962248550e-02
6.750000000000000e-01 1.966900450508319e+00 2.113312858344575e-02
6.800000000000000e-01 2.016808069649473e+00 1.974832654079805e-02
6.850000000000001e-01 2.067976259486829e+00 1.818581297241524e-02
6.900000000000001e-01 2.120437001804702e+00 1.650764568086774e-02
6.950000000000001e-01 2.174223086274785e+00 1.477181679266444e-02
7.000000000000001e-01 2.229368130950753e+00 1.303078330783596e-02
7.050000000000000e-01 2.285906603280654e+00 1.133028222405905e-02
7.100000000000000e-01 2.343873841650178e+00 9.708478138164195e-03
7.150000000000000e-01 2.403306077470301e+00 8.195474138520519e-03
7.200000000000000e-01 2.464240457823092e+00 6.813196075223490e-03
7.250000000000000e-01 2.526715068679855e+00 5.575637799662450e-03
7.300000000000000e-01 2.590768958706095e+00 4.489432844296063e-03
7.350000000000000e-01 2.656442163668210e+00 3.554698407224176e-03
7.400000000000000e-01 2.723775731457148e+00 2.766082294669478e-03
7.450000000000000e-01 2.792811747744667e+00 2.113934070688316e-03
7.500000000000000e-01 2.863593362288260e+00 1.585518867784638e-03
7.550000000000000e-01 2.936164815901156e+00 1.166196235425848e-03
7.600000000000000e-01 3.010571468104263e+00 8.404964593928231e-04
7.650000000000000e-01 3.086859825477351e+00 5.930417533106209e-04
7.700000000000000e-01 3.165077570727174e+00 4.092778851847911e-04
7.750000000000000e-01 3.245273592490716e+00 2.760011375863860e-04
7.800000000000000e-01 3.327498015892184e+00 1.816839411113554e-04
7.850000000000000e-01 3.411802233872832e+00 1.166182145039317e-04
7.900000000000000e-01 3.498238939313234e+00 7.290699961672508e-05
7.950000000000000e-01 3.586862157968046e+00 4.434163961622700e-05
8.000000000000000e-01 3.677727282233856e+00 2.620346635144969e-05
8.050000000000000e-01 3.770891105771243e+00 1.502634737562287e-05
8.100000000000001e-01 3.866411859002656e+00 8.350602624790741e-06
8.150000000000001e-01 3.964349245508326e+00 4.491106345887301e-06
8.200000000000001e-01 4.064764479342956e+00 2.334218357718921e-06
8.250000000000001e-01 4.167720323296481e+00 1.170697491849081e-06
8.300000000000001e-01 4.273281128122877e+00 5.657276932247871e-07
8.350000000000000e-01 4.381512872761445e+00 2.630010865442777e-07
8.400000000000000e-01 4.492483205575838e+00 1.174377436671687e-07
8.450000000000000e-01 4.606261486636447e+00 5.028718501543567e-08
8.500000000000000e-01 4.722918831072739e+00 2.061553917181574e-08
8.550000000000000e-01 4.842528153522501e+00 8.077917356771179e-09
8.600000000000000e-01 4.965164213705875e+00 3.020265751558107e-09
8.650000000000000e-01 5.090903663152626e+00 1.075729162906025e-09
8.700000000000000e-01 5.219825093111814e+00 3.643716257261277e-10
8.750000000000000e-01 5.352009083673925e+00 1.171781018980216e-10
8.800000000000000e-01 5.487538254136007e+00 3.571856936030999e-11
8.850000000000000e-01 5.626497314641444e+00 1.030353311522752e-11
8.900000000000000e-01 5.768973119126561e+00 2.808276497564123e-12
8.950000000000000e-01 5.915054719607133e+00 7.220967601816520e-13
9.000000000000000e-01 6.064833421838831e+00 1.749126729513010e-13
9.050000000000000e-01 6.218402842386253e+00 3.985834839959558e-14
9.100000000000000e-01 6.375858967136348e+00 8.533543525865856e-15
9.150000000000000e-01 6.537300211292723e+00 1.714487297183984e-15
9.200000000000000e-01 6.702827480888332e+00 3.228965602449342e-16
9.250000000000000e-01 6.872544235855034e+00 5.695040326186904e-17
9.300000000000000e-01 7.046556554689444e+00 9.398697836634760e-18
9.350000000000001e-01 7.224973200755413e+00 1.450322983712558e-18
9.400000000000001e-01 7.407905690264673e+00 2.091381313967073e-19
9.450000000000001e-01 7.595468361978146e+00 2.816925987014148e-20
9.500000000000001e-01 7.787778448671316e+00 3.542827822515454e-21
9.550000000000001e-01 7.984956150408610e+00 4.159783422128466e-22
9.600000000000000e-01 8.187124709672272e+00 4.559360135658984e-23
9.650000000000000e-01 8.394410488393007e+00 4.665153163910564e-24
9.700000000000000e-01 8.606943046930221e+00 4.456762711897043e-25
9.750000000000000e-01 8.824855225051540e+00 3.976216747105151e-26
9.800000000000000e-01 9.048283224961922e+00 3.314067007341017e-27
9.850000000000000e-01 9.277366696434507e+00 2.581496905354922e-28
9.900000000000000e-01 9.512248824096272e+00 1.879839710478520e-29
9.950000000000000e-01 9.753076416923058e+00 1.343021662064499e-30
1.000000000000000e+00 1.000000000000000e+01 -6.955332644187245e-31
