0.000000000000000e+00 0.000000000000000e+00 -8.419886443843324e-01
5.000000000000000e-03 3.369477419287315e-03 -8.419886443843324e-01
1.000000000000000e-02 6.741060871647481e-03 -8.441287767827420e-01
1.500000000000000e-02 1.011685770649257e-02 -8.440753682001280e-01
2.000000000000000e-02 1.349897790673588e-02 -8.435642678325537e-01
2.500000000000000e-02 1.688953540759990e-02 -8.435974197699998e-01
3.000000000000000e-02 2.029064941789469e-02 -8.436511925639322e-01
3.500000000000000e-02 2.370444574459234e-02 -8.435275101127543e-01
4.000000000000000e-02 2.713305812152553e-02 -8.434610876455507e-01
4.500000000000000e-02 3.057862954304063e-02 -8.434321581363290e-01
5.000000000000000e-02 3.404331360343898e-02 -8.433065908559805e-01
5.500000000000000e-02 3.752927584304335e-02 -8.431864768919869e-01
6.000000000000000e-02 4.103869510173117e-02 -8.431274411864810e-01
6.500000000000000e-02 4.457376488078044e-02 -8.430199480808152e-01
7.000000000000001e-02 4.813669471387935e-02 -8.428540560500295e-01
7.500000000000000e-02 5.172971154815675e-02 -8.427284638306614e-01
8.000000000000000e-02 5.535506113609672e-02 -8.426109150471621e-01
8.500000000000001e-02 5.901500943920686e-02 -8.424354408121079e-01
9.000000000000000e-02 6.271184404431801e-02 -8.422541071302594e-01
9.500000000000000e-02 6.644787559340060e-02 -8.420994665740253e-01
1.000000000000000e-01 7.022543922779090e-02 -8.419074514154491e-01
1.050000000000000e-01 7.404689604773053e-02 -8.416795395413128e-01
1.100000000000000e-01 7.791463458813094e-02 -8.414749465432840e-01
1.150000000000000e-01 8.183107231148547e-02 -8.412669054597729e-01
1.200000000000000e-01 8.579865711886202e-02 -8.410051184207054e-01
1.250000000000000e-01 8.981986887992111e-02 -8.407323990376795e-01
1.300000000000000e-01 9.389722098291493e-02 -8.404830999209062e-01
1.350000000000000e-01 9.803326190563690e-02 -8.402067809946598e-01
1.400000000000000e-01 1.022305768083033e-01 -8.398823255349794e-01
1.450000000000000e-01 1.064917891493625e-01 -8.395595663373311e-01
1.500000000000000e-01 1.108195623252418e-01 -8.392464086679362e-01
1.550000000000000e-01 1.152166013350572e-01 -8.388957166097445e-01
1.600000000000000e-01 1.196856544713255e-01 -8.385072721239101e-01
1.650000000000000e-01 1.242295150377370e-01 -8.381215194517386e-01
1.700000000000000e-01 1.288510230950609e-01 -8.377327483483669e-01
1.750000000000000e-01 1.335530672362758e-01 -8.373041227102196e-01
1.800000000000000e-01 1.383385863920344e-01 -8.368424675539062e-01
1.850000000000000e-01 1.432105716675912e-01 -8.363791478869356e-01
1.900000000000000e-01 1.481720682123397e-01 -8.359074377439316e-01
1.950000000000000e-01 1.532261771231311e-01 -8.353967426374080e-01
2.000000000000000e-01 1.583760573825595e-01 -8.348501505358181e-01
2.050000000000000e-01 1.636249278334301e-01 -8.342952725017210e-01
2.100000000000000e-01 1.689760691906397e-01 -8.337334818591648e-01
2.150000000000000e-01 1.744328260917313e-01 -8.331368974600430e-01
2.200000000000000e-01 1.799986091874004e-01 -8.324976383360915e-01
2.250000000000000e-01 1.856768972732633e-01 -8.318395193956775e-01
2.300000000000000e-01 1.914712394642179e-01 -8.311763825715683e-01
2.350000000000000e-01 1.973852574127551e-01 -8.304892341258159e-01
2.400000000000000e-01 2.034226475726105e-01 -8.297612355459016e-01
2.450000000000000e-01 2.095871835091678e-01 -8.290006091481397e-01
2.500000000000000e-01 2.158827182580599e-01 -8.282219456797166e-01
2.550000000000000e-01 2.223131867334419e-01 -8.274296969280547e-01
2.600000000000000e-01 2.288826081874405e-01 -8.266208321344325e-01
2.650000000000000e-01 2.355950887223172e-01 -8.257820816616964e-01
2.700000000000000e-01 2.424548238569160e-01 -8.249067267182558e-01
2.750000000000000e-01 2.494661011489995e-01 -8.240084474699827e-01
2.800000000000000e-01 2.566333028751116e-01 -8.230983636559946e-01
2.850000000000000e-01 2.639609087696434e-01 -8.221789853819977e-01
2.900000000000000e-01 2.714534988248126e-01 -8.212563267821088e-01
2.950000000000000e-01 2.791157561533084e-01 -8.203231137183830e-01
3.000000000000000e-01 2.869524699153886e-01 -8.193770540595587e-01
3.050000000000000e-01 2.949685383122613e-01 -8.184252788150883e-01
3.100000000000000e-01 3.031689716476197e-01 -8.174662355030127e-01
3.150000000000000e-01 3.115588954592450e-01 -8.165161266807610e-01
3.200000000000000e-01 3.201435537226349e-01 -8.155777085790461e-01
3.250000000000000e-01 3.289283121286580e-01 -8.146660080882837e-01
3.300000000000000e-01 3.379186614372866e-01 -8.137884727796573e-01
3.350000000000000e-01 3.471202209094989e-01 -8.129587892364606e-01
3.400000000000000e-01 3.565387418195016e-01 -8.121891861053364e-01
3.450000000000000e-01 3.661801110494620e-01 -8.114954803951693e-01
3.500000000000000e-01 3.760503547690021e-01 -8.108951336236366e-01
3.550000000000000e-01 3.861556422017504e-01 -8.104088117532474e-01
3.600000000000000e-01 3.965022894813072e-01 -8.100603196140096e-01
3.650000000000000e-01 4.070967635990345e-01 -8.098773352351620e-01
3.700000000000000e-01 4.179456864461349e-01 -8.098919313573242e-01
3.750000000000000e-01 4.290558389525505e-01 -8.101413368003751e-01
3.800000000000000e-01 4.404341653252637e-01 -8.106687991093768e-01
3.850000000000000e-01 4.520877773886537e-01 -8.115246433901705e-01
3.900000000000000e-01 4.640239590296172e-01 -8.127675477670886e-01
3.950000000000000e-01 4.762501707502353e-01 -8.144660958444094e-01
4.000000000000000e-01 4.887740543308307e-01 -8.167006703474846e-01
4.050000000000000e-01 5.016034376063282e-01 -8.195657705054906e-01
4.100000000000000e-01 5.147463393589066e-01 -8.231728504019125e-01
4.150000000000000e-01 5.282109743299990e-01 -8.276537870201679e-01
4.200000000000000e-01 5.420057583547735e-01 -8.331650819632664e-01
4.250000000000000e-01 5.561393136223041e-01 -8.398928532821063e-01
4.300000000000000e-01 5.706204740647189e-01 -8.480585215084571e-01
4.350000000000000e-01 5.854582908786964e-01 -8.579246957705126e-01
4.400000000000000e-01 6.006620381827575e-01 -8.697997984092030e-01
4.450000000000000e-01 6.162412188138907e-01 -8.840376825687042e-01
4.500000000000000e-01 6.322055702671360e-01 -9.010231581855140e-01
4.550000000000000e-01 6.485650707818353e-01 -9.211219161720337e-01
4.600000000000000e-01 6.653299455783577e-01 -9.445447593432912e-01
4.650000000000000e-01 6.825106732491932e-01 -9.710128314895646e-01
4.700000000000000e-01 7.001179923084168e-01 -9.989856194463217e-01
4.750000000000000e-01 7.181629079036070e-01 -1.024041089452211e+00
4.800000000000000e-01 7.366566986944229e-01 -1.036089836537725e+00
4.850000000000000e-01 7.556109239021327e-01 -1.016703628689728e+00
4.900000000000000e-01 7.750374305345038e-01 -9.425686448535339e-01
4.950000000000000e-01 7.949483607905672e-01 -8.034024608845188e-01
5.000000000000000e-01 8.153561596498893e-01 -6.243807289620860e-01
5.050000000000000e-01 8.362735826510871e-01 -4.570899840846562e-01
5.100000000000000e-01 8.577137038644561e-01 -3.362677351301307e-01
5.150000000000000e-01 8.796899240636907e-01 -2.593345388590683e-01
5.200000000000000e-01 9.022159791018011e-01 -2.090552786422453e-01
5.250000000000000e-01 9.253059484964714e-01 -1.743488450083041e-01
5.300000000000000e-01 9.489742642302165e-01 -1.497561377692068e-01
5.350000000000000e-01 9.732357197708378e-01 -1.316064956173850e-01
5.400000000000000e-01 9.981054793178262e-01 -1.176498031022313e-01
5.450000000000000e-01 1.023599087280478e+00 -1.065952443831765e-01
5.500000000000000e-01 1.049732477993657e+00 -9.757970374202796e-02
5.550000000000000e-01 1.076521985677273e+00 -9.003942276685910e-02
5.600000000000001e-01 1.103984354645701e+00 -8.360314695785401e-02
5.650000000000001e-01 1.132136749773522e+00 -7.800924763375025e-02
5.700000000000001e-01 1.160996767224129e+00 -7.307290054663264e-02
5.750000000000001e-01 1.190582445447902e+00 -6.865997060036656e-02
5.800000000000000e-01 1.220912276456826e+00 -6.466997545373164e-02
5.850000000000000e-01 1.252005217382601e+00 -6.102645590137413e-02
5.900000000000000e-01 1.283880702325469e+00 -5.766986662941395e-02
5.950000000000000e-01 1.316558654501151e+00 -5.455290563135560e-02
6.000000000000000e-01 1.350059498693518e+00 -5.163736794129067e-02
6.050000000000000e-01 1.384404174020732e+00 -4.889187998736227e-02
6.100000000000000e-01 1.419614147022888e+00 -4.629030932699516e-02
6.150000000000000e-01 1.455711425079295e+00 -4.381061393432522e-02
6.200000000000000e-01 1.492718570163803e+00 -4.143399583357996e-02
6.250000000000000e-01 1.530658712946775e+00 -3.914427564888030e-02
6.300000000000000e-01 1.569555567252506e+00 -3.692742450710212e-02
6.350000000000000e-01 1.609433444881138e+00 -3.477121243126572e-02
6.400000000000000e-01 1.650317270804325e+00 -3.266494463919466e-02
6.450000000000000e-01 1.692232598744148e+00 -3.059926548966481e-02
6.500000000000000e-01 1.735205627145031e+00 -2.856601590875918e-02
6.550000000000000e-01 1.779263215548615e+00 -2.655813408050904e-02
6.600000000000000e-01 1.824432901381847e+00 -2.456959191629490e-02
6.650000000000000e-01 1.870742917168772e+00 -2.259536162897393e-02
6.700000000000000e-01 1.918222208176775e+00 -2.063140785554982e-02
6.750000000000000e-01 1.966900450508319e+00 -1.867470136806689e-02
6.800000000000000e-01 2.016808069649473e+00 -1.672325059010509e-02
6.850000000000001e-01 2.067976259486829e+00 -1.477614698116927e-02
6.900000000000001e-01 2.120437001804702e+00 -1.283361994297282e-02
6.950000000000001e-01 2.174223086274785e+00 -1.089709632882359e-02
7.000000000000001e-01 2.229368130950753e+00 -8.969259008962017e-03
7.050000000000000e-01 2.285906603280654e+00 -7.054098393968679e-03
7.100000000000000e-01 2.343873841650178e+00 -5.156950498241915e-03
7.150000000000000e-01 2.403306077470301e+00 -3.284515192517204e-03
7.200000000000000e-01 2.464240457823092e+00 -1.444848879203963e-03
7.250000000000000e-01 2.526715068679855e+00 3.526730077176902e-04
7.300000000000000e-01 2.590768958706095e+00 2.097426568579952e-03
7.350000000000000e-01 2.656442163668210e+00 3.777643900247177e-03
7.400000000000000e-01 2.723775731457148e+00 5.380550222034035e-03
7.450000000000000e-01 2.792811747744667e+00 6.892530854537425e-03
7.500000000000000e-01 2.863593362288260e+00 8.299324713437917e-03
7.550000000000000e-01 2.936164815901156e+00 9.586242054207252e-03
7.600000000000000e-01 3.010571468104263e+00 1.073840730691492e-02
7.650000000000000e-01 3.086859825477351e+00 1.174103316440453e-02
7.700000000000000e-01 3.165077570727174e+00 1.257973946160042e-02
7.750000000000000e-01 3.245273592490716e+00 1.324093915911805e-02
7.800000000000000e-01 3.327498015892184e+00 1.371232264457989e-02
7.850000000000000e-01 3.411802233872832e+00 1.398347828356256e-02
7.900000000000000e-01 3.498238939313234e+00 1.404668743813302e-02
7.950000000000000e-01 3.586862157968046e+00 1.389791882517750e-02
8.000000000000000e-01 3.677727282233856e+00 1.353801057664555e-02
8.050000000000000e-01 3.770891105771243e+00 1.297396127017462e-02
8.100000000000001e-01 3.866411859002656e+00 1.222015665454441e-02
8.150000000000001e-01 3.964349245508326e+00 1.129925871979780e-02
8.200000000000001e-01 4.064764479342956e+00 1.024241940668889e-02
8.250000000000001e-01 4.167720323296481e+00 9.088500522015538e-03
8.300000000000001e-01 4.273281128122877e+00 7.882115337193057e-03
8.350000000000000e-01 4.381512872761445e+00 6.670546929378519e-03
8.400000000000000e-01 4.492483205575838e+00 5.499886503719850e-03
8.450000000000000e-01 4.606261486636447e+00 4.410981566148433e-03
8.500000000000000e-01 4.722918831072739e+00 3.435899556247855e-03
8.550000000000000e-01 4.842528153522501e+00 2.595546281792985e-03
8.600000000000000e-01 4.965164213705875e+00 1.898840371806491e-03
8.650000000000000e-01 5.090903663152626e+00 1.343504181283678e-03
8.700000000000000e-01 5.219825093111814e+00 9.181902622020110e-04
8.750000000000000e-01 5.352009083673925e+00 6.054177651473393e-04
8.800000000000000e-01 5.487538254136007e+00 3.847035339935821e-04
8.850000000000000e-01 5.626497314641444e+00 2.353421342312132e-04
8.900000000000000e-01 5.768973119126561e+00 1.384726250968358e-04
8.950000000000000e-01 5.915054719607133e+00 7.829629154470741e-05
9.000000000000000e-01 6.064833421838831e+00 4.250963893421596e-05
9.050000000000000e-01 6.218402842386253e+00 2.214580317323317e-05
9.100000000000000e-01 6.375858967136348e+00 1.106302850100669e-05
9.150000000000000e-01 6.537300211292723e+00 5.296472497950322e-06
9.200000000000000e-01 6.702827480888332e+00 2.428904087497614e-06
9.250000000000000e-01 6.872544235855034e+00 1.066482209315696e-06
9.300000000000000e-01 7.046556554689444e+00 4.481787494685499e-07
9.350000000000001e-01 7.224973200755413e+00 1.802032084932031e-07
9.400000000000001e-01 7.407905690264673e+00 6.930575526363471e-08
9.450000000000001e-01 7.595468361978146e+00 2.549027272001119e-08
9.500000000000001e-01 7.787778448671316e+00 8.963966458636972e-09
9.550000000000001e-01 7.984956150408610e+00 3.013605057635865e-09
9.600000000000000e-01 8.187124709672272e+00 9.684757076366925e-10
9.650000000000000e-01 8.394410488393007e+00 2.974938181596974e-10
9.700000000000000e-01 8.606943046930221e+00 8.734493388919786e-11
9.750000000000000e-01 8.824855225051540e+00 2.451118088797725e-11
9.800000000000000e-01 9.048283224961922e+00 6.574426453840047e-12
9.850000000000000e-01 9.277366696434507e+00 1.685950329390445e-12
9.900000000000000e-01 9.512248824096272e+00 4.119077132289413e-13
9.950000000000000e-01 9.753076416923058e+00 1.027424642157948e-13
1.000000000000000e+00 1.000000000000000e+01 2.693131280553942e-15
