0.000000000000000e+00 0.000000000000000e+00 -8.654150141286211e-01
5.000000000000000e-03 3.369477419287315e-03 -8.654150141286211e-01
1.000000000000000e-02 6.741060871647481e-03 -8.641516859528448e-01
1.500000000000000e-02 1.011685770649257e-02 -8.641307184393238e-01
2.000000000000000e-02 1.349897790673588e-02 -8.643230016402502e-01
2.500000000000000e-02 1.688953540759990e-02 -8.642610579228837e-01
3.000000000000000e-02 2.029064941789469e-02 -8.641967552739267e-01
3.500000000000000e-02 2.370444574459234e-02 -8.641621717936828e-01
4.000000000000000e-02 2.713305812152553e-02 -8.640630668766831e-01
4.500000000000000e-02 3.057862954304063e-02 -8.639983889687793e-01
5.000000000000000e-02 3.404331360343898e-02 -8.639615551628974e-01
5.500000000000000e-02 3.752927584304335e-02 -8.638592825049964e-01
6.000000000000000e-02 4.103869510173117e-02 -8.637404176552075e-01
6.500000000000000e-02 4.457376488078044e-02 -8.636691518334276e-01
7.000000000000001e-02 4.813669471387935e-02 -8.635641882597292e-01
7.500000000000000e-02 5.172971154815675e-02 -8.634141128259060e-01
8.000000000000000e-02 5.535506113609672e-02 -8.632982210143484e-01
8.500000000000001e-02 5.901500943920686e-02 -8.631884790522419e-01
9.000000000000000e-02 6.271184404431801e-02 -8.630160993311734e-01
9.500000000000000e-02 6.644787559340060e-02 -8.628405594854482e-01
1.000000000000000e-01 7.022543922779090e-02 -8.627026320879125e-01
1.050000000000000e-01 7.404689604773053e-02 -8.625323434429095e-01
1.100000000000000e-01 7.791463458813094e-02 -8.623143923702831e-01
1.150000000000000e-01 8.183107231148547e-02 -8.621163852923555e-01
1.200000000000000e-01 8.579865711886202e-02 -8.619271709205900e-01
1.250000000000000e-01 8.981986887992111e-02 -8.616930798472618e-01
1.300000000000000e-01 9.389722098291493e-02 -8.614413188710595e-01
1.350000000000000e-01 9.803326190563690e-02 -8.612072161233487e-01
1.400000000000000e-01 1.022305768083033e-01 -8.609525446444383e-01
1.450000000000000e-01 1.064917891493625e-01 -8.606595739025447e-01
1.500000000000000e-01 1.108195623252418e-01 -8.603687756317476e-01
1.550000000000000e-01 1.152166013350572e-01 -8.600823990423453e-01
1.600000000000000e-01 1.196856544713255e-01 -8.597603133570059e-01
1.650000000000000e-01 1.242295150377370e-01 -8.594097143578056e-01
1.700000000000000e-01 1.288510230950609e-01 -8.590668703447912e-01
1.750000000000000e-01 1.335530672362758e-01 -8.587175942324357e-01
1.800000000000000e-01 1.383385863920344e-01 -8.583288652906640e-01
1.850000000000000e-01 1.432105716675912e-01 -8.579161090001191e-01
1.900000000000000e-01 1.481720682123397e-01 -8.575088998199071e-01
1.950000000000000e-01 1.532261771231311e-01 -8.570913115954297e-01
2.000000000000000e-01 1.583760573825595e-01 -8.566361179549578e-01
2.050000000000000e-01 1.636249278334301e-01 -8.561553322280190e-01
2.100000000000000e-01 1.689760691906397e-01 -8.556742542347187e-01
2.150000000000000e-01 1.744328260917313e-01 -8.551851220616330e-01
2.200000000000000e-01 1.799986091874004e-01 -8.546657887194768e-01
2.250000000000000e-01 1.856768972732633e-01 -8.541165700003305e-01
2.300000000000000e-01 1.914712394642179e-01 -8.535557849603149e-01
2.350000000000000e-01 1.973852574127551e-01 -8.529911903543431e-01
2.400000000000000e-01 2.034226475726105e-01 -8.524135922613155e-01
2.450000000000000e-01 2.095871835091678e-01 -8.518084085414424e-01
2.500000000000000e-01 2.158827182580599e-01 -8.511763359358528e-01
2.550000000000000e-01 2.223131867334419e-01 -8.505364721434643e-01
2.600000000000000e-01 2.288826081874405e-01 -8.499006696893274e-01
2.650000000000000e-01 2.355950887223172e-01 -8.492571351257369e-01
2.700000000000000e-01 2.424548238569160e-01 -8.485962103909882e-01
2.750000000000000e-01 2.494661011489995e-01 -8.479212253485526e-01
2.800000000000000e-01 2.566333028751116e-01 -8.472381140190065e-01
2.850000000000000e-01 2.639609087696434e-01 -8.465609120243941e-01
2.900000000000000e-01 2.714534988248126e-01 -8.459022881278455e-01
2.950000000000000e-01 2.791157561533084e-01 -8.452586547866592e-01
3.000000000000000e-01 2.869524699153886e-01 -8.446335018621635e-01
3.050000000000000e-01 2.949685383122613e-01 -8.440290800311474e-01
3.100000000000000e-01 3.031689716476197e-01 -8.434465470933246e-01
3.150000000000000e-01 3.115588954592450e-01 -8.429030430747917e-01
3.200000000000000e-01 3.201435537226349e-01 -8.424040438236092e-01
3.250000000000000e-01 3.289283121286580e-01 -8.419706735373584e-01
3.300000000000000e-01 3.379186614372866e-01 -8.416144034046980e-01
3.350000000000000e-01 3.471202209094989e-01 -8.413561426121390e-01
3.400000000000000e-01 3.565387418195016e-01 -8.412140825242590e-01
3.450000000000000e-01 3.661801110494620e-01 -8.412121884462339e-01
3.500000000000000e-01 3.760503547690021e-01 -8.413765684559177e-01
3.550000000000000e-01 3.861556422017504e-01 -8.417385165520997e-01
3.600000000000000e-01 3.965022894813072e-01 -8.423342731831726e-01
3.650000000000000e-01 4.070967635990345e-01 -8.432065378627969e-01
3.700000000000000e-01 4.179456864461349e-01 -8.444054960612810e-01
3.750000000000000e-01 4.290558389525505e-01 -8.459904542547462e-01
3.800000000000000e-01 4.404341653252637e-01 -8.480317670162376e-01
3.850000000000000e-01 4.520877773886537e-01 -8.506133584911172e-01
3.900000000000000e-01 4.640239590296172e-01 -8.538359703264549e-01
3.950000000000000e-01 4.762501707502353e-01 -8.578214355808851e-01
4.000000000000000e-01 4.887740543308307e-01 -8.627183778635497e-01
4.050000000000000e-01 5.016034376063282e-01 -8.687099461061838e-01
4.100000000000000e-01 5.147463393589066e-01 -8.760245141289041e-01
4.150000000000000e-01 5.282109743299990e-01 -8.849508048514434e-01
4.200000000000000e-01 5.420057583547735e-01 -8.958597985605353e-01
4.250000000000000e-01 5.561393136223041e-01 -9.092373701852487e-01
4.300000000000000e-01 5.706204740647189e-01 -9.257345138497043e-01
4.350000000000000e-01 5.854582908786964e-01 -9.462476355955604e-01
4.400000000000000e-01 6.006620381827575e-01 -9.720528956752696e-01
4.450000000000000e-01 6.162412188138907e-01 -1.005043809606884e+00
4.500000000000000e-01 6.322055702671360e-01 -1.048181624804451e+00
4.550000000000000e-01 6.485650707818353e-01 -1.106428618663974e+00
4.600000000000000e-01 6.653299455783577e-01 -1.188926302540250e+00
4.650000000000000e-01 6.825106732491932e-01 -1.314985808984594e+00
4.700000000000000e-01 7.001179923084168e-01 -1.534645860248305e+00
4.750000000000000e-01 7.181629079036070e-01 -2.006340095776828e+00
4.800000000000000e-01 7.366566986944229e-01 -2.687865707624928e+00
4.850000000000000e-01 7.556109239021327e-01 -1.562519392615565e+00
4.900000000000000e-01 7.750374305345038e-01 -6.422845779697067e-02
4.950000000000000e-01 7.949483607905672e-01 -2.006938684836654e-01
5.000000000000000e-01 8.153561596498893e-01 -3.310518119097546e-02
5.050000000000000e-01 8.362735826510871e-01 -6.462958289441180e-02
5.100000000000000e-01 8.577137038644561e-01 -3.984543232350566e-02
5.150000000000000e-01 8.796899240636907e-01 -1.988599169358148e-02
5.200000000000000e-01 9.022159791018011e-01 -4.176464324105864e-02
5.250000000000000e-01 9.253059484964714e-01 -3.167006037417736e-03
5.300000000000000e-01 9.489742642302165e-01 -3.869326065259714e-02
5.350000000000000e-01 9.732357197708378e-01 1.367806307819925e-03
5.400000000000000e-01 9.981054793178262e-01 -3.278714118733132e-02
5.450000000000000e-01 1.023599087280478e+00 2.543572229538745e-04
5.500000000000000e-01 1.049732477993657e+00 -2.591864937590497e-02
5.550000000000000e-01 1.076521985677273e+00 -3.103893616627384e-03
5.600000000000001e-01 1.103984354645701e+00 -1.943770470090709e-02
5.650000000000001e-01 1.132136749773522e+00 -6.772467004798902e-03
5.700000000000001e-01 1.160996767224129e+00 -1.419354567964109e-02
5.750000000000001e-01 1.190582445447902e+00 -9.694872658864389e-03
5.800000000000000e-01 1.220912276456826e+00 -1.058389066809753e-02
5.850000000000000e-01 1.252005217382601e+00 -1.142805219564537e-02
5.900000000000000e-01 1.283880702325469e+00 -8.616492967632170e-03
5.950000000000000e-01 1.316558654501151e+00 -1.197799955574718e-02
6.000000000000000e-01 1.350059498693518e+00 -7.996741680844462e-03
6.050000000000000e-01 1.384404174020732e+00 -1.165137454218845e-02
6.100000000000000e-01 1.419614147022888e+00 -8.249476566615519e-03
6.150000000000000e-01 1.455711425079295e+00 -1.089590553698395e-02
6.200000000000000e-01 1.492718570163803e+00 -8.866125094735262e-03
6.250000000000000e-01 1.530658712946775e+00 -1.013813846971159e-02
6.300000000000000e-01 1.569555567252506e+00 -9.446947956971230e-03
6.350000000000000e-01 1.609433444881138e+00 -9.653032069749179e-03
6.400000000000000e-01 1.650317270804325e+00 -9.793156902632466e-03
6.450000000000000e-01 1.692232598744148e+00 -9.508621833412422e-03
6.500000000000000e-01 1.735205627145031e+00 -9.910239736999909e-03
6.550000000000000e-01 1.779263215548615e+00 -9.607912854757088e-03
6.600000000000000e-01 1.824432901381847e+00 -9.922098711556112e-03
6.650000000000000e-01 1.870742917168772e+00 -9.799751702860408e-03
6.700000000000000e-01 1.918222208176775e+00 -9.951197558233366e-03
6.750000000000000e-01 1.966900450508319e+00 -9.982966038139664e-03
6.800000000000000e-01 2.016808069649473e+00 -1.004548423993343e-02
6.850000000000001e-01 2.067976259486829e+00 -1.013641905615595e-02
6.900000000000001e-01 2.120437001804702e+00 -1.018788181716319e-02
6.950000000000001e-01 2.174223086274785e+00 -1.027978817714898e-02
7.000000000000001e-01 2.229368130950753e+00 -1.034633116301784e-02
7.050000000000000e-01 2.285906603280654e+00 -1.042778741754733e-02
7.100000000000000e-01 2.343873841650178e+00 -1.050318640606607e-02
7.150000000000000e-01 2.403306077470301e+00 -1.057830644867859e-02
7.200000000000000e-01 2.464240457823092e+00 -1.065221594604276e-02
7.250000000000000e-01 2.526715068679855e+00 -1.072176320979092e-02
7.300000000000000e-01 2.590768958706095e+00 -1.078786833383443e-02
7.350000000000000e-01 2.656442163668210e+00 -1.084800017030229e-02
7.400000000000000e-01 2.723775731457148e+00 -1.090141387195143e-02
7.450000000000000e-01 2.792811747744667e+00 -1.094638320238360e-02
7.500000000000000e-01 2.863593362288260e+00 -1.098126304387096e-02
7.550000000000000e-01 2.936164815901156e+00 -1.100420846686540e-02
7.600000000000000e-01 3.010571468104263e+00 -1.101312015613090e-02
7.650000000000000e-01 3.086859825477351e+00 -1.100570158273393e-02
7.700000000000000e-01 3.165077570727174e+00 -1.097937451748321e-02
7.750000000000000e-01 3.245273592490716e+00 -1.093127885561023e-02
7.800000000000000e-01 3.327498015892184e+00 -1.085823299043919e-02
7.850000000000000e-01 3.411802233872832e+00 -1.075670610854088e-02
7.900000000000000e-01 3.498238939313234e+00 -1.062278929645865e-02
7.950000000000000e-01 3.586862157968046e+00 -1.045217064466390e-02
8.000000000000000e-01 3.677727282233856e+00 -1.024011707141982e-02
8.050000000000000e-01 3.770891105771243e+00 -9.981467761747196e-03
8.100000000000001e-01 3.866411859002656e+00 -9.670650517713214e-03
8.150000000000001e-01 3.964349245508326e+00 -9.301730463974353e-03
8.200000000000001e-01 4.064764479342956e+00 -8.868502548144907e-03
8.250000000000001e-01 4.167720323296481e+00 -8.364653543851484e-03
8.300000000000001e-01 4.273281128122877e+00 -7.784026541074358e-03
8.350000000000000e-01 4.381512872761445e+00 -7.121009697998956e-03
8.400000000000000e-01 4.492483205575838e+00 -6.371074322960205e-03
8.450000000000000e-01 4.606261486636447e+00 -5.531511001813783e-03
8.500000000000000e-01 4.722918831072739e+00 -4.602382088550672e-03
8.550000000000000e-01 4.842528153522501e+00 -3.587593436255079e-03
8.600000000000000e-01 4.965164213705875e+00 -2.495906687396513e-03
8.650000000000000e-01 5.090903663152626e+00 -1.341765310439532e-03
8.700000000000000e-01 5.219825093111814e+00 -1.458659225807176e-04
8.750000000000000e-01 5.352009083673925e+00 1.064699485917591e-03
8.800000000000000e-01 5.487538254136007e+00 2.257018551695114e-03
8.850000000000000e-01 5.626497314641444e+00 3.393686808513886e-03
8.900000000000000e-01 5.768973119126561e+00 4.434343533996196e-03
8.950000000000000e-01 5.915054719607133e+00 5.336665580168550e-03
9.000000000000000e-01 6.064833421838831e+00 6.056904013352245e-03
9.050000000000000e-01 6.218402842386253e+00 6.551519300163152e-03
9.100000000000000e-01 6.375858967136348e+00 6.782107267719067e-03
9.150000000000000e-01 6.537300211292723e+00 6.724382154181627e-03
9.200000000000000e-01 6.702827480888332e+00 6.378923979044931e-03
9.250000000000000e-01 6.872544235855034e+00 5.778802072895072e-03
9.300000000000000e-01 7.046556554689444e+00 4.989235020039801e-03
9.350000000000001e-01 7.224973200755413e+00 4.097584747791179e-03
9.400000000000001e-01 7.407905690264673e+00 3.196459727575168e-03
9.450000000000001e-01 7.595468361978146e+00 2.365844557999965e-03
9.500000000000001e-01 7.787778448671316e+00 1.660262191026728e-03
9.550000000000001e-01 7.984956150408610e+00 1.104293614436344e-03
9.600000000000000e-01 8.187124709672272e+00 6.960978407936200e-04
9.650000000000000e-01 8.394410488393007e+00 4.159000249483105e-04
9.700000000000000e-01 8.606943046930221e+00 2.355849962912384e-04
9.750000000000000e-01 8.824855225051540e+00 1.265799530352375e-04
9.800000000000000e-01 9.048283224961922e+00 6.451243671028157e-05
9.850000000000000e-01 9.277366696434507e+00 3.127206936071723e-05
9.900000000000000e-01 9.512248824096272e+00 1.430004743496806e-05
9.950000000000000e-01 9.753076416923058e+00 6.459121028525607e-06
1.000000000000000e+00 1.000000000000000e+01 2.385448893691753e-06
