0.000000000000000e+00 0.000000000000000e+00 -1.534315848574510e-03
5.000000000000000e-03 3.369477419287315e-03 -1.534315848574510e-03
1.000000000000000e-02 6.741060871647481e-03 -1.246676188915809e-03
1.500000000000000e-02 1.011685770649257e-02 -1.193312438825927e-03
2.000000000000000e-02 1.349897790673588e-02 -1.174520044502834e-03
2.500000000000000e-02 1.688953540759990e-02 -1.165695085642299e-03
3.000000000000000e-02 2.029064941789469e-02 -1.160766100402709e-03
3.500000000000000e-02 2.370444574459234e-02 -1.157652350868573e-03
4.000000000000000e-02 2.713305812152553e-02 -1.155484264315353e-03
4.500000000000000e-02 3.057862954304063e-02 -1.153845974743889e-03
5.000000000000000e-02 3.404331360343898e-02 -1.152517985429304e-03
5.500000000000000e-02 3.752927584304335e-02 -1.151375286384208e-03
6.000000000000000e-02 4.103869510173117e-02 -1.150342175760489e-03
6.500000000000000e-02 4.457376488078044e-02 -1.149370387543055e-03
7.000000000000001e-02 4.813669471387935e-02 -1.148427732298407e-03
7.500000000000000e-02 5.172971154815675e-02 -1.147491848284600e-03
8.000000000000000e-02 5.535506113609672e-02 -1.146546594335333e-03
8.500000000000001e-02 5.901500943920686e-02 -1.145579880712348e-03
9.000000000000000e-02 6.271184404431801e-02 -1.144582317830542e-03
9.500000000000000e-02 6.644787559340060e-02 -1.143546348131051e-03
1.000000000000000e-01 7.022543922779090e-02 -1.142465672955496e-03
1.050000000000000e-01 7.404689604773053e-02 -1.141334864857397e-03
1.100000000000000e-01 7.791463458813094e-02 -1.140149099527531e-03
1.150000000000000e-01 8.183107231148547e-02 -1.138903966678420e-03
1.200000000000000e-01 8.579865711886202e-02 -1.137595334149610e-03
1.250000000000000e-01 8.981986887992111e-02 -1.136219248573348e-03
1.300000000000000e-01 9.389722098291493e-02 -1.134771861599326e-03
1.350000000000000e-01 9.803326190563690e-02 -1.133249374282249e-03
1.400000000000000e-01 1.022305768083033e-01 -1.131647994578724e-03
1.450000000000000e-01 1.064917891493625e-01 -1.129963904450958e-03
1.500000000000000e-01 1.108195623252418e-01 -1.128193234118473e-03
1.550000000000000e-01 1.152166013350572e-01 -1.126332041713063e-03
1.600000000000000e-01 1.196856544713255e-01 -1.124376297087920e-03
1.650000000000000e-01 1.242295150377370e-01 -1.122321868880584e-03
1.700000000000000e-01 1.288510230950609e-01 -1.120164514178554e-03
1.750000000000000e-01 1.335530672362758e-01 -1.117899870316353e-03
1.800000000000000e-01 1.383385863920344e-01 -1.115523448464737e-03
1.850000000000000e-01 1.432105716675912e-01 -1.113030628770516e-03
1.900000000000000e-01 1.481720682123397e-01 -1.110416656879288e-03
1.950000000000000e-01 1.532261771231311e-01 -1.107676641728954e-03
2.000000000000000e-01 1.583760573825595e-01 -1.104805554545378e-03
2.050000000000000e-01 1.636249278334301e-01 -1.101798229005017e-03
2.100000000000000e-01 1.689760691906397e-01 -1.098649362556138e-03
2.150000000000000e-01 1.744328260917313e-01 -1.095353518911186e-03
2.200000000000000e-01 1.799986091874004e-01 -1.091905131739973e-03
2.250000000000000e-01 1.856768972732633e-01 -1.088298509607108e-03
2.300000000000000e-01 1.914712394642179e-01 -1.084527842207621e-03
2.350000000000000e-01 1.973852574127551e-01 -1.080587207963768e-03
2.400000000000000e-01 2.034226475726105e-01 -1.076470583052158e-03
2.450000000000000e-01 2.095871835091678e-01 -1.072171851934853e-03
2.500000000000000e-01 2.158827182580599e-01 -1.067684819471183e-03
2.550000000000000e-01 2.223131867334419e-01 -1.063003224687313e-03
2.600000000000000e-01 2.288826081874405e-01 -1.058120756279660e-03
2.650000000000000e-01 2.355950887223172e-01 -1.053031069925228e-03
2.700000000000000e-01 2.424548238569160e-01 -1.047727807466100e-03
2.750000000000000e-01 2.494661011489995e-01 -1.042204618027486e-03
2.800000000000000e-01 2.566333028751116e-01 -1.036455181118478e-03
2.850000000000000e-01 2.639609087696434e-01 -1.030473231750708e-03
2.900000000000000e-01 2.714534988248126e-01 -1.024252587593554e-03
2.950000000000000e-01 2.791157561533084e-01 -1.017787178164140e-03
3.000000000000000e-01 2.869524699153886e-01 -1.011071076026154e-03
3.050000000000000e-01 2.949685383122613e-01 -1.004098529942895e-03
3.100000000000000e-01 3.031689716476197e-01 -9.968639998965555e-04
3.150000000000000e-01 3.115588954592450e-01 -9.893621938473097e-04
3.200000000000000e-01 3.201435537226349e-01 -9.815881060613867e-04
3.250000000000000e-01 3.289283121286580e-01 -9.735370567870114e-04
3.300000000000000e-01 3.379186614372866e-01 -9.652047329994454e-04
3.350000000000000e-01 3.471202209094989e-01 -9.565872298717221e-04
3.400000000000000e-01 3.565387418195016e-01 -9.476810925542952e-04
3.450000000000000e-01 3.661801110494620e-01 -9.384833577649561e-04
3.500000000000000e-01 3.760503547690021e-01 -9.289915945979572e-04
3.550000000000000e-01 3.861556422017504e-01 -9.192039438585255e-04
3.600000000000000e-01 3.965022894813072e-01 -9.091191551141750e-04
3.650000000000000e-01 4.070967635990345e-01 -8.987366205263279e-04
3.700000000000000e-01 4.179456864461349e-01 -8.880564043844808e-04
3.750000000000000e-01 4.290558389525505e-01 -8.770792671081351e-04
3.800000000000000e-01 4.404341653252637e-01 -8.658066823099581e-04
3.850000000000000e-01 4.520877773886537e-01 -8.542408453252215e-04
3.900000000000000e-01 4.640239590296172e-01 -8.423846714084772e-04
3.950000000000000e-01 4.762501707502353e-01 -8.302417815797001e-04
4.000000000000000e-01 4.887740543308307e-01 -8.178164738709068e-04
4.050000000000000e-01 5.016034376063282e-01 -8.051136774857873e-04
4.100000000000000e-01 5.147463393589066e-01 -7.921388871454780e-04
4.150000000000000e-01 5.282109743299990e-01 -7.788980746650176e-04
4.200000000000000e-01 5.420057583547735e-01 -7.653975746031072e-04
4.250000000000000e-01 5.561393136223041e-01 -7.516439406749797e-04
4.300000000000000e-01 5.706204740647189e-01 -7.376437695455698e-04
4.350000000000000e-01 5.854582908786964e-01 -7.234034886688598e-04
4.400000000000000e-01 6.006620381827575e-01 -7.089291050631793e-04
4.450000000000000e-01 6.162412188138907e-01 -6.942259123801647e-04
4.500000000000000e-01 6.322055702671360e-01 -6.792981544220350e-04
4.550000000000000e-01 6.485650707818353e-01 -6.641486444919140e-04
4.600000000000000e-01 6.653299455783577e-01 -6.487783417467742e-04
4.650000000000000e-01 6.825106732491932e-01 -6.331858881999654e-04
4.700000000000000e-01 7.001179923084168e-01 -6.173671133391176e-04
4.750000000000000e-01 7.181629079036070e-01 -6.013145176349514e-04
4.800000000000000e-01 7.366566986944229e-01 -5.850167516503008e-04
4.850000000000000e-01 7.556109239021327e-01 -5.684581141085598e-04
4.900000000000000e-01 7.750374305345038e-01 -5.516181001632138e-04
4.950000000000000e-01 7.949483607905672e-01 -5.344710401176702e-04
5.000000000000000e-01 8.153561596498893e-01 -5.169858786898691e-04
5.050000000000000e-01 8.362735826510871e-01 -4.991261550648517e-04
5.100000000000000e-01 8.577137038644561e-01 -4.808502535789499e-04
5.150000000000000e-01 8.796899240636907e-01 -4.621120027028323e-04
5.200000000000000e-01 9.022159791018011e-01 -4.428617043942690e-04
5.250000000000000e-01 9.253059484964714e-01 -4.230476748280114e-04
5.300000000000000e-01 9.489742642302165e-01 -4.026183686186759e-04
5.350000000000000e-01 9.732357197708378e-01 -3.815251394498976e-04
5.400000000000000e-01 9.981054793178262e-01 -3.597256582313789e-04
5.450000000000000e-01 1.023599087280478e+00 -3.371879639221692e-04
5.500000000000000e-01 1.049732477993657e+00 -3.138950616461586e-04
5.550000000000000e-01 1.076521985677273e+00 -2.898499092728656e-04
5.600000000000001e-01 1.103984354645701e+00 -2.650805513687681e-04
5.650000000000001e-01 1.132136749773522e+00 -2.396450754068471e-04
5.700000000000001e-01 1.160996767224129e+00 -2.136359893610276e-04
5.750000000000001e-01 1.190582445447902e+00 -1.871835646582120e-04
5.800000000000000e-01 1.220912276456826e+00 -1.604576672914710e-04
5.850000000000000e-01 1.252005217382601e+00 -1.336676250905260e-04
5.900000000000000e-01 1.283880702325469e+00 -1.070597595362983e-04
5.950000000000000e-01 1.316558654501151e+00 -8.091234876863412e-05
6.000000000000000e-01 1.350059498693518e+00 -5.552797896974450e-05
6.050000000000000e-01 1.384404174020732e+00 -3.122346929168090e-05
6.100000000000000e-01 1.419614147022888e+00 -8.317797653435214e-06
6.150000000000000e-01 1.455711425079295e+00 1.288131802331462e-05
6.200000000000000e-01 1.492718570163803e+00 3.209134682914860e-05
6.250000000000000e-01 1.530658712946775e+00 4.906843448236613e-05
6.300000000000000e-01 1.569555567252506e+00 6.361949119079475e-05
6.350000000000000e-01 1.609433444881138e+00 7.561199130776993e-05
6.400000000000000e-01 1.650317270804325e+00 8.498076523435451e-05
6.450000000000000e-01 1.692232598744148e+00 9.173130007002955e-05
6.500000000000000e-01 1.735205627145031e+00 9.593934223335447e-05
6.550000000000000e-01 1.779263215548615e+00 9.774688061179150e-05
6.600000000000000e-01 1.824432901381847e+00 9.735485239153831e-05
6.650000000000000e-01 1.870742917168772e+00 9.501313121435915e-05
6.700000000000000e-01 1.918222208176775e+00 9.100851298834312e-05
6.750000000000000e-01 1.966900450508319e+00 8.565150208893558e-05
6.800000000000000e-01 2.016808069649473e+00 7.926272155633697e-05
6.850000000000001e-01 2.067976259486829e+00 7.215973294770578e-05
6.900000000000001e-01 2.120437001804702e+00 6.464496587980611e-05
6.950000000000001e-01 2.174223086274785e+00 5.699533626370879e-05
7.000000000000001e-01 2.229368130950753e+00 4.945398756385072e-05
7.050000000000000e-01 2.285906603280654e+00 4.222443161862855e-05
7.100000000000000e-01 2.343873841650178e+00 3.546720382270430e-05
7.150000000000000e-01 2.403306077470301e+00 2.929899003297516e-05
7.200000000000000e-01 2.464240457823092e+00 2.379403720063827e-05
7.250000000000000e-01 2.526715068679855e+00 1.898753404401585e-05
7.300000000000000e-01 2.590768958706095e+00 1.488054933520528e-05
7.350000000000000e-01 2.656442163668210e+00 1.144604995545894e-05
7.400000000000000e-01 2.723775731457148e+00 8.635493351175167e-06
7.450000000000000e-01 2.792811747744667e+00 6.385501162753206e-06
7.500000000000000e-01 2.863593362288260e+00 4.624170778274840e-06
7.550000000000000e-01 2.936164815901156e+00 3.276663659503871e-06
7.600000000000000e-01 3.010571468104263e+00 2.269814223248828e-06
7.650000000000000e-01 3.086859825477351e+00 1.535619031208670e-06
7.700000000000000e-01 3.165077570727174e+00 1.013580265183809e-06
7.750000000000000e-01 3.245273592490716e+00 6.519779931351962e-07
7.800000000000000e-01 3.327498015892184e+00 4.082231566859261e-07
7.850000000000000e-01 3.411802233872832e+00 2.484919320575002e-07
7.900000000000000e-01 3.498238939313234e+00 1.468609174867700e-07
7.950000000000000e-01 3.586862157968046e+00 8.415443182761112e-08
8.000000000000000e-01 3.677727282233856e+00 4.668625856337934e-08
8.050000000000000e-01 3.770891105771243e+00 2.503644551383203e-08
8.100000000000001e-01 3.866411859002656e+00 1.295753126904829e-08
8.150000000000001e-01 3.964349245508326e+00 6.460930790064193e-09
8.200000000000001e-01 4.064764479342956e+00 3.098200471026377e-09
8.250000000000001e-01 4.167720323296481e+00 1.426078161992614e-09
8.300000000000001e-01 4.273281128122877e+00 6.288280084543030e-10
8.350000000000000e-01 4.381512872761445e+00 2.650733727051733e-10
8.400000000000000e-01 4.492483205575838e+00 1.065836185337222e-10
8.450000000000000e-01 4.606261486636447e+00 4.078501992794561e-11
8.500000000000000e-01 4.722918831072739e+00 1.481635598049663e-11
8.550000000000000e-01 4.842528153522501e+00 5.096871388273340e-12
8.600000000000000e-01 4.965164213705875e+00 1.655854775377410e-12
8.650000000000000e-01 5.090903663152626e+00 5.066087969169661e-13
8.700000000000000e-01 5.219825093111814e+00 1.455353707748423e-13
8.750000000000000e-01 5.352009083673925e+00 3.913431715030653e-14
8.800000000000000e-01 5.487538254136007e+00 9.817920508043781e-15
8.850000000000000e-01 5.626497314641444e+00 2.290131767047151e-15
8.900000000000000e-01 5.768973119126561e+00 4.948925248624401e-16
8.950000000000000e-01 5.915054719607133e+00 9.870075970494068e-17
9.000000000000000e-01 6.064833421838831e+00 1.809481154274757e-17
9.050000000000000e-01 6.218402842386253e+00 3.036594620589884e-18
9.100000000000000e-01 6.375858967136348e+00 4.644077871691745e-19
9.150000000000000e-01 6.537300211292723e+00 6.442777923387860e-20
9.200000000000000e-01 6.702827480888332e+00 8.068332332446360e-21
9.250000000000000e-01 6.872544235855034e+00 9.073951416141408e-22
9.300000000000000e-01 7.046556554689444e+00 9.115057842221039e-23
9.350000000000001e-01 7.224973200755413e+00 8.132008688963463e-24
9.400000000000001e-01 7.407905690264673e+00 6.404822329866206e-25
9.450000000000001e-01 7.595468361978146e+00 4.425334192191458e-26
9.500000000000001e-01 7.787778448671316e+00 2.664587679919610e-27
9.550000000000001e-01 7.984956150408610e+00 1.388426998786064e-28
9.600000000000000e-01 8.187124709672272e+00 6.214847797237887e-30
9.650000000000000e-01 8.394410488393007e+00 2.371323482741390e-31
9.700000000000000e-01 8.606943046930221e+00 7.650100300255165e-33
9.750000000000000e-01 8.824855225051540e+00 2.068895608455649e-34
9.800000000000000e-01 9.048283224961922e+00 4.648266175843773e-36
9.850000000000000e-01 9.277366696434507e+00 8.594236738202057e-38
9.900000000000000e-01 9.512248824096272e+00 1.294665241301574e-39
9.950000000000000e-01 9.753076416923058e+00 1.748265542208357e-41
1.000000000000000e+00 1.000000000000000e+01 -9.092169655570049e-42
