0.000000000000000e+00 0.000000000000000e+00 -6.296512435926839e-01
5.000000000000000e-03 3.369477419287315e-03 -6.296512435926839e-01
1.000000000000000e-02 6.741060871647481e-03 -6.303673721930183e-01
1.500000000000000e-02 1.011685770649257e-02 -6.303513050745867e-01
2.000000000000000e-02 1.349897790673588e-02 -6.301081773394543e-01
2.500000000000000e-02 1.688953540759990e-02 -6.300462318202679e-01
3.000000000000000e-02 2.029064941789469e-02 -6.300587661758575e-01
3.500000000000000e-02 2.370444574459234e-02 -6.299639773444271e-01
4.000000000000000e-02 2.713305812152553e-02 -6.298004765334048e-01
4.500000000000000e-02 3.057862954304063e-02 -6.296876193617228e-01
5.000000000000000e-02 3.404331360343898e-02 -6.295981766081100e-01
5.500000000000000e-02 3.752927584304335e-02 -6.294384711657758e-01
6.000000000000000e-02 4.103869510173117e-02 -6.292345500477872e-01
6.500000000000000e-02 4.457376488078044e-02 -6.290630158747825e-01
7.000000000000001e-02 4.813669471387935e-02 -6.288958193706415e-01
7.500000000000000e-02 5.172971154815675e-02 -6.286676375092293e-01
8.000000000000000e-02 5.535506113609672e-02 -6.284069971673054e-01
8.500000000000001e-02 5.901500943920686e-02 -6.281675634200621e-01
9.000000000000000e-02 6.271184404431801e-02 -6.279210763292463e-01
9.500000000000000e-02 6.644787559340060e-02 -6.276192776094718e-01
1.000000000000000e-01 7.022543922779090e-02 -6.272878315764611e-01
1.050000000000000e-01 7.404689604773053e-02 -6.269681069608248e-01
1.100000000000000e-01 7.791463458813094e-02 -6.266375058258448e-01
1.150000000000000e-01 8.183107231148547e-02 -6.262545774368794e-01
1.200000000000000e-01 8.579865711886202e-02 -6.258360936766629e-01
1.250000000000000e-01 8.981986887992111e-02 -6.254205013811959e-01
1.300000000000000e-01 9.389722098291493e-02 -6.249967580542600e-01
1.350000000000000e-01 9.803326190563690e-02 -6.245229903732988e-01
1.400000000000000e-01 1.022305768083033e-01 -6.240009334845906e-01
1.450000000000000e-01 1.064917891493625e-01 -6.234699498773011e-01
1.500000000000000e-01 1.108195623252418e-01 -6.229362231378129e-01
1.550000000000000e-01 1.152166013350572e-01 -6.223587860101597e-01
1.600000000000000e-01 1.196856544713255e-01 -6.217206509841775e-01
1.650000000000000e-01 1.242295150377370e-01 -6.210537592563489e-01
1.700000000000000e-01 1.288510230950609e-01 -6.203796141462178e-01
1.750000000000000e-01 1.335530672362758e-01 -6.196744424799658e-01
1.800000000000000e-01 1.383385863920344e-01 -6.189144812828750e-01
1.850000000000000e-01 1.432105716675912e-01 -6.181024001446839e-01
1.900000000000000e-01 1.481720682123397e-01 -6.172500944569175e-01
1.950000000000000e-01 1.532261771231311e-01 -6.163694902860081e-01
2.000000000000000e-01 1.583760573825595e-01 -6.154622182476857e-01
2.050000000000000e-01 1.636249278334301e-01 -6.145024830885161e-01
2.100000000000000e-01 1.689760691906397e-01 -6.134732677199248e-01
2.150000000000000e-01 1.744328260917313e-01 -6.123880226205364e-01
2.200000000000000e-01 1.799986091874004e-01 -6.112539382830667e-01
2.250000000000000e-01 1.856768972732633e-01 -6.100749587132881e-01
2.300000000000000e-01 1.914712394642179e-01 -6.088587050316588e-01
2.350000000000000e-01 1.973852574127551e-01 -6.075855105131255e-01
2.400000000000000e-01 2.034226475726105e-01 -6.062464121609734e-01
2.450000000000000e-01 2.095871835091678e-01 -6.048399716595610e-01
2.500000000000000e-01 2.158827182580599e-01 -6.033510056964504e-01
2.550000000000000e-01 2.223131867334419e-01 -6.017939480743882e-01
2.600000000000000e-01 2.288826081874405e-01 -6.001563613072549e-01
2.650000000000000e-01 2.355950887223172e-01 -5.984485246071025e-01
2.700000000000000e-01 2.424548238569160e-01 -5.966623487367330e-01
2.750000000000000e-01 2.494661011489995e-01 -5.947999643825197e-01
2.800000000000000e-01 2.566333028751116e-01 -5.928562735876074e-01
2.850000000000000e-01 2.639609087696434e-01 -5.908294647317075e-01
2.900000000000000e-01 2.714534988248126e-01 -5.887158789280934e-01
2.950000000000000e-01 2.791157561533084e-01 -5.865126975112974e-01
3.000000000000000e-01 2.869524699153886e-01 -5.842168046645033e-01
3.050000000000000e-01 2.949685383122613e-01 -5.818252853861587e-01
3.100000000000000e-01 3.031689716476197e-01 -5.793352280725654e-01
3.150000000000000e-01 3.115588954592450e-01 -5.767437966157632e-01
3.200000000000000e-01 3.201435537226349e-01 -5.740482081170449e-01
3.250000000000000e-01 3.289283121286580e-01 -5.712457478173536e-01
3.300000000000000e-01 3.379186614372866e-01 -5.683337749922984e-01
3.350000000000000e-01 3.471202209094989e-01 -5.653097332505274e-01
3.400000000000000e-01 3.565387418195016e-01 -5.621711597576878e-01
3.450000000000000e-01 3.661801110494620e-01 -5.589156937545539e-01
3.500000000000000e-01 3.760503547690021e-01 -5.555410830367725e-01
3.550000000000000e-01 3.861556422017504e-01 -5.520451873993832e-01
3.600000000000000e-01 3.965022894813072e-01 -5.484259777316975e-01
3.650000000000000e-01 4.070967635990345e-01 -5.446815292131032e-01
3.700000000000000e-01 4.179456864461349e-01 -5.408100067199701e-01
3.750000000000000e-01 4.290558389525505e-01 -5.368096401492098e-01
3.800000000000000e-01 4.404341653252637e-01 -5.326786868759384e-01
3.850000000000000e-01 4.520877773886537e-01 -5.284153779838399e-01
3.900000000000000e-01 4.640239590296172e-01 -5.240178442261035e-01
3.950000000000000e-01 4.762501707502353e-01 -5.194840168833303e-01
4.000000000000000e-01 4.887740543308307e-01 -5.148114977766785e-01
4.050000000000000e-01 5.016034376063282e-01 -5.099973916714735e-01
4.100000000000000e-01 5.147463393589066e-01 -5.050380931828280e-01
4.150000000000000e-01 5.282109743299990e-01 -4.999290191073080e-01
4.200000000000000e-01 5.420057583547735e-01 -4.946642759249324e-01
4.250000000000000e-01 5.561393136223041e-01 -4.892362511715166e-01
4.300000000000000e-01 5.706204740647189e-01 -4.836351166840478e-01
4.350000000000000e-01 5.854582908786964e-01 -4.778482317084995e-01
4.400000000000000e-01 6.006620381827575e-01 -4.718594350473402e-01
4.450000000000000e-01 6.162412188138907e-01 -4.656482185820658e-01
4.500000000000000e-01 6.322055702671360e-01 -4.591887807398078e-01
4.550000000000000e-01 6.485650707818353e-01 -4.524489693130226e-01
4.600000000000000e-01 6.653299455783577e-01 -4.453891405056112e-01
4.650000000000000e-01 6.825106732491932e-01 -4.379609876558312e-01
4.700000000000000e-01 7.001179923084168e-01 -4.301064315298728e-01
4.750000000000000e-01 7.181629079036070e-01 -4.217567168505164e-01
4.800000000000000e-01 7.366566986944229e-01 -4.128319278354128e-01
4.850000000000000e-01 7.556109239021327e-01 -4.032412165047593e-01
4.900000000000000e-01 7.750374305345038e-01 -3.928841223493939e-01
4.950000000000000e-01 7.949483607905672e-01 -3.816534310871947e-01
5.000000000000000e-01 8.153561596498893e-01 -3.694400399215580e-01
5.050000000000000e-01 8.362735826510871e-01 -3.561402181391544e-01
5.100000000000000e-01 8.577137038644561e-01 -3.416654176714156e-01
5.150000000000000e-01 8.796899240636907e-01 -3.259543515879736e-01
5.200000000000000e-01 9.022159791018011e-01 -3.089864174991364e-01
5.250000000000000e-01 9.253059484964714e-01 -2.907947834828183e-01
5.300000000000000e-01 9.489742642302165e-01 -2.714767795776503e-01
5.350000000000000e-01 9.732357197708378e-01 -2.511989483273850e-01
5.400000000000000e-01 9.981054793178262e-01 -2.301945012194476e-01
5.450000000000000e-01 1.023599087280478e+00 -2.087521331484141e-01
5.500000000000000e-01 1.049732477993657e+00 -1.871969707306978e-01
5.550000000000000e-01 1.076521985677273e+00 -1.658663375819279e-01
5.600000000000001e-01 1.103984354645701e+00 -1.450843242925237e-01
5.650000000000001e-01 1.132136749773522e+00 -1.251393462080865e-01
5.700000000000001e-01 1.160996767224129e+00 -1.062679042548230e-01
5.750000000000001e-01 1.190582445447902e+00 -8.864605700760640e-02
5.800000000000000e-01 1.220912276456826e+00 -7.238832715267610e-02
5.850000000000000e-01 1.252005217382601e+00 -5.755246409851909e-02
5.900000000000000e-01 1.283880702325469e+00 -4.414791100931739e-02
5.950000000000000e-01 1.316558654501151e+00 -3.214590043663400e-02
6.000000000000000e-01 1.350059498693518e+00 -2.148957066120990e-02
6.050000000000000e-01 1.384404174020732e+00 -1.210308395147251e-02
6.100000000000000e-01 1.419614147022888e+00 -3.899252425667707e-03
6.150000000000000e-01 1.455711425079295e+00 3.214444606988399e-03
6.200000000000000e-01 1.492718570163803e+00 9.331341677789685e-03
6.250000000000000e-01 1.530658712946775e+00 1.454235004724882e-02
6.300000000000000e-01 1.569555567252506e+00 1.893375850964810e-02
6.350000000000000e-01 1.609433444881138e+00 2.258584457964580e-02
6.400000000000000e-01 1.650317270804325e+00 2.557210411240766e-02
6.450000000000000e-01 1.692232598744148e+00 2.795894724910987e-02
6.500000000000000e-01 1.735205627145031e+00 2.980574493249843e-02
6.550000000000000e-01 1.779263215548615e+00 3.116513993294628e-02
6.600000000000000e-01 1.824432901381847e+00 3.208355875441347e-02
6.650000000000000e-01 1.870742917168772e+00 3.260187656273168e-02
6.700000000000000e-01 1.918222208176775e+00 3.275619743291685e-02
6.750000000000000e-01 1.966900450508319e+00 3.257871780015814e-02
6.800000000000000e-01 2.016808069649473e+00 3.209864292645458e-02
6.850000000000001e-01 2.067976259486829e+00 3.134312521569085e-02
6.900000000000001e-01 2.120437001804702e+00 3.033819001740757e-02
6.950000000000001e-01 2.174223086274785e+00 2.910960992706349e-02
7.000000000000001e-01 2.229368130950753e+00 2.768368352154167e-02
7.050000000000000e-01 2.285906603280654e+00 2.608787030550944e-02
7.100000000000000e-01 2.343873841650178e+00 2.435123207993778e-02
7.150000000000000e-01 2.403306077470301e+00 2.250463387978873e-02
7.200000000000000e-01 2.464240457823092e+00 2.058066684393010e-02
7.250000000000000e-01 2.526715068679855e+00 1.861327204054539e-02
7.300000000000000e-01 2.590768958706095e+00 1.663706835743719e-02
7.350000000000000e-01 2.656442163668210e+00 1.468641741757490e-02
7.400000000000000e-01 2.723775731457148e+00 1.279429064655311e-02
7.450000000000000e-01 2.792811747744667e+00 1.099103319939526e-02
7.500000000000000e-01 2.863593362288260e+00 9.303140948029583e-03
7.550000000000000e-01 2.936164815901156e+00 7.752175243910914e-03
7.600000000000000e-01 3.010571468104263e+00 6.353932658885544e-03
7.650000000000000e-01 3.086859825477351e+00 5.117963077053242e-03
7.700000000000000e-01 3.165077570727174e+00 4.047492084098178e-03
7.750000000000000e-01 3.245273592490716e+00 3.139757870932583e-03
7.800000000000000e-01 3.327498015892184e+00 2.386725672534473e-03
7.850000000000000e-01 3.411802233872832e+00 1.776101168086903e-03
7.900000000000000e-01 3.498238939313234e+00 1.292534288821505e-03
7.950000000000000e-01 3.586862157968046e+00 9.188904709892282e-04
8.000000000000000e-01 3.677727282233856e+00 6.374688686676719e-04
8.050000000000000e-01 3.770891105771243e+00 4.310649723408061e-04
8.100000000000001e-01 3.866411859002656e+00 2.838046406097326e-04
8.150000000000001e-01 3.964349245508326e+00 1.817122898104480e-04
8.200000000000001e-01 4.064764479342956e+00 1.130118602305186e-04
8.250000000000001e-01 4.167720323296481e+00 6.818970226928081e-05
8.300000000000001e-01 4.273281128122877e+00 3.986976233542326e-05
8.350000000000000e-01 4.381512872761445e+00 2.256162128267089e-05
8.400000000000000e-01 4.492483205575838e+00 1.234153305358513e-05
8.450000000000000e-01 4.606261486636447e+00 6.517950757050970e-06
8.500000000000000e-01 4.722918831072739e+00 3.319479773670187e-06
8.550000000000000e-01 4.842528153522501e+00 1.628264061537227e-06
8.600000000000000e-01 4.965164213705875e+00 7.683546023705233e-07
8.650000000000000e-01 5.090903663152626e+00 3.483986084861925e-07
8.700000000000000e-01 5.219825093111814e+00 1.516270530465676e-07
8.750000000000000e-01 5.352009083673925e+00 6.326804497631765e-08
8.800000000000000e-01 5.487538254136007e+00 2.528353410247830e-08
8.850000000000000e-01 5.626497314641444e+00 9.667037493427795e-09
8.900000000000000e-01 5.768973119126561e+00 3.532874803962207e-09
8.950000000000000e-01 5.915054719607133e+00 1.232938417221863e-09
9.000000000000000e-01 6.064833421838831e+00 4.105400869675269e-10
9.050000000000000e-01 6.218402842386253e+00 1.303222548942743e-10
9.100000000000000e-01 6.375858967136348e+00 3.940981082740819e-11
9.150000000000000e-01 6.537300211292723e+00 1.134524200082648e-11
9.200000000000000e-01 6.702827480888332e+00 3.107243531325568e-12
9.250000000000000e-01 6.872544235855034e+00 8.091802566956846e-13
9.300000000000000e-01 7.046556554689444e+00 2.002663512624001e-13
9.350000000000001e-01 7.224973200755413e+00 4.708422144404920e-14
9.400000000000001e-01 7.407905690264673e+00 1.051203364614703e-14
9.450000000000001e-01 7.595468361978146e+00 2.227962403296763e-15
9.500000000000001e-01 7.787778448671316e+00 4.481571001467998e-16
9.550000000000001e-01 7.984956150408610e+00 8.554019259108512e-17
9.600000000000000e-01 8.187124709672272e+00 1.549056928089345e-17
9.650000000000000e-01 8.394410488393007e+00 2.661237405459803e-18
9.700000000000000e-01 8.606943046930221e+00 4.337121732402622e-19
9.750000000000000e-01 8.824855225051540e+00 6.705379664407356e-20
9.800000000000000e-01 9.048283224961922e+00 9.834870822080663e-21
9.850000000000000e-01 9.277366696434507e+00 1.368616646311499e-21
9.900000000000000e-01 9.512248824096272e+00 1.805517780812879e-22
9.950000000000000e-01 9.753076416923058e+00 2.409337298533359e-23
1.000000000000000e+00 1.000000000000000e+01 -6.736739732430657e-24
