0.000000000000000e+00 0.000000000000000e+00 -4.258418505781630e-01
5.000000000000000e-03 3.369477419287315e-03 -4.258418505781630e-01
1.000000000000000e-02 6.741060871647481e-03 -4.272282384724251e-01
1.500000000000000e-02 1.011685770649257e-02 -4.273503480785656e-01
2.000000000000000e-02 1.349897790673588e-02 -4.270615557473542e-01
2.500000000000000e-02 1.688953540759990e-02 -4.269376666045416e-01
3.000000000000000e-02 2.029064941789469e-02 -4.268962731464935e-01
3.500000000000000e-02 2.370444574459234e-02 -4.268453317740301e-01
4.000000000000000e-02 2.713305812152553e-02 -4.267761510783535e-01
4.500000000000000e-02 3.057862954304063e-02 -4.266496338916034e-01
5.000000000000000e-02 3.404331360343898e-02 -4.264838966148590e-01
5.500000000000000e-02 3.752927584304335e-02 -4.263497035507897e-01
6.000000000000000e-02 4.103869510173117e-02 -4.262409349310690e-01
6.500000000000000e-02 4.457376488078044e-02 -4.260761638959528e-01
7.000000000000001e-02 4.813669471387935e-02 -4.258488240942070e-01
7.500000000000000e-02 5.172971154815675e-02 -4.256356890364346e-01
8.000000000000000e-02 5.535506113609672e-02 -4.254581366273547e-01
8.500000000000001e-02 5.901500943920686e-02 -4.252462406793173e-01
9.000000000000000e-02 6.271184404431801e-02 -4.249682521682657e-01
9.500000000000000e-02 6.644787559340060e-02 -4.246739129630001e-01
1.000000000000000e-01 7.022543922779090e-02 -4.243984280622538e-01
1.050000000000000e-01 7.404689604773053e-02 -4.241168490095484e-01
1.100000000000000e-01 7.791463458813094e-02 -4.238020407042396e-01
1.150000000000000e-01 8.183107231148547e-02 -4.234438492641214e-01
1.200000000000000e-01 8.579865711886202e-02 -4.230485881546319e-01
1.250000000000000e-01 8.981986887992111e-02 -4.226516431551056e-01
1.300000000000000e-01 9.389722098291493e-02 -4.222686637668343e-01
1.350000000000000e-01 9.803326190563690e-02 -4.218560137335498e-01
1.400000000000000e-01 1.022305768083033e-01 -4.213901709617333e-01
1.450000000000000e-01 1.064917891493625e-01 -4.208875927147195e-01
1.500000000000000e-01 1.108195623252418e-01 -4.203495381309600e-01
1.550000000000000e-01 1.152166013350572e-01 -4.197958726961850e-01
1.600000000000000e-01 1.196856544713255e-01 -4.192464125514443e-01
1.650000000000000e-01 1.242295150377370e-01 -4.186700817598984e-01
1.700000000000000e-01 1.288510230950609e-01 -4.180641330915871e-01
1.750000000000000e-01 1.335530672362758e-01 -4.174205479483958e-01
1.800000000000000e-01 1.383385863920344e-01 -4.167153996546603e-01
1.850000000000000e-01 1.432105716675912e-01 -4.159769508096206e-01
1.900000000000000e-01 1.481720682123397e-01 -4.151805111705017e-01
1.950000000000000e-01 1.532261771231311e-01 -4.143528243251259e-01
2.000000000000000e-01 1.583760573825595e-01 -4.134782535978521e-01
2.050000000000000e-01 1.636249278334301e-01 -4.125677614565495e-01
2.100000000000000e-01 1.689760691906397e-01 -4.116135211661841e-01
2.150000000000000e-01 1.744328260917313e-01 -4.106170053280404e-01
2.200000000000000e-01 1.799986091874004e-01 -4.095742623302754e-01
2.250000000000000e-01 1.856768972732633e-01 -4.084837701615711e-01
2.300000000000000e-01 1.914712394642179e-01 -4.073429228523054e-01
2.350000000000000e-01 1.973852574127551e-01 -4.061496081702899e-01
2.400000000000000e-01 2.034226475726105e-01 -4.049015506084552e-01
2.450000000000000e-01 2.095871835091678e-01 -4.035965395784051e-01
2.500000000000000e-01 2.158827182580599e-01 -4.022323268929704e-01
2.550000000000000e-01 2.223131867334419e-01 -4.008066489538593e-01
2.600000000000000e-01 2.288826081874405e-01 -3.993172133566206e-01
2.650000000000000e-01 2.355950887223172e-01 -3.977617013636313e-01
2.700000000000000e-01 2.424548238569160e-01 -3.961377687683415e-01
2.750000000000000e-01 2.494661011489995e-01 -3.944430494687057e-01
2.800000000000000e-01 2.566333028751116e-01 -3.926751600212737e-01
2.850000000000000e-01 2.639609087696434e-01 -3.908317053564500e-01
2.900000000000000e-01 2.714534988248126e-01 -3.889102854532914e-01
2.950000000000000e-01 2.791157561533084e-01 -3.869085029341237e-01
3.000000000000000e-01 2.869524699153886e-01 -3.848239715315810e-01
3.050000000000000e-01 2.949685383122613e-01 -3.826543253938762e-01
3.100000000000000e-01 3.031689716476197e-01 -3.803972291900993e-01
3.150000000000000e-01 3.115588954592450e-01 -3.780503889682036e-01
3.200000000000000e-01 3.201435537226349e-01 -3.756115637029546e-01
3.250000000000000e-01 3.289283121286580e-01 -3.730785774504188e-01
3.300000000000000e-01 3.379186614372866e-01 -3.704493319992505e-01
3.350000000000000e-01 3.471202209094989e-01 -3.677218198770061e-01
3.400000000000000e-01 3.565387418195016e-01 -3.648941375313187e-01
3.450000000000000e-01 3.661801110494620e-01 -3.619644984605466e-01
3.500000000000000e-01 3.760503547690021e-01 -3.589312460156834e-01
3.550000000000000e-01 3.861556422017504e-01 -3.557928655341495e-01
3.600000000000000e-01 3.965022894813072e-01 -3.525479953957542e-01
3.650000000000000e-01 4.070967635990345e-01 -3.491954365107766e-01
3.700000000000000e-01 4.179456864461349e-01 -3.457341596589706e-01
3.750000000000000e-01 4.290558389525505e-01 -3.421633099956070e-01
3.800000000000000e-01 4.404341653252637e-01 -3.384822079259334e-01
3.850000000000000e-01 4.520877773886537e-01 -3.346903454224414e-01
3.900000000000000e-01 4.640239590296172e-01 -3.307873767203742e-01
3.950000000000000e-01 4.762501707502353e-01 -3.267731021771775e-01
4.000000000000000e-01 4.887740543308307e-01 -3.226474439233752e-01
4.050000000000000e-01 5.016034376063282e-01 -3.184104117697447e-01
4.100000000000000e-01 5.147463393589066e-01 -3.140620576752122e-01
4.150000000000000e-01 5.282109743299990e-01 -3.096024169316505e-01
4.200000000000000e-01 5.420057583547735e-01 -3.050314341004499e-01
4.250000000000000e-01 5.561393136223041e-01 -3.003488716626325e-01
4.300000000000000e-01 5.706204740647189e-01 -2.955541993490056e-01
4.350000000000000e-01 5.854582908786964e-01 -2.906464622402085e-01
4.400000000000000e-01 6.006620381827575e-01 -2.856241260232079e-01
4.450000000000000e-01 6.162412188138907e-01 -2.804848983329039e-01
4.500000000000000e-01 6.322055702671360e-01 -2.752255259874215e-01
4.550000000000000e-01 6.485650707818353e-01 -2.698415692588872e-01
4.600000000000000e-01 6.653299455783577e-01 -2.643271562470753e-01
4.650000000000000e-01 6.825106732491932e-01 -2.586747231010176e-01
4.700000000000000e-01 7.001179923084168e-01 -2.528747494346632e-01
4.750000000000000e-01 7.181629079036070e-01 -2.469155029695135e-01
4.800000000000000e-01 7.366566986944229e-01 -2.407828133286770e-01
4.850000000000000e-01 7.556109239021327e-01 -2.344599020207949e-01
4.900000000000000e-01 7.750374305345038e-01 -2.279273038204619e-01
4.950000000000000e-01 7.949483607905672e-01 -2.211629235035842e-01
5.000000000000000e-01 8.153561596498893e-01 -2.141422803149961e-01
5.050000000000000e-01 8.362735826510871e-01 -2.068389991158477e-01
5.100000000000000e-01 8.577137038644561e-01 -1.992256096442857e-01
5.150000000000000e-01 8.796899240636907e-01 -1.912747107552675e-01
5.200000000000000e-01 9.022159791018011e-01 -1.829605413830778e-01
5.250000000000000e-01 9.253059484964714e-01 -1.742609708110842e-01
5.300000000000000e-01 9.489742642302165e-01 -1.651598751811556e-01
5.350000000000000e-01 9.732357197708378e-01 -1.556498050645964e-01
5.400000000000000e-01 9.981054793178262e-01 -1.457347745768426e-01
5.450000000000000e-01 1.023599087280478e+00 -1.354329257717288e-01
5.500000000000000e-01 1.049732477993657e+00 -1.247787585460013e-01
5.550000000000000e-01 1.076521985677273e+00 -1.138245856138449e-01
5.600000000000001e-01 1.103984354645701e+00 -1.026408932820954e-01
5.650000000000001e-01 1.132136749773522e+00 -9.131537353308074e-02
5.700000000000001e-01 1.160996767224129e+00 -7.995053902111204e-02
5.750000000000001e-01 1.190582445447902e+00 -6.866001984921537e-02
5.800000000000000e-01 1.220912276456826e+00 -5.756383343772976e-02
5.850000000000000e-01 1.252005217382601e+00 -4.678307347411621e-02
5.900000000000000e-01 1.283880702325469e+00 -3.643454411989923e-02
5.950000000000000e-01 1.316558654501151e+00 -2.662585322942798e-02
6.000000000000000e-01 1.350059498693518e+00 -1.745137985402860e-02
6.050000000000000e-01 1.384404174020732e+00 -8.989374955905642e-03
6.100000000000000e-01 1.419614147022888e+00 -1.300279367566177e-03
6.150000000000000e-01 1.455711425079295e+00 5.573812966968384e-03
6.200000000000000e-01 1.492718570163803e+00 1.160873013118081e-02
6.250000000000000e-01 1.530658712946775e+00 1.679707743258889e-02
6.300000000000000e-01 1.569555567252506e+00 2.114662333498850e-02
6.350000000000000e-01 1.609433444881138e+00 2.467843999981341e-02
6.400000000000000e-01 1.650317270804325e+00 2.742497541208636e-02
6.450000000000000e-01 1.692232598744148e+00 2.942818083059038e-02
6.500000000000000e-01 1.735205627145031e+00 3.073776735777009e-02
6.550000000000000e-01 1.779263215548615e+00 3.140962405511436e-02
6.600000000000000e-01 1.824432901381847e+00 3.150439909118055e-02
6.650000000000000e-01 1.870742917168772e+00 3.108622462456073e-02
6.700000000000000e-01 1.918222208176775e+00 3.022155423202448e-02
6.750000000000000e-01 1.966900450508319e+00 2.897807722739969e-02
6.800000000000000e-01 2.016808069649473e+00 2.742367588663350e-02
6.850000000000001e-01 2.067976259486829e+00 2.562539833362042e-02
6.900000000000001e-01 2.120437001804702e+00 2.364843066778663e-02
6.950000000000001e-01 2.174223086274785e+00 2.155506571416603e-02
7.000000000000001e-01 2.229368130950753e+00 1.940368113008919e-02
7.050000000000000e-01 2.285906603280654e+00 1.724775473296044e-02
7.100000000000000e-01 2.343873841650178e+00 1.513495779714413e-02
7.150000000000000e-01 2.403306077470301e+00 1.310637569237944e-02
7.200000000000000e-01 2.464240457823092e+00 1.119590794716755e-02
7.250000000000000e-01 2.526715068679855e+00 9.429895664813340e-03
7.300000000000000e-01 2.590768958706095e+00 7.827013186751592e-03
7.350000000000000e-01 2.656442163668210e+00 6.398443991440159e-03
7.400000000000000e-01 2.723775731457148e+00 5.148339934885715e-03
7.450000000000000e-01 2.792811747744667e+00 4.074540587933393e-03
7.500000000000000e-01 2.863593362288260e+00 3.169508343794369e-03
7.550000000000000e-01 2.936164815901156e+00 2.421417730655464e-03
7.600000000000000e-01 3.010571468104263e+00 1.815326033185869e-03
7.650000000000000e-01 3.086859825477351e+00 1.334348204652729e-03
7.700000000000000e-01 3.165077570727174e+00 9.607625298696799e-04
7.750000000000000e-01 3.245273592490716e+00 6.769840251097018e-04
7.800000000000000e-01 3.327498015892184e+00 4.663587122825182e-04
7.850000000000000e-01 3.411802233872832e+00 3.137515762237909e-04
7.900000000000000e-01 3.498238939313234e+00 2.059217052411367e-04
7.950000000000000e-01 3.586862157968046e+00 1.316972896819044e-04
8.000000000000000e-01 3.677727282233856e+00 8.197862003533755e-05
8.050000000000000e-01 3.770891105771243e+00 4.960747109960662e-05
8.100000000000001e-01 3.866411859002656e+00 2.914565746752180e-05
8.150000000000001e-01 3.964349245508326e+00 1.660440445579699e-05
8.200000000000001e-01 4.064764479342956e+00 9.160596005251217e-06
8.250000000000001e-01 4.167720323296481e+00 4.887543006553659e-06
8.300000000000001e-01 4.273281128122877e+00 2.518418615750490e-06
8.350000000000000e-01 4.381512872761445e+00 1.251497403243767e-06
8.400000000000000e-01 4.492483205575838e+00 5.989394956792417e-07
8.450000000000000e-01 4.606261486636447e+00 2.756558782225246e-07
8.500000000000000e-01 4.722918831072739e+00 1.218314859867562e-07
8.550000000000000e-01 4.842528153522501e+00 5.163394273688084e-08
8.600000000000000e-01 4.965164213705875e+00 2.095421964605100e-08
8.650000000000000e-01 5.090903663152626e+00 8.131104419440608e-09
8.700000000000000e-01 5.219825093111814e+00 3.012716593409896e-09
8.750000000000000e-01 5.352009083673925e+00 1.064381332773055e-09
8.800000000000000e-01 5.487538254136007e+00 3.580799410635961e-10
8.850000000000000e-01 5.626497314641444e+00 1.145611764357161e-10
8.900000000000000e-01 5.768973119126561e+00 3.481139520798035e-11
8.950000000000000e-01 5.915054719607133e+00 1.003477923402104e-11
9.000000000000000e-01 6.064833421838831e+00 2.740942846460763e-12
9.050000000000000e-01 6.218402842386253e+00 7.086498270460882e-13
9.100000000000000e-01 6.375858967136348e+00 1.732486857858176e-13
9.150000000000000e-01 6.537300211292723e+00 4.001450520689744e-14
9.200000000000000e-01 6.702827480888332e+00 8.723978615976156e-15
9.250000000000000e-01 6.872544235855034e+00 1.794077041455398e-15
9.300000000000000e-01 7.046556554689444e+00 3.477899880045240e-16
9.350000000000001e-01 7.224973200755413e+00 6.351900659480320e-17
9.400000000000001e-01 7.407905690264673e+00 1.092454030923851e-17
9.450000000000001e-01 7.595468361978146e+00 1.768716971017757e-18
9.500000000000001e-01 7.787778448671316e+00 2.694956463915366e-19
9.550000000000001e-01 7.984956150408610e+00 3.863707775724275e-20
9.600000000000000e-01 8.187124709672272e+00 5.211627125059589e-21
9.650000000000000e-01 8.394410488393007e+00 6.613797227561270e-22
9.700000000000000e-01 8.606943046930221e+00 7.896979022617468e-23
9.750000000000000e-01 8.824855225051540e+00 8.872732815927939e-24
9.800000000000000e-01 9.048283224961922e+00 9.382549967738927e-25
9.850000000000000e-01 9.277366696434507e+00 9.340243260243374e-26
9.900000000000000e-01 9.512248824096272e+00 8.752300285493569e-27
9.950000000000000e-01 9.753076416923058e+00 8.163666524651692e-28
1.000000000000000e+00 1.000000000000000e+01 -3.469265064149923e-28
