0.000000000000000e+00 0.000000000000000e+00 -8.636039888829151e-01
5.000000000000000e-03 3.369477419287315e-03 -8.636039888829151e-01
1.000000000000000e-02 6.741060871647481e-03 -8.626841766947206e-01
1.500000000000000e-02 1.011685770649257e-02 -8.626580497996700e-01
2.000000000000000e-02 1.349897790673588e-02 -8.627726388199518e-01
2.500000000000000e-02 1.688953540759990e-02 -8.627220142677615e-01
3.000000000000000e-02 2.029064941789469e-02 -8.626777417360417e-01
3.500000000000000e-02 2.370444574459234e-02 -8.626315121819641e-01
4.000000000000000e-02 2.713305812152553e-02 -8.625291556225666e-01
4.500000000000000e-02 3.057862954304063e-02 -8.624725163031972e-01
5.000000000000000e-02 3.404331360343898e-02 -8.624309758276439e-01
5.500000000000000e-02 3.752927584304335e-02 -8.623220099408145e-01
6.000000000000000e-02 4.103869510173117e-02 -8.622085252111360e-01
6.500000000000000e-02 4.457376488078044e-02 -8.621390949843323e-01
7.000000000000001e-02 4.813669471387935e-02 -8.620265240032507e-01
7.500000000000000e-02 5.172971154815675e-02 -8.618749075100556e-01
8.000000000000000e-02 5.535506113609672e-02 -8.617628558180261e-01
8.500000000000001e-02 5.901500943920686e-02 -8.616498899687506e-01
9.000000000000000e-02 6.271184404431801e-02 -8.614726955843776e-01
9.500000000000000e-02 6.644787559340060e-02 -8.612983826323013e-01
1.000000000000000e-01 7.022543922779090e-02 -8.611597008099829e-01
1.050000000000000e-01 7.404689604773053e-02 -8.609840782297131e-01
1.100000000000000e-01 7.791463458813094e-02 -8.607647457014441e-01
1.150000000000000e-01 8.183107231148547e-02 -8.605675653125101e-01
1.200000000000000e-01 8.579865711886202e-02 -8.603739334884241e-01
1.250000000000000e-01 8.981986887992111e-02 -8.601348350377676e-01
1.300000000000000e-01 9.389722098291493e-02 -8.598830001416385e-01
1.350000000000000e-01 9.803326190563690e-02 -8.596475830219673e-01
1.400000000000000e-01 1.022305768083033e-01 -8.593869589715574e-01
1.450000000000000e-01 1.064917891493625e-01 -8.590898373187683e-01
1.500000000000000e-01 1.108195623252418e-01 -8.587982152868916e-01
1.550000000000000e-01 1.152166013350572e-01 -8.585083272791201e-01
1.600000000000000e-01 1.196856544713255e-01 -8.581798743761212e-01
1.650000000000000e-01 1.242295150377370e-01 -8.578252356225780e-01
1.700000000000000e-01 1.288510230950609e-01 -8.574799848787801e-01
1.750000000000000e-01 1.335530672362758e-01 -8.571255378007243e-01
1.800000000000000e-01 1.383385863920344e-01 -8.567299232097344e-01
1.850000000000000e-01 1.432105716675912e-01 -8.563122482178074e-01
1.900000000000000e-01 1.481720682123397e-01 -8.559009826910186e-01
1.950000000000000e-01 1.532261771231311e-01 -8.554769372036548e-01
2.000000000000000e-01 1.583760573825595e-01 -8.550136988258422e-01
2.050000000000000e-01 1.636249278334301e-01 -8.545262128821051e-01
2.100000000000000e-01 1.689760691906397e-01 -8.540393701936529e-01
2.150000000000000e-01 1.744328260917313e-01 -8.535425981110976e-01
2.200000000000000e-01 1.799986091874004e-01 -8.530135005451795e-01
2.250000000000000e-01 1.856768972732633e-01 -8.524549144886763e-01
2.300000000000000e-01 1.914712394642179e-01 -8.518859688955950e-01
2.350000000000000e-01 1.973852574127551e-01 -8.513122385350165e-01
2.400000000000000e-01 2.034226475726105e-01 -8.507231456558151e-01
2.450000000000000e-01 2.095871835091678e-01 -8.501054371040017e-01
2.500000000000000e-01 2.158827182580599e-01 -8.494611496672941e-01
2.550000000000000e-01 2.223131867334419e-01 -8.488089903631649e-01
2.600000000000000e-01 2.288826081874405e-01 -8.481598820736379e-01
2.650000000000000e-01 2.355950887223172e-01 -8.475012519685515e-01
2.700000000000000e-01 2.424548238569160e-01 -8.468232626310392e-01
2.750000000000000e-01 2.494661011489995e-01 -8.461302458736489e-01
2.800000000000000e-01 2.566333028751116e-01 -8.454286884310419e-01
2.850000000000000e-01 2.639609087696434e-01 -8.447319695325809e-01
2.900000000000000e-01 2.714534988248126e-01 -8.440523600489377e-01
2.950000000000000e-01 2.791157561533084e-01 -8.433857126457934e-01
3.000000000000000e-01 2.869524699153886e-01 -8.427350001585798e-01
3.050000000000000e-01 2.949685383122613e-01 -8.421027756067603e-01
3.100000000000000e-01 3.031689716476197e-01 -8.414899305347162e-01
3.150000000000000e-01 3.115588954592450e-01 -8.409136113196022e-01
3.200000000000000e-01 3.201435537226349e-01 -8.403790485079069e-01
3.250000000000000e-01 3.289283121286580e-01 -8.399069016104781e-01
3.300000000000000e-01 3.379186614372866e-01 -8.395082891468625e-01
3.350000000000000e-01 3.471202209094989e-01 -8.392035023216665e-01
3.400000000000000e-01 3.565387418195016e-01 -8.390102121119649e-01
3.450000000000000e-01 3.661801110494620e-01 -8.389516668514333e-01
3.500000000000000e-01 3.760503547690021e-01 -8.390532139231227e-01
3.550000000000000e-01 3.861556422017504e-01 -8.393452031801506e-01
3.600000000000000e-01 3.965022894813072e-01 -8.398627647021057e-01
3.650000000000000e-01 4.070967635990345e-01 -8.406472440401390e-01
3.700000000000000e-01 4.179456864461349e-01 -8.417471791350934e-01
3.750000000000000e-01 4.290558389525505e-01 -8.432198465723889e-01
3.800000000000000e-01 4.404341653252637e-01 -8.451330792251540e-01
3.850000000000000e-01 4.520877773886537e-01 -8.475676342875820e-01
3.900000000000000e-01 4.640239590296172e-01 -8.506202300495997e-01
3.950000000000000e-01 4.762501707502353e-01 -8.544075215781296e-01
4.000000000000000e-01 4.887740543308307e-01 -8.590713717843168e-01
4.050000000000000e-01 5.016034376063282e-01 -8.647859584809613e-01
4.100000000000000e-01 5.147463393589066e-01 -8.717675318202995e-01
4.150000000000000e-01 5.282109743299990e-01 -8.802880864566821e-01
4.200000000000000e-01 5.420057583547735e-01 -8.906949630585936e-01
4.250000000000000e-01 5.561393136223041e-01 -9.034396906920026e-01
4.300000000000000e-01 5.706204740647189e-01 -9.191217082592211e-01
4.350000000000000e-01 5.854582908786964e-01 -9.385569611936887e-01
4.400000000000000e-01 6.006620381827575e-01 -9.628899463109382e-01
4.450000000000000e-01 6.162412188138907e-01 -9.937856458628656e-01
4.500000000000000e-01 6.322055702671360e-01 -1.033777515923730e+00
4.550000000000000e-01 6.485650707818353e-01 -1.086942521390750e+00
4.600000000000000e-01 6.653299455783577e-01 -1.160315969720565e+00
4.650000000000000e-01 6.825106732491932e-01 -1.267077987663161e+00
4.700000000000000e-01 7.001179923084168e-01 -1.433526242368032e+00
4.750000000000000e-01 7.181629079036070e-01 -1.702547071945927e+00
4.800000000000000e-01 7.366566986944229e-01 -1.994670715999400e+00
4.850000000000000e-01 7.556109239021327e-01 -1.648334812554304e+00
4.900000000000000e-01 7.750374305345038e-01 -5.773992836820073e-01
4.950000000000000e-01 7.949483607905672e-01 -1.691180206155671e-01
5.000000000000000e-01 8.153561596498893e-01 -2.423910000129983e-01
5.050000000000000e-01 8.362735826510871e-01 -1.060199202491928e-01
5.100000000000000e-01 8.577137038644561e-01 -1.139774686873407e-01
5.150000000000000e-01 8.796899240636907e-01 -9.093099708463506e-02
5.200000000000000e-01 9.022159791018011e-01 -6.790342363547890e-02
5.250000000000000e-01 9.253059484964714e-01 -7.299354448600322e-02
5.300000000000000e-01 9.489742642302165e-01 -5.216149858758155e-02
5.350000000000000e-01 9.732357197708378e-01 -5.678323962482292e-02
5.400000000000000e-01 9.981054793178262e-01 -4.573529108079170e-02
5.450000000000000e-01 1.023599087280478e+00 -4.530243911283648e-02
5.500000000000000e-01 1.049732477993657e+00 -4.131334617107695e-02
5.550000000000000e-01 1.076521985677273e+00 -3.824793905633895e-02
5.600000000000001e-01 1.103984354645701e+00 -3.719762328992230e-02
5.650000000000001e-01 1.132136749773522e+00 -3.407362171574781e-02
5.700000000000001e-01 1.160996767224129e+00 -3.349869121219005e-02
5.750000000000001e-01 1.190582445447902e+00 -3.135367517551443e-02
5.800000000000000e-01 1.220912276456826e+00 -3.051666310965745e-02
5.850000000000000e-01 1.252005217382601e+00 -2.925901223399673e-02
5.900000000000000e-01 1.283880702325469e+00 -2.827782464577604e-02
5.950000000000000e-01 1.316558654501151e+00 -2.748184784143691e-02
6.000000000000000e-01 1.350059498693518e+00 -2.659912604403857e-02
6.050000000000000e-01 1.384404174020732e+00 -2.596867243239366e-02
6.100000000000000e-01 1.419614147022888e+00 -2.527218237546461e-02
6.150000000000000e-01 1.455711425079295e+00 -2.470980517030774e-02
6.200000000000000e-01 1.492718570163803e+00 -2.416384434652779e-02
6.250000000000000e-01 1.530658712946775e+00 -2.366554503719683e-02
6.300000000000000e-01 1.569555567252506e+00 -2.321187126742218e-02
6.350000000000000e-01 1.609433444881138e+00 -2.277989161109274e-02
6.400000000000000e-01 1.650317270804325e+00 -2.238336000458921e-02
6.450000000000000e-01 1.692232598744148e+00 -2.200569789748448e-02
6.500000000000000e-01 1.735205627145031e+00 -2.164969312631359e-02
6.550000000000000e-01 1.779263215548615e+00 -2.130979865072044e-02
6.600000000000000e-01 1.824432901381847e+00 -2.098293873606006e-02
6.650000000000000e-01 1.870742917168772e+00 -2.066680504862407e-02
6.700000000000000e-01 1.918222208176775e+00 -2.035799813526282e-02
6.750000000000000e-01 1.966900450508319e+00 -2.005417337672536e-02
6.800000000000000e-01 2.016808069649473e+00 -1.975253806516650e-02
6.850000000000001e-01 2.067976259486829e+00 -1.945052362373523e-02
6.900000000000001e-01 2.120437001804702e+00 -1.914553130127578e-02
6.950000000000001e-01 2.174223086274785e+00 -1.883492067765121e-02
7.000000000000001e-01 2.229368130950753e+00 -1.851602535780855e-02
7.050000000000000e-01 2.285906603280654e+00 -1.818609430094523e-02
7.100000000000000e-01 2.343873841650178e+00 -1.784228901882143e-02
7.150000000000000e-01 2.403306077470301e+00 -1.748165683409331e-02
7.200000000000000e-01 2.464240457823092e+00 -1.710111467559761e-02
7.250000000000000e-01 2.526715068679855e+00 -1.669743440342807e-02
7.300000000000000e-01 2.590768958706095e+00 -1.626723131288089e-02
7.350000000000000e-01 2.656442163668210e+00 -1.580695849844857e-02
7.400000000000000e-01 2.723775731457148e+00 -1.531290811776890e-02
7.450000000000000e-01 2.792811747744667e+00 -1.478122265419661e-02
7.500000000000000e-01 2.863593362288260e+00 -1.420791954113394e-02
7.550000000000000e-01 2.936164815901156e+00 -1.358893364870275e-02
7.600000000000000e-01 3.010571468104263e+00 -1.292018315594246e-02
7.650000000000000e-01 3.086859825477351e+00 -1.219766542145035e-02
7.700000000000000e-01 3.165077570727174e+00 -1.141759048836089e-02
7.750000000000000e-01 3.245273592490716e+00 -1.057656034269045e-02
7.800000000000000e-01 3.327498015892184e+00 -9.671801578053524e-03
7.850000000000000e-01 3.411802233872832e+00 -8.701457374198628e-03
7.900000000000000e-01 3.498238939313234e+00 -7.664940670272818e-03
7.950000000000000e-01 3.586862157968046e+00 -6.563342675930549e-03
8.000000000000000e-01 3.677727282233856e+00 -5.399879587825522e-03
8.050000000000000e-01 3.770891105771243e+00 -4.180347526947671e-03
8.100000000000001e-01 3.866411859002656e+00 -2.913542582601420e-03
8.150000000000001e-01 3.964349245508326e+00 -1.611591327078557e-03
8.200000000000001e-01 4.064764479342956e+00 -2.901346609382331e-04
8.250000000000001e-01 4.167720323296481e+00 1.031676997097433e-03
8.300000000000001e-01 4.273281128122877e+00 2.331391448402918e-03
8.350000000000000e-01 4.381512872761445e+00 3.583658761498441e-03
8.400000000000000e-01 4.492483205575838e+00 4.760818052626873e-03
8.450000000000000e-01 4.606261486636447e+00 5.833640009253849e-03
8.500000000000000e-01 4.722918831072739e+00 6.772168510421559e-03
8.550000000000000e-01 4.842528153522501e+00 7.546612431597403e-03
8.600000000000000e-01 4.965164213705875e+00 8.128371666825769e-03
8.650000000000000e-01 5.090903663152626e+00 8.491533499936123e-03
8.700000000000000e-01 5.219825093111814e+00 8.615351756138152e-03
8.750000000000000e-01 5.352009083673925e+00 8.488029684528598e-03
8.800000000000000e-01 5.487538254136007e+00 8.111439618592691e-03
8.850000000000000e-01 5.626497314641444e+00 7.505475072816590e-03
8.900000000000000e-01 5.768973119126561e+00 6.710107252815213e-03
8.950000000000000e-01 5.915054719607133e+00 5.783443990277326e-03
9.000000000000000e-01 6.064833421838831e+00 4.795277170178953e-03
9.050000000000000e-01 6.218402842386253e+00 3.817291851754257e-03
9.100000000000000e-01 6.375858967136348e+00 2.912485146156306e-03
9.150000000000000e-01 6.537300211292723e+00 2.126714672881388e-03
9.200000000000000e-01 6.702827480888332e+00 1.484495709399303e-03
9.250000000000000e-01 6.872544235855034e+00 9.896184317540902e-04
9.300000000000000e-01 7.046556554689444e+00 6.296021341565681e-04
9.350000000000001e-01 7.224973200755413e+00 3.820735361718830e-04
9.400000000000001e-01 7.407905690264673e+00 2.210814354853779e-04
9.450000000000001e-01 7.595468361978146e+00 1.219500927901080e-04
9.500000000000001e-01 7.787778448671316e+00 6.411861639171130e-05
9.550000000000001e-01 7.984956150408610e+00 3.213252439517158e-05
9.600000000000000e-01 8.187124709672272e+00 1.534908108159836e-05
9.650000000000000e-01 8.394410488393007e+00 6.989411690503702e-06
9.700000000000000e-01 8.606943046930221e+00 3.034467397724842e-06
9.750000000000000e-01 8.824855225051540e+00 1.256310583833482e-06
9.800000000000000e-01 9.048283224961922e+00 4.960475949915314e-07
9.850000000000000e-01 9.277366696434507e+00 1.870279083132946e-07
9.900000000000000e-01 9.512248824096272e+00 6.690796133116227e-08
9.950000000000000e-01 9.753076416923058e+00 2.408706275494837e-08
1.000000000000000e+00 1.000000000000000e+01 5.595874728391003e-09
