0.000000000000000e+00 0.000000000000000e+00 -7.198762465090999e-01
5.000000000000000e-03 3.369477419287315e-03 -7.198762465090999e-01
1.000000000000000e-02 6.741060871647481e-03 -7.180788979541035e-01
1.500000000000000e-02 1.011685770649257e-02 -7.179131272535287e-01
2.000000000000000e-02 1.349897790673588e-02 -7.182684557548563e-01
2.500000000000000e-02 1.688953540759990e-02 -7.182705631267065e-01
3.000000000000000e-02 2.029064941789469e-02 -7.180545648730493e-01
3.500000000000000e-02 2.370444574459234e-02 -7.179443760518208e-01
4.000000000000000e-02 2.713305812152553e-02 -7.179245429600521e-01
4.500000000000000e-02 3.057862954304063e-02 -7.178243542439857e-01
5.000000000000000e-02 3.404331360343898e-02 -7.176447597850076e-01
5.500000000000000e-02 3.752927584304335e-02 -7.175077492481351e-01
6.000000000000000e-02 4.103869510173117e-02 -7.173971337002120e-01
6.500000000000000e-02 4.457376488078044e-02 -7.172205042170012e-01
7.000000000000001e-02 4.813669471387935e-02 -7.170054560412028e-01
7.500000000000000e-02 5.172971154815675e-02 -7.168220590392624e-01
8.000000000000000e-02 5.535506113609672e-02 -7.166307674381570e-01
8.500000000000001e-02 5.901500943920686e-02 -7.163815747540746e-01
9.000000000000000e-02 6.271184404431801e-02 -7.161186723563654e-01
9.500000000000000e-02 6.644787559340060e-02 -7.158734262305059e-01
1.000000000000000e-01 7.022543922779090e-02 -7.155981177251044e-01
1.050000000000000e-01 7.404689604773053e-02 -7.152745280470749e-01
1.100000000000000e-01 7.791463458813094e-02 -7.149488972244381e-01
1.150000000000000e-01 8.183107231148547e-02 -7.146270926556232e-01
1.200000000000000e-01 8.579865711886202e-02 -7.142638749203507e-01
1.250000000000000e-01 8.981986887992111e-02 -7.138583464151865e-01
1.300000000000000e-01 9.389722098291493e-02 -7.134516633140596e-01
1.350000000000000e-01 9.803326190563690e-02 -7.130389859286305e-01
1.400000000000000e-01 1.022305768083033e-01 -7.125812327882514e-01
1.450000000000000e-01 1.064917891493625e-01 -7.120811355600772e-01
1.500000000000000e-01 1.108195623252418e-01 -7.115729618761840e-01
1.550000000000000e-01 1.152166013350572e-01 -7.110535237630535e-01
1.600000000000000e-01 1.196856544713255e-01 -7.104909362057944e-01
1.650000000000000e-01 1.242295150377370e-01 -7.098807687980361e-01
1.700000000000000e-01 1.288510230950609e-01 -7.092482870577780e-01
1.750000000000000e-01 1.335530672362758e-01 -7.086012642144521e-01
1.800000000000000e-01 1.383385863920344e-01 -7.079193359248995e-01
1.850000000000000e-01 1.432105716675912e-01 -7.071838423047149e-01
1.900000000000000e-01 1.481720682123397e-01 -7.064036665611779e-01
1.950000000000000e-01 1.532261771231311e-01 -7.056005439911773e-01
2.000000000000000e-01 1.583760573825595e-01 -7.047746921343464e-01
2.050000000000000e-01 1.636249278334301e-01 -7.038977993235942e-01
2.100000000000000e-01 1.689760691906397e-01 -7.029560506999026e-01
2.150000000000000e-01 1.744328260917313e-01 -7.019693021124791e-01
2.200000000000000e-01 1.799986091874004e-01 -7.009534723733011e-01
2.250000000000000e-01 1.856768972732633e-01 -6.998979367155438e-01
2.300000000000000e-01 1.914712394642179e-01 -6.987900153553652e-01
2.350000000000000e-01 1.973852574127551e-01 -6.976189726873541e-01
2.400000000000000e-01 2.034226475726105e-01 -6.963788300470342e-01
2.450000000000000e-01 2.095871835091678e-01 -6.950845671852002e-01
2.500000000000000e-01 2.158827182580599e-01 -6.937463363941520e-01
2.550000000000000e-01 2.223131867334419e-01 -6.923550396219871e-01
2.600000000000000e-01 2.288826081874405e-01 -6.909096890924113e-01
2.650000000000000e-01 2.355950887223172e-01 -6.893976852468033e-01
2.700000000000000e-01 2.424548238569160e-01 -6.878077972773051e-01
2.750000000000000e-01 2.494661011489995e-01 -6.861462768339817e-01
2.800000000000000e-01 2.566333028751116e-01 -6.844019130904035e-01
2.850000000000000e-01 2.639609087696434e-01 -6.825858661546840e-01
2.900000000000000e-01 2.714534988248126e-01 -6.806903216932583e-01
2.950000000000000e-01 2.791157561533084e-01 -6.787203006290229e-01
3.000000000000000e-01 2.869524699153886e-01 -6.766709768602867e-01
3.050000000000000e-01 2.949685383122613e-01 -6.745424635327812e-01
3.100000000000000e-01 3.031689716476197e-01 -6.723317946006117e-01
3.150000000000000e-01 3.115588954592450e-01 -6.700375284612865e-01
3.200000000000000e-01 3.201435537226349e-01 -6.676576919038073e-01
3.250000000000000e-01 3.289283121286580e-01 -6.651908057992766e-01
3.300000000000000e-01 3.379186614372866e-01 -6.626354816692276e-01
3.350000000000000e-01 3.471202209094989e-01 -6.599905970096892e-01
3.400000000000000e-01 3.565387418195016e-01 -6.572552388551044e-01
3.450000000000000e-01 3.661801110494620e-01 -6.544287335320744e-01
3.500000000000000e-01 3.760503547690021e-01 -6.515106453136230e-01
3.550000000000000e-01 3.861556422017504e-01 -6.485007816175363e-01
3.600000000000000e-01 3.965022894813072e-01 -6.453991886545167e-01
3.650000000000000e-01 4.070967635990345e-01 -6.422061382826634e-01
3.700000000000000e-01 4.179456864461349e-01 -6.389221008368886e-01
3.750000000000000e-01 4.290558389525505e-01 -6.355476993454406e-01
3.800000000000000e-01 4.404341653252637e-01 -6.320836388485748e-01
3.850000000000000e-01 4.520877773886537e-01 -6.285306030151667e-01
3.900000000000000e-01 4.640239590296172e-01 -6.248891081242542e-01
3.950000000000000e-01 4.762501707502353e-01 -6.211593018249005e-01
4.000000000000000e-01 4.887740543308307e-01 -6.173406907352733e-01
4.050000000000000e-01 5.016034376063282e-01 -6.134317767559099e-01
4.100000000000000e-01 5.147463393589066e-01 -6.094295767938159e-01
4.150000000000000e-01 5.282109743299990e-01 -6.053289942811422e-01
4.200000000000000e-01 5.420057583547735e-01 -6.011220033401998e-01
4.250000000000000e-01 5.561393136223041e-01 -5.967965977563578e-01
4.300000000000000e-01 5.706204740647189e-01 -5.923354474321350e-01
4.350000000000000e-01 5.854582908786964e-01 -5.877141956364654e-01
4.400000000000000e-01 6.006620381827575e-01 -5.828993230673127e-01
4.450000000000000e-01 6.162412188138907e-01 -5.778455031588646e-01
4.500000000000000e-01 6.322055702671360e-01 -5.724923835983011e-01
4.550000000000000e-01 6.485650707818353e-01 -5.667607623196633e-01
4.600000000000000e-01 6.653299455783577e-01 -5.605481989858155e-01
4.650000000000000e-01 6.825106732491932e-01 -5.537242394443549e-01
4.700000000000000e-01 7.001179923084168e-01 -5.461256627498557e-01
4.750000000000000e-01 7.181629079036070e-01 -5.375525229209358e-01
4.800000000000000e-01 7.366566986944229e-01 -5.277662736216132e-01
4.850000000000000e-01 7.556109239021327e-01 -5.164919119804600e-01
4.900000000000000e-01 7.750374305345038e-01 -5.034267355826080e-01
4.950000000000000e-01 7.949483607905672e-01 -4.882586780566936e-01
5.000000000000000e-01 8.153561596498893e-01 -4.706967542739733e-01
5.050000000000000e-01 8.362735826510871e-01 -4.505142352792283e-01
5.100000000000000e-01 8.577137038644561e-01 -4.276012914453153e-01
5.150000000000000e-01 8.796899240636907e-01 -4.020183086100406e-01
5.200000000000000e-01 9.022159791018011e-01 -3.740357049321530e-01
5.250000000000000e-01 9.253059484964714e-01 -3.441441374841177e-01
5.300000000000000e-01 9.489742642302165e-01 -3.130237246125048e-01
5.350000000000000e-01 9.732357197708378e-01 -2.814727413589912e-01
5.400000000000000e-01 9.981054793178262e-01 -2.503108365714078e-01
5.450000000000000e-01 1.023599087280478e+00 -2.202816422577771e-01
5.500000000000000e-01 1.049732477993657e+00 -1.919789932523762e-01
5.550000000000000e-01 1.076521985677273e+00 -1.658104266665560e-01
5.600000000000001e-01 1.103984354645701e+00 -1.419975936174037e-01
5.650000000000001e-01 1.132136749773522e+00 -1.206029239530640e-01
5.700000000000001e-01 1.160996767224129e+00 -1.015686417511818e-01
5.750000000000001e-01 1.190582445447902e+00 -8.475668546097313e-02
5.800000000000000e-01 1.220912276456826e+00 -6.998282391149174e-02
5.850000000000000e-01 1.252005217382601e+00 -5.704252392506697e-02
5.900000000000000e-01 1.283880702325469e+00 -4.572881120448915e-02
5.950000000000000e-01 1.316558654501151e+00 -3.584357296303827e-02
6.000000000000000e-01 1.350059498693518e+00 -2.720401106427818e-02
6.050000000000000e-01 1.384404174020732e+00 -1.964575935581921e-02
6.100000000000000e-01 1.419614147022888e+00 -1.302383796656939e-02
6.150000000000000e-01 1.455711425079295e+00 -7.212283069375101e-03
6.200000000000000e-01 1.492718570163803e+00 -2.103019383800797e-03
6.250000000000000e-01 1.530658712946775e+00 2.395656774803103e-03
6.300000000000000e-01 1.569555567252506e+00 6.360754067937575e-03
6.350000000000000e-01 1.609433444881138e+00 9.856283969006292e-03
6.400000000000000e-01 1.650317270804325e+00 1.293490027293359e-02
6.450000000000000e-01 1.692232598744148e+00 1.563943757346968e-02
6.500000000000000e-01 1.735205627145031e+00 1.800432877352127e-02
6.550000000000000e-01 1.779263215548615e+00 2.005689566215644e-02
6.600000000000000e-01 1.824432901381847e+00 2.181851522490642e-02
6.650000000000000e-01 1.870742917168772e+00 2.330566983047062e-02
6.700000000000000e-01 1.918222208176775e+00 2.453089305755682e-02
6.750000000000000e-01 1.966900450508319e+00 2.550362540087929e-02
6.800000000000000e-01 2.016808069649473e+00 2.623099573732544e-02
6.850000000000001e-01 2.067976259486829e+00 2.671854527787756e-02
6.900000000000001e-01 2.120437001804702e+00 2.697091061409314e-02
6.950000000000001e-01 2.174223086274785e+00 2.699248107755589e-02
7.000000000000001e-01 2.229368130950753e+00 2.678804255309087e-02
7.050000000000000e-01 2.285906603280654e+00 2.636341467114526e-02
7.100000000000000e-01 2.343873841650178e+00 2.572608056880347e-02
7.150000000000000e-01 2.403306077470301e+00 2.488579800108531e-02
7.200000000000000e-01 2.464240457823092e+00 2.385516781122867e-02
7.250000000000000e-01 2.526715068679855e+00 2.265012165792649e-02
7.300000000000000e-01 2.590768958706095e+00 2.129027742008607e-02
7.350000000000000e-01 2.656442163668210e+00 1.979910082601178e-02
7.400000000000000e-01 2.723775731457148e+00 1.820380928389616e-02
7.450000000000000e-01 2.792811747744667e+00 1.653496233954088e-02
7.500000000000000e-01 2.863593362288260e+00 1.482570524734099e-02
7.550000000000000e-01 2.936164815901156e+00 1.311066796137861e-02
7.600000000000000e-01 3.010571468104263e+00 1.142456811037933e-02
7.650000000000000e-01 3.086859825477351e+00 9.800616217624729e-03
7.700000000000000e-01 3.165077570727174e+00 8.268864905355531e-03
7.750000000000000e-01 3.245273592490716e+00 6.854670912207090e-03
7.800000000000000e-01 3.327498015892184e+00 5.577441499677213e-03
7.850000000000000e-01 3.411802233872832e+00 4.449811907784148e-03
7.900000000000000e-01 3.498238939313234e+00 3.477350495481036e-03
7.950000000000000e-01 3.586862157968046e+00 2.658821145024414e-03
8.000000000000000e-01 3.677727282233856e+00 1.986960206010297e-03
8.050000000000000e-01 3.770891105771243e+00 1.449660516814931e-03
8.100000000000001e-01 3.866411859002656e+00 1.031408930700905e-03
8.150000000000001e-01 3.964349245508326e+00 7.148033861782685e-04
8.200000000000001e-01 4.064764479342956e+00 4.819827877650723e-04
8.250000000000001e-01 4.167720323296481e+00 3.158343970968881e-04
8.300000000000001e-01 4.273281128122877e+00 2.008913715266663e-04
8.350000000000000e-01 4.381512872761445e+00 1.238873899971819e-04
8.400000000000000e-01 4.492483205575838e+00 7.398571054971308e-05
8.450000000000000e-01 4.606261486636447e+00 4.273832669639388e-05
8.500000000000000e-01 4.722918831072739e+00 2.385257505433797e-05
8.550000000000000e-01 4.842528153522501e+00 1.284717513869842e-05
8.600000000000000e-01 4.965164213705875e+00 6.670381676880638e-06
8.650000000000000e-01 5.090903663152626e+00 3.334971191372217e-06
8.700000000000000e-01 5.219825093111814e+00 1.603885026225957e-06
8.750000000000000e-01 5.352009083673925e+00 7.412268167446852e-07
8.800000000000000e-01 5.487538254136007e+00 3.288517561650560e-07
8.850000000000000e-01 5.626497314641444e+00 1.399309562143051e-07
8.900000000000000e-01 5.768973119126561e+00 5.705660829088821e-08
8.950000000000000e-01 5.915054719607133e+00 2.227471992308325e-08
9.000000000000000e-01 6.064833421838831e+00 8.319382396909193e-09
9.050000000000000e-01 6.218402842386253e+00 2.970464685638103e-09
9.100000000000000e-01 6.375858967136348e+00 1.013253811115517e-09
9.150000000000000e-01 6.537300211292723e+00 3.299918495630889e-10
9.200000000000000e-01 6.702827480888332e+00 1.025497257403726e-10
9.250000000000000e-01 6.872544235855034e+00 3.039428227541530e-11
9.300000000000000e-01 7.046556554689444e+00 8.587751415715959e-12
9.350000000000001e-01 7.224973200755413e+00 2.312198765656383e-12
9.400000000000001e-01 7.407905690264673e+00 5.930348186095648e-13
9.450000000000001e-01 7.595468361978146e+00 1.448499166746487e-13
9.500000000000001e-01 7.787778448671316e+00 3.368485380205856e-14
9.550000000000001e-01 7.984956150408610e+00 7.456678645056105e-15
9.600000000000000e-01 8.187124709672272e+00 1.571035899234503e-15
9.650000000000000e-01 8.394410488393007e+00 3.150001564244718e-16
9.700000000000000e-01 8.606943046930221e+00 6.010225730423688e-17
9.750000000000000e-01 8.824855225051540e+00 1.091223411474113e-17
9.800000000000000e-01 9.048283224961922e+00 1.885304587865859e-18
9.850000000000000e-01 9.277366696434507e+00 3.099757511223991e-19
9.900000000000000e-01 9.512248824096272e+00 4.843598628341014e-20
9.950000000000000e-01 9.753076416923058e+00 7.699185395840461e-21
1.000000000000000e+00 1.000000000000000e+01 -1.542690606623423e-21
