0.000000000000000e+00 0.000000000000000e+00 -8.271355366189669e-01
5.000000000000000e-03 3.369477419287315e-03 -8.271355366189669e-01
1.000000000000000e-02 6.741060871647481e-03 -8.256688553535214e-01
1.500000000000000e-02 1.011685770649257e-02 -8.256306365470952e-01
2.000000000000000e-02 1.349897790673588e-02 -8.259395228052892e-01
2.500000000000000e-02 1.688953540759990e-02 -8.258725749645540e-01
3.000000000000000e-02 2.029064941789469e-02 -8.256904641881524e-01
3.500000000000000e-02 2.370444574459234e-02 -8.256633502084527e-01
4.000000000000000e-02 2.713305812152553e-02 -8.256417165644272e-01
4.500000000000000e-02 3.057862954304063e-02 -8.255195706964878e-01
5.000000000000000e-02 3.404331360343898e-02 -8.254069538574124e-01
5.500000000000000e-02 3.752927584304335e-02 -8.253435648348930e-01
6.000000000000000e-02 4.103869510173117e-02 -8.252239063614847e-01
6.500000000000000e-02 4.457376488078044e-02 -8.250638727195261e-01
7.000000000000001e-02 4.813669471387935e-02 -8.249482704743540e-01
7.500000000000000e-02 5.172971154815675e-02 -8.248290816207430e-01
8.000000000000000e-02 5.535506113609672e-02 -8.246394713016194e-01
8.500000000000001e-02 5.901500943920686e-02 -8.244508485055801e-01
9.000000000000000e-02 6.271184404431801e-02 -8.243004152929501e-01
9.500000000000000e-02 6.644787559340060e-02 -8.241115491481064e-01
1.000000000000000e-01 7.022543922779090e-02 -8.238710815762744e-01
1.050000000000000e-01 7.404689604773053e-02 -8.236505413769166e-01
1.100000000000000e-01 7.791463458813094e-02 -8.234384140345474e-01
1.150000000000000e-01 8.183107231148547e-02 -8.231770556599900e-01
1.200000000000000e-01 8.579865711886202e-02 -8.228926785395725e-01
1.250000000000000e-01 8.981986887992111e-02 -8.226250238104623e-01
1.300000000000000e-01 9.389722098291493e-02 -8.223367843352212e-01
1.350000000000000e-01 9.803326190563690e-02 -8.220044956431186e-01
1.400000000000000e-01 1.022305768083033e-01 -8.216680749458908e-01
1.450000000000000e-01 1.064917891493625e-01 -8.213355366145008e-01
1.500000000000000e-01 1.108195623252418e-01 -8.209659271066354e-01
1.550000000000000e-01 1.152166013350572e-01 -8.205600642910461e-01
1.600000000000000e-01 1.196856544713255e-01 -8.201554880509063e-01
1.650000000000000e-01 1.242295150377370e-01 -8.197434985295664e-01
1.700000000000000e-01 1.288510230950609e-01 -8.192886157070555e-01
1.750000000000000e-01 1.335530672362758e-01 -8.188002959105625e-01
1.800000000000000e-01 1.383385863920344e-01 -8.183099574784745e-01
1.850000000000000e-01 1.432105716675912e-01 -8.178065653430399e-01
1.900000000000000e-01 1.481720682123397e-01 -8.172605000480863e-01
1.950000000000000e-01 1.532261771231311e-01 -8.166777740719119e-01
2.000000000000000e-01 1.583760573825595e-01 -8.160840948574790e-01
2.050000000000000e-01 1.636249278334301e-01 -8.154765100415904e-01
2.100000000000000e-01 1.689760691906397e-01 -8.148323564088987e-01
2.150000000000000e-01 1.744328260917313e-01 -8.141455624729862e-01
2.200000000000000e-01 1.799986091874004e-01 -8.134317505281808e-01
2.250000000000000e-01 1.856768972732633e-01 -8.127026512643039e-01
2.300000000000000e-01 1.914712394642179e-01 -8.119509734859420e-01
2.350000000000000e-01 1.973852574127551e-01 -8.111571044634165e-01
2.400000000000000e-01 2.034226475726105e-01 -8.103168047037772e-01
2.450000000000000e-01 2.095871835091678e-01 -8.094491101217069e-01
2.500000000000000e-01 2.158827182580599e-01 -8.085665765303817e-01
2.550000000000000e-01 2.223131867334419e-01 -8.076563641532679e-01
2.600000000000000e-01 2.288826081874405e-01 -8.067063512572010e-01
2.650000000000000e-01 2.355950887223172e-01 -8.057149158578283e-01
2.700000000000000e-01 2.424548238569160e-01 -8.046835998579639e-01
2.750000000000000e-01 2.494661011489995e-01 -8.036252020419038e-01
2.800000000000000e-01 2.566333028751116e-01 -8.025500567194671e-01
2.850000000000000e-01 2.639609087696434e-01 -8.014508342015033e-01
2.900000000000000e-01 2.714534988248126e-01 -8.003272196776086e-01
2.950000000000000e-01 2.791157561533084e-01 -7.991749885185014e-01
3.000000000000000e-01 2.869524699153886e-01 -7.979889270028611e-01
3.050000000000000e-01 2.949685383122613e-01 -7.967798814990229e-01
3.100000000000000e-01 3.031689716476197e-01 -7.955450888189920e-01
3.150000000000000e-01 3.115588954592450e-01 -7.942982455848248e-01
3.200000000000000e-01 3.201435537226349e-01 -7.930405519545097e-01
3.250000000000000e-01 3.289283121286580e-01 -7.917823392544034e-01
3.300000000000000e-01 3.379186614372866e-01 -7.905285769607632e-01
3.350000000000000e-01 3.471202209094989e-01 -7.892883891871197e-01
3.400000000000000e-01 3.565387418195016e-01 -7.880702825793963e-01
3.450000000000000e-01 3.661801110494620e-01 -7.868851137641114e-01
3.500000000000000e-01 3.760503547690021e-01 -7.857450445269601e-01
3.550000000000000e-01 3.861556422017504e-01 -7.846643641712279e-01
3.600000000000000e-01 3.965022894813072e-01 -7.836594915630134e-01
3.650000000000000e-01 4.070967635990345e-01 -7.827493556926991e-01
3.700000000000000e-01 4.179456864461349e-01 -7.819556768907313e-01
3.750000000000000e-01 4.290558389525505e-01 -7.813033427080117e-01
3.800000000000000e-01 4.404341653252637e-01 -7.808208116043410e-01
3.850000000000000e-01 4.520877773886537e-01 -7.805405703501156e-01
3.900000000000000e-01 4.640239590296172e-01 -7.804996357759267e-01
3.950000000000000e-01 4.762501707502353e-01 -7.807400974709873e-01
4.000000000000000e-01 4.887740543308307e-01 -7.813096856396902e-01
4.050000000000000e-01 5.016034376063282e-01 -7.822623333851840e-01
4.100000000000000e-01 5.147463393589066e-01 -7.836586744000013e-01
4.150000000000000e-01 5.282109743299990e-01 -7.855663684905689e-01
4.200000000000000e-01 5.420057583547735e-01 -7.880600629368026e-01
4.250000000000000e-01 5.561393136223041e-01 -7.912206509446533e-01
4.300000000000000e-01 5.706204740647189e-01 -7.951332323518711e-01
4.350000000000000e-01 5.854582908786964e-01 -7.998827330633581e-01
4.400000000000000e-01 6.006620381827575e-01 -8.055453517437213e-01
4.450000000000000e-01 6.162412188138907e-01 -8.121726212559626e-01
4.500000000000000e-01 6.322055702671360e-01 -8.197624778118724e-01
4.550000000000000e-01 6.485650707818353e-01 -8.282076945853137e-01
4.600000000000000e-01 6.653299455783577e-01 -8.372056570220522e-01
4.650000000000000e-01 6.825106732491932e-01 -8.461048071408048e-01
4.700000000000000e-01 7.001179923084168e-01 -8.536560602201935e-01
4.750000000000000e-01 7.181629079036070e-01 -8.576480954080122e-01
4.800000000000000e-01 7.366566986944229e-01 -8.544772065563337e-01
4.850000000000000e-01 7.556109239021327e-01 -8.389121869678635e-01
4.900000000000000e-01 7.750374305345038e-01 -8.046860284833630e-01
4.950000000000000e-01 7.949483607905672e-01 -7.467407498929372e-01
5.000000000000000e-01 8.153561596498893e-01 -6.650240511758171e-01
5.050000000000000e-01 8.362735826510871e-01 -5.672981802746127e-01
5.100000000000000e-01 8.577137038644561e-01 -4.671982286386692e-01
5.150000000000000e-01 8.796899240636907e-01 -3.776046246813897e-01
5.200000000000000e-01 9.022159791018011e-01 -3.049760995181744e-01
5.250000000000000e-01 9.253059484964714e-01 -2.492076033105271e-01
5.300000000000000e-01 9.489742642302165e-01 -2.071113683020840e-01
5.350000000000000e-01 9.732357197708378e-01 -1.752550957464615e-01
5.400000000000000e-01 9.981054793178262e-01 -1.508870401587767e-01
5.450000000000000e-01 1.023599087280478e+00 -1.319535489132907e-01
5.500000000000000e-01 1.049732477993657e+00 -1.169674207557056e-01
5.550000000000000e-01 1.076521985677273e+00 -1.048699964483562e-01
5.600000000000001e-01 1.103984354645701e+00 -9.490770501368929e-02
5.650000000000001e-01 1.132136749773522e+00 -8.654101681632921e-02
5.700000000000001e-01 1.160996767224129e+00 -7.938104132843128e-02
5.750000000000001e-01 1.190582445447902e+00 -7.314491373681502e-02
5.800000000000000e-01 1.220912276456826e+00 -6.762479381052335e-02
5.850000000000000e-01 1.252005217382601e+00 -6.266637506121452e-02
5.900000000000000e-01 1.283880702325469e+00 -5.815384780255781e-02
5.950000000000000e-01 1.316558654501151e+00 -5.399932572757057e-02
6.000000000000000e-01 1.350059498693518e+00 -5.013536718923695e-02
6.050000000000000e-01 1.384404174020732e+00 -4.650964721326088e-02
6.100000000000000e-01 1.419614147022888e+00 -4.308113930656938e-02
6.150000000000000e-01 1.455711425079295e+00 -3.981736476774703e-02
6.200000000000000e-01 1.492718570163803e+00 -3.669240209623346e-02
6.250000000000000e-01 1.530658712946775e+00 -3.368544179070900e-02
6.300000000000000e-01 1.569555567252506e+00 -3.077973513371630e-02
6.350000000000000e-01 1.609433444881138e+00 -2.796182929859814e-02
6.400000000000000e-01 1.650317270804325e+00 -2.522101153018250e-02
6.450000000000000e-01 1.692232598744148e+00 -2.254890638316922e-02
6.500000000000000e-01 1.735205627145031e+00 -1.993918489950129e-02
6.550000000000000e-01 1.779263215548615e+00 -1.738735509767796e-02
6.600000000000000e-01 1.824432901381847e+00 -1.489061056639788e-02
6.650000000000000e-01 1.870742917168772e+00 -1.244771924058039e-02
6.700000000000000e-01 1.918222208176775e+00 -1.005893826089289e-02
6.750000000000000e-01 1.966900450508319e+00 -7.725943667247747e-03
6.800000000000000e-01 2.016808069649473e+00 -5.451765911275041e-03
6.850000000000001e-01 2.067976259486829e+00 -3.240724051595362e-03
6.900000000000001e-01 2.120437001804702e+00 -1.098353192911280e-03
6.950000000000001e-01 2.174223086274785e+00 9.686786602163067e-04
7.000000000000001e-01 2.229368130950753e+00 2.952666626189453e-03
7.050000000000000e-01 2.285906603280654e+00 4.844978732947381e-03
7.100000000000000e-01 2.343873841650178e+00 6.636179216462666e-03
7.150000000000000e-01 2.403306077470301e+00 8.316164390141637e-03
7.200000000000000e-01 2.464240457823092e+00 9.874310115768104e-03
7.250000000000000e-01 2.526715068679855e+00 1.129963073993722e-02
7.300000000000000e-01 2.590768958706095e+00 1.258095120266597e-02
7.350000000000000e-01 2.656442163668210e+00 1.370709692677106e-02
7.400000000000000e-01 2.723775731457148e+00 1.466710996283899e-02
7.450000000000000e-01 2.792811747744667e+00 1.545050440062316e-02
7.500000000000000e-01 2.863593362288260e+00 1.604757869126968e-02
7.550000000000000e-01 2.936164815901156e+00 1.644980629000083e-02
7.600000000000000e-01 3.010571468104263e+00 1.665032740245801e-02
7.650000000000000e-01 3.086859825477351e+00 1.664456133332960e-02
7.700000000000000e-01 3.165077570727174e+00 1.643094791546222e-02
7.750000000000000e-01 3.245273592490716e+00 1.601180425220937e-02
7.800000000000000e-01 3.327498015892184e+00 1.539424700153877e-02
7.850000000000000e-01 3.411802233872832e+00 1.459108165782020e-02
7.900000000000000e-01 3.498238939313234e+00 1.362150633946823e-02
7.950000000000000e-01 3.586862157968046e+00 1.251143431300254e-02
8.000000000000000e-01 3.677727282233856e+00 1.129322873917594e-02
8.050000000000000e-01 3.770891105771243e+00 1.000468550100141e-02
8.100000000000001e-01 3.866411859002656e+00 8.687204258104535e-03
8.150000000000001e-01 3.964349245508326e+00 7.383242196994367e-03
8.200000000000001e-01 4.064764479342956e+00 6.133315160967402e-03
8.250000000000001e-01 4.167720323296481e+00 4.972948937389476e-03
8.300000000000001e-01 4.273281128122877e+00 3.930043778970947e-03
8.350000000000000e-01 4.381512872761445e+00 3.023071715632794e-03
8.400000000000000e-01 4.492483205575838e+00 2.260383334913238e-03
8.450000000000000e-01 4.606261486636447e+00 1.640693085064164e-03
8.500000000000000e-01 4.722918831072739e+00 1.154593376239108e-03
8.550000000000000e-01 4.842528153522501e+00 7.867730412019413e-04
8.600000000000000e-01 4.965164213705875e+00 5.185249653096465e-04
8.650000000000000e-01 5.090903663152626e+00 3.301346687558374e-04
8.700000000000000e-01 5.219825093111814e+00 2.028323404373958e-04
8.750000000000000e-01 5.352009083673925e+00 1.201308430573575e-04
8.800000000000000e-01 5.487538254136007e+00 6.851952476194223e-05
8.850000000000000e-01 5.626497314641444e+00 3.760222566079118e-05
8.900000000000000e-01 5.768973119126561e+00 1.983697789590830e-05
8.950000000000000e-01 5.915054719607133e+00 1.005195503198606e-05
9.000000000000000e-01 6.064833421838831e+00 4.888955950440417e-06
9.050000000000000e-01 6.218402842386253e+00 2.280745595246185e-06
9.100000000000000e-01 6.375858967136348e+00 1.019915064386189e-06
9.150000000000000e-01 6.537300211292723e+00 4.369533448511444e-07
9.200000000000000e-01 6.702827480888332e+00 1.792556527327828e-07
9.250000000000000e-01 6.872544235855034e+00 7.038573362319379e-08
9.300000000000000e-01 7.046556554689444e+00 2.644241025715367e-08
9.350000000000001e-01 7.224973200755413e+00 9.501121814928207e-09
9.400000000000001e-01 7.407905690264673e+00 3.264224398222330e-09
9.450000000000001e-01 7.595468361978146e+00 1.072037451852124e-09
9.500000000000001e-01 7.787778448671316e+00 3.364935647847722e-10
9.550000000000001e-01 7.984956150408610e+00 1.009275302706373e-10
9.600000000000000e-01 8.187124709672272e+00 2.892369584231746e-11
9.650000000000000e-01 8.394410488393007e+00 7.918977405926694e-12
9.700000000000000e-01 8.606943046930221e+00 2.071233589433431e-12
9.750000000000000e-01 8.824855225051540e+00 5.175112894932753e-13
9.800000000000000e-01 9.048283224961922e+00 1.235195372138340e-13
9.850000000000000e-01 9.277366696434507e+00 2.816781922026743e-14
9.900000000000000e-01 9.512248824096272e+00 6.120007120578687e-15
9.950000000000000e-01 9.753076416923058e+00 1.358832552769338e-15
1.000000000000000e+00 1.000000000000000e+01 -4.786533746182838e-17
