0.000000000000000e+00 0.000000000000000e+00 -8.529276554984949e-01
5.000000000000000e-03 3.369477419287315e-03 -8.529276554984949e-01
1.000000000000000e-02 6.741060871647481e-03 -8.541699531440433e-01
1.500000000000000e-02 1.011685770649257e-02 -8.541245493047972e-01
2.000000000000000e-02 1.349897790673588e-02 -8.537723432056652e-01
2.500000000000000e-02 1.688953540759990e-02 -8.537828930089253e-01
3.000000000000000e-02 2.029064941789469e-02 -8.538402734601118e-01
3.500000000000000e-02 2.370444574459234e-02 -8.537337177105042e-01
4.000000000000000e-02 2.713305812152553e-02 -8.536306449443921e-01
4.500000000000000e-02 3.057862954304063e-02 -8.536090589035076e-01
5.000000000000000e-02 3.404331360343898e-02 -8.535282474719605e-01
5.500000000000000e-02 3.752927584304335e-02 -8.533954197596199e-01
6.000000000000000e-02 4.103869510173117e-02 -8.533165635224845e-01
6.500000000000000e-02 4.457376488078044e-02 -8.532427017888601e-01
7.000000000000001e-02 4.813669471387935e-02 -8.530910802155466e-01
7.500000000000000e-02 5.172971154815675e-02 -8.529436863395053e-01
8.000000000000000e-02 5.535506113609672e-02 -8.528436769299419e-01
8.500000000000001e-02 5.901500943920686e-02 -8.527034435652263e-01
9.000000000000000e-02 6.271184404431801e-02 -8.525113250680031e-01
9.500000000000000e-02 6.644787559340060e-02 -8.523483898931979e-01
1.000000000000000e-01 7.022543922779090e-02 -8.521935039592929e-01
1.050000000000000e-01 7.404689604773053e-02 -8.519876648791941e-01
1.100000000000000e-01 7.791463458813094e-02 -8.517702088877375e-01
1.150000000000000e-01 8.183107231148547e-02 -8.515745485794936e-01
1.200000000000000e-01 8.579865711886202e-02 -8.513495609240129e-01
1.250000000000000e-01 8.981986887992111e-02 -8.510873491056153e-01
1.300000000000000e-01 9.389722098291493e-02 -8.508383319296233e-01
1.350000000000000e-01 9.803326190563690e-02 -8.505896131385524e-01
1.400000000000000e-01 1.022305768083033e-01 -8.502948596819087e-01
1.450000000000000e-01 1.064917891493625e-01 -8.499801747859980e-01
1.500000000000000e-01 1.108195623252418e-01 -8.496826532443014e-01
1.550000000000000e-01 1.152166013350572e-01 -8.493677005765872e-01
1.600000000000000e-01 1.196856544713255e-01 -8.490057220735184e-01
1.650000000000000e-01 1.242295150377370e-01 -8.486329374867687e-01
1.700000000000000e-01 1.288510230950609e-01 -8.482713484417340e-01
1.750000000000000e-01 1.335530672362758e-01 -8.478838187350591e-01
1.800000000000000e-01 1.383385863920344e-01 -8.474522562255924e-01
1.850000000000000e-01 1.432105716675912e-01 -8.470104121022113e-01
1.900000000000000e-01 1.481720682123397e-01 -8.465738206072682e-01
1.950000000000000e-01 1.532261771231311e-01 -8.461102634720745e-01
2.000000000000000e-01 1.583760573825595e-01 -8.456037679968396e-01
2.050000000000000e-01 1.636249278334301e-01 -8.450815979943399e-01
2.100000000000000e-01 1.689760691906397e-01 -8.445611312861822e-01
2.150000000000000e-01 1.744328260917313e-01 -8.440187098642871e-01
2.200000000000000e-01 1.799986091874004e-01 -8.434350619721122e-01
2.250000000000000e-01 1.856768972732633e-01 -8.428261613156238e-01
2.300000000000000e-01 1.914712394642179e-01 -8.422121689334776e-01
2.350000000000000e-01 1.973852574127551e-01 -8.415857185443347e-01
2.400000000000000e-01 2.034226475726105e-01 -8.409305315204538e-01
2.450000000000000e-01 2.095871835091678e-01 -8.402429082192456e-01
2.500000000000000e-01 2.158827182580599e-01 -8.395320841590302e-01
2.550000000000000e-01 2.223131867334419e-01 -8.388119558568121e-01
2.600000000000000e-01 2.288826081874405e-01 -8.380871766136542e-01
2.650000000000000e-01 2.355950887223172e-01 -8.373427344475286e-01
2.700000000000000e-01 2.424548238569160e-01 -8.365690971456075e-01
2.750000000000000e-01 2.494661011489995e-01 -8.357759177442596e-01
2.800000000000000e-01 2.566333028751116e-01 -8.349724504966141e-01
2.850000000000000e-01 2.639609087696434e-01 -8.341674570775157e-01
2.900000000000000e-01 2.714534988248126e-01 -8.333705271258826e-01
2.950000000000000e-01 2.791157561533084e-01 -8.325751511688765e-01
3.000000000000000e-01 2.869524699153886e-01 -8.317815678603052e-01
3.050000000000000e-01 2.949685383122613e-01 -8.309943573255230e-01
3.100000000000000e-01 3.031689716476197e-01 -8.302130866180365e-01
3.150000000000000e-01 3.115588954592450e-01 -8.294547040642086e-01
3.200000000000000e-01 3.201435537226349e-01 -8.287231623702810e-01
3.250000000000000e-01 3.289283121286580e-01 -8.280364473448446e-01
3.300000000000000e-01 3.379186614372866e-01 -8.274038106765096e-01
3.350000000000000e-01 3.471202209094989e-01 -8.268422208527059e-01
3.400000000000000e-01 3.565387418195016e-01 -8.263665885161883e-01
3.450000000000000e-01 3.661801110494620e-01 -8.259963745190410e-01
3.500000000000000e-01 3.760503547690021e-01 -8.257529096955335e-01
3.550000000000000e-01 3.861556422017504e-01 -8.256615862704906e-01
3.600000000000000e-01 3.965022894813072e-01 -8.257517215253299e-01
3.650000000000000e-01 4.070967635990345e-01 -8.260576119857090e-01
3.700000000000000e-01 4.179456864461349e-01 -8.266192640578323e-01
3.750000000000000e-01 4.290558389525505e-01 -8.274835094007352e-01
3.800000000000000e-01 4.404341653252637e-01 -8.287052953701890e-01
3.850000000000000e-01 4.520877773886537e-01 -8.303493228879809e-01
3.900000000000000e-01 4.640239590296172e-01 -8.324920908721635e-01
3.950000000000000e-01 4.762501707502353e-01 -8.352244905465862e-01
4.000000000000000e-01 4.887740543308307e-01 -8.386551259323165e-01
4.050000000000000e-01 5.016034376063282e-01 -8.429146138119767e-01
4.100000000000000e-01 5.147463393589066e-01 -8.481612182722152e-01
4.150000000000000e-01 5.282109743299990e-01 -8.545883267444780e-01
4.200000000000000e-01 5.420057583547735e-01 -8.624344964331672e-01
4.250000000000000e-01 5.561393136223041e-01 -8.719971253851240e-01
4.300000000000000e-01 5.706204740647189e-01 -8.836512706845072e-01
4.350000000000000e-01 5.854582908786964e-01 -8.978757759192600e-01
4.400000000000000e-01 6.006620381827575e-01 -9.152896189648285e-01
4.450000000000000e-01 6.162412188138907e-01 -9.367018046841320e-01
4.500000000000000e-01 6.322055702671360e-01 -9.631763496515995e-01
4.550000000000000e-01 6.485650707818353e-01 -9.961030555318734e-01
4.600000000000000e-01 6.653299455783577e-01 -1.037220203277859e+00
4.650000000000000e-01 6.825106732491932e-01 -1.088370940543614e+00
4.700000000000000e-01 7.001179923084168e-01 -1.150212300672574e+00
4.750000000000000e-01 7.181629079036070e-01 -1.217457233496837e+00
4.800000000000000e-01 7.366566986944229e-01 -1.265614384876906e+00
4.850000000000000e-01 7.556109239021327e-01 -1.231607794523009e+00
4.900000000000000e-01 7.750374305345038e-01 -1.037711461694724e+00
4.950000000000000e-01 7.949483607905672e-01 -7.127129999518743e-01
5.000000000000000e-01 8.153561596498893e-01 -4.280231763998117e-01
5.050000000000000e-01 8.362735826510871e-01 -2.856035223083624e-01
5.100000000000000e-01 8.577137038644561e-01 -2.229353984822339e-01
5.150000000000000e-01 8.796899240636907e-01 -1.791113418756648e-01
5.200000000000000e-01 9.022159791018011e-01 -1.503967687853337e-01
5.250000000000000e-01 9.253059484964714e-01 -1.314625308283316e-01
5.300000000000000e-01 9.489742642302165e-01 -1.163172182947760e-01
5.350000000000000e-01 9.732357197708378e-01 -1.048465425452343e-01
5.400000000000000e-01 9.981054793178262e-01 -9.564779192962207e-02
5.450000000000000e-01 1.023599087280478e+00 -8.794008114436894e-02
5.500000000000000e-01 1.049732477993657e+00 -8.153519378146080e-02
5.550000000000000e-01 1.076521985677273e+00 -7.602437782572570e-02
5.600000000000001e-01 1.103984354645701e+00 -7.124505178374604e-02
5.650000000000001e-01 1.132136749773522e+00 -6.705905414490443e-02
5.700000000000001e-01 1.160996767224129e+00 -6.334087668203438e-02
5.750000000000001e-01 1.190582445447902e+00 -6.001678753819294e-02
5.800000000000000e-01 1.220912276456826e+00 -5.701708045912571e-02
5.850000000000000e-01 1.252005217382601e+00 -5.428921403544070e-02
5.900000000000000e-01 1.283880702325469e+00 -5.179148344066883e-02
5.950000000000000e-01 1.316558654501151e+00 -4.948822413340273e-02
6.000000000000000e-01 1.350059498693518e+00 -4.735068168223951e-02
6.050000000000000e-01 1.384404174020732e+00 -4.535440386416546e-02
6.100000000000000e-01 1.419614147022888e+00 -4.347863257144100e-02
6.150000000000000e-01 1.455711425079295e+00 -4.170562827781809e-02
6.200000000000000e-01 1.492718570163803e+00 -4.001998287421608e-02
6.250000000000000e-01 1.530658712946775e+00 -3.840824758807677e-02
6.300000000000000e-01 1.569555567252506e+00 -3.685855971708259e-02
6.350000000000000e-01 1.609433444881138e+00 -3.536036566044452e-02
6.400000000000000e-01 1.650317270804325e+00 -3.390420248683913e-02
6.450000000000000e-01 1.692232598744148e+00 -3.248151761997040e-02
6.500000000000000e-01 1.735205627145031e+00 -3.108452817803973e-02
6.550000000000000e-01 1.779263215548615e+00 -2.970610907993828e-02
6.600000000000000e-01 1.824432901381847e+00 -2.833970668455872e-02
6.650000000000000e-01 1.870742917168772e+00 -2.697927491296568e-02
6.700000000000000e-01 1.918222208176775e+00 -2.561923156067012e-02
6.750000000000000e-01 1.966900450508319e+00 -2.425443367877118e-02
6.800000000000000e-01 2.016808069649473e+00 -2.288017138710931e-02
6.850000000000001e-01 2.067976259486829e+00 -2.149218000494707e-02
6.900000000000001e-01 2.120437001804702e+00 -2.008667070330660e-02
6.950000000000001e-01 2.174223086274785e+00 -1.866038001313914e-02
7.000000000000001e-01 2.229368130950753e+00 -1.721063844305734e-02
7.050000000000000e-01 2.285906603280654e+00 -1.573545811188182e-02
7.100000000000000e-01 2.343873841650178e+00 -1.423363863876264e-02
7.150000000000000e-01 2.403306077470301e+00 -1.270488951354398e-02
7.200000000000000e-01 2.464240457823092e+00 -1.114996577477842e-02
7.250000000000000e-01 2.526715068679855e+00 -9.570812083589257e-03
7.300000000000000e-01 2.590768958706095e+00 -7.970708305953126e-03
7.350000000000000e-01 2.656442163668210e+00 -6.354407712433572e-03
7.400000000000000e-01 2.723775731457148e+00 -4.728257188308624e-03
7.450000000000000e-01 2.792811747744667e+00 -3.100287815973938e-03
7.500000000000000e-01 2.863593362288260e+00 -1.480264262184382e-03
7.550000000000000e-01 2.936164815901156e+00 1.203171023249504e-04
7.600000000000000e-01 3.010571468104263e+00 1.688288434457274e-03
7.650000000000000e-01 3.086859825477351e+00 3.208931927148783e-03
7.700000000000000e-01 3.165077570727174e+00 4.666160951659172e-03
7.750000000000000e-01 3.245273592490716e+00 6.042755348938210e-03
7.800000000000000e-01 3.327498015892184e+00 7.320643679246421e-03
7.850000000000000e-01 3.411802233872832e+00 8.481227096362178e-03
7.900000000000000e-01 3.498238939313234e+00 9.505745858391564e-03
7.950000000000000e-01 3.586862157968046e+00 1.037570033396923e-02
8.000000000000000e-01 3.677727282233856e+00 1.107335316549890e-02
8.050000000000000e-01 3.770891105771243e+00 1.158235748465183e-02
8.100000000000001e-01 3.866411859002656e+00 1.188857559127814e-02
8.150000000000001e-01 3.964349245508326e+00 1.198116419348090e-02
8.200000000000001e-01 4.064764479342956e+00 1.185398514694843e-02
8.250000000000001e-01 4.167720323296481e+00 1.150732642242831e-02
8.300000000000001e-01 4.273281128122877e+00 1.094977126123643e-02
8.350000000000000e-01 4.381512872761445e+00 1.019985786661849e-02
8.400000000000000e-01 4.492483205575838e+00 9.287002173937884e-03
8.450000000000000e-01 4.606261486636447e+00 8.251116048795755e-03
8.500000000000000e-01 4.722918831072739e+00 7.140522941652709e-03
8.550000000000000e-01 4.842528153522501e+00 6.008153323189450e-03
8.600000000000000e-01 4.965164213705875e+00 4.906491546013515e-03
8.650000000000000e-01 5.090903663152626e+00 3.882171001444613e-03
8.700000000000000e-01 5.219825093111814e+00 2.971304595540649e-03
8.750000000000000e-01 5.352009083673925e+00 2.196503458055539e-03
8.800000000000000e-01 5.487538254136007e+00 1.566114728396812e-03
8.850000000000000e-01 5.626497314641444e+00 1.075646228260150e-03
8.900000000000000e-01 5.768973119126561e+00 7.108347430891419e-04
8.950000000000000e-01 5.915054719607133e+00 4.515132801246440e-04
9.000000000000000e-01 6.064833421838831e+00 2.754055407477138e-04
9.050000000000000e-01 6.218402842386253e+00 1.611826956032328e-04
9.100000000000000e-01 6.375858967136348e+00 9.044702118784608e-05
9.150000000000000e-01 6.537300211292723e+00 4.863257253813092e-05
9.200000000000000e-01 6.702827480888332e+00 2.504275384118806e-05
9.250000000000000e-01 6.872544235855034e+00 1.234407305008275e-05
9.300000000000000e-01 7.046556554689444e+00 5.822215652910009e-06
9.350000000000001e-01 7.224973200755413e+00 2.626834770849943e-06
9.400000000000001e-01 7.407905690264673e+00 1.133391329182950e-06
9.450000000000001e-01 7.595468361978146e+00 4.675648399696365e-07
9.500000000000001e-01 7.787778448671316e+00 1.843964461218446e-07
9.550000000000001e-01 7.984956150408610e+00 6.951289262851012e-08
9.600000000000000e-01 8.187124709672272e+00 2.504672816099780e-08
9.650000000000000e-01 8.394410488393007e+00 8.625724504742007e-09
9.700000000000000e-01 8.606943046930221e+00 2.839217896592149e-09
9.750000000000000e-01 8.824855225051540e+00 8.932504789327704e-10
9.800000000000000e-01 9.048283224961922e+00 2.686145288556109e-10
9.850000000000000e-01 9.277366696434507e+00 7.724480063484301e-11
9.900000000000000e-01 9.512248824096272e+00 2.115101913462374e-11
9.950000000000000e-01 9.753076416923058e+00 5.898266258205226e-12
1.000000000000000e+00 1.000000000000000e+01 5.125560558247863e-13
