0.000000000000000e+00 0.000000000000000e+00 -6.759605252358103e-01
5.000000000000000e-03 3.369477419287315e-03 -6.759605252358103e-01
1.000000000000000e-02 6.741060871647481e-03 -6.755693823991001e-01
1.500000000000000e-02 1.011685770649257e-02 -6.754029021573699e-01
2.000000000000000e-02 1.349897790673588e-02 -6.753996544907659e-01
2.500000000000000e-02 1.688953540759990e-02 -6.754266324212482e-01
3.000000000000000e-02 2.029064941789469e-02 -6.753512098556257e-01
3.500000000000000e-02 2.370444574459234e-02 -6.752022624621101e-01
4.000000000000000e-02 2.713305812152553e-02 -6.751000960520347e-01
4.500000000000000e-02 3.057862954304063e-02 -6.750311425161142e-01
5.000000000000000e-02 3.404331360343898e-02 -6.748930653207532e-01
5.500000000000000e-02 3.752927584304335e-02 -6.747090064946417e-01
6.000000000000000e-02 4.103869510173117e-02 -6.745617242064531e-01
6.500000000000000e-02 4.457376488078044e-02 -6.744172033306429e-01
7.000000000000001e-02 4.813669471387935e-02 -6.742055913147480e-01
7.500000000000000e-02 5.172971154815675e-02 -6.739691348393666e-01
8.000000000000000e-02 5.535506113609672e-02 -6.737651625072033e-01
8.500000000000001e-02 5.901500943920686e-02 -6.735448899462069e-01
9.000000000000000e-02 6.271184404431801e-02 -6.732595977473068e-01
9.500000000000000e-02 6.644787559340060e-02 -6.729589412287177e-01
1.000000000000000e-01 7.022543922779090e-02 -6.726833677760004e-01
1.050000000000000e-01 7.404689604773053e-02 -6.723816468657899e-01
1.100000000000000e-01 7.791463458813094e-02 -6.720180545882936e-01
1.150000000000000e-01 8.183107231148547e-02 -6.716396373349270e-01
1.200000000000000e-01 8.579865711886202e-02 -6.712776258229864e-01
1.250000000000000e-01 8.981986887992111e-02 -6.708861079556240e-01
1.300000000000000e-01 9.389722098291493e-02 -6.704346884906930e-01
1.350000000000000e-01 9.803326190563690e-02 -6.699620986575567e-01
1.400000000000000e-01 1.022305768083033e-01 -6.694970963761427e-01
1.450000000000000e-01 1.064917891493625e-01 -6.690040082950709e-01
1.500000000000000e-01 1.108195623252418e-01 -6.684524670053149e-01
1.550000000000000e-01 1.152166013350572e-01 -6.678676459008351e-01
1.600000000000000e-01 1.196856544713255e-01 -6.672782111427356e-01
1.650000000000000e-01 1.242295150377370e-01 -6.666654209566603e-01
1.700000000000000e-01 1.288510230950609e-01 -6.660007949872001e-01
1.750000000000000e-01 1.335530672362758e-01 -6.652876962881515e-01
1.800000000000000e-01 1.383385863920344e-01 -6.645468222128208e-01
1.850000000000000e-01 1.432105716675912e-01 -6.637845669513615e-01
1.900000000000000e-01 1.481720682123397e-01 -6.629883745239992e-01
1.950000000000000e-01 1.532261771231311e-01 -6.621361956389856e-01
2.000000000000000e-01 1.583760573825595e-01 -6.612238643232662e-01
2.050000000000000e-01 1.636249278334301e-01 -6.602745926369202e-01
2.100000000000000e-01 1.689760691906397e-01 -6.593013808338894e-01
2.150000000000000e-01 1.744328260917313e-01 -6.582835509188275e-01
2.200000000000000e-01 1.799986091874004e-01 -6.572043070261407e-01
2.250000000000000e-01 1.856768972732633e-01 -6.560621491743559e-01
2.300000000000000e-01 1.914712394642179e-01 -6.548561892513526e-01
2.350000000000000e-01 1.973852574127551e-01 -6.535998081164802e-01
2.400000000000000e-01 2.034226475726105e-01 -6.523031959043835e-01
2.450000000000000e-01 2.095871835091678e-01 -6.509514181027176e-01
2.500000000000000e-01 2.158827182580599e-01 -6.495403704623005e-01
2.550000000000000e-01 2.223131867334419e-01 -6.480604994093562e-01
2.600000000000000e-01 2.288826081874405e-01 -6.464985811314437e-01
2.650000000000000e-01 2.355950887223172e-01 -6.448645655969291e-01
2.700000000000000e-01 2.424548238569160e-01 -6.431462527385978e-01
2.750000000000000e-01 2.494661011489995e-01 -6.413549103348202e-01
2.800000000000000e-01 2.566333028751116e-01 -6.394821668473638e-01
2.850000000000000e-01 2.639609087696434e-01 -6.375318251838397e-01
2.900000000000000e-01 2.714534988248126e-01 -6.354985785574345e-01
2.950000000000000e-01 2.791157561533084e-01 -6.333814653402312e-01
3.000000000000000e-01 2.869524699153886e-01 -6.311768810982394e-01
3.050000000000000e-01 2.949685383122613e-01 -6.288824490568078e-01
3.100000000000000e-01 3.031689716476197e-01 -6.264953299202802e-01
3.150000000000000e-01 3.115588954592450e-01 -6.240130219250871e-01
3.200000000000000e-01 3.201435537226349e-01 -6.214330440425488e-01
3.250000000000000e-01 3.289283121286580e-01 -6.187530623860380e-01
3.300000000000000e-01 3.379186614372866e-01 -6.159708478840692e-01
3.350000000000000e-01 3.471202209094989e-01 -6.130842979106988e-01
3.400000000000000e-01 3.565387418195016e-01 -6.100914381378301e-01
3.450000000000000e-01 3.661801110494620e-01 -6.069904307545860e-01
3.500000000000000e-01 3.760503547690021e-01 -6.037795785023624e-01
3.550000000000000e-01 3.861556422017504e-01 -6.004573254693911e-01
3.600000000000000e-01 3.965022894813072e-01 -5.970222519325670e-01
3.650000000000000e-01 4.070967635990345e-01 -5.934730611937059e-01
3.700000000000000e-01 4.179456864461349e-01 -5.898085556129872e-01
3.750000000000000e-01 4.290558389525505e-01 -5.860275984926889e-01
3.800000000000000e-01 4.404341653252637e-01 -5.821290576670336e-01
3.850000000000000e-01 4.520877773886537e-01 -5.781117256963486e-01
3.900000000000000e-01 4.640239590296172e-01 -5.739742103898521e-01
3.950000000000000e-01 4.762501707502353e-01 -5.697147879644653e-01
4.000000000000000e-01 4.887740543308307e-01 -5.653312094518368e-01
4.050000000000000e-01 5.016034376063282e-01 -5.608204489639504e-01
4.100000000000000e-01 5.147463393589066e-01 -5.561783801044913e-01
4.150000000000000e-01 5.282109743299990e-01 -5.513993641851505e-01
4.200000000000000e-01 5.420057583547735e-01 -5.464757310466235e-01
4.250000000000000e-01 5.561393136223041e-01 -5.413971303673534e-01
4.300000000000000e-01 5.706204740647189e-01 -5.361497287108671e-01
4.350000000000000e-01 5.854582908786964e-01 -5.307152258270255e-01
4.400000000000000e-01 6.006620381827575e-01 -5.250696639170339e-01
4.450000000000000e-01 6.162412188138907e-01 -5.191820073632369e-01
4.500000000000000e-01 6.322055702671360e-01 -5.130124803913007e-01
4.550000000000000e-01 6.485650707818353e-01 -5.065106700965375e-01
4.600000000000000e-01 6.653299455783577e-01 -4.996134376062574e-01
4.650000000000000e-01 6.825106732491932e-01 -4.922427379244848e-01
4.700000000000000e-01 7.001179923084168e-01 -4.843035375241471e-01
4.750000000000000e-01 7.181629079036070e-01 -4.756821459476505e-01
4.800000000000000e-01 7.366566986944229e-01 -4.662454472806301e-01
4.850000000000000e-01 7.556109239021327e-01 -4.558417216656016e-01
4.900000000000000e-01 7.750374305345038e-01 -4.443039554163393e-01
4.950000000000000e-01 7.949483607905672e-01 -4.314566827824273e-01
5.000000000000000e-01 8.153561596498893e-01 -4.171273659738989e-01
5.050000000000000e-01 8.362735826510871e-01 -4.011629415478623e-01
5.100000000000000e-01 8.577137038644561e-01 -3.834512781948731e-01
5.150000000000000e-01 8.796899240636907e-01 -3.639458389955101e-01
5.200000000000000e-01 9.022159791018011e-01 -3.426900007501404e-01
5.250000000000000e-01 9.253059484964714e-01 -3.198358007346704e-01
5.300000000000000e-01 9.489742642302165e-01 -2.956512267683138e-01
5.350000000000000e-01 9.732357197708378e-01 -2.705113947679416e-01
5.400000000000000e-01 9.981054793178262e-01 -2.448723269615822e-01
5.450000000000000e-01 1.023599087280478e+00 -2.192307328108107e-01
5.500000000000000e-01 1.049732477993657e+00 -1.940774102856356e-01
5.550000000000000e-01 1.076521985677273e+00 -1.698537315784694e-01
5.600000000000001e-01 1.103984354645701e+00 -1.469193036362612e-01
5.650000000000001e-01 1.132136749773522e+00 -1.255350481198028e-01
5.700000000000001e-01 1.160996767224129e+00 -1.058614679971206e-01
5.750000000000001e-01 1.190582445447902e+00 -8.796854121755697e-02
5.800000000000000e-01 1.220912276456826e+00 -7.185233141670970e-02
5.850000000000000e-01 1.252005217382601e+00 -5.745379117616464e-02
5.900000000000000e-01 1.283880702325469e+00 -4.467655181399779e-02
5.950000000000000e-01 1.316558654501151e+00 -3.340196235801465e-02
6.000000000000000e-01 1.350059498693518e+00 -2.350080059859047e-02
6.050000000000000e-01 1.384404174020732e+00 -1.484180042887109e-02
6.100000000000000e-01 1.419614147022888e+00 -7.297485297432162e-03
6.150000000000000e-01 1.455711425079295e+00 -7.478935829945487e-04
6.200000000000000e-01 1.492718570163803e+00 4.917257127106486e-03
6.250000000000000e-01 1.530658712946775e+00 9.797514294670471e-03
6.300000000000000e-01 1.569555567252506e+00 1.398139534927277e-02
6.350000000000000e-01 1.609433444881138e+00 1.754659889816118e-02
6.400000000000000e-01 1.650317270804325e+00 2.056054287188678e-02
6.450000000000000e-01 1.692232598744148e+00 2.308110663306351e-02
6.500000000000000e-01 1.735205627145031e+00 2.515749466007994e-02
6.550000000000000e-01 1.779263215548615e+00 2.683116777649012e-02
6.600000000000000e-01 1.824432901381847e+00 2.813680731180094e-02
6.650000000000000e-01 1.870742917168772e+00 2.910329066274680e-02
6.700000000000000e-01 1.918222208176775e+00 2.975466536019756e-02
6.750000000000000e-01 1.966900450508319e+00 3.011111416969367e-02
6.800000000000000e-01 2.016808069649473e+00 3.018990667097581e-02
6.850000000000001e-01 2.067976259486829e+00 3.000633348926590e-02
6.900000000000001e-01 2.120437001804702e+00 2.957461794846829e-02
6.950000000000001e-01 2.174223086274785e+00 2.890879633451238e-02
7.000000000000001e-01 2.229368130950753e+00 2.802355220217324e-02
7.050000000000000e-01 2.285906603280654e+00 2.693498248023025e-02
7.100000000000000e-01 2.343873841650178e+00 2.566126421541661e-02
7.150000000000000e-01 2.403306077470301e+00 2.422318193528372e-02
7.200000000000000e-01 2.464240457823092e+00 2.264446876010405e-02
7.250000000000000e-01 2.526715068679855e+00 2.095191205367595e-02
7.300000000000000e-01 2.590768958706095e+00 1.917517922926464e-02
7.350000000000000e-01 2.656442163668210e+00 1.734633347244042e-02
7.400000000000000e-01 2.723775731457148e+00 1.549903341656294e-02
7.450000000000000e-01 2.792811747744667e+00 1.366744389300736e-02
7.500000000000000e-01 2.863593362288260e+00 1.188492293333611e-02
7.550000000000000e-01 2.936164815901156e+00 1.018258712620703e-02
7.600000000000000e-01 3.010571468104263e+00 8.587885933608156e-03
7.650000000000000e-01 3.086859825477351e+00 7.123328822140598e-03
7.700000000000000e-01 3.165077570727174e+00 5.805502514863428e-03
7.750000000000000e-01 3.245273592490716e+00 4.644488420162650e-03
7.800000000000000e-01 3.327498015892184e+00 3.643745585441007e-03
7.850000000000000e-01 3.411802233872832e+00 2.800469164093471e-03
7.900000000000000e-01 3.498238939313234e+00 2.106377325587763e-03
7.950000000000000e-01 3.586862157968046e+00 1.548830013908136e-03
8.000000000000000e-01 3.677727282233856e+00 1.112148670312099e-03
8.050000000000000e-01 3.770891105771243e+00 7.789917617453138e-04
8.100000000000001e-01 3.866411859002656e+00 5.316478077308175e-04
8.150000000000001e-01 3.964349245508326e+00 3.531329913483729e-04
8.200000000000001e-01 4.064764479342956e+00 2.280187517906757e-04
8.250000000000001e-01 4.167720323296481e+00 1.429585452687652e-04
8.300000000000001e-01 4.273281128122877e+00 8.692451249905758e-05
8.350000000000000e-01 4.381512872761445e+00 5.119766230028509e-05
8.400000000000000e-01 4.492483205575838e+00 2.917538869361286e-05
8.450000000000000e-01 4.606261486636447e+00 1.606669701410151e-05
8.500000000000000e-01 4.722918831072739e+00 8.540214343402576e-06
8.550000000000000e-01 4.842528153522501e+00 4.376612737910807e-06
8.600000000000000e-01 4.965164213705875e+00 2.159921740974757e-06
8.650000000000000e-01 5.090903663152626e+00 1.025374264644163e-06
8.700000000000000e-01 5.219825093111814e+00 4.677329932081136e-07
8.750000000000000e-01 5.352009083673925e+00 2.047982779272993e-07
8.800000000000000e-01 5.487538254136007e+00 8.598557259839361e-08
8.850000000000000e-01 5.626497314641444e+00 3.458380499269974e-08
8.900000000000000e-01 5.768973119126561e+00 1.331266663341439e-08
8.950000000000000e-01 5.915054719607133e+00 4.900285886114764e-09
9.000000000000000e-01 6.064833421838831e+00 1.723391338868117e-09
9.050000000000000e-01 6.218402842386253e+00 5.786536617887542e-10
9.100000000000000e-01 6.375858967136348e+00 1.853604053069912e-10
9.150000000000000e-01 6.537300211292723e+00 5.661029502745999e-11
9.200000000000000e-01 6.702827480888332e+00 1.647390994970015e-11
9.250000000000000e-01 6.872544235855034e+00 4.565511658673960e-12
9.300000000000000e-01 7.046556554689444e+00 1.204393297206746e-12
9.350000000000001e-01 7.224973200755413e+00 3.023106993956999e-13
9.400000000000001e-01 7.407905690264673e+00 7.217558405669208e-14
9.450000000000001e-01 7.595468361978146e+00 1.638507201404167e-14
9.500000000000001e-01 7.787778448671316e+00 3.536069775452147e-15
9.550000000000001e-01 7.984956150408610e+00 7.253095514539335e-16
9.600000000000000e-01 8.187124709672272e+00 1.413816810959521e-16
9.650000000000000e-01 8.394410488393007e+00 2.618709607109165e-17
9.700000000000000e-01 8.606943046930221e+00 4.608740200832285e-18
9.750000000000000e-01 8.824855225051540e+00 7.706757365275950e-19
9.800000000000000e-01 9.048283224961922e+00 1.224519538013096e-19
9.850000000000000e-01 9.277366696434507e+00 1.848848301022612e-20
9.900000000000000e-01 9.512248824096272e+00 2.649813561382121e-21
9.950000000000000e-01 9.753076416923058e+00 3.853105533024729e-22
1.000000000000000e+00 1.000000000000000e+01 -9.299880677122262e-23
