0.000000000000000e+00 0.000000000000000e+00 -2.110728206260129e-01
5.000000000000000e-03 3.369477419287315e-03 -2.110728206260129e-01
1.000000000000000e-02 6.741060871647481e-03 -2.130247346098756e-01
1.500000000000000e-02 1.011685770649257e-02 -2.130114566911137e-01
2.000000000000000e-02 1.349897790673588e-02 -2.125102314777740e-01
2.500000000000000e-02 1.688953540759990e-02 -2.125124499443814e-01
3.000000000000000e-02 2.029064941789469e-02 -2.126627538732598e-01
3.500000000000000e-02 2.370444574459234e-02 -2.125898206361169e-01
4.000000000000000e-02 2.713305812152553e-02 -2.124119575116924e-01
4.500000000000000e-02 3.057862954304063e-02 -2.123436306044922e-01
5.000000000000000e-02 3.404331360343898e-02 -2.123724967386828e-01
5.500000000000000e-02 3.752927584304335e-02 -2.123342863316942e-01
6.000000000000000e-02 4.103869510173117e-02 -2.121894550947876e-01
6.500000000000000e-02 4.457376488078044e-02 -2.120405006839836e-01
7.000000000000001e-02 4.813669471387935e-02 -2.119148357531908e-01
7.500000000000000e-02 5.172971154815675e-02 -2.118126322373573e-01
8.000000000000000e-02 5.535506113609672e-02 -2.117674659206978e-01
8.500000000000001e-02 5.901500943920686e-02 -2.116955417496957e-01
9.000000000000000e-02 6.271184404431801e-02 -2.115648534583275e-01
9.500000000000000e-02 6.644787559340060e-02 -2.114257315266636e-01
1.000000000000000e-01 7.022543922779090e-02 -2.112085660735928e-01
1.050000000000000e-01 7.404689604773053e-02 -2.110049942124635e-01
1.100000000000000e-01 7.791463458813094e-02 -2.107625363687093e-01
1.150000000000000e-01 8.183107231148547e-02 -2.105285776914284e-01
1.200000000000000e-01 8.579865711886202e-02 -2.102790768669706e-01
1.250000000000000e-01 8.981986887992111e-02 -2.100267484220864e-01
1.300000000000000e-01 9.389722098291493e-02 -2.097633958066090e-01
1.350000000000000e-01 9.803326190563690e-02 -2.094903189372432e-01
1.400000000000000e-01 1.022305768083033e-01 -2.092048475407944e-01
1.450000000000000e-01 1.064917891493625e-01 -2.089062197681411e-01
1.500000000000000e-01 1.108195623252418e-01 -2.085932127561860e-01
1.550000000000000e-01 1.152166013350572e-01 -2.082649372276062e-01
1.600000000000000e-01 1.196856544713255e-01 -2.079204945044139e-01
1.650000000000000e-01 1.242295150377370e-01 -2.075590405866652e-01
1.700000000000000e-01 1.288510230950609e-01 -2.071797368153734e-01
1.750000000000000e-01 1.335530672362758e-01 -2.067817456390586e-01
1.800000000000000e-01 1.383385863920344e-01 -2.063642202343136e-01
1.850000000000000e-01 1.432105716675912e-01 -2.059262997426169e-01
1.900000000000000e-01 1.481720682123397e-01 -2.054671054988280e-01
1.950000000000000e-01 1.532261771231311e-01 -2.049857385676439e-01
2.000000000000000e-01 1.583760573825595e-01 -2.044812780315874e-01
2.050000000000000e-01 1.636249278334301e-01 -2.039527798756051e-01
2.100000000000000e-01 1.689760691906397e-01 -2.033992763331628e-01
2.150000000000000e-01 1.744328260917313e-01 -2.028197756187787e-01
2.200000000000000e-01 1.799986091874004e-01 -2.022132619991429e-01
2.250000000000000e-01 1.856768972732633e-01 -2.015786961748894e-01
2.300000000000000e-01 1.914712394642179e-01 -2.009150159581188e-01
2.350000000000000e-01 1.973852574127551e-01 -2.002211372398420e-01
2.400000000000000e-01 2.034226475726105e-01 -1.994959552479374e-01
2.450000000000000e-01 2.095871835091678e-01 -1.987383461007196e-01
2.500000000000000e-01 2.158827182580599e-01 -1.979471686644320e-01
2.550000000000000e-01 2.223131867334419e-01 -1.971212667251319e-01
2.600000000000000e-01 2.288826081874405e-01 -1.962594714867727e-01
2.650000000000000e-01 2.355950887223172e-01 -1.953606044079082e-01
2.700000000000000e-01 2.424548238569160e-01 -1.944234803894242e-01
2.750000000000000e-01 2.494661011489995e-01 -1.934469113250387e-01
2.800000000000000e-01 2.566333028751116e-01 -1.924297100250229e-01
2.850000000000000e-01 2.639609087696434e-01 -1.913706945216482e-01
2.900000000000000e-01 2.714534988248126e-01 -1.902686927621943e-01
2.950000000000000e-01 2.791157561533084e-01 -1.891225476919487e-01
3.000000000000000e-01 2.869524699153886e-01 -1.879311227253437e-01
3.050000000000000e-01 2.949685383122613e-01 -1.866933075982131e-01
3.100000000000000e-01 3.031689716476197e-01 -1.854080245879384e-01
3.150000000000000e-01 3.115588954592450e-01 -1.840742350809438e-01
3.200000000000000e-01 3.201435537226349e-01 -1.826909464584332e-01
3.250000000000000e-01 3.289283121286580e-01 -1.812572192613464e-01
3.300000000000000e-01 3.379186614372866e-01 -1.797721745840747e-01
3.350000000000000e-01 3.471202209094989e-01 -1.782350016334030e-01
3.400000000000000e-01 3.565387418195016e-01 -1.766449653742252e-01
3.450000000000000e-01 3.661801110494620e-01 -1.750014141666865e-01
3.500000000000000e-01 3.760503547690021e-01 -1.733037872803078e-01
3.550000000000000e-01 3.861556422017504e-01 -1.715516221491609e-01
3.600000000000000e-01 3.965022894813072e-01 -1.697445612080779e-01
3.650000000000000e-01 4.070967635990345e-01 -1.678823581229958e-01
3.700000000000000e-01 4.179456864461349e-01 -1.659648831986181e-01
3.750000000000000e-01 4.290558389525505e-01 -1.639921277134924e-01
3.800000000000000e-01 4.404341653252637e-01 -1.619642068962025e-01
3.850000000000000e-01 4.520877773886537e-01 -1.598813612166061e-01
3.900000000000000e-01 4.640239590296172e-01 -1.577439556230556e-01
3.950000000000000e-01 4.762501707502353e-01 -1.555524763105709e-01
4.000000000000000e-01 4.887740543308307e-01 -1.533075245566672e-01
4.050000000000000e-01 5.016034376063282e-01 -1.510098071119885e-01
4.100000000000000e-01 5.147463393589066e-01 -1.486601225837637e-01
4.150000000000000e-01 5.282109743299990e-01 -1.462593432038857e-01
4.200000000000000e-01 5.420057583547735e-01 -1.438083913337465e-01
4.250000000000000e-01 5.561393136223041e-01 -1.413082100299505e-01
4.300000000000000e-01 5.706204740647189e-01 -1.387597269856398e-01
4.350000000000000e-01 5.854582908786964e-01 -1.361638111807539e-01
4.400000000000000e-01 6.006620381827575e-01 -1.335212216333486e-01
4.450000000000000e-01 6.162412188138907e-01 -1.308325477587878e-01
4.500000000000000e-01 6.322055702671360e-01 -1.280981410338275e-01
4.550000000000000e-01 6.485650707818353e-01 -1.253180379522711e-01
4.600000000000000e-01 6.653299455783577e-01 -1.224918746762418e-01
4.650000000000000e-01 6.825106732491932e-01 -1.196187943644091e-01
4.700000000000000e-01 7.001179923084168e-01 -1.166973489303315e-01
4.750000000000000e-01 7.181629079036070e-01 -1.137253979851437e-01
4.800000000000000e-01 7.366566986944229e-01 -1.107000089791838e-01
4.850000000000000e-01 7.556109239021327e-01 -1.076173640956451e-01
4.900000000000000e-01 7.750374305345038e-01 -1.044726812636773e-01
4.950000000000000e-01 7.949483607905672e-01 -1.012601587118194e-01
5.000000000000000e-01 8.153561596498893e-01 -9.797295468749515e-02
5.050000000000000e-01 8.362735826510871e-01 -9.460321616620124e-02
5.100000000000000e-01 8.577137038644561e-01 -9.114217231599327e-02
5.150000000000000e-01 8.796899240636907e-01 -8.758030981247016e-02
5.200000000000000e-01 9.022159791018011e-01 -8.390764734577696e-02
5.250000000000000e-01 9.253059484964714e-01 -8.011412525073246e-02
5.300000000000000e-01 9.489742642302165e-01 -7.619012249058625e-02
5.350000000000000e-01 9.732357197708378e-01 -7.212710662476418e-02
5.400000000000000e-01 9.981054793178262e-01 -6.791841244047106e-02
5.450000000000000e-01 1.023599087280478e+00 -6.356013151674862e-02
5.500000000000000e-01 1.049732477993657e+00 -5.905207855803599e-02
5.550000000000000e-01 1.076521985677273e+00 -5.439878206895146e-02
5.600000000000001e-01 1.103984354645701e+00 -4.961042888640260e-02
5.650000000000001e-01 1.132136749773522e+00 -4.470367708168065e-02
5.700000000000001e-01 1.160996767224129e+00 -3.970224313228837e-02
5.750000000000001e-01 1.190582445447902e+00 -3.463717029843332e-02
5.800000000000000e-01 1.220912276456826e+00 -2.954669820779337e-02
5.850000000000000e-01 1.252005217382601e+00 -2.447567943224348e-02
5.900000000000000e-01 1.283880702325469e+00 -1.947452568302476e-02
5.950000000000000e-01 1.316558654501151e+00 -1.459771005419289e-02
6.000000000000000e-01 1.350059498693518e+00 -9.901896491630044e-03
6.050000000000000e-01 1.384404174020732e+00 -5.443806595275986e-03
6.100000000000000e-01 1.419614147022888e+00 -1.277960985806943e-03
6.150000000000000e-01 1.455711425079295e+00 2.545556029490974e-03
6.200000000000000e-01 1.492718570163803e+00 5.983164676371533e-03
6.250000000000000e-01 1.530658712946775e+00 8.999566146291259e-03
6.300000000000000e-01 1.569555567252506e+00 1.156913154637318e-02
6.350000000000000e-01 1.609433444881138e+00 1.367684120132859e-02
6.400000000000000e-01 1.650317270804325e+00 1.531874538109655e-02
6.450000000000000e-01 1.692232598744148e+00 1.650194701822125e-02
6.500000000000000e-01 1.735205627145031e+00 1.724413101883914e-02
6.550000000000000e-01 1.779263215548615e+00 1.757268322426310e-02
6.600000000000000e-01 1.824432901381847e+00 1.752345581976468e-02
6.650000000000000e-01 1.870742917168772e+00 1.713924623155509e-02
6.700000000000000e-01 1.918222208176775e+00 1.646806431093991e-02
6.750000000000000e-01 1.966900450508319e+00 1.556126835570612e-02
6.800000000000000e-01 2.016808069649473e+00 1.447165415224053e-02
6.850000000000001e-01 2.067976259486829e+00 1.325158218221839e-02
6.900000000000001e-01 2.120437001804702e+00 1.195122568696729e-02
6.950000000000001e-01 2.174223086274785e+00 1.061701578606501e-02
7.000000000000001e-01 2.229368130950753e+00 9.290349008584140e-03
7.050000000000000e-01 2.285906603280654e+00 8.006607601968637e-03
7.100000000000000e-01 2.343873841650178e+00 6.794524541181680e-03
7.150000000000000e-01 2.403306077470301e+00 5.675904439903750e-03
7.200000000000000e-01 2.464240457823092e+00 4.665690075257513e-03
7.250000000000000e-01 2.526715068679855e+00 3.772343659401560e-03
7.300000000000000e-01 2.590768958706095e+00 2.998493998218737e-03
7.350000000000000e-01 2.656442163668210e+00 2.341786756296702e-03
7.400000000000000e-01 2.723775731457148e+00 1.795866341035809e-03
7.450000000000000e-01 2.792811747744667e+00 1.351415095996114e-03
7.500000000000000e-01 2.863593362288260e+00 9.971786619903985e-04
7.550000000000000e-01 2.936164815901156e+00 7.209150361096508e-04
7.600000000000000e-01 3.010571468104263e+00 5.102179831421678e-04
7.650000000000000e-01 3.086859825477351e+00 3.531815227544527e-04
7.700000000000000e-01 3.165077570727174e+00 2.388894389234684e-04
7.750000000000000e-01 3.245273592490716e+00 1.577302883045502e-04
7.800000000000000e-01 3.327498015892184e+00 1.015525617602253e-04
7.850000000000000e-01 3.411802233872832e+00 6.368522684772763e-05
7.900000000000000e-01 3.498238939313234e+00 3.885516210413321e-05
7.950000000000000e-01 3.586862157968046e+00 2.303492538519111e-05
8.000000000000000e-01 3.677727282233856e+00 1.325239610490348e-05
8.050000000000000e-01 3.770891105771243e+00 7.389049418923350e-06
8.100000000000001e-01 3.866411859002656e+00 3.987144983376524e-06
8.150000000000001e-01 3.964349245508326e+00 2.079138302458543e-06
8.200000000000001e-01 4.064764479342956e+00 1.046158351851037e-06
8.250000000000001e-01 4.167720323296481e+00 5.071374345039334e-07
8.300000000000001e-01 4.273281128122877e+00 2.364650682518529e-07
8.350000000000000e-01 4.381512872761445e+00 1.058762591578294e-07
8.400000000000000e-01 4.492483205575838e+00 4.544405915861933e-08
8.450000000000000e-01 4.606261486636447e+00 1.866552377712612e-08
8.500000000000000e-01 4.722918831072739e+00 7.323321736494389e-09
8.550000000000000e-01 4.842528153522501e+00 2.739593498236268e-09
8.600000000000000e-01 4.965164213705875e+00 9.753642889572306e-10
8.650000000000000e-01 5.090903663152626e+00 3.298627749427983e-10
8.700000000000000e-01 5.219825093111814e+00 1.057699582551035e-10
8.750000000000000e-01 5.352009083673925e+00 3.209434166275220e-11
8.800000000000000e-01 5.487538254136007e+00 9.198317181400499e-12
8.850000000000000e-01 5.626497314641444e+00 2.485339565548313e-12
8.900000000000000e-01 5.768973119126561e+00 6.319120339369390e-13
8.950000000000000e-01 5.915054719607133e+00 1.509160642478302e-13
9.000000000000000e-01 6.064833421838831e+00 3.379569038910518e-14
9.050000000000000e-01 6.218402842386253e+00 7.084424201197194e-15
9.100000000000000e-01 6.375858967136348e+00 1.387949841540217e-15
9.150000000000000e-01 6.537300211292723e+00 2.537597368166234e-16
9.200000000000000e-01 6.702827480888332e+00 4.323714738515452e-17
9.250000000000000e-01 6.872544235855034e+00 6.857100644297278e-18
9.300000000000000e-01 7.046556554689444e+00 1.011115191160403e-18
9.350000000000001e-01 7.224973200755413e+00 1.384946309074254e-19
9.400000000000001e-01 7.407905690264673e+00 1.760777046154805e-20
9.450000000000001e-01 7.595468361978146e+00 2.076610977150207e-21
9.500000000000001e-01 7.787778448671316e+00 2.270906729306858e-22
9.550000000000001e-01 7.984956150408610e+00 2.302098108257572e-23
9.600000000000000e-01 8.187124709672272e+00 2.163149679189342e-24
9.650000000000000e-01 8.394410488393007e+00 1.884138530106498e-25
9.700000000000000e-01 8.606943046930221e+00 1.521566613420292e-26
9.750000000000000e-01 8.824855225051540e+00 1.139638692917980e-27
9.800000000000000e-01 9.048283224961922e+00 7.920264823293194e-29
9.850000000000000e-01 9.277366696434507e+00 5.110375589104688e-30
9.900000000000000e-01 9.512248824096272e+00 3.062947152375528e-31
9.950000000000000e-01 9.753076416923058e+00 1.779224548227294e-32
1.000000000000000e+00 1.000000000000000e+01 -1.033729272560990e-32
