0.000000000000000e+00 0.000000000000000e+00 -8.497225466540783e-01
5.000000000000000e-03 3.369477419287315e-03 -8.497225466540783e-01
1.000000000000000e-02 6.741060871647481e-03 -8.514730507521032e-01
1.500000000000000e-02 1.011685770649257e-02 -8.514245803337119e-01
2.000000000000000e-02 1.349897790673588e-02 -8.509695247230967e-01
2.500000000000000e-02 1.688953540759990e-02 -8.509929983534662e-01
3.000000000000000e-02 2.029064941789469e-02 -8.510657980797299e-01
3.500000000000000e-02 2.370444574459234e-02 -8.509474981445576e-01
4.000000000000000e-02 2.713305812152553e-02 -8.508511208688760e-01
4.500000000000000e-02 3.057862954304063e-02 -8.508333281006952e-01
5.000000000000000e-02 3.404331360343898e-02 -8.507386339043708e-01
5.500000000000000e-02 3.752927584304335e-02 -8.506050637632163e-01
6.000000000000000e-02 4.103869510173117e-02 -8.505351676151477e-01
6.500000000000000e-02 4.457376488078044e-02 -8.504545419352483e-01
7.000000000000001e-02 4.813669471387935e-02 -8.502949460043029e-01
7.500000000000000e-02 5.172971154815675e-02 -8.501526153152734e-01
8.000000000000000e-02 5.535506113609672e-02 -8.500513412346928e-01
8.500000000000001e-02 5.901500943920686e-02 -8.499009590244121e-01
9.000000000000000e-02 6.271184404431801e-02 -8.497091485563320e-01
9.500000000000000e-02 6.644787559340060e-02 -8.495497862655625e-01
1.000000000000000e-01 7.022543922779090e-02 -8.493860917469928e-01
1.050000000000000e-01 7.404689604773053e-02 -8.491723404029154e-01
1.100000000000000e-01 7.791463458813094e-02 -8.489580223958774e-01
1.150000000000000e-01 8.183107231148547e-02 -8.487607662147055e-01
1.200000000000000e-01 8.579865711886202e-02 -8.485250959652375e-01
1.250000000000000e-01 8.981986887992111e-02 -8.482582691654713e-01
1.300000000000000e-01 9.389722098291493e-02 -8.480101551492545e-01
1.350000000000000e-01 9.803326190563690e-02 -8.477550976899471e-01
1.400000000000000e-01 1.022305768083033e-01 -8.474507849392303e-01
1.450000000000000e-01 1.064917891493625e-01 -8.471328339412134e-01
1.500000000000000e-01 1.108195623252418e-01 -8.468322976833951e-01
1.550000000000000e-01 1.152166013350572e-01 -8.465080744018415e-01
1.600000000000000e-01 1.196856544713255e-01 -8.461374037939289e-01
1.650000000000000e-01 1.242295150377370e-01 -8.457605157007283e-01
1.700000000000000e-01 1.288510230950609e-01 -8.453925331633615e-01
1.750000000000000e-01 1.335530672362758e-01 -8.449938757118488e-01
1.800000000000000e-01 1.383385863920344e-01 -8.445528320208960e-01
1.850000000000000e-01 1.432105716675912e-01 -8.441046872197255e-01
1.900000000000000e-01 1.481720682123397e-01 -8.436592386202058e-01
1.950000000000000e-01 1.532261771231311e-01 -8.431828295003860e-01
2.000000000000000e-01 1.583760573825595e-01 -8.426642949552164e-01
2.050000000000000e-01 1.636249278334301e-01 -8.421325934568547e-01
2.100000000000000e-01 1.689760691906397e-01 -8.416012572159768e-01
2.150000000000000e-01 1.744328260917313e-01 -8.410441603853634e-01
2.200000000000000e-01 1.799986091874004e-01 -8.404444719226654e-01
2.250000000000000e-01 1.856768972732633e-01 -8.398212755889743e-01
2.300000000000000e-01 1.914712394642179e-01 -8.391937466839292e-01
2.350000000000000e-01 1.973852574127551e-01 -8.385507917059536e-01
2.400000000000000e-01 2.034226475726105e-01 -8.378753117173663e-01
2.450000000000000e-01 2.095871835091678e-01 -8.371669397137723e-01
2.500000000000000e-01 2.158827182580599e-01 -8.364367673441470e-01
2.550000000000000e-01 2.223131867334419e-01 -8.356964253870106e-01
2.600000000000000e-01 2.288826081874405e-01 -8.349484405731871e-01
2.650000000000000e-01 2.355950887223172e-01 -8.341778047543037e-01
2.700000000000000e-01 2.424548238569160e-01 -8.333755223146957e-01
2.750000000000000e-01 2.494661011489995e-01 -8.325526191855942e-01
2.800000000000000e-01 2.566333028751116e-01 -8.317190154827825e-01
2.850000000000000e-01 2.639609087696434e-01 -8.308818210439578e-01
2.900000000000000e-01 2.714534988248126e-01 -8.300496857071826e-01
2.950000000000000e-01 2.791157561533084e-01 -8.292156854168037e-01
3.000000000000000e-01 2.869524699153886e-01 -8.283793027355971e-01
3.050000000000000e-01 2.949685383122613e-01 -8.275458099887484e-01
3.100000000000000e-01 3.031689716476197e-01 -8.267144302620729e-01
3.150000000000000e-01 3.115588954592450e-01 -8.259019634822359e-01
3.200000000000000e-01 3.201435537226349e-01 -8.251120094997052e-01
3.250000000000000e-01 3.289283121286580e-01 -8.243617319532867e-01
3.300000000000000e-01 3.379186614372866e-01 -8.236598569857475e-01
3.350000000000000e-01 3.471202209094989e-01 -8.230224033102238e-01
3.400000000000000e-01 3.565387418195016e-01 -8.224635021082578e-01
3.450000000000000e-01 3.661801110494620e-01 -8.220015508087209e-01
3.500000000000000e-01 3.760503547690021e-01 -8.216567520780450e-01
3.550000000000000e-01 3.861556422017504e-01 -8.214531147006625e-01
3.600000000000000e-01 3.965022894813072e-01 -8.214183393406751e-01
3.650000000000000e-01 4.070967635990345e-01 -8.215847744610387e-01
3.700000000000000e-01 4.179456864461349e-01 -8.219900831174349e-01
3.750000000000000e-01 4.290558389525505e-01 -8.226782488767272e-01
3.800000000000000e-01 4.404341653252637e-01 -8.237007334390497e-01
3.850000000000000e-01 4.520877773886537e-01 -8.251179332439905e-01
3.900000000000000e-01 4.640239590296172e-01 -8.270009812094176e-01
3.950000000000000e-01 4.762501707502353e-01 -8.294340090867456e-01
4.000000000000000e-01 4.887740543308307e-01 -8.325170084561510e-01
4.050000000000000e-01 5.016034376063282e-01 -8.363694844325498e-01
4.100000000000000e-01 5.147463393589066e-01 -8.411351659875446e-01
4.150000000000000e-01 5.282109743299990e-01 -8.469881358104711e-01
4.200000000000000e-01 5.420057583547735e-01 -8.541408765834644e-01
4.250000000000000e-01 5.561393136223041e-01 -8.628549056045899e-01
4.300000000000000e-01 5.706204740647189e-01 -8.734548758371433e-01
4.350000000000000e-01 5.854582908786964e-01 -8.863471955646680e-01
4.400000000000000e-01 6.006620381827575e-01 -9.020441315233456e-01
4.450000000000000e-01 6.162412188138907e-01 -9.211932830630591e-01
4.500000000000000e-01 6.322055702671360e-01 -9.446080256110477e-01
4.550000000000000e-01 6.485650707818353e-01 -9.732803060813534e-01
4.600000000000000e-01 6.653299455783577e-01 -1.008312832637157e+00
4.650000000000000e-01 6.825106732491932e-01 -1.050574194767149e+00
4.700000000000000e-01 7.001179923084168e-01 -1.099503714123161e+00
4.750000000000000e-01 7.181629079036070e-01 -1.149615466927043e+00
4.800000000000000e-01 7.366566986944229e-01 -1.182362432955869e+00
4.850000000000000e-01 7.556109239021327e-01 -1.155763891516101e+00
4.900000000000000e-01 7.750374305345038e-01 -1.016667960654667e+00
4.950000000000000e-01 7.949483607905672e-01 -7.669194552671081e-01
5.000000000000000e-01 8.153561596498893e-01 -5.071649712676075e-01
5.050000000000000e-01 8.362735826510871e-01 -3.372369361214204e-01
5.100000000000000e-01 8.577137038644561e-01 -2.517618869792569e-01
5.150000000000000e-01 8.796899240636907e-01 -2.010386910145092e-01
5.200000000000000e-01 9.022159791018011e-01 -1.662198374511541e-01
5.250000000000000e-01 9.253059484964714e-01 -1.431047117236919e-01
5.300000000000000e-01 9.489742642302165e-01 -1.261050268388569e-01
5.350000000000000e-01 9.732357197708378e-01 -1.129163257192523e-01
5.400000000000000e-01 9.981054793178262e-01 -1.025851839465340e-01
5.450000000000000e-01 1.023599087280478e+00 -9.409294690632708e-02
5.500000000000000e-01 1.049732477993657e+00 -8.698701096264740e-02
5.550000000000000e-01 1.076521985677273e+00 -8.094300625772706e-02
5.600000000000001e-01 1.103984354645701e+00 -7.569951750977803e-02
5.650000000000001e-01 1.132136749773522e+00 -7.110154286821135e-02
5.700000000000001e-01 1.160996767224129e+00 -6.702109394669339e-02
5.750000000000001e-01 1.190582445447902e+00 -6.336267560668433e-02
5.800000000000000e-01 1.220912276456826e+00 -6.005476336467073e-02
5.850000000000000e-01 1.252005217382601e+00 -5.703876178860882e-02
5.900000000000000e-01 1.283880702325469e+00 -5.426844620764491e-02
5.950000000000000e-01 1.316558654501151e+00 -5.170596530052201e-02
6.000000000000000e-01 1.350059498693518e+00 -4.931986911676680e-02
6.050000000000000e-01 1.384404174020732e+00 -4.708391034611271e-02
6.100000000000000e-01 1.419614147022888e+00 -4.497579602621084e-02
6.150000000000000e-01 1.455711425079295e+00 -4.297643899477229e-02
6.200000000000000e-01 1.492718570163803e+00 -4.106933520140620e-02
6.250000000000000e-01 1.530658712946775e+00 -3.924007614596736e-02
6.300000000000000e-01 1.569555567252506e+00 -3.747598214132604e-02
6.350000000000000e-01 1.609433444881138e+00 -3.576580667027666e-02
6.400000000000000e-01 1.650317270804325e+00 -3.409950556196768e-02
6.450000000000000e-01 1.692232598744148e+00 -3.246805562375826e-02
6.500000000000000e-01 1.735205627145031e+00 -3.086331307620574e-02
6.550000000000000e-01 1.779263215548615e+00 -2.927790581594228e-02
6.600000000000000e-01 1.824432901381847e+00 -2.770515444475281e-02
6.650000000000000e-01 1.870742917168772e+00 -2.613901880646779e-02
6.700000000000000e-01 1.918222208176775e+00 -2.457406774761883e-02
6.750000000000000e-01 1.966900450508319e+00 -2.300547055492381e-02
6.800000000000000e-01 2.016808069649473e+00 -2.142900904144965e-02
6.850000000000001e-01 2.067976259486829e+00 -1.984110950560483e-02
6.900000000000001e-01 2.120437001804702e+00 -1.823889380234360e-02
6.950000000000001e-01 2.174223086274785e+00 -1.662024851652170e-02
7.000000000000001e-01 2.229368130950753e+00 -1.498391069490174e-02
7.050000000000000e-01 2.285906603280654e+00 -1.332956776431143e-02
7.100000000000000e-01 2.343873841650178e+00 -1.165796814875077e-02
7.150000000000000e-01 2.403306077470301e+00 -9.971037747875744e-03
7.200000000000000e-01 2.464240457823092e+00 -8.271995960196465e-03
7.250000000000000e-01 2.526715068679855e+00 -6.565463503358506e-03
7.300000000000000e-01 2.590768958706095e+00 -4.857553146919534e-03
7.350000000000000e-01 2.656442163668210e+00 -3.155933920963274e-03
7.400000000000000e-01 2.723775731457148e+00 -1.469859680752599e-03
7.450000000000000e-01 2.792811747744667e+00 1.898457084188644e-04
7.500000000000000e-01 2.863593362288260e+00 1.810851838657177e-03
7.550000000000000e-01 2.936164815901156e+00 3.379435877031918e-03
7.600000000000000e-01 3.010571468104263e+00 4.880645832704993e-03
7.650000000000000e-01 3.086859825477351e+00 6.298508609755017e-03
7.700000000000000e-01 3.165077570727174e+00 7.616277272631844e-03
7.750000000000000e-01 3.245273592490716e+00 8.816713416408982e-03
7.800000000000000e-01 3.327498015892184e+00 9.882405442003219e-03
7.850000000000000e-01 3.411802233872832e+00 1.079613209341768e-02
7.900000000000000e-01 3.498238939313234e+00 1.154129236127574e-02
7.950000000000000e-01 3.586862157968046e+00 1.210243684825650e-02
8.000000000000000e-01 3.677727282233856e+00 1.246595009586841e-02
8.050000000000000e-01 3.770891105771243e+00 1.262094319163572e-02
8.100000000000001e-01 3.866411859002656e+00 1.256040953488875e-02
8.150000000000001e-01 3.964349245508326e+00 1.228265529528261e-02
8.200000000000001e-01 4.064764479342956e+00 1.179292285052668e-02
8.250000000000001e-01 4.167720323296481e+00 1.110498246052741e-02
8.300000000000001e-01 4.273281128122877e+00 1.024231192188810e-02
8.350000000000000e-01 4.381512872761445e+00 9.238387228370747e-03
8.400000000000000e-01 4.492483205575838e+00 8.135647610976267e-03
8.450000000000000e-01 4.606261486636447e+00 6.982917340659161e-03
8.500000000000000e-01 4.722918831072739e+00 5.831433376487952e-03
8.550000000000000e-01 4.842528153522501e+00 4.730035443806235e-03
8.600000000000000e-01 4.965164213705875e+00 3.720377762015078e-03
8.650000000000000e-01 5.090903663152626e+00 2.833097003306404e-03
8.700000000000000e-01 5.219825093111814e+00 2.085676093152572e-03
8.750000000000000e-01 5.352009083673925e+00 1.482336002658478e-03
8.800000000000000e-01 5.487538254136007e+00 1.015802933498057e-03
8.850000000000000e-01 5.626497314641444e+00 6.703925228041591e-04
8.900000000000000e-01 5.768973119126561e+00 4.256416596762923e-04
8.950000000000000e-01 5.915054719607133e+00 2.597383313353665e-04
9.000000000000000e-01 6.064833421838831e+00 1.522048356650159e-04
9.050000000000000e-01 6.218402842386253e+00 8.558251618372616e-05
9.100000000000000e-01 6.375858967136348e+00 4.614321781409222e-05
9.150000000000000e-01 6.537300211292723e+00 2.384159261687229e-05
9.200000000000000e-01 6.702827480888332e+00 1.179885053336646e-05
9.250000000000000e-01 6.872544235855034e+00 5.590177397605249e-06
9.300000000000000e-01 7.046556554689444e+00 2.534702248059200e-06
9.350000000000001e-01 7.224973200755413e+00 1.099524975393221e-06
9.400000000000001e-01 7.407905690264673e+00 4.561906462554607e-07
9.450000000000001e-01 7.595468361978146e+00 1.809922282750226e-07
9.500000000000001e-01 7.787778448671316e+00 6.865553758577531e-08
9.550000000000001e-01 7.984956150408610e+00 2.489670056473665e-08
9.600000000000000e-01 8.187124709672272e+00 8.630259495606986e-09
9.650000000000000e-01 8.394410488393007e+00 2.859578498314765e-09
9.700000000000000e-01 8.606943046930221e+00 9.056698330864408e-10
9.750000000000000e-01 8.824855225051540e+00 2.741788191742221e-10
9.800000000000000e-01 9.048283224961922e+00 7.934153837623083e-11
9.850000000000000e-01 9.277366696434507e+00 2.195547959847517e-11
9.900000000000000e-01 9.512248824096272e+00 5.786507556130028e-12
9.950000000000000e-01 9.753076416923058e+00 1.554719934182907e-12
1.000000000000000e+00 1.000000000000000e+01 1.033359532611731e-13
