0.000000000000000e+00 0.000000000000000e+00 -8.277894809990687e-01
5.000000000000000e-03 3.369477419287315e-03 -8.277894809990687e-01
1.000000000000000e-02 6.741060871647481e-03 -8.264796380374870e-01
1.500000000000000e-02 1.011685770649257e-02 -8.264390857193356e-01
2.000000000000000e-02 1.349897790673588e-02 -8.267147414146918e-01
2.500000000000000e-02 1.688953540759990e-02 -8.266533023040906e-01
3.000000000000000e-02 2.029064941789469e-02 -8.264780254557799e-01
3.500000000000000e-02 2.370444574459234e-02 -8.264464774514877e-01
4.000000000000000e-02 2.713305812152553e-02 -8.264262091151631e-01
4.500000000000000e-02 3.057862954304063e-02 -8.263073749947420e-01
5.000000000000000e-02 3.404331360343898e-02 -8.261916533760304e-01
5.500000000000000e-02 3.752927584304335e-02 -8.261272432663010e-01
6.000000000000000e-02 4.103869510173117e-02 -8.260116035911153e-01
6.500000000000000e-02 4.457376488078044e-02 -8.258519924685401e-01
7.000000000000001e-02 4.813669471387935e-02 -8.257339315488251e-01
7.500000000000000e-02 5.172971154815675e-02 -8.256163054352424e-01
8.000000000000000e-02 5.535506113609672e-02 -8.254291183609082e-01
8.500000000000001e-02 5.901500943920686e-02 -8.252394544914136e-01
9.000000000000000e-02 6.271184404431801e-02 -8.250889436823333e-01
9.500000000000000e-02 6.644787559340060e-02 -8.249026660579499e-01
1.000000000000000e-01 7.022543922779090e-02 -8.246627190357844e-01
1.050000000000000e-01 7.404689604773053e-02 -8.244412045095360e-01
1.100000000000000e-01 7.791463458813094e-02 -8.242308938977860e-01
1.150000000000000e-01 8.183107231148547e-02 -8.239719669171680e-01
1.200000000000000e-01 8.579865711886202e-02 -8.236872164971066e-01
1.250000000000000e-01 8.981986887992111e-02 -8.234195026012384e-01
1.300000000000000e-01 9.389722098291493e-02 -8.231339238455014e-01
1.350000000000000e-01 9.803326190563690e-02 -8.228035732249038e-01
1.400000000000000e-01 1.022305768083033e-01 -8.224668967909911e-01
1.450000000000000e-01 1.064917891493625e-01 -8.221352923404153e-01
1.500000000000000e-01 1.108195623252418e-01 -8.217685479189994e-01
1.550000000000000e-01 1.152166013350572e-01 -8.213644058307165e-01
1.600000000000000e-01 1.196856544713255e-01 -8.209601579445722e-01
1.650000000000000e-01 1.242295150377370e-01 -8.205498296823235e-01
1.700000000000000e-01 1.288510230950609e-01 -8.200979397600201e-01
1.750000000000000e-01 1.335530672362758e-01 -8.196115729209976e-01
1.800000000000000e-01 1.383385863920344e-01 -8.191222200798597e-01
1.850000000000000e-01 1.432105716675912e-01 -8.186209603142548e-01
1.900000000000000e-01 1.481720682123397e-01 -8.180782065534987e-01
1.950000000000000e-01 1.532261771231311e-01 -8.174980877451415e-01
2.000000000000000e-01 1.583760573825595e-01 -8.169060891203322e-01
2.050000000000000e-01 1.636249278334301e-01 -8.163009671612380e-01
2.100000000000000e-01 1.689760691906397e-01 -8.156605697578880e-01
2.150000000000000e-01 1.744328260917313e-01 -8.149773801169744e-01
2.200000000000000e-01 1.799986091874004e-01 -8.142662713743103e-01
2.250000000000000e-01 1.856768972732633e-01 -8.135400827696811e-01
2.300000000000000e-01 1.914712394642179e-01 -8.127924385067282e-01
2.350000000000000e-01 1.973852574127551e-01 -8.120031698517224e-01
2.400000000000000e-01 2.034226475726105e-01 -8.111672681838942e-01
2.450000000000000e-01 2.095871835091678e-01 -8.103037360624147e-01
2.500000000000000e-01 2.158827182580599e-01 -8.094255188449409e-01
2.550000000000000e-01 2.223131867334419e-01 -8.085203606093758e-01
2.600000000000000e-01 2.288826081874405e-01 -8.075763399993622e-01
2.650000000000000e-01 2.355950887223172e-01 -8.065912105838001e-01
2.700000000000000e-01 2.424548238569160e-01 -8.055661347189097e-01
2.750000000000000e-01 2.494661011489995e-01 -8.045141670730092e-01
2.800000000000000e-01 2.566333028751116e-01 -8.034457796739871e-01
2.850000000000000e-01 2.639609087696434e-01 -8.023539811858557e-01
2.900000000000000e-01 2.714534988248126e-01 -8.012387155325247e-01
2.950000000000000e-01 2.791157561533084e-01 -8.000955337144682e-01
3.000000000000000e-01 2.869524699153886e-01 -7.989193136472484e-01
3.050000000000000e-01 2.949685383122613e-01 -7.977207787756817e-01
3.100000000000000e-01 3.031689716476197e-01 -7.964972035247437e-01
3.150000000000000e-01 3.115588954592450e-01 -7.952624202843902e-01
3.200000000000000e-01 3.201435537226349e-01 -7.940176855041494e-01
3.250000000000000e-01 3.289283121286580e-01 -7.927735201043227e-01
3.300000000000000e-01 3.379186614372866e-01 -7.915349871475420e-01
3.350000000000000e-01 3.471202209094989e-01 -7.903113827080755e-01
3.400000000000000e-01 3.565387418195016e-01 -7.891113549801265e-01
3.450000000000000e-01 3.661801110494620e-01 -7.879459464814853e-01
3.500000000000000e-01 3.760503547690021e-01 -7.868275186835740e-01
3.550000000000000e-01 3.861556422017504e-01 -7.857705988100780e-01
3.600000000000000e-01 3.965022894813072e-01 -7.847918800882957e-01
3.650000000000000e-01 4.070967635990345e-01 -7.839106137435702e-01
3.700000000000000e-01 4.179456864461349e-01 -7.831488982643084e-01
3.750000000000000e-01 4.290558389525505e-01 -7.825320676879521e-01
3.800000000000000e-01 4.404341653252637e-01 -7.820891099141043e-01
3.850000000000000e-01 4.520877773886537e-01 -7.818531428307068e-01
3.900000000000000e-01 4.640239590296172e-01 -7.818619396022909e-01
3.950000000000000e-01 4.762501707502353e-01 -7.821585012524989e-01
4.000000000000000e-01 4.887740543308307e-01 -7.827916625317740e-01
4.050000000000000e-01 5.016034376063282e-01 -7.838167026773526e-01
4.100000000000000e-01 5.147463393589066e-01 -7.852959049408391e-01
4.150000000000000e-01 5.282109743299990e-01 -7.872989607594050e-01
4.200000000000000e-01 5.420057583547735e-01 -7.899030302928332e-01
4.250000000000000e-01 5.561393136223041e-01 -7.931921236851308e-01
4.300000000000000e-01 5.706204740647189e-01 -7.972552083744251e-01
4.350000000000000e-01 5.854582908786964e-01 -8.021819906580177e-01
4.400000000000000e-01 6.006620381827575e-01 -8.080545108896144e-01
4.450000000000000e-01 6.162412188138907e-01 -8.149312624211984e-01
4.500000000000000e-01 6.322055702671360e-01 -8.228180433237107e-01
4.550000000000000e-01 6.485650707818353e-01 -8.316154877832079e-01
4.600000000000000e-01 6.653299455783577e-01 -8.410263919895348e-01
4.650000000000000e-01 6.825106732491932e-01 -8.503964810010326e-01
4.700000000000000e-01 7.001179923084168e-01 -8.584540656294600e-01
4.750000000000000e-01 7.181629079036070e-01 -8.629240145665273e-01
4.800000000000000e-01 7.366566986944229e-01 -8.600669140479215e-01
4.850000000000000e-01 7.556109239021327e-01 -8.444206145026573e-01
4.900000000000000e-01 7.750374305345038e-01 -8.094278072847355e-01
4.950000000000000e-01 7.949483607905672e-01 -7.498469586155225e-01
5.000000000000000e-01 8.153561596498893e-01 -6.658134724891167e-01
5.050000000000000e-01 8.362735826510871e-01 -5.657403111581780e-01
5.100000000000000e-01 8.577137038644561e-01 -4.640187869232486e-01
5.150000000000000e-01 8.796899240636907e-01 -3.738411290429982e-01
5.200000000000000e-01 9.022159791018011e-01 -3.014117514339359e-01
5.250000000000000e-01 9.253059484964714e-01 -2.461827655960455e-01
5.300000000000000e-01 9.489742642302165e-01 -2.046761196573232e-01
5.350000000000000e-01 9.732357197708378e-01 -1.733499090253574e-01
5.400000000000000e-01 9.981054793178262e-01 -1.494250785104465e-01
5.450000000000000e-01 1.023599087280478e+00 -1.308481953438483e-01
5.500000000000000e-01 1.049732477993657e+00 -1.161436041054639e-01
5.550000000000000e-01 1.076521985677273e+00 -1.042670139600527e-01
5.600000000000001e-01 1.103984354645701e+00 -9.447787985980725e-02
5.650000000000001e-01 1.132136749773522e+00 -8.624755458108348e-02
5.700000000000001e-01 1.160996767224129e+00 -7.919588296463566e-02
5.750000000000001e-01 1.190582445447902e+00 -7.304679707616153e-02
5.800000000000000e-01 1.220912276456826e+00 -6.759766695971366e-02
5.850000000000000e-01 1.252005217382601e+00 -6.269814141022076e-02
5.900000000000000e-01 1.283880702325469e+00 -5.823538637442483e-02
5.950000000000000e-01 1.316558654501151e+00 -5.412373754121468e-02
6.000000000000000e-01 1.350059498693518e+00 -5.029739952359059e-02
6.050000000000000e-01 1.384404174020732e+00 -4.670525524251555e-02
6.100000000000000e-01 1.419614147022888e+00 -4.330715315815081e-02
6.150000000000000e-01 1.455711425079295e+00 -4.007123678361638e-02
6.200000000000000e-01 1.492718570163803e+00 -3.697201478234080e-02
6.250000000000000e-01 1.530658712946775e+00 -3.398896153910411e-02
6.300000000000000e-01 1.569555567252506e+00 -3.110550038717460e-02
6.350000000000000e-01 1.609433444881138e+00 -2.830826463446854e-02
6.400000000000000e-01 1.650317270804325e+00 -2.558656132539336e-02
6.450000000000000e-01 1.692232598744148e+00 -2.293198341926100e-02
6.500000000000000e-01 1.735205627145031e+00 -2.033813058368574e-02
6.550000000000000e-01 1.779263215548615e+00 -1.780040899335749e-02
6.600000000000000e-01 1.824432901381847e+00 -1.531588770322097e-02
6.650000000000000e-01 1.870742917168772e+00 -1.288319425197361e-02
6.700000000000000e-01 1.918222208176775e+00 -1.050243580539137e-02
6.750000000000000e-01 1.966900450508319e+00 -8.175134849772316e-03
6.800000000000000e-01 2.016808069649473e+00 -5.904170548538099e-03
6.850000000000001e-01 2.067976259486829e+00 -3.693718638796566e-03
6.900000000000001e-01 2.120437001804702e+00 -1.549184347316311e-03
6.950000000000001e-01 2.174223086274785e+00 5.228756520385263e-04
7.000000000000001e-01 2.229368130950753e+00 2.514844711071189e-03
7.050000000000000e-01 2.285906603280654e+00 4.418152165597040e-03
7.100000000000000e-01 2.343873841650178e+00 6.223393634669685e-03
7.150000000000000e-01 2.403306077470301e+00 7.920464716642610e-03
7.200000000000000e-01 2.464240457823092e+00 9.498706957351942e-03
7.250000000000000e-01 2.526715068679855e+00 1.094706561931791e-02
7.300000000000000e-01 2.590768958706095e+00 1.225426043891243e-02
7.350000000000000e-01 2.656442163668210e+00 1.340897329949291e-02
7.400000000000000e-01 2.723775731457148e+00 1.440006051235626e-02
7.450000000000000e-01 2.792811747744667e+00 1.521680193107898e-02
7.500000000000000e-01 2.863593362288260e+00 1.584920390837442e-02
7.550000000000000e-01 2.936164815901156e+00 1.628837724020360e-02
7.600000000000000e-01 3.010571468104263e+00 1.652701329331401e-02
7.650000000000000e-01 3.086859825477351e+00 1.655997930801675e-02
7.700000000000000e-01 3.165077570727174e+00 1.638504438168172e-02
7.750000000000000e-01 3.245273592490716e+00 1.600372727374197e-02
7.800000000000000e-01 3.327498015892184e+00 1.542222296973669e-02
7.850000000000000e-01 3.411802233872832e+00 1.465231704619965e-02
7.900000000000000e-01 3.498238939313234e+00 1.371214175610112e-02
7.950000000000000e-01 3.586862157968046e+00 1.262658031969643e-02
8.000000000000000e-01 3.677727282233856e+00 1.142710798924704e-02
8.050000000000000e-01 3.770891105771243e+00 1.015089205955971e-02
8.100000000000001e-01 3.866411859002656e+00 8.839069695128651e-03
8.150000000000001e-01 3.964349245508326e+00 7.534273619426485e-03
8.200000000000001e-01 4.064764479342956e+00 6.277649496233691e-03
8.250000000000001e-01 4.167720323296481e+00 5.105757284807125e-03
8.300000000000001e-01 4.273281128122877e+00 4.047823780338207e-03
8.350000000000000e-01 4.381512872761445e+00 3.123784632717140e-03
8.400000000000000e-01 4.492483205575838e+00 2.343421346883486e-03
8.450000000000000e-01 4.606261486636447e+00 1.706693725493854e-03
8.500000000000000e-01 4.722918831072739e+00 1.205144015975143e-03
8.550000000000000e-01 4.842528153522501e+00 8.240629069239280e-04
8.600000000000000e-01 4.965164213705875e+00 5.450030319017099e-04
8.650000000000000e-01 5.090903663152626e+00 3.482204929328743e-04
8.700000000000000e-01 5.219825093111814e+00 2.147081011805455e-04
8.750000000000000e-01 5.352009083673925e+00 1.276223119220140e-04
8.800000000000000e-01 5.487538254136007e+00 7.305652780550939e-05
8.850000000000000e-01 5.626497314641444e+00 4.023849349982584e-05
8.900000000000000e-01 5.768973119126561e+00 2.130577439170788e-05
8.950000000000000e-01 5.915054719607133e+00 1.083616607270146e-05
9.000000000000000e-01 6.064833421838831e+00 5.289977329515061e-06
9.050000000000000e-01 6.218402842386253e+00 2.477057770709121e-06
9.100000000000000e-01 6.375858967136348e+00 1.111869506771099e-06
9.150000000000000e-01 6.537300211292723e+00 4.781501718493419e-07
9.200000000000000e-01 6.702827480888332e+00 1.969021866852546e-07
9.250000000000000e-01 6.872544235855034e+00 7.761039764527915e-08
9.300000000000000e-01 7.046556554689444e+00 2.926868889868121e-08
9.350000000000001e-01 7.224973200755413e+00 1.055732072556363e-08
9.400000000000001e-01 7.407905690264673e+00 3.641206970251512e-09
9.450000000000001e-01 7.595468361978146e+00 1.200527428716367e-09
9.500000000000001e-01 7.787778448671316e+00 3.783086054751244e-10
9.550000000000001e-01 7.984956150408610e+00 1.139192991471684e-10
9.600000000000000e-01 8.187124709672272e+00 3.277712237930060e-11
9.650000000000000e-01 8.394410488393007e+00 9.010045499309611e-12
9.700000000000000e-01 8.606943046930221e+00 2.366135083621673e-12
9.750000000000000e-01 8.824855225051540e+00 5.936012881264886e-13
9.800000000000000e-01 9.048283224961922e+00 1.422614816122229e-13
9.850000000000000e-01 9.277366696434507e+00 3.257579475382079e-14
9.900000000000000e-01 9.512248824096272e+00 7.107016454926668e-15
9.950000000000000e-01 9.753076416923058e+00 1.584496179833800e-15
1.000000000000000e+00 1.000000000000000e+01 -5.241940170088927e-17
