0.000000000000000e+00 0.000000000000000e+00 -8.052398359444082e-01
5.000000000000000e-03 3.369477419287315e-03 -8.052398359444082e-01
1.000000000000000e-02 6.741060871647481e-03 -8.052311902872784e-01
1.500000000000000e-02 1.011685770649257e-02 -8.052699829312383e-01
2.000000000000000e-02 1.349897790673588e-02 -8.051969087442602e-01
2.500000000000000e-02 1.688953540759990e-02 -8.051036989499889e-01
3.000000000000000e-02 2.029064941789469e-02 -8.050915944570826e-01
3.500000000000000e-02 2.370444574459234e-02 -8.050503065167904e-01
4.000000000000000e-02 2.713305812152553e-02 -8.049155918158207e-01
4.500000000000000e-02 3.057862954304063e-02 -8.048182488158072e-01
5.000000000000000e-02 3.404331360343898e-02 -8.047650902963950e-01
5.500000000000000e-02 3.752927584304335e-02 -8.046455485128594e-01
6.000000000000000e-02 4.103869510173117e-02 -8.044842508070503e-01
6.500000000000000e-02 4.457376488078044e-02 -8.043679076280041e-01
7.000000000000001e-02 4.813669471387935e-02 -8.042413993307067e-01
7.500000000000000e-02 5.172971154815675e-02 -8.040559963528133e-01
8.000000000000000e-02 5.535506113609672e-02 -8.038763563826629e-01
8.500000000000001e-02 5.901500943920686e-02 -8.037178672977225e-01
9.000000000000000e-02 6.271184404431801e-02 -8.035113801805476e-01
9.500000000000000e-02 6.644787559340060e-02 -8.032721525651507e-01
1.000000000000000e-01 7.022543922779090e-02 -8.030600414183289e-01
1.050000000000000e-01 7.404689604773053e-02 -8.028383422176628e-01
1.100000000000000e-01 7.791463458813094e-02 -8.025578003944357e-01
1.150000000000000e-01 8.183107231148547e-02 -8.022674354038357e-01
1.200000000000000e-01 8.579865711886202e-02 -8.020005233159949e-01
1.250000000000000e-01 8.981986887992111e-02 -8.017023639899270e-01
1.300000000000000e-01 9.389722098291493e-02 -8.013519131869162e-01
1.350000000000000e-01 9.803326190563690e-02 -8.010018481380948e-01
1.400000000000000e-01 1.022305768083033e-01 -8.006608317120335e-01
1.450000000000000e-01 1.064917891493625e-01 -8.002787488326691e-01
1.500000000000000e-01 1.108195623252418e-01 -7.998535255097121e-01
1.550000000000000e-01 1.152166013350572e-01 -7.994282789364061e-01
1.600000000000000e-01 1.196856544713255e-01 -7.989993893350240e-01
1.650000000000000e-01 1.242295150377370e-01 -7.985265963621906e-01
1.700000000000000e-01 1.288510230950609e-01 -7.980137899564347e-01
1.750000000000000e-01 1.335530672362758e-01 -7.974952647068665e-01
1.800000000000000e-01 1.383385863920344e-01 -7.969669696833818e-01
1.850000000000000e-01 1.432105716675912e-01 -7.963947660192262e-01
1.900000000000000e-01 1.481720682123397e-01 -7.957781096383694e-01
1.950000000000000e-01 1.532261771231311e-01 -7.951468842694772e-01
2.000000000000000e-01 1.583760573825595e-01 -7.945053617855385e-01
2.050000000000000e-01 1.636249278334301e-01 -7.938231286378397e-01
2.100000000000000e-01 1.689760691906397e-01 -7.930884484089246e-01
2.150000000000000e-01 1.744328260917313e-01 -7.923252705552100e-01
2.200000000000000e-01 1.799986091874004e-01 -7.915493458731651e-01
2.250000000000000e-01 1.856768972732633e-01 -7.907414355990282e-01
2.300000000000000e-01 1.914712394642179e-01 -7.898823858318005e-01
2.350000000000000e-01 1.973852574127551e-01 -7.889775072391455e-01
2.400000000000000e-01 2.034226475726105e-01 -7.880400119937950e-01
2.450000000000000e-01 2.095871835091678e-01 -7.870756093160102e-01
2.500000000000000e-01 2.158827182580599e-01 -7.860814757950083e-01
2.550000000000000e-01 2.223131867334419e-01 -7.850408742362049e-01
2.600000000000000e-01 2.288826081874405e-01 -7.839437634405915e-01
2.650000000000000e-01 2.355950887223172e-01 -7.828021703112258e-01
2.700000000000000e-01 2.424548238569160e-01 -7.816251957958352e-01
2.750000000000000e-01 2.494661011489995e-01 -7.804141748920564e-01
2.800000000000000e-01 2.566333028751116e-01 -7.791734987591643e-01
2.850000000000000e-01 2.639609087696434e-01 -7.778917742354300e-01
2.900000000000000e-01 2.714534988248126e-01 -7.765631093837418e-01
2.950000000000000e-01 2.791157561533084e-01 -7.751904388267516e-01
3.000000000000000e-01 2.869524699153886e-01 -7.737670782099134e-01
3.050000000000000e-01 2.949685383122613e-01 -7.723053435832768e-01
3.100000000000000e-01 3.031689716476197e-01 -7.708018420579177e-01
3.150000000000000e-01 3.115588954592450e-01 -7.692662503389385e-01
3.200000000000000e-01 3.201435537226349e-01 -7.676985932243617e-01
3.250000000000000e-01 3.289283121286580e-01 -7.661048500689682e-01
3.300000000000000e-01 3.379186614372866e-01 -7.644879154769044e-01
3.350000000000000e-01 3.471202209094989e-01 -7.628531661745529e-01
3.400000000000000e-01 3.565387418195016e-01 -7.612059529249756e-01
3.450000000000000e-01 3.661801110494620e-01 -7.595530644278546e-01
3.500000000000000e-01 3.760503547690021e-01 -7.579022631789245e-01
3.550000000000000e-01 3.861556422017504e-01 -7.562626519094832e-01
3.600000000000000e-01 3.965022894813072e-01 -7.546446980145028e-01
3.650000000000000e-01 4.070967635990345e-01 -7.530604023076621e-01
3.700000000000000e-01 4.179456864461349e-01 -7.515234244191614e-01
3.750000000000000e-01 4.290558389525505e-01 -7.500492284809821e-01
3.800000000000000e-01 4.404341653252637e-01 -7.486552183086972e-01
3.850000000000000e-01 4.520877773886537e-01 -7.473608592100696e-01
3.900000000000000e-01 4.640239590296172e-01 -7.461877679351726e-01
3.950000000000000e-01 4.762501707502353e-01 -7.451597474190312e-01
4.000000000000000e-01 4.887740543308307e-01 -7.443027297414055e-01
4.050000000000000e-01 5.016034376063282e-01 -7.436445724261571e-01
4.100000000000000e-01 5.147463393589066e-01 -7.432146249331663e-01
4.150000000000000e-01 5.282109743299990e-01 -7.430429393086544e-01
4.200000000000000e-01 5.420057583547735e-01 -7.431589334674480e-01
4.250000000000000e-01 5.561393136223041e-01 -7.435892154627481e-01
4.300000000000000e-01 5.706204740647189e-01 -7.443541241339674e-01
4.350000000000000e-01 5.854582908786964e-01 -7.454623089258884e-01
4.400000000000000e-01 6.006620381827575e-01 -7.469023220618261e-01
4.450000000000000e-01 6.162412188138907e-01 -7.486296829103191e-01
4.500000000000000e-01 6.322055702671360e-01 -7.505471538691800e-01
4.550000000000000e-01 6.485650707818353e-01 -7.524750434711553e-01
4.600000000000000e-01 6.653299455783577e-01 -7.541073986059588e-01
4.650000000000000e-01 6.825106732491932e-01 -7.549495922358807e-01
4.700000000000000e-01 7.001179923084168e-01 -7.542347190898320e-01
4.750000000000000e-01 7.181629079036070e-01 -7.508239814862608e-01
4.800000000000000e-01 7.366566986944229e-01 -7.431160268673447e-01
4.850000000000000e-01 7.556109239021327e-01 -7.290283296603769e-01
4.900000000000000e-01 7.750374305345038e-01 -7.061653858003439e-01
4.950000000000000e-01 7.949483607905672e-01 -6.723129724286211e-01
5.000000000000000e-01 8.153561596498893e-01 -6.263014174040759e-01
5.050000000000000e-01 8.362735826510871e-01 -5.689839267303931e-01
5.100000000000000e-01 8.577137038644561e-01 -5.037127671419757e-01
5.150000000000000e-01 8.796899240636907e-01 -4.357125451562963e-01
5.200000000000000e-01 9.022159791018011e-01 -3.704497866458131e-01
5.250000000000000e-01 9.253059484964714e-01 -3.119557587913818e-01
5.300000000000000e-01 9.489742642302165e-01 -2.620952025084445e-01
5.350000000000000e-01 9.732357197708378e-01 -2.209141021945674e-01
5.400000000000000e-01 9.981054793178262e-01 -1.874504926742621e-01
5.450000000000000e-01 1.023599087280478e+00 -1.604106180460741e-01
5.500000000000000e-01 1.049732477993657e+00 -1.385326111633901e-01
5.550000000000000e-01 1.076521985677273e+00 -1.207258334778216e-01
5.600000000000001e-01 1.103984354645701e+00 -1.061004306108547e-01
5.650000000000001e-01 1.132136749773522e+00 -9.395207031112486e-02
5.700000000000001e-01 1.160996767224129e+00 -8.373204456308998e-02
5.750000000000001e-01 1.190582445447902e+00 -7.501621456948972e-02
5.800000000000000e-01 1.220912276456826e+00 -6.747783546531877e-02
5.850000000000000e-01 1.252005217382601e+00 -6.086540301235729e-02
5.900000000000000e-01 1.283880702325469e+00 -5.498521531450631e-02
5.950000000000000e-01 1.316558654501151e+00 -4.968789875538471e-02
6.000000000000000e-01 1.350059498693518e+00 -4.485809459468414e-02
6.050000000000000e-01 1.384404174020732e+00 -4.040659972785988e-02
6.100000000000000e-01 1.419614147022888e+00 -3.626438803560409e-02
6.150000000000000e-01 1.455711425079295e+00 -3.237806342740727e-02
6.200000000000000e-01 1.492718570163803e+00 -2.870639990245449e-02
6.250000000000000e-01 1.530658712946775e+00 -2.521770638575424e-02
6.300000000000000e-01 1.569555567252506e+00 -2.188781743581896e-02
6.350000000000000e-01 1.609433444881138e+00 -1.869855890856829e-02
6.400000000000000e-01 1.650317270804325e+00 -1.563657379739173e-02
6.450000000000000e-01 1.692232598744148e+00 -1.269242065238039e-02
6.500000000000000e-01 1.735205627145031e+00 -9.859877493353396e-03
6.550000000000000e-01 1.779263215548615e+00 -7.135399708420647e-03
6.600000000000000e-01 1.824432901381847e+00 -4.517692369472580e-03
6.650000000000000e-01 1.870742917168772e+00 -2.007366650410758e-03
6.700000000000000e-01 1.918222208176775e+00 3.933427122325326e-04
6.750000000000000e-01 1.966900450508319e+00 2.680816246515975e-03
6.800000000000000e-01 2.016808069649473e+00 4.850257668524387e-03
6.850000000000001e-01 2.067976259486829e+00 6.895880205410332e-03
6.900000000000001e-01 2.120437001804702e+00 8.811078033880740e-03
6.950000000000001e-01 2.174223086274785e+00 1.058858784243055e-02
7.000000000000001e-01 2.229368130950753e+00 1.222064469369845e-02
7.050000000000000e-01 2.285906603280654e+00 1.369913640672841e-02
7.100000000000000e-01 2.343873841650178e+00 1.501576157311067e-02
7.150000000000000e-01 2.403306077470301e+00 1.616219798879632e-02
7.200000000000000e-01 2.464240457823092e+00 1.713029056553065e-02
7.250000000000000e-01 2.526715068679855e+00 1.791227040605112e-02
7.300000000000000e-01 2.590768958706095e+00 1.850101924585067e-02
7.350000000000000e-01 2.656442163668210e+00 1.889039521620941e-02
7.400000000000000e-01 2.723775731457148e+00 1.907563590354170e-02
7.450000000000000e-01 2.792811747744667e+00 1.905385164486327e-02
7.500000000000000e-01 2.863593362288260e+00 1.882461424419914e-02
7.550000000000000e-01 2.936164815901156e+00 1.839063203285628e-02
7.600000000000000e-01 3.010571468104263e+00 1.775848009489516e-02
7.650000000000000e-01 3.086859825477351e+00 1.693932471027968e-02
7.700000000000000e-01 3.165077570727174e+00 1.594954670511493e-02
7.750000000000000e-01 3.245273592490716e+00 1.481113658243063e-02
7.800000000000000e-01 3.327498015892184e+00 1.355171619140082e-02
7.850000000000000e-01 3.411802233872832e+00 1.220405019213017e-02
7.900000000000000e-01 3.498238939313234e+00 1.080495576652199e-02
7.950000000000000e-01 3.586862157968046e+00 9.393602521377328e-03
8.000000000000000e-01 3.677727282233856e+00 8.009305383142705e-03
8.050000000000000e-01 3.770891105771243e+00 6.689028159023693e-03
8.100000000000001e-01 3.866411859002656e+00 5.464904139616726e-03
8.150000000000001e-01 3.964349245508326e+00 4.362115024977427e-03
8.200000000000001e-01 4.064764479342956e+00 3.397435271060241e-03
8.250000000000001e-01 4.167720323296481e+00 2.578648730534869e-03
8.300000000000001e-01 4.273281128122877e+00 1.904899478934063e-03
8.350000000000000e-01 4.381512872761445e+00 1.367882343433107e-03
8.400000000000000e-01 4.492483205575838e+00 9.536466160493776e-04
8.450000000000000e-01 4.606261486636447e+00 6.447068782174166e-04
8.500000000000000e-01 4.722918831072739e+00 4.221412235052231e-04
8.550000000000000e-01 4.842528153522501e+00 2.674057048942768e-04
8.600000000000000e-01 4.965164213705875e+00 1.636861866392277e-04
8.650000000000000e-01 5.090903663152626e+00 9.671837747634809e-05
8.700000000000000e-01 5.219825093111814e+00 5.510699447103652e-05
8.750000000000000e-01 5.352009083673925e+00 3.024614658850447e-05
8.800000000000000e-01 5.487538254136007e+00 1.597662549285465e-05
8.850000000000000e-01 5.626497314641444e+00 8.114472342947498e-06
8.900000000000000e-01 5.768973119126561e+00 3.959385305185351e-06
8.950000000000000e-01 5.915054719607133e+00 1.854572087742222e-06
9.000000000000000e-01 6.064833421838831e+00 8.332762230281401e-07
9.050000000000000e-01 6.218402842386253e+00 3.588965149015518e-07
9.100000000000000e-01 6.375858967136348e+00 1.480863027621226e-07
9.150000000000000e-01 6.537300211292723e+00 5.850336307685094e-08
9.200000000000000e-01 6.702827480888332e+00 2.211800602370849e-08
9.250000000000000e-01 6.872544235855034e+00 7.998574465707326e-09
9.300000000000000e-01 7.046556554689444e+00 2.765703280568091e-09
9.350000000000001e-01 7.224973200755413e+00 9.140533992021369e-10
9.400000000000001e-01 7.407905690264673e+00 2.886542256910501e-10
9.450000000000001e-01 7.595468361978146e+00 8.707866110858357e-11
9.500000000000001e-01 7.787778448671316e+00 2.508873641361845e-11
9.550000000000001e-01 7.984956150408610e+00 6.902435415637410e-12
9.600000000000000e-01 8.187124709672272e+00 1.813101654854928e-12
9.650000000000000e-01 8.394410488393007e+00 4.546667912677670e-13
9.700000000000000e-01 8.606943046930221e+00 1.088390756234266e-13
9.750000000000000e-01 8.824855225051540e+00 2.487021087693684e-14
9.800000000000000e-01 9.048283224961922e+00 5.424627137745138e-15
9.850000000000000e-01 9.277366696434507e+00 1.129559696320876e-15
9.900000000000000e-01 9.512248824096272e+00 2.240185147106952e-16
9.950000000000000e-01 9.753076416923058e+00 4.539018570070961e-17
1.000000000000000e+00 1.000000000000000e+01 -3.728714999085550e-18
