0.000000000000000e+00 0.000000000000000e+00 -8.612673486603303e-01
5.000000000000000e-03 3.369477419287315e-03 -8.612673486603303e-01
1.000000000000000e-02 6.741060871647481e-03 -8.608219419032627e-01
1.500000000000000e-02 1.011685770649257e-02 -8.607900643284100e-01
2.000000000000000e-02 1.349897790673588e-02 -8.607991840913701e-01
2.500000000000000e-02 1.688953540759990e-02 -8.607631805793935e-01
3.000000000000000e-02 2.029064941789469e-02 -8.607446640017212e-01
3.500000000000000e-02 2.370444574459234e-02 -8.606835959707373e-01
4.000000000000000e-02 2.713305812152553e-02 -8.605782914566900e-01
4.500000000000000e-02 3.057862954304063e-02 -8.605314337076975e-01
5.000000000000000e-02 3.404331360343898e-02 -8.604827882720489e-01
5.500000000000000e-02 3.752927584304335e-02 -8.603661752589290e-01
6.000000000000000e-02 4.103869510173117e-02 -8.602601172073562e-01
6.500000000000000e-02 4.457376488078044e-02 -8.601919912219651e-01
7.000000000000001e-02 4.813669471387935e-02 -8.600698200889275e-01
7.500000000000000e-02 5.172971154815675e-02 -8.599172541106851e-01
8.000000000000000e-02 5.535506113609672e-02 -8.598095409515439e-01
8.500000000000001e-02 5.901500943920686e-02 -8.596917268024306e-01
9.000000000000000e-02 6.271184404431801e-02 -8.595092665321499e-01
9.500000000000000e-02 6.644787559340060e-02 -8.593369775192138e-01
1.000000000000000e-01 7.022543922779090e-02 -8.591964698217973e-01
1.050000000000000e-01 7.404689604773053e-02 -8.590139720222209e-01
1.100000000000000e-01 7.791463458813094e-02 -8.587936759503610e-01
1.150000000000000e-01 8.183107231148547e-02 -8.585974234283110e-01
1.200000000000000e-01 8.579865711886202e-02 -8.583976490182237e-01
1.250000000000000e-01 8.981986887992111e-02 -8.581525397272569e-01
1.300000000000000e-01 9.389722098291493e-02 -8.579009644482721e-01
1.350000000000000e-01 9.803326190563690e-02 -8.576635012498074e-01
1.400000000000000e-01 1.022305768083033e-01 -8.573952290966460e-01
1.450000000000000e-01 1.064917891493625e-01 -8.570932947633940e-01
1.500000000000000e-01 1.108195623252418e-01 -8.568006351530604e-01
1.550000000000000e-01 1.152166013350572e-01 -8.565059300614921e-01
1.600000000000000e-01 1.196856544713255e-01 -8.561695562965754e-01
1.650000000000000e-01 1.242295150377370e-01 -8.558101870198398e-01
1.700000000000000e-01 1.288510230950609e-01 -8.554617607220576e-01
1.750000000000000e-01 1.335530672362758e-01 -8.551004893566371e-01
1.800000000000000e-01 1.383385863920344e-01 -8.546963638929324e-01
1.850000000000000e-01 1.432105716675912e-01 -8.542727759865244e-01
1.900000000000000e-01 1.481720682123397e-01 -8.538562621279796e-01
1.950000000000000e-01 1.532261771231311e-01 -8.534238379153463e-01
2.000000000000000e-01 1.583760573825595e-01 -8.529505823810500e-01
2.050000000000000e-01 1.636249278334301e-01 -8.524548936406149e-01
2.100000000000000e-01 1.689760691906397e-01 -8.519607428405047e-01
2.150000000000000e-01 1.744328260917313e-01 -8.514541569656676e-01
2.200000000000000e-01 1.799986091874004e-01 -8.509127641858025e-01
2.250000000000000e-01 1.856768972732633e-01 -8.503425543998955e-01
2.300000000000000e-01 1.914712394642179e-01 -8.497634272510263e-01
2.350000000000000e-01 1.973852574127551e-01 -8.491781160418566e-01
2.400000000000000e-01 2.034226475726105e-01 -8.485744334893005e-01
2.450000000000000e-01 2.095871835091678e-01 -8.479409819278469e-01
2.500000000000000e-01 2.158827182580599e-01 -8.472814825958302e-01
2.550000000000000e-01 2.223131867334419e-01 -8.466139487510438e-01
2.600000000000000e-01 2.288826081874405e-01 -8.459480422579854e-01
2.650000000000000e-01 2.355950887223172e-01 -8.452703448222688e-01
2.700000000000000e-01 2.424548238569160e-01 -8.445708914502068e-01
2.750000000000000e-01 2.494661011489995e-01 -8.438552659775540e-01
2.800000000000000e-01 2.566333028751116e-01 -8.431306314840278e-01
2.850000000000000e-01 2.639609087696434e-01 -8.424094656189617e-01
2.900000000000000e-01 2.714534988248126e-01 -8.417035029321358e-01
2.950000000000000e-01 2.791157561533084e-01 -8.410079468215866e-01
3.000000000000000e-01 2.869524699153886e-01 -8.403251312615838e-01
3.050000000000000e-01 2.949685383122613e-01 -8.396580178349357e-01
3.100000000000000e-01 3.031689716476197e-01 -8.390071763912225e-01
3.150000000000000e-01 3.115588954592450e-01 -8.383897448646475e-01
3.200000000000000e-01 3.201435537226349e-01 -8.378106529895928e-01
3.250000000000000e-01 3.289283121286580e-01 -8.372899703415656e-01
3.300000000000000e-01 3.379186614372866e-01 -8.368383806150194e-01
3.350000000000000e-01 3.471202209094989e-01 -8.364754086805887e-01
3.400000000000000e-01 3.565387418195016e-01 -8.362180835145208e-01
3.450000000000000e-01 3.661801110494620e-01 -8.360887700402192e-01
3.500000000000000e-01 3.760503547690021e-01 -8.361118786480740e-01
3.550000000000000e-01 3.861556422017504e-01 -8.363165984196753e-01
3.600000000000000e-01 3.965022894813072e-01 -8.367366957554347e-01
3.650000000000000e-01 4.070967635990345e-01 -8.374118565317646e-01
3.700000000000000e-01 4.179456864461349e-01 -8.383886029209850e-01
3.750000000000000e-01 4.290558389525505e-01 -8.397217334079122e-01
3.800000000000000e-01 4.404341653252637e-01 -8.414760098347637e-01
3.850000000000000e-01 4.520877773886537e-01 -8.437283431208297e-01
3.900000000000000e-01 4.640239590296172e-01 -8.465705802576158e-01
3.950000000000000e-01 4.762501707502353e-01 -8.501131290217444e-01
4.000000000000000e-01 4.887740543308307e-01 -8.544897282066258e-01
4.050000000000000e-01 5.016034376063282e-01 -8.598638251976113e-01
4.100000000000000e-01 5.147463393589066e-01 -8.664372470714076e-01
4.150000000000000e-01 5.282109743299990e-01 -8.744622137539175e-01
4.200000000000000e-01 5.420057583547735e-01 -8.842583326323288e-01
4.250000000000000e-01 5.561393136223041e-01 -8.962372084731195e-01
4.300000000000000e-01 5.706204740647189e-01 -9.109390286532700e-01
4.350000000000000e-01 5.854582908786964e-01 -9.290885846794129e-01
4.400000000000000e-01 6.006620381827575e-01 -9.516839694741274e-01
4.450000000000000e-01 6.162412188138907e-01 -9.801423640255110e-01
4.500000000000000e-01 6.322055702671360e-01 -1.016549624340031e+00
4.550000000000000e-01 6.485650707818353e-01 -1.064105182506305e+00
4.600000000000000e-01 6.653299455783577e-01 -1.127936000506127e+00
4.650000000000000e-01 6.825106732491932e-01 -1.216520338936325e+00
4.700000000000000e-01 7.001179923084168e-01 -1.343208159592157e+00
4.750000000000000e-01 7.181629079036070e-01 -1.519164433542532e+00
4.800000000000000e-01 7.366566986944229e-01 -1.684865977024361e+00
4.850000000000000e-01 7.556109239021327e-01 -1.539275693952267e+00
4.900000000000000e-01 7.750374305345038e-01 -8.756430951116148e-01
4.950000000000000e-01 7.949483607905672e-01 -3.080550641753068e-01
5.000000000000000e-01 8.153561596498893e-01 -2.298165859552417e-01
5.050000000000000e-01 8.362735826510871e-01 -1.963087820919244e-01
5.100000000000000e-01 8.577137038644561e-01 -1.305931952225694e-01
5.150000000000000e-01 8.796899240636907e-01 -1.250574538285196e-01
5.200000000000000e-01 9.022159791018011e-01 -1.008181716452210e-01
5.250000000000000e-01 9.253059484964714e-01 -8.899678015500516e-02
5.300000000000000e-01 9.489742642302165e-01 -8.141848736582993e-02
5.350000000000000e-01 9.732357197708378e-01 -7.121930772746825e-02
5.400000000000000e-01 9.981054793178262e-01 -6.698428767180525e-02
5.450000000000000e-01 1.023599087280478e+00 -6.077667194894197e-02
5.500000000000000e-01 1.049732477993657e+00 -5.692185884029349e-02
5.550000000000000e-01 1.076521985677273e+00 -5.330261836516695e-02
5.600000000000001e-01 1.103984354645701e+00 -5.001389945406317e-02
5.650000000000001e-01 1.132136749773522e+00 -4.751776741703275e-02
5.700000000000001e-01 1.160996767224129e+00 -4.501217563507974e-02
5.750000000000001e-01 1.190582445447902e+00 -4.301066817088402e-02
5.800000000000000e-01 1.220912276456826e+00 -4.113354384790134e-02
5.850000000000000e-01 1.252005217382601e+00 -3.947528248404504e-02
5.900000000000000e-01 1.283880702325469e+00 -3.799614184768275e-02
5.950000000000000e-01 1.316558654501151e+00 -3.663064595547180e-02
6.000000000000000e-01 1.350059498693518e+00 -3.540494231984697e-02
6.050000000000000e-01 1.384404174020732e+00 -3.426928470874133e-02
6.100000000000000e-01 1.419614147022888e+00 -3.322579453231406e-02
6.150000000000000e-01 1.455711425079295e+00 -3.225731588680891e-02
6.200000000000000e-01 1.492718570163803e+00 -3.135260332264782e-02
6.250000000000000e-01 1.530658712946775e+00 -3.050481883414667e-02
6.300000000000000e-01 1.569555567252506e+00 -2.970403799057892e-02
6.350000000000000e-01 1.609433444881138e+00 -2.894420061432199e-02
6.400000000000000e-01 1.650317270804325e+00 -2.821857091872449e-02
6.450000000000000e-01 1.692232598744148e+00 -2.752143103355002e-02
6.500000000000000e-01 1.735205627145031e+00 -2.684758856670971e-02
6.550000000000000e-01 1.779263215548615e+00 -2.619211388232610e-02
6.600000000000000e-01 1.824432901381847e+00 -2.555049815628320e-02
6.650000000000000e-01 1.870742917168772e+00 -2.491843407644652e-02
6.700000000000000e-01 1.918222208176775e+00 -2.429182303197933e-02
6.750000000000000e-01 1.966900450508319e+00 -2.366671021549331e-02
6.800000000000000e-01 2.016808069649473e+00 -2.303924074486231e-02
6.850000000000001e-01 2.067976259486829e+00 -2.240562871283893e-02
6.900000000000001e-01 2.120437001804702e+00 -2.176212459933923e-02
6.950000000000001e-01 2.174223086274785e+00 -2.110499270726099e-02
7.000000000000001e-01 2.229368130950753e+00 -2.043049332244076e-02
7.050000000000000e-01 2.285906603280654e+00 -1.973487204071431e-02
7.100000000000000e-01 2.343873841650178e+00 -1.901435715229294e-02
7.150000000000000e-01 2.403306077470301e+00 -1.826516650813241e-02
7.200000000000000e-01 2.464240457823092e+00 -1.748352606616872e-02
7.250000000000000e-01 2.526715068679855e+00 -1.666570267322722e-02
7.300000000000000e-01 2.590768958706095e+00 -1.580805425872401e-02
7.350000000000000e-01 2.656442163668210e+00 -1.490710110074630e-02
7.400000000000000e-01 2.723775731457148e+00 -1.395962219161416e-02
7.450000000000000e-01 2.792811747744667e+00 -1.296278082598984e-02
7.500000000000000e-01 2.863593362288260e+00 -1.191428317154969e-02
7.550000000000000e-01 2.936164815901156e+00 -1.081257249976362e-02
7.600000000000000e-01 3.010571468104263e+00 -9.657059650344140e-03
7.650000000000000e-01 3.086859825477351e+00 -8.448386936790619e-03
7.700000000000000e-01 3.165077570727174e+00 -7.188717930890974e-03
7.750000000000000e-01 3.245273592490716e+00 -5.882039462186786e-03
7.800000000000000e-01 3.327498015892184e+00 -4.534455386025730e-03
7.850000000000000e-01 3.411802233872832e+00 -3.154445645773774e-03
7.900000000000000e-01 3.498238939313234e+00 -1.753060602082624e-03
7.950000000000000e-01 3.586862157968046e+00 -3.440209681182280e-04
8.000000000000000e-01 3.677727282233856e+00 1.056300719932552e-03
8.050000000000000e-01 3.770891105771243e+00 2.429029696222567e-03
8.100000000000001e-01 3.866411859002656e+00 3.753067313557871e-03
8.150000000000001e-01 3.964349245508326e+00 5.005483986928717e-03
8.200000000000001e-01 4.064764479342956e+00 6.162009292187673e-03
8.250000000000001e-01 4.167720323296481e+00 7.197605689339927e-03
8.300000000000001e-01 4.273281128122877e+00 8.087120504954085e-03
8.350000000000000e-01 4.381512872761445e+00 8.806033426984191e-03
8.400000000000000e-01 4.492483205575838e+00 9.331376338937153e-03
8.450000000000000e-01 4.606261486636447e+00 9.642998936991843e-03
8.500000000000000e-01 4.722918831072739e+00 9.725422499707537e-03
8.550000000000000e-01 4.842528153522501e+00 9.570444895284991e-03
8.600000000000000e-01 4.965164213705875e+00 9.180343407425082e-03
8.650000000000000e-01 5.090903663152626e+00 8.571022522655597e-03
8.700000000000000e-01 5.219825093111814e+00 7.774003510967202e-03
8.750000000000000e-01 5.352009083673925e+00 6.836059471162907e-03
8.800000000000000e-01 5.487538254136007e+00 5.815755516081062e-03
8.850000000000000e-01 5.626497314641444e+00 4.777079113497007e-03
8.900000000000000e-01 5.768973119126561e+00 3.781384467989922e-03
8.950000000000000e-01 5.915054719607133e+00 2.879563043161728e-03
9.000000000000000e-01 6.064833421838831e+00 2.106363060860994e-03
9.050000000000000e-01 6.218402842386253e+00 1.478100671233694e-03
9.100000000000000e-01 6.375858967136348e+00 9.939358060306620e-04
9.150000000000000e-01 6.537300211292723e+00 6.398751573061336e-04
9.200000000000000e-01 6.702827480888332e+00 3.940811799979166e-04
9.250000000000000e-01 6.872544235855034e+00 2.320408420131938e-04
9.300000000000000e-01 7.046556554689444e+00 1.305636424613682e-04
9.350000000000001e-01 7.224973200755413e+00 7.017764416919615e-05
9.400000000000001e-01 7.407905690264673e+00 3.602267139592890e-05
9.450000000000001e-01 7.595468361978146e+00 1.765517359794047e-05
9.500000000000001e-01 7.787778448671316e+00 8.261075765011133e-06
9.550000000000001e-01 7.984956150408610e+00 3.690167029624813e-06
9.600000000000000e-01 8.187124709672272e+00 1.573617451671657e-06
9.650000000000000e-01 8.394410488393007e+00 6.406401332283123e-07
9.700000000000000e-01 8.606943046930221e+00 2.490145147173137e-07
9.750000000000000e-01 8.824855225051540e+00 9.242346959406408e-08
9.800000000000000e-01 9.048283224961922e+00 3.275786533427860e-08
9.850000000000000e-01 9.277366696434507e+00 1.109686138020650e-08
9.900000000000000e-01 9.512248824096272e+00 3.573043032924758e-09
9.950000000000000e-01 9.753076416923058e+00 1.164439395049315e-09
1.000000000000000e+00 1.000000000000000e+01 2.032758289528351e-10
