0.000000000000000e+00 0.000000000000000e+00 -8.199300349987259e-01
5.000000000000000e-03 3.369477419287315e-03 -8.199300349987259e-01
1.000000000000000e-02 6.741060871647481e-03 -8.177285659119247e-01
1.500000000000000e-02 1.011685770649257e-02 -8.177225000681027e-01
2.000000000000000e-02 1.349897790673588e-02 -8.181713214729088e-01
2.500000000000000e-02 1.688953540759990e-02 -8.180623820956097e-01
3.000000000000000e-02 2.029064941789469e-02 -8.178716545591329e-01
3.500000000000000e-02 2.370444574459234e-02 -8.178714380409300e-01
4.000000000000000e-02 2.713305812152553e-02 -8.178168903942715e-01
4.500000000000000e-02 3.057862954304063e-02 -8.176787279981900e-01
5.000000000000000e-02 3.404331360343898e-02 -8.176002254593510e-01
5.500000000000000e-02 3.752927584304335e-02 -8.175323876804380e-01
6.000000000000000e-02 4.103869510173117e-02 -8.173780031787076e-01
6.500000000000000e-02 4.457376488078044e-02 -8.172253823836358e-01
7.000000000000001e-02 4.813669471387935e-02 -8.171248241269284e-01
7.500000000000000e-02 5.172971154815675e-02 -8.169824966263706e-01
8.000000000000000e-02 5.535506113609672e-02 -8.167800598585190e-01
8.500000000000001e-02 5.901500943920686e-02 -8.166057914113747e-01
9.000000000000000e-02 6.271184404431801e-02 -8.164456461513001e-01
9.500000000000000e-02 6.644787559340060e-02 -8.162307998067565e-01
1.000000000000000e-01 7.022543922779090e-02 -8.159941041968688e-01
1.050000000000000e-01 7.404689604773053e-02 -8.157812351176033e-01
1.100000000000000e-01 7.791463458813094e-02 -8.155450303114025e-01
1.150000000000000e-01 8.183107231148547e-02 -8.152636193870454e-01
1.200000000000000e-01 8.579865711886202e-02 -8.149868619248207e-01
1.250000000000000e-01 8.981986887992111e-02 -8.147153615542706e-01
1.300000000000000e-01 9.389722098291493e-02 -8.143994547325912e-01
1.350000000000000e-01 9.803326190563690e-02 -8.140530263069700e-01
1.400000000000000e-01 1.022305768083033e-01 -8.137193630479139e-01
1.450000000000000e-01 1.064917891493625e-01 -8.133733120305626e-01
1.500000000000000e-01 1.108195623252418e-01 -8.129766783167215e-01
1.550000000000000e-01 1.152166013350572e-01 -8.125582137564858e-01
1.600000000000000e-01 1.196856544713255e-01 -8.121491882707454e-01
1.650000000000000e-01 1.242295150377370e-01 -8.117174569460853e-01
1.700000000000000e-01 1.288510230950609e-01 -8.112349779503893e-01
1.750000000000000e-01 1.335530672362758e-01 -8.107310033430614e-01
1.800000000000000e-01 1.383385863920344e-01 -8.102298925710706e-01
1.850000000000000e-01 1.432105716675912e-01 -8.097029184917678e-01
1.900000000000000e-01 1.481720682123397e-01 -8.091256142885690e-01
1.950000000000000e-01 1.532261771231311e-01 -8.085202701161230e-01
2.000000000000000e-01 1.583760573825595e-01 -8.079100989277220e-01
2.050000000000000e-01 1.636249278334301e-01 -8.072764543345209e-01
2.100000000000000e-01 1.689760691906397e-01 -8.065954618307601e-01
2.150000000000000e-01 1.744328260917313e-01 -8.058754584489337e-01
2.200000000000000e-01 1.799986091874004e-01 -8.051367360277798e-01
2.250000000000000e-01 1.856768972732633e-01 -8.043786791844748e-01
2.300000000000000e-01 1.914712394642179e-01 -8.035863011983544e-01
2.350000000000000e-01 1.973852574127551e-01 -8.027477862691519e-01
2.400000000000000e-01 2.034226475726105e-01 -8.018666259635343e-01
2.450000000000000e-01 2.095871835091678e-01 -8.009597750497028e-01
2.500000000000000e-01 2.158827182580599e-01 -8.000348046568069e-01
2.550000000000000e-01 2.223131867334419e-01 -7.990746594695163e-01
2.600000000000000e-01 2.288826081874405e-01 -7.980663848404951e-01
2.650000000000000e-01 2.355950887223172e-01 -7.970144649583538e-01
2.700000000000000e-01 2.424548238569160e-01 -7.959239754207084e-01
2.750000000000000e-01 2.494661011489995e-01 -7.948042698872462e-01
2.800000000000000e-01 2.566333028751116e-01 -7.936638898704139e-01
2.850000000000000e-01 2.639609087696434e-01 -7.924928247743739e-01
2.900000000000000e-01 2.714534988248126e-01 -7.912883516490593e-01
2.950000000000000e-01 2.791157561533084e-01 -7.900487619249073e-01
3.000000000000000e-01 2.869524699153886e-01 -7.887680868912442e-01
3.050000000000000e-01 2.949685383122613e-01 -7.874581375743260e-01
3.100000000000000e-01 3.031689716476197e-01 -7.861158373238588e-01
3.150000000000000e-01 3.115588954592450e-01 -7.847534420218129e-01
3.200000000000000e-01 3.201435537226349e-01 -7.833716420658395e-01
3.250000000000000e-01 3.289283121286580e-01 -7.819789755976754e-01
3.300000000000000e-01 3.379186614372866e-01 -7.805795444352769e-01
3.350000000000000e-01 3.471202209094989e-01 -7.791808867387798e-01
3.400000000000000e-01 3.565387418195016e-01 -7.777901931046117e-01
3.450000000000000e-01 3.661801110494620e-01 -7.764166048538608e-01
3.500000000000000e-01 3.760503547690021e-01 -7.750704359907841e-01
3.550000000000000e-01 3.861556422017504e-01 -7.737637840551440e-01
3.600000000000000e-01 3.965022894813072e-01 -7.725105456258814e-01
3.650000000000000e-01 4.070967635990345e-01 -7.713266984823477e-01
3.700000000000000e-01 4.179456864461349e-01 -7.702305122563131e-01
3.750000000000000e-01 4.290558389525505e-01 -7.692428175199332e-01
3.800000000000000e-01 4.404341653252637e-01 -7.683872841314844e-01
3.850000000000000e-01 4.520877773886537e-01 -7.676907198014798e-01
3.900000000000000e-01 4.640239590296172e-01 -7.671833742095366e-01
3.950000000000000e-01 4.762501707502353e-01 -7.668992338513499e-01
4.000000000000000e-01 4.887740543308307e-01 -7.668762790707125e-01
4.050000000000000e-01 5.016034376063282e-01 -7.671566565230732e-01
4.100000000000000e-01 5.147463393589066e-01 -7.677866895412609e-01
4.150000000000000e-01 5.282109743299990e-01 -7.688165991810871e-01
4.200000000000000e-01 5.420057583547735e-01 -7.702997275565603e-01
4.250000000000000e-01 5.561393136223041e-01 -7.722909221351920e-01
4.300000000000000e-01 5.706204740647189e-01 -7.748435211056546e-01
4.350000000000000e-01 5.854582908786964e-01 -7.780040200041017e-01
4.400000000000000e-01 6.006620381827575e-01 -7.818029082972164e-01
4.450000000000000e-01 6.162412188138907e-01 -7.862392014875142e-01
4.500000000000000e-01 6.322055702671360e-01 -7.912546604048257e-01
4.550000000000000e-01 6.485650707818353e-01 -7.966913589937018e-01
4.600000000000000e-01 6.653299455783577e-01 -8.022230649831216e-01
4.650000000000000e-01 6.825106732491932e-01 -8.072475338574191e-01
4.700000000000000e-01 7.001179923084168e-01 -8.107264063707504e-01
4.750000000000000e-01 7.181629079036070e-01 -8.109710163743901e-01
4.800000000000000e-01 7.366566986944229e-01 -8.054159137279442e-01
4.850000000000000e-01 7.556109239021327e-01 -7.905254838819228e-01
4.900000000000000e-01 7.750374305345038e-01 -7.621411025623939e-01
4.950000000000000e-01 7.949483607905672e-01 -7.166579018371454e-01
5.000000000000000e-01 8.153561596498893e-01 -6.530644547754151e-01
5.050000000000000e-01 8.362735826510871e-01 -5.748602976255861e-01
5.100000000000000e-01 8.577137038644561e-01 -4.899993533622036e-01
5.150000000000000e-01 8.796899240636907e-01 -4.079942692170979e-01
5.200000000000000e-01 9.022159791018011e-01 -3.360108497808026e-01
5.250000000000000e-01 9.253059484964714e-01 -2.769304462887547e-01
5.300000000000000e-01 9.489742642302165e-01 -2.301938984940912e-01
5.350000000000000e-01 9.732357197708378e-01 -1.937271024995077e-01
5.400000000000000e-01 9.981054793178262e-01 -1.652822424397749e-01
5.450000000000000e-01 1.023599087280478e+00 -1.429379694633690e-01
5.500000000000000e-01 1.049732477993657e+00 -1.251814698888150e-01
5.550000000000000e-01 1.076521985677273e+00 -1.108660248728514e-01
5.600000000000001e-01 1.103984354645701e+00 -9.913838336266173e-02
5.650000000000001e-01 1.132136749773522e+00 -8.936739622570662e-02
5.700000000000001e-01 1.160996767224129e+00 -8.108616724147531e-02
5.750000000000001e-01 1.190582445447902e+00 -7.394830888486557e-02
5.800000000000000e-01 1.220912276456826e+00 -6.769559833616494e-02
5.850000000000000e-01 1.252005217382601e+00 -6.213440208266899e-02
5.900000000000000e-01 1.283880702325469e+00 -5.711858748947243e-02
5.950000000000000e-01 1.316558654501151e+00 -5.253712826773059e-02
6.000000000000000e-01 1.350059498693518e+00 -4.830509621236431e-02
6.050000000000000e-01 1.384404174020732e+00 -4.435709445558155e-02
6.100000000000000e-01 1.419614147022888e+00 -4.064245359965483e-02
6.150000000000000e-01 1.455711425079295e+00 -3.712170594717427e-02
6.200000000000000e-01 1.492718570163803e+00 -3.376399052775852e-02
6.250000000000000e-01 1.530658712946775e+00 -3.054513899904080e-02
6.300000000000000e-01 1.569555567252506e+00 -2.744626164423628e-02
6.350000000000000e-01 1.609433444881138e+00 -2.445270182282112e-02
6.400000000000000e-01 1.650317270804325e+00 -2.155326228604044e-02
6.450000000000000e-01 1.692232598744148e+00 -1.873963190263654e-02
6.500000000000000e-01 1.735205627145031e+00 -1.600595945969619e-02
6.550000000000000e-01 1.779263215548615e+00 -1.334853436094786e-02
6.600000000000000e-01 1.824432901381847e+00 -1.076554369471815e-02
6.650000000000000e-01 1.870742917168772e+00 -8.256882323860404e-03
6.700000000000000e-01 1.918222208176775e+00 -5.823998103802635e-03
6.750000000000000e-01 1.966900450508319e+00 -3.469758592026617e-03
6.800000000000000e-01 2.016808069649473e+00 -1.198329040498716e-03
6.850000000000001e-01 2.067976259486829e+00 9.849456994079171e-04
6.900000000000001e-01 2.120437001804702e+00 3.073660350639781e-03
6.950000000000001e-01 2.174223086274785e+00 5.060472492747047e-03
7.000000000000001e-01 2.229368130950753e+00 6.937231473545547e-03
7.050000000000000e-01 2.285906603280654e+00 8.695113503271417e-03
7.100000000000000e-01 2.343873841650178e+00 1.032476317801004e-02
7.150000000000000e-01 2.403306077470301e+00 1.181644215521250e-02
7.200000000000000e-01 2.464240457823092e+00 1.316018705119713e-02
7.250000000000000e-01 2.526715068679855e+00 1.434598086979763e-02
7.300000000000000e-01 2.590768958706095e+00 1.536394531995528e-02
7.350000000000000e-01 2.656442163668210e+00 1.620456500995845e-02
7.400000000000000e-01 2.723775731457148e+00 1.685895828824883e-02
7.450000000000000e-01 2.792811747744667e+00 1.731921272507810e-02
7.500000000000000e-01 2.863593362288260e+00 1.757880479466833e-02
7.550000000000000e-01 2.936164815901156e+00 1.763312161016887e-02
7.600000000000000e-01 3.010571468104263e+00 1.748009539516316e-02
7.650000000000000e-01 3.086859825477351e+00 1.712094615539130e-02
7.700000000000000e-01 3.165077570727174e+00 1.656100244893879e-02
7.750000000000000e-01 3.245273592490716e+00 1.581053373159254e-02
7.800000000000000e-01 3.327498015892184e+00 1.488548389802772e-02
7.850000000000000e-01 3.411802233872832e+00 1.380795362073194e-02
7.900000000000000e-01 3.498238939313234e+00 1.260625408904196e-02
7.950000000000000e-01 3.586862157968046e+00 1.131436452589896e-02
8.000000000000000e-01 3.677727282233856e+00 9.970683900188527e-03
8.050000000000000e-01 3.770891105771243e+00 8.616074690217477e-03
8.100000000000001e-01 3.866411859002656e+00 7.291336886714654e-03
8.150000000000001e-01 3.964349245508326e+00 6.034390839727448e-03
8.200000000000001e-01 4.064764479342956e+00 4.877547866748215e-03
8.250000000000001e-01 4.167720323296481e+00 3.845273839919225e-03
8.300000000000001e-01 4.273281128122877e+00 2.952788383627885e-03
8.350000000000000e-01 4.381512872761445e+00 2.205701392581328e-03
8.400000000000000e-01 4.492483205575838e+00 1.600702698286630e-03
8.450000000000000e-01 4.606261486636447e+00 1.127135677863527e-03
8.500000000000000e-01 4.722918831072739e+00 7.691455951498831e-04
8.550000000000000e-01 4.842528153522501e+00 5.080282886065025e-04
8.600000000000000e-01 4.965164213705875e+00 3.244224284713151e-04
8.650000000000000e-01 5.090903663152626e+00 2.000747929334031e-04
8.700000000000000e-01 5.219825093111814e+00 1.190329611907427e-04
8.750000000000000e-01 5.352009083673925e+00 6.824829535450419e-05
8.800000000000000e-01 5.487538254136007e+00 3.767431645172045e-05
8.850000000000000e-01 5.626497314641444e+00 2.000466877944856e-05
8.900000000000000e-01 5.768973119126561e+00 1.020888194779787e-05
8.950000000000000e-01 5.915054719607133e+00 5.003107939929920e-06
9.000000000000000e-01 6.064833421838831e+00 2.352861755796291e-06
9.050000000000000e-01 6.218402842386253e+00 1.061093696486617e-06
9.100000000000000e-01 6.375858967136348e+00 4.586100098246139e-07
9.150000000000000e-01 6.537300211292723e+00 1.898553242097733e-07
9.200000000000000e-01 6.702827480888332e+00 7.524421811942097e-08
9.250000000000000e-01 6.872544235855034e+00 2.853645976120604e-08
9.300000000000000e-01 7.046556554689444e+00 1.035218666593591e-08
9.350000000000001e-01 7.224973200755413e+00 3.591033609066862e-09
9.400000000000001e-01 7.407905690264673e+00 1.190784982604506e-09
9.450000000000001e-01 7.595468361978146e+00 3.773675099174711e-10
9.500000000000001e-01 7.787778448671316e+00 1.142673568252452e-10
9.550000000000001e-01 7.984956150408610e+00 3.305467521633266e-11
9.600000000000000e-01 8.187124709672272e+00 9.133542626456998e-12
9.650000000000000e-01 8.394410488393007e+00 2.410453894460596e-12
9.700000000000000e-01 8.606943046930221e+00 6.075512878060045e-13
9.750000000000000e-01 8.824855225051540e+00 1.462432385847229e-13
9.800000000000000e-01 9.048283224961922e+00 3.361790994702524e-14
9.850000000000000e-01 9.277366696434507e+00 7.381305055131712e-15
9.900000000000000e-01 9.512248824096272e+00 1.543945211169784e-15
9.950000000000000e-01 9.753076416923058e+00 3.300228174093405e-16
1.000000000000000e+00 1.000000000000000e+01 -1.810589191024522e-17
