0.000000000000000e+00 0.000000000000000e+00 -8.473719839735570e-01
5.000000000000000e-03 3.369477419287315e-03 -8.473719839735570e-01
1.000000000000000e-02 6.741060871647481e-03 -8.493911772805871e-01
1.500000000000000e-02 1.011685770649257e-02 -8.493409203834663e-01
2.000000000000000e-02 1.349897790673588e-02 -8.488348051135099e-01
2.500000000000000e-02 1.688953540759990e-02 -8.488649560190146e-01
3.000000000000000e-02 2.029064941789469e-02 -8.489415072710799e-01
3.500000000000000e-02 2.370444574459234e-02 -8.488176545375116e-01
4.000000000000000e-02 2.713305812152553e-02 -8.487283766833356e-01
4.500000000000000e-02 3.057862954304063e-02 -8.487105446818570e-01
5.000000000000000e-02 3.404331360343898e-02 -8.486057143742867e-01
5.500000000000000e-02 3.752927584304335e-02 -8.484738552789645e-01
6.000000000000000e-02 4.103869510173117e-02 -8.484092621803190e-01
6.500000000000000e-02 4.457376488078044e-02 -8.483220112570674e-01
7.000000000000001e-02 4.813669471387935e-02 -8.481582967486985e-01
7.500000000000000e-02 5.172971154815675e-02 -8.480205405329340e-01
8.000000000000000e-02 5.535506113609672e-02 -8.479164591842271e-01
8.500000000000001e-02 5.901500943920686e-02 -8.477583625331645e-01
9.000000000000000e-02 6.271184404431801e-02 -8.475682774171409e-01
9.500000000000000e-02 6.644787559340060e-02 -8.474111463393355e-01
1.000000000000000e-01 7.022543922779090e-02 -8.472398477342503e-01
1.050000000000000e-01 7.404689604773053e-02 -8.470209146577927e-01
1.100000000000000e-01 7.791463458813094e-02 -8.468093826963160e-01
1.150000000000000e-01 8.183107231148547e-02 -8.466100261747976e-01
1.200000000000000e-01 8.579865711886202e-02 -8.463663457355910e-01
1.250000000000000e-01 8.981986887992111e-02 -8.460969041309329e-01
1.300000000000000e-01 9.389722098291493e-02 -8.458491087153923e-01
1.350000000000000e-01 9.803326190563690e-02 -8.455885415266925e-01
1.400000000000000e-01 1.022305768083033e-01 -8.452775759162545e-01
1.450000000000000e-01 1.064917891493625e-01 -8.449577408604069e-01
1.500000000000000e-01 1.108195623252418e-01 -8.446543119305071e-01
1.550000000000000e-01 1.152166013350572e-01 -8.443226798075885e-01
1.600000000000000e-01 1.196856544713255e-01 -8.439460870774249e-01
1.650000000000000e-01 1.242295150377370e-01 -8.435664214115708e-01
1.700000000000000e-01 1.288510230950609e-01 -8.431930401642252e-01
1.750000000000000e-01 1.335530672362758e-01 -8.427857657912227e-01
1.800000000000000e-01 1.383385863920344e-01 -8.423381148391228e-01
1.850000000000000e-01 1.432105716675912e-01 -8.418854341958429e-01
1.900000000000000e-01 1.481720682123397e-01 -8.414328498442750e-01
1.950000000000000e-01 1.532261771231311e-01 -8.409465611625431e-01
2.000000000000000e-01 1.583760573825595e-01 -8.404193705484291e-01
2.050000000000000e-01 1.636249278334301e-01 -8.398807288472373e-01
2.100000000000000e-01 1.689760691906397e-01 -8.393408935382097e-01
2.150000000000000e-01 1.744328260917313e-01 -8.387724971340423e-01
2.200000000000000e-01 1.799986091874004e-01 -8.381609600939726e-01
2.250000000000000e-01 1.856768972732633e-01 -8.375272874234084e-01
2.300000000000000e-01 1.914712394642179e-01 -8.368895037829815e-01
2.350000000000000e-01 1.973852574127551e-01 -8.362339033923927e-01
2.400000000000000e-01 2.034226475726105e-01 -8.355430980784780e-01
2.450000000000000e-01 2.095871835091678e-01 -8.348192703384208e-01
2.500000000000000e-01 2.158827182580599e-01 -8.340747470464920e-01
2.550000000000000e-01 2.223131867334419e-01 -8.333192411435552e-01
2.600000000000000e-01 2.288826081874405e-01 -8.325536500207916e-01
2.650000000000000e-01 2.355950887223172e-01 -8.317632139059056e-01
2.700000000000000e-01 2.424548238569160e-01 -8.309394729907262e-01
2.750000000000000e-01 2.494661011489995e-01 -8.300943741888066e-01
2.800000000000000e-01 2.566333028751116e-01 -8.292382702499352e-01
2.850000000000000e-01 2.639609087696434e-01 -8.283769695470895e-01
2.900000000000000e-01 2.714534988248126e-01 -8.275183813181333e-01
2.950000000000000e-01 2.791157561533084e-01 -8.266553699885588e-01
3.000000000000000e-01 2.869524699153886e-01 -8.257868731887085e-01
3.050000000000000e-01 2.949685383122613e-01 -8.249186987844077e-01
3.100000000000000e-01 3.031689716476197e-01 -8.240498272303264e-01
3.150000000000000e-01 3.115588954592450e-01 -8.231969168251257e-01
3.200000000000000e-01 3.201435537226349e-01 -8.223633114617012e-01
3.250000000000000e-01 3.289283121286580e-01 -8.215655529377662e-01
3.300000000000000e-01 3.379186614372866e-01 -8.208119829786070e-01
3.350000000000000e-01 3.471202209094989e-01 -8.201179220774034e-01
3.400000000000000e-01 3.565387418195016e-01 -8.194969303990434e-01
3.450000000000000e-01 3.661801110494620e-01 -8.189666284653004e-01
3.500000000000000e-01 3.760503547690021e-01 -8.185463942993181e-01
3.550000000000000e-01 3.861556422017504e-01 -8.182592281866250e-01
3.600000000000000e-01 3.965022894813072e-01 -8.181316538744557e-01
3.650000000000000e-01 4.070967635990345e-01 -8.181946052249137e-01
3.700000000000000e-01 4.179456864461349e-01 -8.184840478313117e-01
3.750000000000000e-01 4.290558389525505e-01 -8.190419081688425e-01
3.800000000000000e-01 4.404341653252637e-01 -8.199171383456463e-01
3.850000000000000e-01 4.520877773886537e-01 -8.211670467205007e-01
3.900000000000000e-01 4.640239590296172e-01 -8.228589319585373e-01
3.950000000000000e-01 4.762501707502353e-01 -8.250721176267287e-01
4.000000000000000e-01 4.887740543308307e-01 -8.279005003998658e-01
4.050000000000000e-01 5.016034376063282e-01 -8.314557678140031e-01
4.100000000000000e-01 5.147463393589066e-01 -8.358714916250450e-01
4.150000000000000e-01 5.282109743299990e-01 -8.413083699517027e-01
4.200000000000000e-01 5.420057583547735e-01 -8.479609734986208e-01
4.250000000000000e-01 5.561393136223041e-01 -8.560664404176042e-01
4.300000000000000e-01 5.706204740647189e-01 -8.659156267402224e-01
4.350000000000000e-01 5.854582908786964e-01 -8.778671511469957e-01
4.400000000000000e-01 6.006620381827575e-01 -8.923642816223908e-01
4.450000000000000e-01 6.162412188138907e-01 -9.099528939733018e-01
4.500000000000000e-01 6.322055702671360e-01 -9.312935897670742e-01
4.550000000000000e-01 6.485650707818353e-01 -9.571464582548465e-01
4.600000000000000e-01 6.653299455783577e-01 -9.882664354255503e-01
4.650000000000000e-01 6.825106732491932e-01 -1.025037728309328e+00
4.700000000000000e-01 7.001179923084168e-01 -1.066400997686937e+00
4.750000000000000e-01 7.181629079036070e-01 -1.107076991079786e+00
4.800000000000000e-01 7.366566986944229e-01 -1.131755407318254e+00
4.850000000000000e-01 7.556109239021327e-01 -1.108328503211723e+00
4.900000000000000e-01 7.750374305345038e-01 -9.959018580779694e-01
4.950000000000000e-01 7.949483607905672e-01 -7.884506317245057e-01
5.000000000000000e-01 8.153561596498893e-01 -5.531653720514615e-01
5.050000000000000e-01 8.362735826510871e-01 -3.762639155212156e-01
5.100000000000000e-01 8.577137038644561e-01 -2.757136526498294e-01
5.150000000000000e-01 8.796899240636907e-01 -2.175232109179359e-01
5.200000000000000e-01 9.022159791018011e-01 -1.784667789032258e-01
5.250000000000000e-01 9.253059484964714e-01 -1.519276873376595e-01
5.300000000000000e-01 9.489742642302165e-01 -1.330119570785399e-01
5.350000000000000e-01 9.732357197708378e-01 -1.185422260287329e-01
5.400000000000000e-01 9.981054793178262e-01 -1.072322330193846e-01
5.450000000000000e-01 1.023599087280478e+00 -9.808185135481894e-02
5.500000000000000e-01 1.049732477993657e+00 -9.045869443062877e-02
5.550000000000000e-01 1.076521985677273e+00 -8.399913323566682e-02
5.600000000000001e-01 1.103984354645701e+00 -7.841973867530407e-02
5.650000000000001e-01 1.132136749773522e+00 -7.353049364181266e-02
5.700000000000001e-01 1.160996767224129e+00 -6.919490889754144e-02
5.750000000000001e-01 1.190582445447902e+00 -6.530729936087525e-02
5.800000000000000e-01 1.220912276456826e+00 -6.178874579519215e-02
5.850000000000000e-01 1.252005217382601e+00 -5.857701500108704e-02
5.900000000000000e-01 1.283880702325469e+00 -5.562234350640825e-02
5.950000000000000e-01 1.316558654501151e+00 -5.288456677464356e-02
6.000000000000000e-01 1.350059498693518e+00 -5.033051549252722e-02
6.050000000000000e-01 1.384404174020732e+00 -4.793252597123619e-02
6.100000000000000e-01 1.419614147022888e+00 -4.566723259865417e-02
6.150000000000000e-01 1.455711425079295e+00 -4.351466757822044e-02
6.200000000000000e-01 1.492718570163803e+00 -4.145760634515445e-02
6.250000000000000e-01 1.530658712946775e+00 -3.948105242202186e-02
6.300000000000000e-01 1.569555567252506e+00 -3.757184418559020e-02
6.350000000000000e-01 1.609433444881138e+00 -3.571834961745349e-02
6.400000000000000e-01 1.650317270804325e+00 -3.391022817774014e-02
6.450000000000000e-01 1.692232598744148e+00 -3.213824694795737e-02
6.500000000000000e-01 1.735205627145031e+00 -3.039414022627468e-02
6.550000000000000e-01 1.779263215548615e+00 -2.867050543169373e-02
6.600000000000000e-01 1.824432901381847e+00 -2.696073011854004e-02
6.650000000000000e-01 1.870742917168772e+00 -2.525894633714664e-02
6.700000000000000e-01 1.918222208176775e+00 -2.356000965466180e-02
6.750000000000000e-01 1.966900450508319e+00 -2.185950081225449e-02
6.800000000000000e-01 2.016808069649473e+00 -2.015374836360243e-02
6.850000000000001e-01 2.067976259486829e+00 -1.843987071644019e-02
6.900000000000001e-01 2.120437001804702e+00 -1.671583579146022e-02
6.950000000000001e-01 2.174223086274785e+00 -1.498053602652656e-02
7.000000000000001e-01 2.229368130950753e+00 -1.323387570020466e-02
7.050000000000000e-01 2.285906603280654e+00 -1.147686656222868e-02
7.100000000000000e-01 2.343873841650178e+00 -9.711726611424920e-03
7.150000000000000e-01 2.403306077470301e+00 -7.941975674335073e-03
7.200000000000000e-01 2.464240457823092e+00 -6.172520384998385e-03
7.250000000000000e-01 2.526715068679855e+00 -4.409720468250580e-03
7.300000000000000e-01 2.590768958706095e+00 -2.661428122611113e-03
7.350000000000000e-01 2.656442163668210e+00 -9.369929879565981e-04
7.400000000000000e-01 2.723775731457148e+00 7.527732304611512e-04
7.450000000000000e-01 2.792811747744667e+00 2.395676002618617e-03
7.500000000000000e-01 2.863593362288260e+00 3.978261687434808e-03
7.550000000000000e-01 2.936164815901156e+00 5.485983479876261e-03
7.600000000000000e-01 3.010571468104263e+00 6.903405333091039e-03
7.650000000000000e-01 3.086859825477351e+00 8.214439258261076e-03
7.700000000000000e-01 3.165077570727174e+00 9.402613536920977e-03
7.750000000000000e-01 3.245273592490716e+00 1.045137452425025e-02
7.800000000000000e-01 3.327498015892184e+00 1.134443294596360e-02
7.850000000000000e-01 3.411802233872832e+00 1.206617637735140e-02
7.900000000000000e-01 3.498238939313234e+00 1.260218184104715e-02
7.950000000000000e-01 3.586862157968046e+00 1.293987406701230e-02
8.000000000000000e-01 3.677727282233856e+00 1.306938114659487e-02
8.050000000000000e-01 3.770891105771243e+00 1.298463021886894e-02
8.100000000000001e-01 3.866411859002656e+00 1.268468654657513e-02
8.150000000000001e-01 3.964349245508326e+00 1.217525664216049e-02
8.200000000000001e-01 4.064764479342956e+00 1.147015209928509e-02
8.250000000000001e-01 4.167720323296481e+00 1.059237600668279e-02
8.300000000000001e-01 4.273281128122877e+00 9.574407328102429e-03
8.350000000000000e-01 4.381512872761445e+00 8.457287338518426e-03
8.400000000000000e-01 4.492483205575838e+00 7.288295240303698e-03
8.450000000000000e-01 4.606261486636447e+00 6.117317159523308e-03
8.500000000000000e-01 4.722918831072739e+00 4.992377624289441e-03
8.550000000000000e-01 4.842528153522501e+00 3.955090655159962e-03
8.600000000000000e-01 4.965164213705875e+00 3.036886555899092e-03
8.650000000000000e-01 5.090903663152626e+00 2.256730604796074e-03
8.700000000000000e-01 5.219825093111814e+00 1.620707675317902e-03
8.750000000000000e-01 5.352009083673925e+00 1.123411552081391e-03
8.800000000000000e-01 5.487538254136007e+00 7.506870057278806e-04
8.850000000000000e-01 5.626497314641444e+00 4.830392045073974e-04
8.900000000000000e-01 5.768973119126561e+00 2.989974618977788e-04
8.950000000000000e-01 5.915054719607133e+00 1.778738545411131e-04
9.000000000000000e-01 6.064833421838831e+00 1.016138007057708e-04
9.050000000000000e-01 6.218402842386253e+00 5.570100661748360e-05
9.100000000000000e-01 6.375858967136348e+00 2.927876822762578e-05
9.150000000000000e-01 6.537300211292723e+00 1.474910822718406e-05
9.200000000000000e-01 6.702827480888332e+00 7.116689524780811e-06
9.250000000000000e-01 6.872544235855034e+00 3.287728876721538e-06
9.300000000000000e-01 7.046556554689444e+00 1.453631730251495e-06
9.350000000000001e-01 7.224973200755413e+00 6.149136193138631e-07
9.400000000000001e-01 7.407905690264673e+00 2.488056099942362e-07
9.450000000000001e-01 7.595468361978146e+00 9.627192843934033e-08
9.500000000000001e-01 7.787778448671316e+00 3.561720658938656e-08
9.550000000000001e-01 7.984956150408610e+00 1.259755349633091e-08
9.600000000000000e-01 8.187124709672272e+00 4.259324419078839e-09
9.650000000000000e-01 8.394410488393007e+00 1.376576038451361e-09
9.700000000000000e-01 8.606943046930221e+00 4.252602048055940e-10
9.750000000000000e-01 8.824855225051540e+00 1.255761149206168e-10
9.800000000000000e-01 9.048283224961922e+00 3.544553065928434e-11
9.850000000000000e-01 9.277366696434507e+00 9.566964738448833e-12
9.900000000000000e-01 9.512248824096272e+00 2.459656573919444e-12
9.950000000000000e-01 9.753076416923058e+00 6.450244641587492e-13
1.000000000000000e+00 1.000000000000000e+01 3.434596500597149e-14
