0.000000000000000e+00 0.000000000000000e+00 -7.902248217930851e-01
5.000000000000000e-03 3.369477419287315e-03 -7.902248217930851e-01
1.000000000000000e-02 6.741060871647481e-03 -7.923114607847824e-01
1.500000000000000e-02 1.011685770649257e-02 -7.922888189485461e-01
2.000000000000000e-02 1.349897790673588e-02 -7.917577802361333e-01
2.500000000000000e-02 1.688953540759990e-02 -7.917551766460973e-01
3.000000000000000e-02 2.029064941789469e-02 -7.918397464118448e-01
3.500000000000000e-02 2.370444574459234e-02 -7.917158742227534e-01
4.000000000000000e-02 2.713305812152553e-02 -7.915884333096228e-01
4.500000000000000e-02 3.057862954304063e-02 -7.915437485404265e-01
5.000000000000000e-02 3.404331360343898e-02 -7.914390755797395e-01
5.500000000000000e-02 3.752927584304335e-02 -7.912806859204671e-01
6.000000000000000e-02 4.103869510173117e-02 -7.911696664577373e-01
6.500000000000000e-02 4.457376488078044e-02 -7.910605326151228e-01
7.000000000000001e-02 4.813669471387935e-02 -7.908756516509063e-01
7.500000000000000e-02 5.172971154815675e-02 -7.906857666977295e-01
8.000000000000000e-02 5.535506113609672e-02 -7.905388971446961e-01
8.500000000000001e-02 5.901500943920686e-02 -7.903566859928796e-01
9.000000000000000e-02 6.271184404431801e-02 -7.901136084776568e-01
9.500000000000000e-02 6.644787559340060e-02 -7.898866988927634e-01
1.000000000000000e-01 7.022543922779090e-02 -7.896774812980148e-01
1.050000000000000e-01 7.404689604773053e-02 -7.894183669147991e-01
1.100000000000000e-01 7.791463458813094e-02 -7.891233482107640e-01
1.150000000000000e-01 8.183107231148547e-02 -7.888456333502236e-01
1.200000000000000e-01 8.579865711886202e-02 -7.885579153260700e-01
1.250000000000000e-01 8.981986887992111e-02 -7.882207217097363e-01
1.300000000000000e-01 9.389722098291493e-02 -7.878667432829977e-01
1.350000000000000e-01 9.803326190563690e-02 -7.875207062629985e-01
1.400000000000000e-01 1.022305768083033e-01 -7.871459606140987e-01
1.450000000000000e-01 1.064917891493625e-01 -7.867265456904791e-01
1.500000000000000e-01 1.108195623252418e-01 -7.862977485849870e-01
1.550000000000000e-01 1.152166013350572e-01 -7.858665183700914e-01
1.600000000000000e-01 1.196856544713255e-01 -7.853980643708708e-01
1.650000000000000e-01 1.242295150377370e-01 -7.848868508274927e-01
1.700000000000000e-01 1.288510230950609e-01 -7.843636570127491e-01
1.750000000000000e-01 1.335530672362758e-01 -7.838310758114463e-01
1.800000000000000e-01 1.383385863920344e-01 -7.832603279088133e-01
1.850000000000000e-01 1.432105716675912e-01 -7.826441083143878e-01
1.900000000000000e-01 1.481720682123397e-01 -7.820053924800486e-01
1.950000000000000e-01 1.532261771231311e-01 -7.813530157648081e-01
2.000000000000000e-01 1.583760573825595e-01 -7.806683446959090e-01
2.050000000000000e-01 1.636249278334301e-01 -7.799341984761194e-01
2.100000000000000e-01 1.689760691906397e-01 -7.791594859145695e-01
2.150000000000000e-01 1.744328260917313e-01 -7.783636878829568e-01
2.200000000000000e-01 1.799986091874004e-01 -7.775462716177092e-01
2.250000000000000e-01 1.856768972732633e-01 -7.766825409915258e-01
2.300000000000000e-01 1.914712394642179e-01 -7.757612276503124e-01
2.350000000000000e-01 1.973852574127551e-01 -7.748003898907604e-01
2.400000000000000e-01 2.034226475726105e-01 -7.738147752762295e-01
2.450000000000000e-01 2.095871835091678e-01 -7.727948652344234e-01
2.500000000000000e-01 2.158827182580599e-01 -7.717289292560897e-01
2.550000000000000e-01 2.223131867334419e-01 -7.706089182139229e-01
2.600000000000000e-01 2.288826081874405e-01 -7.694315230322852e-01
2.650000000000000e-01 2.355950887223172e-01 -7.682104044962536e-01
2.700000000000000e-01 2.424548238569160e-01 -7.669555527121260e-01
2.750000000000000e-01 2.494661011489995e-01 -7.656598122914372e-01
2.800000000000000e-01 2.566333028751116e-01 -7.643227182459912e-01
2.850000000000000e-01 2.639609087696434e-01 -7.629352576232554e-01
2.900000000000000e-01 2.714534988248126e-01 -7.614893754915600e-01
2.950000000000000e-01 2.791157561533084e-01 -7.599923318500386e-01
3.000000000000000e-01 2.869524699153886e-01 -7.584372038202641e-01
3.050000000000000e-01 2.949685383122613e-01 -7.568355052323005e-01
3.100000000000000e-01 3.031689716476197e-01 -7.551837089496420e-01
3.150000000000000e-01 3.115588954592450e-01 -7.534888183402082e-01
3.200000000000000e-01 3.201435537226349e-01 -7.517503436572054e-01
3.250000000000000e-01 3.289283121286580e-01 -7.499721258084199e-01
3.300000000000000e-01 3.379186614372866e-01 -7.481560381068976e-01
3.350000000000000e-01 3.471202209094989e-01 -7.463057028661446e-01
3.400000000000000e-01 3.565387418195016e-01 -7.444249144517732e-01
3.450000000000000e-01 3.661801110494620e-01 -7.425185208947982e-01
3.500000000000000e-01 3.760503547690021e-01 -7.405921636255174e-01
3.550000000000000e-01 3.861556422017504e-01 -7.386524874453924e-01
3.600000000000000e-01 3.965022894813072e-01 -7.367071639318000e-01
3.650000000000000e-01 4.070967635990345e-01 -7.347649862357875e-01
3.700000000000000e-01 4.179456864461349e-01 -7.328359353294922e-01
3.750000000000000e-01 4.290558389525505e-01 -7.309312448785703e-01
3.800000000000000e-01 4.404341653252637e-01 -7.290634443990174e-01
3.850000000000000e-01 4.520877773886537e-01 -7.272463716114382e-01
3.900000000000000e-01 4.640239590296172e-01 -7.254951350082965e-01
3.950000000000000e-01 4.762501707502353e-01 -7.238260014722772e-01
4.000000000000000e-01 4.887740543308307e-01 -7.222561723876674e-01
4.050000000000000e-01 5.016034376063282e-01 -7.208033958991326e-01
4.100000000000000e-01 5.147463393589066e-01 -7.194853399145662e-01
4.150000000000000e-01 5.282109743299990e-01 -7.183186170692231e-01
4.200000000000000e-01 5.420057583547735e-01 -7.173173044605407e-01
4.250000000000000e-01 5.561393136223041e-01 -7.164907309500467e-01
4.300000000000000e-01 5.706204740647189e-01 -7.158402041978386e-01
4.350000000000000e-01 5.854582908786964e-01 -7.153542067706450e-01
4.400000000000000e-01 6.006620381827575e-01 -7.150013925822306e-01
4.450000000000000e-01 6.162412188138907e-01 -7.147204514356493e-01
4.500000000000000e-01 6.322055702671360e-01 -7.144055856421022e-01
4.550000000000000e-01 6.485650707818353e-01 -7.138860085720539e-01
4.600000000000000e-01 6.653299455783577e-01 -7.128976892725055e-01
4.650000000000000e-01 6.825106732491932e-01 -7.110459202658777e-01
4.700000000000000e-01 7.001179923084168e-01 -7.077589988366390e-01
4.750000000000000e-01 7.181629079036070e-01 -7.022378617795706e-01
4.800000000000000e-01 7.366566986944229e-01 -6.934159802500550e-01
4.850000000000000e-01 7.556109239021327e-01 -6.799597146757420e-01
4.900000000000000e-01 7.750374305345038e-01 -6.603587992492075e-01
4.950000000000000e-01 7.949483607905672e-01 -6.331654922518244e-01
5.000000000000000e-01 8.153561596498893e-01 -5.974092754572607e-01
5.050000000000000e-01 8.362735826510871e-01 -5.531122287527144e-01
5.100000000000000e-01 8.577137038644561e-01 -5.016814068997278e-01
5.150000000000000e-01 8.796899240636907e-01 -4.458826372574183e-01
5.200000000000000e-01 9.022159791018011e-01 -3.892579782756631e-01
5.250000000000000e-01 9.253059484964714e-01 -3.352044825296801e-01
5.300000000000000e-01 9.489742642302165e-01 -2.861851211135268e-01
5.350000000000000e-01 9.732357197708378e-01 -2.434280373445391e-01
5.400000000000000e-01 9.981054793178262e-01 -2.071058653777839e-01
5.450000000000000e-01 1.023599087280478e+00 -1.767314670603724e-01
5.500000000000000e-01 1.049732477993657e+00 -1.515220703153842e-01
5.550000000000000e-01 1.076521985677273e+00 -1.306342799986427e-01
5.600000000000001e-01 1.103984354645701e+00 -1.132831463828817e-01
5.650000000000001e-01 1.132136749773522e+00 -9.878882138944761e-02
5.700000000000001e-01 1.160996767224129e+00 -8.658539590371143e-02
5.750000000000001e-01 1.190582445447902e+00 -7.621252465446633e-02
5.800000000000000e-01 1.220912276456826e+00 -6.730081362088641e-02
5.850000000000000e-01 1.252005217382601e+00 -5.955628586395916e-02
5.900000000000000e-01 1.283880702325469e+00 -5.274618059400817e-02
5.950000000000000e-01 1.316558654501151e+00 -4.668683136168137e-02
6.000000000000000e-01 1.350059498693518e+00 -4.123368567897789e-02
6.050000000000000e-01 1.384404174020732e+00 -3.627325167952859e-02
6.100000000000000e-01 1.419614147022888e+00 -3.171667369260088e-02
6.150000000000000e-01 1.455711425079295e+00 -2.749464013030986e-02
6.200000000000000e-01 1.492718570163803e+00 -2.355336124392709e-02
6.250000000000000e-01 1.530658712946775e+00 -1.985139698947401e-02
6.300000000000000e-01 1.569555567252506e+00 -1.635715623535049e-02
6.350000000000000e-01 1.609433444881138e+00 -1.304692414573746e-02
6.400000000000000e-01 1.650317270804325e+00 -9.903304035739907e-03
6.450000000000000e-01 1.692232598744148e+00 -6.913983784492061e-03
6.500000000000000e-01 1.735205627145031e+00 -4.070755875336519e-03
6.550000000000000e-01 1.779263215548615e+00 -1.368735209301128e-03
6.600000000000000e-01 1.824432901381847e+00 1.194269197094080e-03
6.650000000000000e-01 1.870742917168772e+00 3.618263025735827e-03
6.700000000000000e-01 1.918222208176775e+00 5.901482870027429e-03
6.750000000000000e-01 1.966900450508319e+00 8.040740857011217e-03
6.800000000000000e-01 2.016808069649473e+00 1.003171419543159e-02
6.850000000000001e-01 2.067976259486829e+00 1.186919289158793e-02
6.900000000000001e-01 2.120437001804702e+00 1.354729670094111e-02
6.950000000000001e-01 2.174223086274785e+00 1.505967121674974e-02
7.000000000000001e-01 2.229368130950753e+00 1.639967273976696e-02
7.050000000000000e-01 2.285906603280654e+00 1.756055209797415e-02
7.100000000000000e-01 2.343873841650178e+00 1.853564870934949e-02
7.150000000000000e-01 2.403306077470301e+00 1.931860763495256e-02
7.200000000000000e-01 2.464240457823092e+00 1.990363376240419e-02
7.250000000000000e-01 2.526715068679855e+00 2.028579803029527e-02
7.300000000000000e-01 2.590768958706095e+00 2.046140997191783e-02
7.350000000000000e-01 2.656442163668210e+00 2.042846778854401e-02
7.400000000000000e-01 2.723775731457148e+00 2.018719039921969e-02
7.450000000000000e-01 2.792811747744667e+00 1.974062413529079e-02
7.500000000000000e-01 2.863593362288260e+00 1.909529896999430e-02
7.550000000000000e-01 2.936164815901156e+00 1.826188545070328e-02
7.600000000000000e-01 3.010571468104263e+00 1.725577586952561e-02
7.650000000000000e-01 3.086859825477351e+00 1.609748655403099e-02
7.700000000000000e-01 3.165077570727174e+00 1.481276041443616e-02
7.750000000000000e-01 3.245273592490716e+00 1.343224983983243e-02
7.800000000000000e-01 3.327498015892184e+00 1.199068846908077e-02
7.850000000000000e-01 3.411802233872832e+00 1.052551998862107e-02
7.900000000000000e-01 3.498238939313234e+00 9.075037932295376e-03
7.950000000000000e-01 3.586862157968046e+00 7.676187504271064e-03
8.000000000000000e-01 3.677727282233856e+00 6.362266296537440e-03
8.050000000000000e-01 3.770891105771243e+00 5.160811671961327e-03
8.100000000000001e-01 3.866411859002656e+00 4.091961104611293e-03
8.150000000000001e-01 3.964349245508326e+00 3.167513048452869e-03
8.200000000000001e-01 4.064764479342956e+00 2.390809960577635e-03
8.250000000000001e-01 4.167720323296481e+00 1.757434362732048e-03
8.300000000000001e-01 4.273281128122877e+00 1.256581881788023e-03
8.350000000000000e-01 4.381512872761445e+00 8.728790506246963e-04
8.400000000000000e-01 4.492483205575838e+00 5.883667588277949e-04
8.450000000000000e-01 4.606261486636447e+00 3.843784485044791e-04
8.500000000000000e-01 4.722918831072739e+00 2.430981107497667e-04
8.550000000000000e-01 4.842528153522501e+00 1.486693184308283e-04
8.600000000000000e-01 4.965164213705875e+00 8.782065965147634e-05
8.650000000000000e-01 5.090903663152626e+00 5.005423356629411e-05
8.700000000000000e-01 5.219825093111814e+00 2.749816225481055e-05
8.750000000000000e-01 5.352009083673925e+00 1.454634007633491e-05
8.800000000000000e-01 5.487538254136007e+00 7.402519688279413e-06
8.850000000000000e-01 5.626497314641444e+00 3.620688200628082e-06
8.900000000000000e-01 5.768973119126561e+00 1.700673009020791e-06
8.950000000000000e-01 5.915054719607133e+00 7.665214876863384e-07
9.000000000000000e-01 6.064833421838831e+00 3.312692887524325e-07
9.050000000000000e-01 6.218402842386253e+00 1.371813179311930e-07
9.100000000000000e-01 6.375858967136348e+00 5.439932896588767e-08
9.150000000000000e-01 6.537300211292723e+00 2.064565972432101e-08
9.200000000000000e-01 6.702827480888332e+00 7.495079325411537e-09
9.250000000000000e-01 6.872544235855034e+00 2.601565477257733e-09
9.300000000000000e-01 7.046556554689444e+00 8.630296759543591e-10
9.350000000000001e-01 7.224973200755413e+00 2.735220364606721e-10
9.400000000000001e-01 7.407905690264673e+00 8.279395813254436e-11
9.450000000000001e-01 7.595468361978146e+00 2.392923355677385e-11
9.500000000000001e-01 7.787778448671316e+00 6.602156347595691e-12
9.550000000000001e-01 7.984956150408610e+00 1.738563927995966e-12
9.600000000000000e-01 8.187124709672272e+00 4.368991293583488e-13
9.650000000000000e-01 8.394410488393007e+00 1.047637209234321e-13
9.700000000000000e-01 8.606943046930221e+00 2.396890019125761e-14
9.750000000000000e-01 8.824855225051540e+00 5.232083319413815e-15
9.800000000000000e-01 9.048283224961922e+00 1.089641572504230e-15
9.850000000000000e-01 9.277366696434507e+00 2.165310041860030e-16
9.900000000000000e-01 9.512248824096272e+00 4.097014717303479e-17
9.950000000000000e-01 9.753076416923058e+00 7.916283920377294e-18
1.000000000000000e+00 1.000000000000000e+01 -8.391809703846012e-19
