0.000000000000000e+00 0.000000000000000e+00 -7.718231275508666e-01
5.000000000000000e-03 3.369477419287315e-03 -7.718231275508666e-01
1.000000000000000e-02 6.741060871647481e-03 -7.699856408557229e-01
1.500000000000000e-02 1.011685770649257e-02 -7.698841172834285e-01
2.000000000000000e-02 1.349897790673588e-02 -7.702647243444531e-01
2.500000000000000e-02 1.688953540759990e-02 -7.702254586255103e-01
3.000000000000000e-02 2.029064941789469e-02 -7.700076016407525e-01
3.500000000000000e-02 2.370444574459234e-02 -7.699425835399353e-01
4.000000000000000e-02 2.713305812152553e-02 -7.699267351542420e-01
4.500000000000000e-02 3.057862954304063e-02 -7.698064517224887e-01
5.000000000000000e-02 3.404331360343898e-02 -7.696534608244568e-01
5.500000000000000e-02 3.752927584304335e-02 -7.695560460654860e-01
6.000000000000000e-02 4.103869510173117e-02 -7.694375816679452e-01
6.500000000000000e-02 4.457376488078044e-02 -7.692570244776741e-01
7.000000000000001e-02 4.813669471387935e-02 -7.690883832902546e-01
7.500000000000000e-02 5.172971154815675e-02 -7.689399766424989e-01
8.000000000000000e-02 5.535506113609672e-02 -7.687386679654475e-01
8.500000000000001e-02 5.901500943920686e-02 -7.685040465792653e-01
9.000000000000000e-02 6.271184404431801e-02 -7.682984274956186e-01
9.500000000000000e-02 6.644787559340060e-02 -7.680829500180607e-01
1.000000000000000e-01 7.022543922779090e-02 -7.678055119149282e-01
1.050000000000000e-01 7.404689604773053e-02 -7.675160989027497e-01
1.100000000000000e-01 7.791463458813094e-02 -7.672521753705351e-01
1.150000000000000e-01 8.183107231148547e-02 -7.669578606454323e-01
1.200000000000000e-01 8.579865711886202e-02 -7.666066051181897e-01
1.250000000000000e-01 8.981986887992111e-02 -7.662529086133953e-01
1.300000000000000e-01 9.389722098291493e-02 -7.659119301205829e-01
1.350000000000000e-01 9.803326190563690e-02 -7.655304972323405e-01
1.400000000000000e-01 1.022305768083033e-01 -7.650994392838953e-01
1.450000000000000e-01 1.064917891493625e-01 -7.646656345512499e-01
1.500000000000000e-01 1.108195623252418e-01 -7.642326868491661e-01
1.550000000000000e-01 1.152166013350572e-01 -7.637558069469217e-01
1.600000000000000e-01 1.196856544713255e-01 -7.632315041526319e-01
1.650000000000000e-01 1.242295150377370e-01 -7.626983489891253e-01
1.700000000000000e-01 1.288510230950609e-01 -7.621593853777822e-01
1.750000000000000e-01 1.335530672362758e-01 -7.615764053868187e-01
1.800000000000000e-01 1.383385863920344e-01 -7.609417004258144e-01
1.850000000000000e-01 1.432105716675912e-01 -7.602877026231055e-01
1.900000000000000e-01 1.481720682123397e-01 -7.596250058935302e-01
1.950000000000000e-01 1.532261771231311e-01 -7.589218884407110e-01
2.000000000000000e-01 1.583760573825595e-01 -7.581608653592171e-01
2.050000000000000e-01 1.636249278334301e-01 -7.573644540044255e-01
2.100000000000000e-01 1.689760691906397e-01 -7.565517005431688e-01
2.150000000000000e-01 1.744328260917313e-01 -7.557063144279452e-01
2.200000000000000e-01 1.799986091874004e-01 -7.548077918291737e-01
2.250000000000000e-01 1.856768972732633e-01 -7.538561352888419e-01
2.300000000000000e-01 1.914712394642179e-01 -7.528621478571799e-01
2.350000000000000e-01 1.973852574127551e-01 -7.518356084555715e-01
2.400000000000000e-01 2.034226475726105e-01 -7.507764591062406e-01
2.450000000000000e-01 2.095871835091678e-01 -7.496648884147278e-01
2.500000000000000e-01 2.158827182580599e-01 -7.484878005875258e-01
2.550000000000000e-01 2.223131867334419e-01 -7.472553527113170e-01
2.600000000000000e-01 2.288826081874405e-01 -7.459749587769459e-01
2.650000000000000e-01 2.355950887223172e-01 -7.446495524386683e-01
2.700000000000000e-01 2.424548238569160e-01 -7.432841158270810e-01
2.750000000000000e-01 2.494661011489995e-01 -7.418647316580547e-01
2.800000000000000e-01 2.566333028751116e-01 -7.403842801591707e-01
2.850000000000000e-01 2.639609087696434e-01 -7.388425758464596e-01
2.900000000000000e-01 2.714534988248126e-01 -7.372301112932068e-01
2.950000000000000e-01 2.791157561533084e-01 -7.355579101569367e-01
3.000000000000000e-01 2.869524699153886e-01 -7.338193171710576e-01
3.050000000000000e-01 2.949685383122613e-01 -7.320225963312740e-01
3.100000000000000e-01 3.031689716476197e-01 -7.301642724961821e-01
3.150000000000000e-01 3.115588954592450e-01 -7.282475830588302e-01
3.200000000000000e-01 3.201435537226349e-01 -7.262714474860120e-01
3.250000000000000e-01 3.289283121286580e-01 -7.242372048419699e-01
3.300000000000000e-01 3.379186614372866e-01 -7.221454262581931e-01
3.350000000000000e-01 3.471202209094989e-01 -7.199976567529601e-01
3.400000000000000e-01 3.565387418195016e-01 -7.177957347161477e-01
3.450000000000000e-01 3.661801110494620e-01 -7.155421456961518e-01
3.500000000000000e-01 3.760503547690021e-01 -7.132399315341582e-01
3.550000000000000e-01 3.861556422017504e-01 -7.108927701416625e-01
3.600000000000000e-01 3.965022894813072e-01 -7.085049889089936e-01
3.650000000000000e-01 4.070967635990345e-01 -7.060815942678846e-01
3.700000000000000e-01 4.179456864461349e-01 -7.036282820804843e-01
3.750000000000000e-01 4.290558389525505e-01 -7.011514316495771e-01
3.800000000000000e-01 4.404341653252637e-01 -6.986580710130460e-01
3.850000000000000e-01 4.520877773886537e-01 -6.961558021612677e-01
3.900000000000000e-01 4.640239590296172e-01 -6.936526693655455e-01
3.950000000000000e-01 4.762501707502353e-01 -6.911569482683062e-01
4.000000000000000e-01 4.887740543308307e-01 -6.886768252226360e-01
4.050000000000000e-01 5.016034376063282e-01 -6.862199253360235e-01
4.100000000000000e-01 5.147463393589066e-01 -6.837926325481524e-01
4.150000000000000e-01 5.282109743299990e-01 -6.813991244634487e-01
4.200000000000000e-01 5.420057583547735e-01 -6.790400167200614e-01
4.250000000000000e-01 5.561393136223041e-01 -6.767104741799433e-01
4.300000000000000e-01 5.706204740647189e-01 -6.743975967356429e-01
4.350000000000000e-01 5.854582908786964e-01 -6.720768240179817e-01
4.400000000000000e-01 6.006620381827575e-01 -6.697070256099273e-01
4.450000000000000e-01 6.162412188138907e-01 -6.672238564989794e-01
4.500000000000000e-01 6.322055702671360e-01 -6.645308780290096e-01
4.550000000000000e-01 6.485650707818353e-01 -6.614879129442384e-01
4.600000000000000e-01 6.653299455783577e-01 -6.578962044153838e-01
4.650000000000000e-01 6.825106732491932e-01 -6.534803448217108e-01
4.700000000000000e-01 7.001179923084168e-01 -6.478679057069650e-01
4.750000000000000e-01 7.181629079036070e-01 -6.405696387056193e-01
4.800000000000000e-01 7.366566986944229e-01 -6.309664701710829e-01
4.850000000000000e-01 7.556109239021327e-01 -6.183144047649232e-01
4.900000000000000e-01 7.750374305345038e-01 -6.017838611571054e-01
4.950000000000000e-01 7.949483607905672e-01 -5.805524279800479e-01
5.000000000000000e-01 8.153561596498893e-01 -5.539628921831797e-01
5.050000000000000e-01 8.362735826510871e-01 -5.217341808930107e-01
5.100000000000000e-01 8.577137038644561e-01 -4.841717143912332e-01
5.150000000000000e-01 8.796899240636907e-01 -4.422848663784620e-01
5.200000000000000e-01 9.022159791018011e-01 -3.977205277352689e-01
5.250000000000000e-01 9.253059484964714e-01 -3.524899725348357e-01
5.300000000000000e-01 9.489742642302165e-01 -3.085749114676145e-01
5.350000000000000e-01 9.732357197708378e-01 -2.675693998396523e-01
5.400000000000000e-01 9.981054793178262e-01 -2.304868001349270e-01
5.450000000000000e-01 1.023599087280478e+00 -1.977595586447009e-01
5.500000000000000e-01 1.049732477993657e+00 -1.693677085851943e-01
5.550000000000000e-01 1.076521985677273e+00 -1.450059262311166e-01
5.600000000000001e-01 1.103984354645701e+00 -1.242273569106085e-01
5.650000000000001e-01 1.132136749773522e+00 -1.065426996171731e-01
5.700000000000001e-01 1.160996767224129e+00 -9.147824770013641e-02
5.750000000000001e-01 1.190582445447902e+00 -7.860477519177478e-02
5.800000000000000e-01 1.220912276456826e+00 -6.754844856508228e-02
5.850000000000000e-01 1.252005217382601e+00 -5.799176506347526e-02
5.900000000000000e-01 1.283880702325469e+00 -4.966955310493698e-02
5.950000000000000e-01 1.316558654501151e+00 -4.236294685045727e-02
6.000000000000000e-01 1.350059498693518e+00 -3.589289908318618e-02
6.050000000000000e-01 1.384404174020732e+00 -3.011400345364271e-02
6.100000000000000e-01 1.419614147022888e+00 -2.490895625601987e-02
6.150000000000000e-01 1.455711425079295e+00 -2.018375551553276e-02
6.200000000000000e-01 1.492718570163803e+00 -1.586362069862382e-02
6.250000000000000e-01 1.530658712946775e+00 -1.188956604337984e-02
6.300000000000000e-01 1.569555567252506e+00 -8.215543654852000e-03
6.350000000000000e-01 1.609433444881138e+00 -4.806072143753209e-03
6.400000000000000e-01 1.650317270804325e+00 -1.634273591109884e-03
6.450000000000000e-01 1.692232598744148e+00 1.319748739255259e-03
6.500000000000000e-01 1.735205627145031e+00 4.070249593246163e-03
6.550000000000000e-01 1.779263215548615e+00 6.626946348070931e-03
6.600000000000000e-01 1.824432901381847e+00 8.995929686211707e-03
6.650000000000000e-01 1.870742917168772e+00 1.118041438432646e-02
6.700000000000000e-01 1.918222208176775e+00 1.318135902345007e-02
6.750000000000000e-01 1.966900450508319e+00 1.499797937785913e-02
6.800000000000000e-01 2.016808069649473e+00 1.662817727577933e-02
6.850000000000001e-01 2.067976259486829e+00 1.806890470960255e-02
6.900000000000001e-01 2.120437001804702e+00 1.931648175341273e-02
6.950000000000001e-01 2.174223086274785e+00 2.036688623964478e-02
7.000000000000001e-01 2.229368130950753e+00 2.121603292579390e-02
7.050000000000000e-01 2.285906603280654e+00 2.186005974589082e-02
7.100000000000000e-01 2.343873841650178e+00 2.229563828782978e-02
7.150000000000000e-01 2.403306077470301e+00 2.252032433069638e-02
7.200000000000000e-01 2.464240457823092e+00 2.253296142366005e-02
7.250000000000000e-01 2.526715068679855e+00 2.233414525130421e-02
7.300000000000000e-01 2.590768958706095e+00 2.192674800685122e-02
7.350000000000000e-01 2.656442163668210e+00 2.131648942160457e-02
7.400000000000000e-01 2.723775731457148e+00 2.051252422264039e-02
7.450000000000000e-01 2.792811747744667e+00 1.952799540171746e-02
7.500000000000000e-01 2.863593362288260e+00 1.838048120241117e-02
7.550000000000000e-01 2.936164815901156e+00 1.709224561856612e-02
7.600000000000000e-01 3.010571468104263e+00 1.569019370864443e-02
7.650000000000000e-01 3.086859825477351e+00 1.420544107488421e-02
7.700000000000000e-01 3.165077570727174e+00 1.267243679117203e-02
7.750000000000000e-01 3.245273592490716e+00 1.112763197713557e-02
7.800000000000000e-01 3.327498015892184e+00 9.607756743870120e-03
7.850000000000000e-01 3.411802233872832e+00 8.147844166558749e-03
7.900000000000000e-01 3.498238939313234e+00 6.779204368755599e-03
7.950000000000000e-01 3.586862157968046e+00 5.527587565031649e-03
8.000000000000000e-01 3.677727282233856e+00 4.411769852350857e-03
8.050000000000000e-01 3.770891105771243e+00 3.442746707959824e-03
8.100000000000001e-01 3.866411859002656e+00 2.623634246145958e-03
8.150000000000001e-01 3.964349245508326e+00 1.950273910828647e-03
8.200000000000001e-01 4.064764479342956e+00 1.412433633945233e-03
8.250000000000001e-01 4.167720323296481e+00 9.954179838838812e-04
8.300000000000001e-01 4.273281128122877e+00 6.818562206804831e-04
8.350000000000000e-01 4.381512872761445e+00 4.534364146717196e-04
8.400000000000000e-01 4.492483205575838e+00 2.923922053402984e-04
8.450000000000000e-01 4.606261486636447e+00 1.826146566958397e-04
8.500000000000000e-01 4.722918831072739e+00 1.103386592772898e-04
8.550000000000000e-01 4.842528153522501e+00 6.442480003496591e-05
8.600000000000000e-01 4.965164213705875e+00 3.631066976885928e-05
8.650000000000000e-01 5.090903663152626e+00 1.973364190704864e-05
8.700000000000000e-01 5.219825093111814e+00 1.033055109756055e-05
8.750000000000000e-01 5.352009083673925e+00 5.204173040630919e-06
8.800000000000000e-01 5.487538254136007e+00 2.520458595428291e-06
8.850000000000000e-01 5.626497314641444e+00 1.172505531799608e-06
8.900000000000000e-01 5.768973119126561e+00 5.234643137527062e-07
8.950000000000000e-01 5.915054719607133e+00 2.241030965233351e-07
9.000000000000000e-01 6.064833421838831e+00 9.193313859177798e-08
9.050000000000000e-01 6.218402842386253e+00 3.611255328633093e-08
9.100000000000000e-01 6.375858967136348e+00 1.357464336688448e-08
9.150000000000000e-01 6.537300211292723e+00 4.880101838294601e-09
9.200000000000000e-01 6.702827480888332e+00 1.676985682366436e-09
9.250000000000000e-01 6.872544235855034e+00 5.505832274455743e-10
9.300000000000000e-01 7.046556554689444e+00 1.726337638938380e-10
9.350000000000001e-01 7.224973200755413e+00 5.167444657245914e-11
9.400000000000001e-01 7.407905690264673e+00 1.476158180893522e-11
9.450000000000001e-01 7.595468361978146e+00 4.023251202259255e-12
9.500000000000001e-01 7.787778448671316e+00 1.045944043010663e-12
9.550000000000001e-01 7.984956150408610e+00 2.593255459181472e-13
9.600000000000000e-01 8.187124709672272e+00 6.130893791716738e-14
9.650000000000000e-01 8.394410488393007e+00 1.381963393588591e-14
9.700000000000000e-01 8.606943046930221e+00 2.969829972292586e-15
9.750000000000000e-01 8.824855225051540e+00 6.084310374341646e-16
9.800000000000000e-01 9.048283224961922e+00 1.188312551005977e-16
9.850000000000000e-01 9.277366696434507e+00 2.212722811223400e-17
9.900000000000000e-01 9.512248824096272e+00 3.921106396580705e-18
9.950000000000000e-01 9.753076416923058e+00 7.088835663690593e-19
1.000000000000000e+00 1.000000000000000e+01 -9.842211204115369e-20
