0.000000000000000e+00 0.000000000000000e+00 -8.557749115407837e-01
5.000000000000000e-03 3.369477419287315e-03 -8.557749115407837e-01
1.000000000000000e-02 6.741060871647481e-03 -8.564739821063775e-01
1.500000000000000e-02 1.011685770649257e-02 -8.564321433208251e-01
2.000000000000000e-02 1.349897790673588e-02 -8.561937426955735e-01
2.500000000000000e-02 1.688953540759990e-02 -8.561899991746158e-01
3.000000000000000e-02 2.029064941789469e-02 -8.562259386721179e-01
3.500000000000000e-02 2.370444574459234e-02 -8.561329874167670e-01
4.000000000000000e-02 2.713305812152553e-02 -8.560267769438868e-01
4.500000000000000e-02 3.057862954304063e-02 -8.559987041393126e-01
5.000000000000000e-02 3.404331360343898e-02 -8.559297756368381e-01
5.500000000000000e-02 3.752927584304335e-02 -8.558003282291694e-01
6.000000000000000e-02 4.103869510173117e-02 -8.557124715746519e-01
6.500000000000000e-02 4.457376488078044e-02 -8.556424543557709e-01
7.000000000000001e-02 4.813669471387935e-02 -8.554997337350218e-01
7.500000000000000e-02 5.172971154815675e-02 -8.553491786551347e-01
8.000000000000000e-02 5.535506113609672e-02 -8.552481352236526e-01
8.500000000000001e-02 5.901500943920686e-02 -8.551163212801317e-01
9.000000000000000e-02 6.271184404431801e-02 -8.549258448575021e-01
9.500000000000000e-02 6.644787559340060e-02 -8.547595498678879e-01
1.000000000000000e-01 7.022543922779090e-02 -8.546109584313478e-01
1.050000000000000e-01 7.404689604773053e-02 -8.544127523921642e-01
1.100000000000000e-01 7.791463458813094e-02 -8.541933545467532e-01
1.150000000000000e-01 8.183107231148547e-02 -8.539981279892116e-01
1.200000000000000e-01 8.579865711886202e-02 -8.537822422933209e-01
1.250000000000000e-01 8.981986887992111e-02 -8.535250755187552e-01
1.300000000000000e-01 9.389722098291493e-02 -8.532750729072127e-01
1.350000000000000e-01 9.803326190563690e-02 -8.530309748444748e-01
1.400000000000000e-01 1.022305768083033e-01 -8.527450594363836e-01
1.450000000000000e-01 1.064917891493625e-01 -8.524340028909188e-01
1.500000000000000e-01 1.108195623252418e-01 -8.521384965441632e-01
1.550000000000000e-01 1.152166013350572e-01 -8.518310429607676e-01
1.600000000000000e-01 1.196856544713255e-01 -8.514773351453514e-01
1.650000000000000e-01 1.242295150377370e-01 -8.511086165246086e-01
1.700000000000000e-01 1.288510230950609e-01 -8.507519734177551e-01
1.750000000000000e-01 1.335530672362758e-01 -8.503737996228808e-01
1.800000000000000e-01 1.383385863920344e-01 -8.499511322238351e-01
1.850000000000000e-01 1.432105716675912e-01 -8.495151345395844e-01
1.900000000000000e-01 1.481720682123397e-01 -8.490857673401847e-01
1.950000000000000e-01 1.532261771231311e-01 -8.486331428849108e-01
2.000000000000000e-01 1.583760573825595e-01 -8.481376338548114e-01
2.050000000000000e-01 1.636249278334301e-01 -8.476241403230024e-01
2.100000000000000e-01 1.689760691906397e-01 -8.471128521716967e-01
2.150000000000000e-01 1.744328260917313e-01 -8.465829395057960e-01
2.200000000000000e-01 1.799986091874004e-01 -8.460135497456490e-01
2.250000000000000e-01 1.856768972732633e-01 -8.454175126940900e-01
2.300000000000000e-01 1.914712394642179e-01 -8.448153433432516e-01
2.350000000000000e-01 1.973852574127551e-01 -8.442030860692284e-01
2.400000000000000e-01 2.034226475726105e-01 -8.435655583905016e-01
2.450000000000000e-01 2.095871835091678e-01 -8.428962621516460e-01
2.500000000000000e-01 2.158827182580599e-01 -8.422026487354538e-01
2.550000000000000e-01 2.223131867334419e-01 -8.415003046816054e-01
2.600000000000000e-01 2.288826081874405e-01 -8.407956791841089e-01
2.650000000000000e-01 2.355950887223172e-01 -8.400740529309877e-01
2.700000000000000e-01 2.424548238569160e-01 -8.393255924977134e-01
2.750000000000000e-01 2.494661011489995e-01 -8.385586359796318e-01
2.800000000000000e-01 2.566333028751116e-01 -8.377817800626413e-01
2.850000000000000e-01 2.639609087696434e-01 -8.370051450579915e-01
2.900000000000000e-01 2.714534988248126e-01 -8.362390971575437e-01
2.950000000000000e-01 2.791157561533084e-01 -8.354776094574635e-01
3.000000000000000e-01 2.869524699153886e-01 -8.347216106248375e-01
3.050000000000000e-01 2.949685383122613e-01 -8.339750997834607e-01
3.100000000000000e-01 3.031689716476197e-01 -8.332379658335177e-01
3.150000000000000e-01 3.115588954592450e-01 -8.325272514157174e-01
3.200000000000000e-01 3.201435537226349e-01 -8.318472303200657e-01
3.250000000000000e-01 3.289283121286580e-01 -8.312166031149302e-01
3.300000000000000e-01 3.379186614372866e-01 -8.306450956477676e-01
3.350000000000000e-01 3.471202209094989e-01 -8.301505281857691e-01
3.400000000000000e-01 3.565387418195016e-01 -8.297485135879088e-01
3.450000000000000e-01 3.661801110494620e-01 -8.294594733122260e-01
3.500000000000000e-01 3.760503547690021e-01 -8.293057569167392e-01
3.550000000000000e-01 3.861556422017504e-01 -8.293140094177440e-01
3.600000000000000e-01 3.965022894813072e-01 -8.295150141374553e-01
3.650000000000000e-01 4.070967635990345e-01 -8.299448390181544e-01
3.700000000000000e-01 4.179456864461349e-01 -8.306456269216653e-01
3.750000000000000e-01 4.290558389525505e-01 -8.316668142160590e-01
3.800000000000000e-01 4.404341653252637e-01 -8.330665468925090e-01
3.850000000000000e-01 4.520877773886537e-01 -8.349134910194688e-01
3.900000000000000e-01 4.640239590296172e-01 -8.372891097042902e-01
3.950000000000000e-01 4.762501707502353e-01 -8.402905778145451e-01
4.000000000000000e-01 4.887740543308307e-01 -8.440345496985004e-01
4.050000000000000e-01 5.016034376063282e-01 -8.486620941974659e-01
4.100000000000000e-01 5.147463393589066e-01 -8.543452474624791e-01
4.150000000000000e-01 5.282109743299990e-01 -8.612958438632621e-01
4.200000000000000e-01 5.420057583547735e-01 -8.697776063353154e-01
4.250000000000000e-01 5.561393136223041e-01 -8.801229773141545e-01
4.300000000000000e-01 5.706204740647189e-01 -8.927569555579852e-01
4.350000000000000e-01 5.854582908786964e-01 -9.082314330013301e-01
4.400000000000000e-01 6.006620381827575e-01 -9.272754041989751e-01
4.450000000000000e-01 6.162412188138907e-01 -9.508690451631462e-01
4.500000000000000e-01 6.322055702671360e-01 -9.803522099306322e-01
4.550000000000000e-01 6.485650707818353e-01 -1.017575030337450e+00
4.600000000000000e-01 6.653299455783577e-01 -1.065064628763810e+00
4.650000000000000e-01 6.825106732491932e-01 -1.126006494602974e+00
4.700000000000000e-01 7.001179923084168e-01 -1.203069920282050e+00
4.750000000000000e-01 7.181629079036070e-01 -1.292251028350584e+00
4.800000000000000e-01 7.366566986944229e-01 -1.361460849075913e+00
4.850000000000000e-01 7.556109239021327e-01 -1.314451174394366e+00
4.900000000000000e-01 7.750374305345038e-01 -1.039723979493485e+00
4.950000000000000e-01 7.949483607905672e-01 -6.274936473358903e-01
5.000000000000000e-01 8.153561596498893e-01 -3.448635825562598e-01
5.050000000000000e-01 8.362735826510871e-01 -2.479837137283535e-01
5.100000000000000e-01 8.577137038644561e-01 -1.992793798765579e-01
5.150000000000000e-01 8.796899240636907e-01 -1.589179863497707e-01
5.200000000000000e-01 9.022159791018011e-01 -1.372605489981399e-01
5.250000000000000e-01 9.253059484964714e-01 -1.202092650945781e-01
5.300000000000000e-01 9.489742642302165e-01 -1.065741838935719e-01
5.350000000000000e-01 9.732357197708378e-01 -9.675191709545565e-02
5.400000000000000e-01 9.981054793178262e-01 -8.820370088211062e-02
5.450000000000000e-01 1.023599087280478e+00 -8.131860112537950e-02
5.500000000000000e-01 1.049732477993657e+00 -7.552560489994119e-02
5.550000000000000e-01 1.076521985677273e+00 -7.049248183015529e-02
5.600000000000001e-01 1.103984354645701e+00 -6.619337705882658e-02
5.650000000000001e-01 1.132136749773522e+00 -6.239764944915262e-02
5.700000000000001e-01 1.160996767224129e+00 -5.904741815087951e-02
5.750000000000001e-01 1.190582445447902e+00 -5.606191938264576e-02
5.800000000000000e-01 1.220912276456826e+00 -5.337199028456577e-02
5.850000000000000e-01 1.252005217382601e+00 -5.093797380460816e-02
5.900000000000000e-01 1.283880702325469e+00 -4.871589716141921e-02
5.950000000000000e-01 1.316558654501151e+00 -4.667496080964684e-02
6.000000000000000e-01 1.350059498693518e+00 -4.478849440829415e-02
6.050000000000000e-01 1.384404174020732e+00 -4.303349631761812e-02
6.100000000000000e-01 1.419614147022888e+00 -4.139121132553097e-02
6.150000000000000e-01 1.455711425079295e+00 -3.984511481675857e-02
6.200000000000000e-01 1.492718570163803e+00 -3.838106151366590e-02
6.250000000000000e-01 1.530658712946775e+00 -3.698668355571538e-02
6.300000000000000e-01 1.569555567252506e+00 -3.565104449476617e-02
6.350000000000000e-01 1.609433444881138e+00 -3.436443253993475e-02
6.400000000000000e-01 1.650317270804325e+00 -3.311811300966190e-02
6.450000000000000e-01 1.692232598744148e+00 -3.190417098229192e-02
6.500000000000000e-01 1.735205627145031e+00 -3.071537051383152e-02
6.550000000000000e-01 1.779263215548615e+00 -2.954504130535506e-02
6.600000000000000e-01 1.824432901381847e+00 -2.838698990181393e-02
6.650000000000000e-01 1.870742917168772e+00 -2.723542824863216e-02
6.700000000000000e-01 1.918222208176775e+00 -2.608491989247647e-02
6.750000000000000e-01 1.966900450508319e+00 -2.493034170918267e-02
6.800000000000000e-01 2.016808069649473e+00 -2.376686065989925e-02
6.850000000000001e-01 2.067976259486829e+00 -2.258992559922647e-02
6.900000000000001e-01 2.120437001804702e+00 -2.139527454243407e-02
6.950000000000001e-01 2.174223086274785e+00 -2.017895827230299e-02
7.000000000000001e-01 2.229368130950753e+00 -1.893738142990014e-02
7.050000000000000e-01 2.285906603280654e+00 -1.766736238167680e-02
7.100000000000000e-01 2.343873841650178e+00 -1.636621309776543e-02
7.150000000000000e-01 2.403306077470301e+00 -1.503183994502487e-02
7.200000000000000e-01 2.464240457823092e+00 -1.366286561356127e-02
7.250000000000000e-01 2.526715068679855e+00 -1.225877127305927e-02
7.300000000000000e-01 2.590768958706095e+00 -1.082005643353600e-02
7.350000000000000e-01 2.656442163668210e+00 -9.348411853059261e-03
7.400000000000000e-01 2.723775731457148e+00 -7.846898277600732e-03
7.450000000000000e-01 2.792811747744667e+00 -6.320121039521769e-03
7.500000000000000e-01 2.863593362288260e+00 -4.774387965701440e-03
7.550000000000000e-01 2.936164815901156e+00 -3.217836190001378e-03
7.600000000000000e-01 3.010571468104263e+00 -1.660512950831817e-03
7.650000000000000e-01 3.086859825477351e+00 -1.143968233178554e-04
7.700000000000000e-01 3.165077570727174e+00 1.406650709752480e-03
7.750000000000000e-01 3.245273592490716e+00 2.887008227435413e-03
7.800000000000000e-01 3.327498015892184e+00 4.309490681941354e-03
7.850000000000000e-01 3.411802233872832e+00 5.655612418278505e-03
7.900000000000000e-01 3.498238939313234e+00 6.905907535713901e-03
7.950000000000000e-01 3.586862157968046e+00 8.040300227928780e-03
8.000000000000000e-01 3.677727282233856e+00 9.038525425647074e-03
8.050000000000000e-01 3.770891105771243e+00 9.880613114858126e-03
8.100000000000001e-01 3.866411859002656e+00 1.054746815182827e-02
8.150000000000001e-01 3.964349245508326e+00 1.102160238097673e-02
8.200000000000001e-01 4.064764479342956e+00 1.128810449496859e-02
8.250000000000001e-01 4.167720323296481e+00 1.133594795073470e-02
8.300000000000001e-01 4.273281128122877e+00 1.115970208098153e-02
8.350000000000000e-01 4.381512872761445e+00 1.076158744383170e-02
8.400000000000000e-01 4.492483205575838e+00 1.015359850773807e-02
8.450000000000000e-01 4.606261486636447e+00 9.359166575486912e-03
8.500000000000000e-01 4.722918831072739e+00 8.413677038978228e-03
8.550000000000000e-01 4.842528153522501e+00 7.363218778966605e-03
8.600000000000000e-01 4.965164213705875e+00 6.261288343575610e-03
8.650000000000000e-01 5.090903663152626e+00 5.163727279737807e-03
8.700000000000000e-01 5.219825093111814e+00 4.122747983503002e-03
8.750000000000000e-01 5.352009083673925e+00 3.181270934026978e-03
8.800000000000000e-01 5.487538254136007e+00 2.368791249590633e-03
8.850000000000000e-01 5.626497314641444e+00 1.699600693087107e-03
8.900000000000000e-01 5.768973119126561e+00 1.173555208011880e-03
8.950000000000000e-01 5.915054719607133e+00 7.789306526379975e-04
9.000000000000000e-01 6.064833421838831e+00 4.964686948747423e-04
9.050000000000000e-01 6.218402842386253e+00 3.035957513209721e-04
9.100000000000000e-01 6.375858967136348e+00 1.779809036985175e-04
9.150000000000000e-01 6.537300211292723e+00 9.996194733602316e-05
9.200000000000000e-01 6.702827480888332e+00 5.375664243716029e-05
9.250000000000000e-01 6.872544235855034e+00 2.766670784910700e-05
9.300000000000000e-01 7.046556554689444e+00 1.362191873247212e-05
9.350000000000001e-01 7.224973200755413e+00 6.414080763398034e-06
9.400000000000001e-01 7.407905690264673e+00 2.887585922025463e-06
9.450000000000001e-01 7.595468361978146e+00 1.242667258503113e-06
9.500000000000001e-01 7.787778448671316e+00 5.111314113495695e-07
9.550000000000001e-01 7.984956150408610e+00 2.009217630551503e-07
9.600000000000000e-01 8.187124709672272e+00 7.547709326341753e-08
9.650000000000000e-01 8.394410488393007e+00 2.709506418445137e-08
9.700000000000000e-01 8.606943046930221e+00 9.295203369506425e-09
9.750000000000000e-01 8.824855225051540e+00 3.047488136875650e-09
9.800000000000000e-01 9.048283224961922e+00 9.548918878185582e-10
9.850000000000000e-01 9.277366696434507e+00 2.861097369145517e-10
9.900000000000000e-01 9.512248824096272e+00 8.159940091863226e-11
9.950000000000000e-01 9.753076416923058e+00 2.367162682089944e-11
1.000000000000000e+00 1.000000000000000e+01 2.575345497523884e-12
