0.000000000000000e+00 0.000000000000000e+00 -7.681413250055553e-01
5.000000000000000e-03 3.369477419287315e-03 -7.681413250055553e-01
1.000000000000000e-02 6.741060871647481e-03 -7.660631520914376e-01
1.500000000000000e-02 1.011685770649257e-02 -7.659983474562191e-01
2.000000000000000e-02 1.349897790673588e-02 -7.664318190075463e-01
2.500000000000000e-02 1.688953540759990e-02 -7.663596486151202e-01
3.000000000000000e-02 2.029064941789469e-02 -7.661355827900428e-01
3.500000000000000e-02 2.370444574459234e-02 -7.660942092818361e-01
4.000000000000000e-02 2.713305812152553e-02 -7.660666663575034e-01
4.500000000000000e-02 3.057862954304063e-02 -7.659288791353811e-01
5.000000000000000e-02 3.404331360343898e-02 -7.657916510616920e-01
5.500000000000000e-02 3.752927584304335e-02 -7.657027769570919e-01
6.000000000000000e-02 4.103869510173117e-02 -7.655651879269811e-01
6.500000000000000e-02 4.457376488078044e-02 -7.653790466328479e-01
7.000000000000001e-02 4.813669471387935e-02 -7.652250091021555e-01
7.500000000000000e-02 5.172971154815675e-02 -7.650744665327749e-01
8.000000000000000e-02 5.535506113609672e-02 -7.648580603350257e-01
8.500000000000001e-02 5.901500943920686e-02 -7.646250346922304e-01
9.000000000000000e-02 6.271184404431801e-02 -7.644268453437001e-01
9.500000000000000e-02 6.644787559340060e-02 -7.642031460200792e-01
1.000000000000000e-01 7.022543922779090e-02 -7.639170136919810e-01
1.050000000000000e-01 7.404689604773053e-02 -7.636318514470674e-01
1.100000000000000e-01 7.791463458813094e-02 -7.633681000586789e-01
1.150000000000000e-01 8.183107231148547e-02 -7.630632572933749e-01
1.200000000000000e-01 8.579865711886202e-02 -7.627079274631782e-01
1.250000000000000e-01 8.981986887992111e-02 -7.623579436033069e-01
1.300000000000000e-01 9.389722098291493e-02 -7.620123174887098e-01
1.350000000000000e-01 9.803326190563690e-02 -7.616200145484014e-01
1.400000000000000e-01 1.022305768083033e-01 -7.611865038734148e-01
1.450000000000000e-01 1.064917891493625e-01 -7.607545170880902e-01
1.500000000000000e-01 1.108195623252418e-01 -7.603146147135328e-01
1.550000000000000e-01 1.152166013350572e-01 -7.598267887574357e-01
1.600000000000000e-01 1.196856544713255e-01 -7.592991140903166e-01
1.650000000000000e-01 1.242295150377370e-01 -7.587656640149660e-01
1.700000000000000e-01 1.288510230950609e-01 -7.582191798168606e-01
1.750000000000000e-01 1.335530672362758e-01 -7.576247853113134e-01
1.800000000000000e-01 1.383385863920344e-01 -7.569838182500483e-01
1.850000000000000e-01 1.432105716675912e-01 -7.563270853334308e-01
1.900000000000000e-01 1.481720682123397e-01 -7.556575093499307e-01
1.950000000000000e-01 1.532261771231311e-01 -7.549427201927664e-01
2.000000000000000e-01 1.583760573825595e-01 -7.541709589746917e-01
2.050000000000000e-01 1.636249278334301e-01 -7.533677358720906e-01
2.100000000000000e-01 1.689760691906397e-01 -7.525488876122798e-01
2.150000000000000e-01 1.744328260917313e-01 -7.516930509612098e-01
2.200000000000000e-01 1.799986091874004e-01 -7.507798047808657e-01
2.250000000000000e-01 1.856768972732633e-01 -7.498149437809125e-01
2.300000000000000e-01 1.914712394642179e-01 -7.488117796240665e-01
2.350000000000000e-01 1.973852574127551e-01 -7.477754763929683e-01
2.400000000000000e-01 2.034226475726105e-01 -7.467025300433487e-01
2.450000000000000e-01 2.095871835091678e-01 -7.455744151574893e-01
2.500000000000000e-01 2.158827182580599e-01 -7.443795611000558e-01
2.550000000000000e-01 2.223131867334419e-01 -7.431301429471602e-01
2.600000000000000e-01 2.288826081874405e-01 -7.418346944991867e-01
2.650000000000000e-01 2.355950887223172e-01 -7.404933055725619e-01
2.700000000000000e-01 2.424548238569160e-01 -7.391095491466763e-01
2.750000000000000e-01 2.494661011489995e-01 -7.376696192866755e-01
2.800000000000000e-01 2.566333028751116e-01 -7.361655285337946e-01
2.850000000000000e-01 2.639609087696434e-01 -7.345988132530009e-01
2.900000000000000e-01 2.714534988248126e-01 -7.329599111702487e-01
2.950000000000000e-01 2.791157561533084e-01 -7.312600048466731e-01
3.000000000000000e-01 2.869524699153886e-01 -7.294925396686200e-01
3.050000000000000e-01 2.949685383122613e-01 -7.276650768889887e-01
3.100000000000000e-01 3.031689716476197e-01 -7.257741728454222e-01
3.150000000000000e-01 3.115588954592450e-01 -7.238225087032291e-01
3.200000000000000e-01 3.201435537226349e-01 -7.218089200911815e-01
3.250000000000000e-01 3.289283121286580e-01 -7.197344091302249e-01
3.300000000000000e-01 3.379186614372866e-01 -7.175993525802026e-01
3.350000000000000e-01 3.471202209094989e-01 -7.154050048532444e-01
3.400000000000000e-01 3.565387418195016e-01 -7.131529182706290e-01
3.450000000000000e-01 3.661801110494620e-01 -7.108452406948188e-01
3.500000000000000e-01 3.760503547690021e-01 -7.084846414036754e-01
3.550000000000000e-01 3.861556422017504e-01 -7.060743777349583e-01
3.600000000000000e-01 3.965022894813072e-01 -7.036183065172660e-01
3.650000000000000e-01 4.070967635990345e-01 -7.011209065769822e-01
3.700000000000000e-01 4.179456864461349e-01 -6.985872828280507e-01
3.750000000000000e-01 4.290558389525505e-01 -6.960231528039729e-01
3.800000000000000e-01 4.404341653252637e-01 -6.934348041139664e-01
3.850000000000000e-01 4.520877773886537e-01 -6.908290115336246e-01
3.900000000000000e-01 4.640239590296172e-01 -6.882128974511001e-01
3.950000000000000e-01 4.762501707502353e-01 -6.855937140857217e-01
4.000000000000000e-01 4.887740543308307e-01 -6.829785182434893e-01
4.050000000000000e-01 5.016034376063282e-01 -6.803736990900636e-01
4.100000000000000e-01 5.147463393589066e-01 -6.777843054543805e-01
4.150000000000000e-01 5.282109743299990e-01 -6.752131003246151e-01
4.200000000000000e-01 5.420057583547735e-01 -6.726592449138640e-01
4.250000000000000e-01 5.561393136223041e-01 -6.701164811472593e-01
4.300000000000000e-01 5.706204740647189e-01 -6.675706377978095e-01
4.350000000000000e-01 5.854582908786964e-01 -6.649962304802121e-01
4.400000000000000e-01 6.006620381827575e-01 -6.623518599654393e-01
4.450000000000000e-01 6.162412188138907e-01 -6.595740423537740e-01
4.500000000000000e-01 6.322055702671360e-01 -6.565690446648530e-01
4.550000000000000e-01 6.485650707818353e-01 -6.532022874082938e-01
4.600000000000000e-01 6.653299455783577e-01 -6.492849868718713e-01
4.650000000000000e-01 6.825106732491932e-01 -6.445580826361510e-01
4.700000000000000e-01 7.001179923084168e-01 -6.386743594284320e-01
4.750000000000000e-01 7.181629079036070e-01 -6.311813529441420e-01
4.800000000000000e-01 7.366566986944229e-01 -6.215104699883721e-01
4.850000000000000e-01 7.556109239021327e-01 -6.089818243193729e-01
4.900000000000000e-01 7.750374305345038e-01 -5.928387330057070e-01
4.950000000000000e-01 7.949483607905672e-01 -5.723278596723167e-01
5.000000000000000e-01 8.153561596498893e-01 -5.468353521785954e-01
5.050000000000000e-01 8.362735826510871e-01 -5.160699849209248e-01
5.100000000000000e-01 8.577137038644561e-01 -4.802508490398762e-01
5.150000000000000e-01 8.796899240636907e-01 -4.402237045167856e-01
5.200000000000000e-01 9.022159791018011e-01 -3.974262692884226e-01
5.250000000000000e-01 9.253059484964714e-01 -3.536726668255832e-01
5.300000000000000e-01 9.489742642302165e-01 -3.108161720877944e-01
5.350000000000000e-01 9.732357197708378e-01 -2.704177811846306e-01
5.400000000000000e-01 9.981054793178262e-01 -2.335405032738197e-01
5.450000000000000e-01 1.023599087280478e+00 -2.007123097350333e-01
5.500000000000000e-01 1.049732477993657e+00 -1.720173337184381e-01
5.550000000000000e-01 1.076521985677273e+00 -1.472396050574475e-01
5.600000000000001e-01 1.103984354645701e+00 -1.259986142263815e-01
5.650000000000001e-01 1.132136749773522e+00 -1.078494466309216e-01
5.700000000000001e-01 1.160996767224129e+00 -9.234546902261681e-02
5.750000000000001e-01 1.190582445447902e+00 -7.907221976589128e-02
5.800000000000000e-01 1.220912276456826e+00 -6.766245311892695e-02
5.850000000000000e-01 1.252005217382601e+00 -5.780011537854204e-02
5.900000000000000e-01 1.283880702325469e+00 -4.921843799669313e-02
5.950000000000000e-01 1.316558654501151e+00 -4.169529492749924e-02
6.000000000000000e-01 1.350059498693518e+00 -3.504760110110771e-02
6.050000000000000e-01 1.384404174020732e+00 -2.912568519485970e-02
6.100000000000000e-01 1.419614147022888e+00 -2.380808103369026e-02
6.150000000000000e-01 1.455711425079295e+00 -1.899691264962681e-02
6.200000000000000e-01 1.492718570163803e+00 -1.461390752810420e-02
6.250000000000000e-01 1.530658712946775e+00 -1.059700470222523e-02
6.300000000000000e-01 1.569555567252506e+00 -6.897495945880269e-03
6.350000000000000e-01 1.609433444881138e+00 -3.477630414565985e-03
6.400000000000000e-01 1.650317270804325e+00 -3.086151713913866e-04
6.450000000000000e-01 1.692232598744148e+00 2.631049561159372e-03
6.500000000000000e-01 1.735205627145031e+00 5.356953827859243e-03
6.550000000000000e-01 1.779263215548615e+00 7.879925816543171e-03
6.600000000000000e-01 1.824432901381847e+00 1.020698312028889e-02
6.650000000000000e-01 1.870742917168772e+00 1.234212055333933e-02
6.700000000000000e-01 1.918222208176775e+00 1.428696303787438e-02
6.750000000000000e-01 1.966900450508319e+00 1.604130850206954e-02
6.800000000000000e-01 2.016808069649473e+00 1.760358312990493e-02
6.850000000000001e-01 2.067976259486829e+00 1.897122955189405e-02
6.900000000000001e-01 2.120437001804702e+00 2.014104750636206e-02
6.950000000000001e-01 2.174223086274785e+00 2.110950593840853e-02
7.000000000000001e-01 2.229368130950753e+00 2.187304518856762e-02
7.050000000000000e-01 2.285906603280654e+00 2.242838752673221e-02
7.100000000000000e-01 2.343873841650178e+00 2.277287337233133e-02
7.150000000000000e-01 2.403306077470301e+00 2.290483853678303e-02
7.200000000000000e-01 2.464240457823092e+00 2.282404401062217e-02
7.250000000000000e-01 2.526715068679855e+00 2.253216336526270e-02
7.300000000000000e-01 2.590768958706095e+00 2.203332292592704e-02
7.350000000000000e-01 2.656442163668210e+00 2.133467593546797e-02
7.400000000000000e-01 2.723775731457148e+00 2.044697407784843e-02
7.450000000000000e-01 2.792811747744667e+00 1.938507928288200e-02
7.500000000000000e-01 2.863593362288260e+00 1.816833872777918e-02
7.550000000000000e-01 2.936164815901156e+00 1.682073133200145e-02
7.600000000000000e-01 3.010571468104263e+00 1.537069115697335e-02
7.650000000000000e-01 3.086859825477351e+00 1.385052825060457e-02
7.700000000000000e-01 3.165077570727174e+00 1.229540451037225e-02
7.750000000000000e-01 3.245273592490716e+00 1.074188007791351e-02
7.800000000000000e-01 3.327498015892184e+00 9.226117147237761e-03
7.850000000000000e-01 3.411802233872832e+00 7.781899337081477e-03
7.900000000000000e-01 3.498238939313234e+00 6.438679207793804e-03
7.950000000000000e-01 3.586862157968046e+00 5.219888782915244e-03
8.000000000000000e-01 3.677727282233856e+00 4.141729025659042e-03
8.050000000000000e-01 3.770891105771243e+00 3.212594589461523e-03
8.100000000000001e-01 3.866411859002656e+00 2.433200188498050e-03
8.150000000000001e-01 3.964349245508326e+00 1.797372365069052e-03
8.200000000000001e-01 4.064764479342956e+00 1.293375831581188e-03
8.250000000000001e-01 4.167720323296481e+00 9.055752380577867e-04
8.300000000000001e-01 4.273281128122877e+00 6.162029964792798e-04
8.350000000000000e-01 4.381512872761445e+00 4.070146879906862e-04
8.400000000000000e-01 4.492483205575838e+00 2.606596643032505e-04
8.450000000000000e-01 4.606261486636447e+00 1.616629088381971e-04
8.500000000000000e-01 4.722918831072739e+00 9.698890084629621e-05
8.550000000000000e-01 4.842528153522501e+00 5.622379506586808e-05
8.600000000000000e-01 4.965164213705875e+00 3.145772878308411e-05
8.650000000000000e-01 5.090903663152626e+00 1.696991212547450e-05
8.700000000000000e-01 5.219825093111814e+00 8.817146656220593e-06
8.750000000000000e-01 5.352009083673925e+00 4.407994979120474e-06
8.800000000000000e-01 5.487538254136007e+00 2.118388982953598e-06
8.850000000000000e-01 5.626497314641444e+00 9.777528566291715e-07
8.900000000000000e-01 5.768973119126561e+00 4.330517050706844e-07
8.950000000000000e-01 5.915054719607133e+00 1.839028639359435e-07
9.000000000000000e-01 6.064833421838831e+00 7.482541648929566e-08
9.050000000000000e-01 6.218402842386253e+00 2.914869103398942e-08
9.100000000000000e-01 6.375858967136348e+00 1.086474117617558e-08
9.150000000000000e-01 6.537300211292723e+00 3.872533076770234e-09
9.200000000000000e-01 6.702827480888332e+00 1.319213363635834e-09
9.250000000000000e-01 6.872544235855034e+00 4.293102334700508e-10
9.300000000000000e-01 7.046556554689444e+00 1.334070545289185e-10
9.350000000000001e-01 7.224973200755413e+00 3.957082197831312e-11
9.400000000000001e-01 7.407905690264673e+00 1.120002496823029e-11
9.450000000000001e-01 7.595468361978146e+00 3.024058452839057e-12
9.500000000000001e-01 7.787778448671316e+00 7.787320447731527e-13
9.550000000000001e-01 7.984956150408610e+00 1.912188776887247e-13
9.600000000000000e-01 8.187124709672272e+00 4.476661438740137e-14
9.650000000000000e-01 8.394410488393007e+00 9.991048730108704e-15
9.700000000000000e-01 8.606943046930221e+00 2.125540514397039e-15
9.750000000000000e-01 8.824855225051540e+00 4.310343052095107e-16
9.800000000000000e-01 9.048283224961922e+00 8.331700625071023e-17
9.850000000000000e-01 9.277366696434507e+00 1.535223008880406e-17
9.900000000000000e-01 9.512248824096272e+00 2.691860815729209e-18
9.950000000000000e-01 9.753076416923058e+00 4.814318922356454e-19
1.000000000000000e+00 1.000000000000000e+01 -6.937419250627925e-20
