0.000000000000000e+00 0.000000000000000e+00 -8.622338783580030e-01
5.000000000000000e-03 3.369477419287315e-03 -8.622338783580030e-01
1.000000000000000e-02 6.741060871647481e-03 -8.615891097342897e-01
1.500000000000000e-02 1.011685770649257e-02 -8.615594907914944e-01
2.000000000000000e-02 1.349897790673588e-02 -8.616127054661280e-01
2.500000000000000e-02 1.688953540759990e-02 -8.615706752946868e-01
3.000000000000000e-02 2.029064941789469e-02 -8.615415764816773e-01
3.500000000000000e-02 2.370444574459234e-02 -8.614865975195192e-01
4.000000000000000e-02 2.713305812152553e-02 -8.613823367969208e-01
4.500000000000000e-02 3.057862954304063e-02 -8.613315306238868e-01
5.000000000000000e-02 3.404331360343898e-02 -8.612859546856145e-01
5.500000000000000e-02 3.752927584304335e-02 -8.611723615938459e-01
6.000000000000000e-02 4.103869510173117e-02 -8.610631801352482e-01
6.500000000000000e-02 4.457376488078044e-02 -8.609946626977759e-01
7.000000000000001e-02 4.813669471387935e-02 -8.608764219517739e-01
7.500000000000000e-02 5.172971154815675e-02 -8.607241105765923e-01
8.000000000000000e-02 5.535506113609672e-02 -8.606146954387630e-01
8.500000000000001e-02 5.901500943920686e-02 -8.604989761103818e-01
9.000000000000000e-02 6.271184404431801e-02 -8.603185630304176e-01
9.500000000000000e-02 6.644787559340060e-02 -8.601453841978489e-01
1.000000000000000e-01 7.022543922779090e-02 -8.600057483136028e-01
1.050000000000000e-01 7.404689604773053e-02 -8.598260890190370e-01
1.100000000000000e-01 7.791463458813094e-02 -8.596060846669034e-01
1.150000000000000e-01 8.183107231148547e-02 -8.594094729779510e-01
1.200000000000000e-01 8.579865711886202e-02 -8.592122967893022e-01
1.250000000000000e-01 8.981986887992111e-02 -8.589696116594410e-01
1.300000000000000e-01 9.389722098291493e-02 -8.587178870194037e-01
1.350000000000000e-01 9.803326190563690e-02 -8.584813208007075e-01
1.400000000000000e-01 1.022305768083033e-01 -8.582162058260634e-01
1.450000000000000e-01 1.064917891493625e-01 -8.579161904912415e-01
1.500000000000000e-01 1.108195623252418e-01 -8.576239620982408e-01
1.550000000000000e-01 1.152166013350572e-01 -8.573312902230060e-01
1.600000000000000e-01 1.196856544713255e-01 -8.569981529619899e-01
1.650000000000000e-01 1.242295150377370e-01 -8.566406786580404e-01
1.700000000000000e-01 1.288510230950609e-01 -8.562935801054238e-01
1.750000000000000e-01 1.335530672362758e-01 -8.559351542409038e-01
1.800000000000000e-01 1.383385863920344e-01 -8.555345004068673e-01
1.850000000000000e-01 1.432105716675912e-01 -8.551133038773544e-01
1.900000000000000e-01 1.481720682123397e-01 -8.546989676704732e-01
1.950000000000000e-01 1.532261771231311e-01 -8.542700187484773e-01
2.000000000000000e-01 1.583760573825595e-01 -8.538008606804164e-01
2.050000000000000e-01 1.636249278334301e-01 -8.533085098806515e-01
2.100000000000000e-01 1.689760691906397e-01 -8.528173699499455e-01
2.150000000000000e-01 1.744328260917313e-01 -8.523148422261891e-01
2.200000000000000e-01 1.799986091874004e-01 -8.517784986087821e-01
2.250000000000000e-01 1.856768972732633e-01 -8.512130397957954e-01
2.300000000000000e-01 1.914712394642179e-01 -8.506380837013426e-01
2.350000000000000e-01 1.973852574127551e-01 -8.500575413826117e-01
2.400000000000000e-01 2.034226475726105e-01 -8.494598673277437e-01
2.450000000000000e-01 2.095871835091678e-01 -8.488328781798846e-01
2.500000000000000e-01 2.158827182580599e-01 -8.481796048267363e-01
2.550000000000000e-01 2.223131867334419e-01 -8.475183727554711e-01
2.600000000000000e-01 2.288826081874405e-01 -8.468593735097358e-01
2.650000000000000e-01 2.355950887223172e-01 -8.461895170259585e-01
2.700000000000000e-01 2.424548238569160e-01 -8.454988773061297e-01
2.750000000000000e-01 2.494661011489995e-01 -8.447925259301819e-01
2.800000000000000e-01 2.566333028751116e-01 -8.440773511435612e-01
2.850000000000000e-01 2.639609087696434e-01 -8.433662108750095e-01
2.900000000000000e-01 2.714534988248126e-01 -8.426710646761494e-01
2.950000000000000e-01 2.791157561533084e-01 -8.419873748985947e-01
3.000000000000000e-01 2.869524699153886e-01 -8.413177362417902e-01
3.050000000000000e-01 2.949685383122613e-01 -8.406649388502199e-01
3.100000000000000e-01 3.031689716476197e-01 -8.400296829059517e-01
3.150000000000000e-01 3.115588954592450e-01 -8.394291121076395e-01
3.200000000000000e-01 3.201435537226349e-01 -8.388682786838790e-01
3.250000000000000e-01 3.289283121286580e-01 -8.383674951794443e-01
3.300000000000000e-01 3.379186614372866e-01 -8.379376226747701e-01
3.350000000000000e-01 3.471202209094989e-01 -8.375984992441754e-01
3.400000000000000e-01 3.565387418195016e-01 -8.373674158227579e-01
3.450000000000000e-01 3.661801110494620e-01 -8.372670976384907e-01
3.500000000000000e-01 3.760503547690021e-01 -8.373223372085697e-01
3.550000000000000e-01 3.861556422017504e-01 -8.375627967065769e-01
3.600000000000000e-01 3.965022894813072e-01 -8.380227981287576e-01
3.650000000000000e-01 4.070967635990345e-01 -8.387427031159443e-01
3.700000000000000e-01 4.179456864461349e-01 -8.397698540887084e-01
3.750000000000000e-01 4.290558389525505e-01 -8.411600571718253e-01
3.800000000000000e-01 4.404341653252637e-01 -8.429793219389858e-01
3.850000000000000e-01 4.520877773886537e-01 -8.453061205956217e-01
3.900000000000000e-01 4.640239590296172e-01 -8.482342754739323e-01
3.950000000000000e-01 4.762501707502353e-01 -8.518767247159380e-01
4.000000000000000e-01 4.887740543308307e-01 -8.563704932769374e-01
4.050000000000000e-01 5.016034376063282e-01 -8.618833622701708e-01
4.100000000000000e-01 5.147463393589066e-01 -8.686229734256112e-01
4.150000000000000e-01 5.282109743299990e-01 -8.768495020106392e-01
4.200000000000000e-01 5.420057583547735e-01 -8.868936843577876e-01
4.250000000000000e-01 5.561393136223041e-01 -8.991830973293994e-01
4.300000000000000e-01 5.706204740647189e-01 -9.142815430922778e-01
4.350000000000000e-01 5.854582908786964e-01 -9.329499698458241e-01
4.400000000000000e-01 6.006620381827575e-01 -9.562441838204527e-01
4.450000000000000e-01 6.162412188138907e-01 -9.856782399302054e-01
4.500000000000000e-01 6.322055702671360e-01 -1.023510933208035e+00
4.550000000000000e-01 6.485650707818353e-01 -1.073274845123415e+00
4.600000000000000e-01 6.653299455783577e-01 -1.140801232710381e+00
4.650000000000000e-01 6.825106732491932e-01 -1.236220348127556e+00
4.700000000000000e-01 7.001179923084168e-01 -1.377039437163066e+00
4.750000000000000e-01 7.181629079036070e-01 -1.583043235382373e+00
4.800000000000000e-01 7.366566986944229e-01 -1.786904344810513e+00
4.850000000000000e-01 7.556109239021327e-01 -1.587523224067549e+00
4.900000000000000e-01 7.750374305345038e-01 -7.837758043828720e-01
4.950000000000000e-01 7.949483607905672e-01 -2.385360153485935e-01
5.000000000000000e-01 8.153561596498893e-01 -2.344044070938260e-01
5.050000000000000e-01 8.362735826510871e-01 -1.715105487060139e-01
5.100000000000000e-01 8.577137038644561e-01 -1.173907001883294e-01
5.150000000000000e-01 8.796899240636907e-01 -1.186129993979666e-01
5.200000000000000e-01 9.022159791018011e-01 -8.691295404198998e-02
5.250000000000000e-01 9.253059484964714e-01 -8.381831722974432e-02
5.300000000000000e-01 9.489742642302165e-01 -7.228753752039897e-02
5.350000000000000e-01 9.732357197708378e-01 -6.478963168355814e-02
5.400000000000000e-01 9.981054793178262e-01 -6.100659070572283e-02
5.450000000000000e-01 1.023599087280478e+00 -5.445733140633593e-02
5.500000000000000e-01 1.049732477993657e+00 -5.207931177595049e-02
5.550000000000000e-01 1.076521985677273e+00 -4.794975346664242e-02
5.600000000000001e-01 1.103984354645701e+00 -4.553364464437529e-02
5.650000000000001e-01 1.132136749773522e+00 -4.308567404654443e-02
5.700000000000001e-01 1.160996767224129e+00 -4.086870903990859e-02
5.750000000000001e-01 1.190582445447902e+00 -3.918045220312685e-02
5.800000000000000e-01 1.220912276456826e+00 -3.741640659701521e-02
5.850000000000000e-01 1.252005217382601e+00 -3.604060217533281e-02
5.900000000000000e-01 1.283880702325469e+00 -3.469613058996979e-02
5.950000000000000e-01 1.316558654501151e+00 -3.352323534432080e-02
6.000000000000000e-01 1.350059498693518e+00 -3.245799755755605e-02
6.050000000000000e-01 1.384404174020732e+00 -3.146934191243953e-02
6.100000000000000e-01 1.419614147022888e+00 -3.057894670248630e-02
6.150000000000000e-01 1.455711425079295e+00 -2.974499974577924e-02
6.200000000000000e-01 1.492718570163803e+00 -2.897715548077391e-02
6.250000000000000e-01 1.530658712946775e+00 -2.825866898031352e-02
6.300000000000000e-01 1.569555567252506e+00 -2.758421789358361e-02
6.350000000000000e-01 1.609433444881138e+00 -2.694840547676703e-02
6.400000000000000e-01 1.650317270804325e+00 -2.634400539363516e-02
6.450000000000000e-01 1.692232598744148e+00 -2.576699071997574e-02
6.500000000000000e-01 1.735205627145031e+00 -2.521210356472793e-02
6.550000000000000e-01 1.779263215548615e+00 -2.467519269343053e-02
6.600000000000000e-01 1.824432901381847e+00 -2.415220613983489e-02
6.650000000000000e-01 1.870742917168772e+00 -2.363928260218119e-02
6.700000000000000e-01 1.918222208176775e+00 -2.313280927698780e-02
6.750000000000000e-01 1.966900450508319e+00 -2.262924507858160e-02
6.800000000000000e-01 2.016808069649473e+00 -2.212515807059499e-02
6.850000000000001e-01 2.067976259486829e+00 -2.161715784516770e-02
6.900000000000001e-01 2.120437001804702e+00 -2.110187178701183e-02
6.950000000000001e-01 2.174223086274785e+00 -2.057591884547513e-02
7.000000000000001e-01 2.229368130950753e+00 -2.003588440251841e-02
7.050000000000000e-01 2.285906603280654e+00 -1.947830298119878e-02
7.100000000000000e-01 2.343873841650178e+00 -1.889964410712802e-02
7.150000000000000e-01 2.403306077470301e+00 -1.829630482316984e-02
7.200000000000000e-01 2.464240457823092e+00 -1.766460947218381e-02
7.250000000000000e-01 2.526715068679855e+00 -1.700081879538047e-02
7.300000000000000e-01 2.590768958706095e+00 -1.630115089595109e-02
7.350000000000000e-01 2.656442163668210e+00 -1.556181717210389e-02
7.400000000000000e-01 2.723775731457148e+00 -1.477907707611852e-02
7.450000000000000e-01 2.792811747744667e+00 -1.394931618178152e-02
7.500000000000000e-01 2.863593362288260e+00 -1.306915256730617e-02
7.550000000000000e-01 2.936164815901156e+00 -1.213557674720971e-02
7.600000000000000e-01 3.010571468104263e+00 -1.114613005699794e-02
7.650000000000000e-01 3.086859825477351e+00 -1.009912513383450e-02
7.700000000000000e-01 3.165077570727174e+00 -8.993909585302714e-03
7.750000000000000e-01 3.245273592490716e+00 -7.831169750460464e-03
7.800000000000000e-01 3.327498015892184e+00 -6.613265275261298e-03
7.850000000000000e-01 3.411802233872832e+00 -5.344577187426516e-03
7.900000000000000e-01 3.498238939313234e+00 -4.031843532764708e-03
7.950000000000000e-01 3.586862157968046e+00 -2.684449397455635e-03
8.000000000000000e-01 3.677727282233856e+00 -1.314634109581001e-03
8.050000000000000e-01 3.770891105771243e+00 6.242021280778111e-05
8.100000000000001e-01 3.866411859002656e+00 1.428645036612081e-03
8.150000000000001e-01 3.964349245508326e+00 2.763295586321214e-03
8.200000000000001e-01 4.064764479342956e+00 4.043305882080597e-03
8.250000000000001e-01 4.167720323296481e+00 5.243770681310902e-03
8.300000000000001e-01 4.273281128122877e+00 6.338535711162234e-03
8.350000000000000e-01 4.381512872761445e+00 7.300877786191963e-03
8.400000000000000e-01 4.492483205575838e+00 8.104265499734354e-03
8.450000000000000e-01 4.606261486636447e+00 8.723243675348399e-03
8.500000000000000e-01 4.722918831072739e+00 9.134603471774813e-03
8.550000000000000e-01 4.842528153522501e+00 9.319129046865127e-03
8.600000000000000e-01 4.965164213705875e+00 9.264201914083999e-03
8.650000000000000e-01 5.090903663152626e+00 8.967248567991451e-03
8.700000000000000e-01 5.219825093111814e+00 8.439445399444573e-03
8.750000000000000e-01 5.352009083673925e+00 7.708493195166938e-03
8.800000000000000e-01 5.487538254136007e+00 6.819027210836543e-03
8.850000000000000e-01 5.626497314641444e+00 5.829626463238661e-03
8.900000000000000e-01 5.768973119126561e+00 4.806397952098874e-03
8.950000000000000e-01 5.915054719607133e+00 3.814348198733699e-03
9.000000000000000e-01 6.064833421838831e+00 2.908650991909787e-03
9.050000000000000e-01 6.218402842386253e+00 2.128044104174362e-03
9.100000000000000e-01 6.375858967136348e+00 1.491877696727529e-03
9.150000000000000e-01 6.537300211292723e+00 1.001126646219918e-03
9.200000000000000e-01 6.702827480888332e+00 6.425001113622992e-04
9.250000000000000e-01 6.872544235855034e+00 3.940823880177814e-04
9.300000000000000e-01 7.046556554689444e+00 2.308862924089621e-04
9.350000000000001e-01 7.224973200755413e+00 1.291610525440479e-04
9.400000000000001e-01 7.407905690264673e+00 6.897018015217921e-05
9.450000000000001e-01 7.595468361978146e+00 3.514821605954331e-05
9.500000000000001e-01 7.787778448671316e+00 1.709261220270292e-05
9.550000000000001e-01 7.984956150408610e+00 7.931541814136977e-06
9.600000000000000e-01 8.187124709672272e+00 3.512016100393232e-06
9.650000000000000e-01 8.394410488393007e+00 1.483992086950362e-06
9.700000000000000e-01 8.606943046930221e+00 5.984472060867518e-07
9.750000000000000e-01 8.824855225051540e+00 2.303573928380753e-07
9.800000000000000e-01 9.048283224961922e+00 8.464339785941964e-08
9.850000000000000e-01 9.277366696434507e+00 2.971838472046808e-08
9.900000000000000e-01 9.512248824096272e+00 9.912371566313636e-09
9.950000000000000e-01 9.753076416923058e+00 3.340394818412132e-09
1.000000000000000e+00 1.000000000000000e+01 6.475083598625941e-10
