0.000000000000000e+00 0.000000000000000e+00 -6.954515043484107e-01
5.000000000000000e-03 3.369477419287315e-03 -6.954515043484107e-01
1.000000000000000e-02 6.741060871647481e-03 -6.966665788320315e-01
1.500000000000000e-02 1.011685770649257e-02 -6.968048115412745e-01
2.000000000000000e-02 1.349897790673588e-02 -6.964979538071535e-01
2.500000000000000e-02 1.688953540759990e-02 -6.963447232383866e-01
3.000000000000000e-02 2.029064941789469e-02 -6.963593003717424e-01
3.500000000000000e-02 2.370444574459234e-02 -6.963328645709858e-01
4.000000000000000e-02 2.713305812152553e-02 -6.961810800991440e-01
4.500000000000000e-02 3.057862954304063e-02 -6.960280746063313e-01
5.000000000000000e-02 3.404331360343898e-02 -6.959437814703456e-01
5.500000000000000e-02 3.752927584304335e-02 -6.958277247305654e-01
6.000000000000000e-02 4.103869510173117e-02 -6.956284366389867e-01
6.500000000000000e-02 4.457376488078044e-02 -6.954391777409078e-01
7.000000000000001e-02 4.813669471387935e-02 -6.952902933249134e-01
7.500000000000000e-02 5.172971154815675e-02 -6.950952294005297e-01
8.000000000000000e-02 5.535506113609672e-02 -6.948380100523144e-01
8.500000000000001e-02 5.901500943920686e-02 -6.945963734459086e-01
9.000000000000000e-02 6.271184404431801e-02 -6.943733694432919e-01
9.500000000000000e-02 6.644787559340060e-02 -6.940990424317376e-01
1.000000000000000e-01 7.022543922779090e-02 -6.937776305763793e-01
1.050000000000000e-01 7.404689604773053e-02 -6.934686826147436e-01
1.100000000000000e-01 7.791463458813094e-02 -6.931619413387305e-01
1.150000000000000e-01 8.183107231148547e-02 -6.928037835299486e-01
1.200000000000000e-01 8.579865711886202e-02 -6.924057852507047e-01
1.250000000000000e-01 8.981986887992111e-02 -6.920132048826704e-01
1.300000000000000e-01 9.389722098291493e-02 -6.916134990423509e-01
1.350000000000000e-01 9.803326190563690e-02 -6.911633039003436e-01
1.400000000000000e-01 1.022305768083033e-01 -6.906717607000759e-01
1.450000000000000e-01 1.064917891493625e-01 -6.901769689067673e-01
1.500000000000000e-01 1.108195623252418e-01 -6.896725594318427e-01
1.550000000000000e-01 1.152166013350572e-01 -6.891189082426092e-01
1.600000000000000e-01 1.196856544713255e-01 -6.885149671180053e-01
1.650000000000000e-01 1.242295150377370e-01 -6.878961490628297e-01
1.700000000000000e-01 1.288510230950609e-01 -6.872689376694113e-01
1.750000000000000e-01 1.335530672362758e-01 -6.865968729167172e-01
1.800000000000000e-01 1.383385863920344e-01 -6.858639666234881e-01
1.850000000000000e-01 1.432105716675912e-01 -6.850978718444269e-01
1.900000000000000e-01 1.481720682123397e-01 -6.843179559576876e-01
1.950000000000000e-01 1.532261771231311e-01 -6.835028241943881e-01
2.000000000000000e-01 1.583760573825595e-01 -6.826300339532936e-01
2.050000000000000e-01 1.636249278334301e-01 -6.817023085512224e-01
2.100000000000000e-01 1.689760691906397e-01 -6.807317007652104e-01
2.150000000000000e-01 1.744328260917313e-01 -6.797274147449017e-01
2.200000000000000e-01 1.799986091874004e-01 -6.786888161154025e-01
2.250000000000000e-01 1.856768972732633e-01 -6.775933330352694e-01
2.300000000000000e-01 1.914712394642179e-01 -6.764260391970901e-01
2.350000000000000e-01 1.973852574127551e-01 -6.751990253534248e-01
2.400000000000000e-01 2.034226475726105e-01 -6.739198295226589e-01
2.450000000000000e-01 2.095871835091678e-01 -6.725904644311935e-01
2.500000000000000e-01 2.158827182580599e-01 -6.712162032811838e-01
2.550000000000000e-01 2.223131867334419e-01 -6.697799525484895e-01
2.600000000000000e-01 2.288826081874405e-01 -6.682727020244045e-01
2.650000000000000e-01 2.355950887223172e-01 -6.666937746524477e-01
2.700000000000000e-01 2.424548238569160e-01 -6.650303346804635e-01
2.750000000000000e-01 2.494661011489995e-01 -6.632943407951015e-01
2.800000000000000e-01 2.566333028751116e-01 -6.614757895299398e-01
2.850000000000000e-01 2.639609087696434e-01 -6.595826754518243e-01
2.900000000000000e-01 2.714534988248126e-01 -6.576085048487693e-01
2.950000000000000e-01 2.791157561533084e-01 -6.555546720014029e-01
3.000000000000000e-01 2.869524699153886e-01 -6.534170688319656e-01
3.050000000000000e-01 2.949685383122613e-01 -6.511941401667133e-01
3.100000000000000e-01 3.031689716476197e-01 -6.488830266400687e-01
3.150000000000000e-01 3.115588954592450e-01 -6.464815906214229e-01
3.200000000000000e-01 3.201435537226349e-01 -6.439875764670560e-01
3.250000000000000e-01 3.289283121286580e-01 -6.413989851342066e-01
3.300000000000000e-01 3.379186614372866e-01 -6.387139339079226e-01
3.350000000000000e-01 3.471202209094989e-01 -6.359307142885711e-01
3.400000000000000e-01 3.565387418195016e-01 -6.330477792590589e-01
3.450000000000000e-01 3.661801110494620e-01 -6.300637557778563e-01
3.500000000000000e-01 3.760503547690021e-01 -6.269774473813590e-01
3.550000000000000e-01 3.861556422017504e-01 -6.237878354365072e-01
3.600000000000000e-01 3.965022894813072e-01 -6.204940733516940e-01
3.650000000000000e-01 4.070967635990345e-01 -6.170954719621806e-01
3.700000000000000e-01 4.179456864461349e-01 -6.135914725190416e-01
3.750000000000000e-01 4.290558389525505e-01 -6.099816032951780e-01
3.800000000000000e-01 4.404341653252637e-01 -6.062654147471389e-01
3.850000000000000e-01 4.520877773886537e-01 -6.024423869496806e-01
3.900000000000000e-01 4.640239590296172e-01 -5.985118014626846e-01
3.950000000000000e-01 4.762501707502353e-01 -5.944725678747511e-01
4.000000000000000e-01 4.887740543308307e-01 -5.903229929200666e-01
4.050000000000000e-01 5.016034376063282e-01 -5.860604772197753e-01
4.100000000000000e-01 5.147463393589066e-01 -5.816811212968357e-01
4.150000000000000e-01 5.282109743299990e-01 -5.771792185256467e-01
4.200000000000000e-01 5.420057583547735e-01 -5.725466081410376e-01
4.250000000000000e-01 5.561393136223041e-01 -5.677718565094321e-01
4.300000000000000e-01 5.706204740647189e-01 -5.628392299509173e-01
4.350000000000000e-01 5.854582908786964e-01 -5.577274182801204e-01
4.400000000000000e-01 6.006620381827575e-01 -5.524079663369427e-01
4.450000000000000e-01 6.162412188138907e-01 -5.468433735565865e-01
4.500000000000000e-01 6.322055702671360e-01 -5.409848330775860e-01
4.550000000000000e-01 6.485650707818353e-01 -5.347696082152437e-01
4.600000000000000e-01 6.653299455783577e-01 -5.281180944742608e-01
4.650000000000000e-01 6.825106732491932e-01 -5.209307021716146e-01
4.700000000000000e-01 7.001179923084168e-01 -5.130848336398154e-01
4.750000000000000e-01 7.181629079036070e-01 -5.044324354876646e-01
4.800000000000000e-01 7.366566986944229e-01 -4.947988890364625e-01
4.850000000000000e-01 7.556109239021327e-01 -4.839843477417449e-01
4.900000000000000e-01 7.750374305345038e-01 -4.717689806611142e-01
4.950000000000000e-01 7.949483607905672e-01 -4.579238016254522e-01
5.000000000000000e-01 8.153561596498893e-01 -4.422286225020510e-01
5.050000000000000e-01 8.362735826510871e-01 -4.244978550553892e-01
5.100000000000000e-01 8.577137038644561e-01 -4.046131213713015e-01
5.150000000000000e-01 8.796899240636907e-01 -3.825589091963902e-01
5.200000000000000e-01 9.022159791018011e-01 -3.584543939824240e-01
5.250000000000000e-01 9.253059484964714e-01 -3.325723454222685e-01
5.300000000000000e-01 9.489742642302165e-01 -3.053364478484409e-01
5.350000000000000e-01 9.732357197708378e-01 -2.772925242495629e-01
5.400000000000000e-01 9.981054793178262e-01 -2.490564346060722e-01
5.450000000000000e-01 1.023599087280478e+00 -2.212490560046554e-01
5.500000000000000e-01 1.049732477993657e+00 -1.944330820461442e-01
5.550000000000000e-01 1.076521985677273e+00 -1.690651631158163e-01
5.600000000000001e-01 1.103984354645701e+00 -1.454709219895924e-01
5.650000000000001e-01 1.132136749773522e+00 -1.238428362302539e-01
5.700000000000001e-01 1.160996767224129e+00 -1.042552956351126e-01
5.750000000000001e-01 1.190582445447902e+00 -8.668896174933785e-02
5.800000000000000e-01 1.220912276456826e+00 -7.105741382725834e-02
5.850000000000000e-01 1.252005217382601e+00 -5.723142086348551e-02
5.900000000000000e-01 1.283880702325469e+00 -4.505861118820114e-02
5.950000000000000e-01 1.316558654501151e+00 -3.437808049110001e-02
6.000000000000000e-01 1.350059498693518e+00 -2.503046253275478e-02
6.050000000000000e-01 1.384404174020732e+00 -1.686437023998599e-02
6.100000000000000e-01 1.419614147022888e+00 -9.740144395468987e-03
6.150000000000000e-01 1.455711425079295e+00 -3.531714084049969e-03
6.200000000000000e-01 1.492718570163803e+00 1.872806861933693e-03
6.250000000000000e-01 1.530658712946775e+00 6.571332917002543e-03
6.300000000000000e-01 1.569555567252506e+00 1.064851314674598e-02
6.350000000000000e-01 1.609433444881138e+00 1.417671813594857e-02
6.400000000000000e-01 1.650317270804325e+00 1.721716875817681e-02
6.450000000000000e-01 1.692232598744148e+00 1.982111865051214e-02
6.500000000000000e-01 1.735205627145031e+00 2.203103623276377e-02
6.550000000000000e-01 1.779263215548615e+00 2.388175459081933e-02
6.600000000000000e-01 1.824432901381847e+00 2.540157237055653e-02
6.650000000000000e-01 1.870742917168772e+00 2.661329866353004e-02
6.700000000000000e-01 1.918222208176775e+00 2.753524143879352e-02
6.750000000000000e-01 1.966900450508319e+00 2.818214341887983e-02
6.800000000000000e-01 2.016808069649473e+00 2.856607193424267e-02
6.850000000000001e-01 2.067976259486829e+00 2.869727037537501e-02
6.900000000000001e-01 2.120437001804702e+00 2.858497829803433e-02
6.950000000000001e-01 2.174223086274785e+00 2.823822477484366e-02
7.000000000000001e-01 2.229368130950753e+00 2.766659493439978e-02
7.050000000000000e-01 2.285906603280654e+00 2.688096259241167e-02
7.100000000000000e-01 2.343873841650178e+00 2.589417253958154e-02
7.150000000000000e-01 2.403306077470301e+00 2.472164497529272e-02
7.200000000000000e-01 2.464240457823092e+00 2.338186302187928e-02
7.250000000000000e-01 2.526715068679855e+00 2.189669428887939e-02
7.300000000000000e-01 2.590768958706095e+00 2.029149188614046e-02
7.350000000000000e-01 2.656442163668210e+00 1.859492227913458e-02
7.400000000000000e-01 2.723775731457148e+00 1.683847974754111e-02
7.450000000000000e-01 2.792811747744667e+00 1.505567139949581e-02
7.500000000000000e-01 2.863593362288260e+00 1.328089179415857e-02
7.550000000000000e-01 2.936164815901156e+00 1.154804833176542e-02
7.600000000000000e-01 3.010571468104263e+00 9.889040949392225e-03
7.650000000000000e-01 3.086859825477351e+00 8.332233877255272e-03
7.700000000000000e-01 3.165077570727174e+00 6.901075062652797e-03
7.750000000000000e-01 3.245273592490716e+00 5.613014591922149e-03
7.800000000000000e-01 3.327498015892184e+00 4.478845463259390e-03
7.850000000000000e-01 3.411802233872832e+00 3.502541710935980e-03
7.900000000000000e-01 3.498238939313234e+00 2.681607796794436e-03
7.950000000000000e-01 3.586862157968046e+00 2.007889663578538e-03
8.000000000000000e-01 3.677727282233856e+00 1.468742606556796e-03
8.050000000000000e-01 3.770891105771243e+00 1.048413111326723e-03
8.100000000000001e-01 3.866411859002656e+00 7.294765141460575e-04
8.150000000000001e-01 3.964349245508326e+00 4.941809059526462e-04
8.200000000000001e-01 4.064764479342956e+00 3.255769183743086e-04
8.250000000000001e-01 4.167720323296481e+00 2.083562041178326e-04
8.300000000000001e-01 4.273281128122877e+00 1.293698890831378e-04
8.350000000000000e-01 4.381512872761445e+00 7.784326809970467e-05
8.400000000000000e-01 4.492483205575838e+00 4.533749207605662e-05
8.450000000000000e-01 4.606261486636447e+00 2.552891810603287e-05
8.500000000000000e-01 4.722918831072739e+00 1.388162418923812e-05
8.550000000000000e-01 4.842528153522501e+00 7.280854019143012e-06
8.600000000000000e-01 4.965164213705875e+00 3.679329426004421e-06
8.650000000000000e-01 5.090903663152626e+00 1.789454078042453e-06
8.700000000000000e-01 5.219825093111814e+00 8.367050206768589e-07
8.750000000000000e-01 5.352009083673925e+00 3.757281204613620e-07
8.800000000000000e-01 5.487538254136007e+00 1.618792413503016e-07
8.850000000000000e-01 5.626497314641444e+00 6.685134773477621e-08
8.900000000000000e-01 5.768973119126561e+00 2.643847940190967e-08
8.950000000000000e-01 5.915054719607133e+00 1.000454958296282e-08
9.000000000000000e-01 6.064833421838831e+00 3.619459324869950e-09
9.050000000000000e-01 6.218402842386253e+00 1.250976319926367e-09
9.100000000000000e-01 6.375858967136348e+00 4.127740261480411e-10
9.150000000000000e-01 6.537300211292723e+00 1.299442813509892e-10
9.200000000000000e-01 6.702827480888332e+00 3.900609038820012e-11
9.250000000000000e-01 6.872544235855034e+00 1.115866647633124e-11
9.300000000000000e-01 7.046556554689444e+00 3.040857518348090e-12
9.350000000000001e-01 7.224973200755413e+00 7.890558352678918e-13
9.400000000000001e-01 7.407905690264673e+00 1.948926361341574e-13
9.450000000000001e-01 7.595468361978146e+00 4.580688054955146e-14
9.500000000000001e-01 7.787778448671316e+00 1.024254121265380e-14
9.550000000000001e-01 7.984956150408610e+00 2.178422603311981e-15
9.600000000000000e-01 8.187124709672272e+00 4.406260319253398e-16
9.650000000000000e-01 8.394410488393007e+00 8.475148218772992e-17
9.700000000000000e-01 8.606943046930221e+00 1.550055518910756e-17
9.750000000000000e-01 8.824855225051540e+00 2.695631852445475e-18
9.800000000000000e-01 9.048283224961922e+00 4.457519061000538e-19
9.850000000000000e-01 9.277366696434507e+00 7.009383543174965e-20
9.900000000000000e-01 9.512248824096272e+00 1.046891355658035e-20
9.950000000000000e-01 9.753076416923058e+00 1.588487724217072e-21
1.000000000000000e+00 1.000000000000000e+01 -3.525433595643773e-22
