0.000000000000000e+00 0.000000000000000e+00 -8.655517041920041e-01
5.000000000000000e-03 3.369477419287315e-03 -8.655517041920041e-01
1.000000000000000e-02 6.741060871647481e-03 -8.642636189067664e-01
1.500000000000000e-02 1.011685770649257e-02 -8.642430665044274e-01
2.000000000000000e-02 1.349897790673588e-02 -8.644410022435755e-01
2.500000000000000e-02 1.688953540759990e-02 -8.643782113117721e-01
3.000000000000000e-02 2.029064941789469e-02 -8.643124109775788e-01
3.500000000000000e-02 2.370444574459234e-02 -8.642787051440126e-01
4.000000000000000e-02 2.713305812152553e-02 -8.641798784748672e-01
4.500000000000000e-02 3.057862954304063e-02 -8.641145824405603e-01
5.000000000000000e-02 3.404331360343898e-02 -8.640780726091573e-01
5.500000000000000e-02 3.752927584304335e-02 -8.639763299666400e-01
6.000000000000000e-02 4.103869510173117e-02 -8.638570765278007e-01
6.500000000000000e-02 4.457376488078044e-02 -8.637856437054023e-01
7.000000000000001e-02 4.813669471387935e-02 -8.636812570651706e-01
7.500000000000000e-02 5.172971154815675e-02 -8.635313275251800e-01
8.000000000000000e-02 5.535506113609672e-02 -8.634151313302468e-01
8.500000000000001e-02 5.901500943920686e-02 -8.633056124569746e-01
9.000000000000000e-02 6.271184404431801e-02 -8.631336216263725e-01
9.500000000000000e-02 6.644787559340060e-02 -8.629580034270325e-01
1.000000000000000e-01 7.022543922779090e-02 -8.628201095792892e-01
1.050000000000000e-01 7.404689604773053e-02 -8.626502224603726e-01
1.100000000000000e-01 7.791463458813094e-02 -8.624323995661390e-01
1.150000000000000e-01 8.183107231148547e-02 -8.622343278750774e-01
1.200000000000000e-01 8.579865711886202e-02 -8.620454338594126e-01
1.250000000000000e-01 8.981986887992111e-02 -8.618117328880529e-01
1.300000000000000e-01 9.389722098291493e-02 -8.615599890824157e-01
1.350000000000000e-01 9.803326190563690e-02 -8.613259766908743e-01
1.400000000000000e-01 1.022305768083033e-01 -8.610717548059760e-01
1.450000000000000e-01 1.064917891493625e-01 -8.607791129793668e-01
1.500000000000000e-01 1.108195623252418e-01 -8.604883791170133e-01
1.550000000000000e-01 1.152166013350572e-01 -8.602022600979662e-01
1.600000000000000e-01 1.196856544713255e-01 -8.598806631684504e-01
1.650000000000000e-01 1.242295150377370e-01 -8.595303834621431e-01
1.700000000000000e-01 1.288510230950609e-01 -8.591877204535218e-01
1.750000000000000e-01 1.335530672362758e-01 -8.588388309404519e-01
1.800000000000000e-01 1.383385863920344e-01 -8.584506325761377e-01
1.850000000000000e-01 1.432105716675912e-01 -8.580382607918986e-01
1.900000000000000e-01 1.481720682123397e-01 -8.576313586825304e-01
1.950000000000000e-01 1.532261771231311e-01 -8.572142573636048e-01
2.000000000000000e-01 1.583760573825595e-01 -8.567596818528509e-01
2.050000000000000e-01 1.636249278334301e-01 -8.562794154923407e-01
2.100000000000000e-01 1.689760691906397e-01 -8.557987777450952e-01
2.150000000000000e-01 1.744328260917313e-01 -8.553102247037512e-01
2.200000000000000e-01 1.799986091874004e-01 -8.547916379842976e-01
2.250000000000000e-01 1.856768972732633e-01 -8.542431407060859e-01
2.300000000000000e-01 1.914712394642179e-01 -8.536829831229058e-01
2.350000000000000e-01 1.973852574127551e-01 -8.531190856180508e-01
2.400000000000000e-01 2.034226475726105e-01 -8.525423635738619e-01
2.450000000000000e-01 2.095871835091678e-01 -8.519381387272126e-01
2.500000000000000e-01 2.158827182580599e-01 -8.513070055471176e-01
2.550000000000000e-01 2.223131867334419e-01 -8.506680858008600e-01
2.600000000000000e-01 2.288826081874405e-01 -8.500333003799195e-01
2.650000000000000e-01 2.355950887223172e-01 -8.493909191859161e-01
2.700000000000000e-01 2.424548238569160e-01 -8.487313006756941e-01
2.750000000000000e-01 2.494661011489995e-01 -8.480576979897502e-01
2.800000000000000e-01 2.566333028751116e-01 -8.473760023925759e-01
2.850000000000000e-01 2.639609087696434e-01 -8.467002975006303e-01
2.900000000000000e-01 2.714534988248126e-01 -8.460432814783191e-01
2.950000000000000e-01 2.791157561533084e-01 -8.454014111492940e-01
3.000000000000000e-01 2.869524699153886e-01 -8.447782162655605e-01
3.050000000000000e-01 2.949685383122613e-01 -8.441759252204654e-01
3.100000000000000e-01 3.031689716476197e-01 -8.435957165824256e-01
3.150000000000000e-01 3.115588954592450e-01 -8.430547294385147e-01
3.200000000000000e-01 3.201435537226349e-01 -8.425584586425247e-01
3.250000000000000e-01 3.289283121286580e-01 -8.421280638019170e-01
3.300000000000000e-01 3.379186614372866e-01 -8.417750433602758e-01
3.350000000000000e-01 3.471202209094989e-01 -8.415203541284646e-01
3.400000000000000e-01 3.565387418195016e-01 -8.413822276771860e-01
3.450000000000000e-01 3.661801110494620e-01 -8.413846847372659e-01
3.500000000000000e-01 3.760503547690021e-01 -8.415538922031530e-01
3.550000000000000e-01 3.861556422017504e-01 -8.419212171393431e-01
3.600000000000000e-01 3.965022894813072e-01 -8.425229859675715e-01
3.650000000000000e-01 4.070967635990345e-01 -8.434020031307804e-01
3.700000000000000e-01 4.179456864461349e-01 -8.446085818925521e-01
3.750000000000000e-01 4.290558389525505e-01 -8.462021863466078e-01
3.800000000000000e-01 4.404341653252637e-01 -8.482533670983557e-01
3.850000000000000e-01 4.520877773886537e-01 -8.508462948080510e-01
3.900000000000000e-01 4.640239590296172e-01 -8.540820247616916e-01
3.950000000000000e-01 4.762501707502353e-01 -8.580827943422294e-01
4.000000000000000e-01 4.887740543308307e-01 -8.629977560818197e-01
4.050000000000000e-01 5.016034376063282e-01 -8.690107623225692e-01
4.100000000000000e-01 5.147463393589066e-01 -8.763511399375602e-01
4.150000000000000e-01 5.282109743299990e-01 -8.853089308800203e-01
4.200000000000000e-01 5.420057583547735e-01 -8.962569862279544e-01
4.250000000000000e-01 5.561393136223041e-01 -9.096839110066398e-01
4.300000000000000e-01 5.706204740647189e-01 -9.262448198553832e-01
4.350000000000000e-01 5.854582908786964e-01 -9.468425943307957e-01
4.400000000000000e-01 6.006620381827575e-01 -9.727640875687465e-01
4.450000000000000e-01 6.162412188138907e-01 -1.005921605798029e+00
4.500000000000000e-01 6.322055702671360e-01 -1.049312202526578e+00
4.550000000000000e-01 6.485650707818353e-01 -1.107974351021928e+00
4.600000000000000e-01 6.653299455783577e-01 -1.191240065137255e+00
4.650000000000000e-01 6.825106732491932e-01 -1.319037583849230e+00
4.700000000000000e-01 7.001179923084168e-01 -1.544563352941071e+00
4.750000000000000e-01 7.181629079036070e-01 -2.055566053995345e+00
4.800000000000000e-01 7.366566986944229e-01 -2.846156773994240e+00
4.850000000000000e-01 7.556109239021327e-01 -1.500304436304761e+00
4.900000000000000e-01 7.750374305345038e-01 1.051862693624012e-02
4.950000000000000e-01 7.949483607905672e-01 -1.885913836373338e-01
5.000000000000000e-01 8.153561596498893e-01 1.121211495176647e-02
5.050000000000000e-01 8.362735826510871e-01 -7.236081845513818e-02
5.100000000000000e-01 8.577137038644561e-01 -4.044505710830672e-03
5.150000000000000e-01 8.796899240636907e-01 -3.014686071034189e-02
5.200000000000000e-01 9.022159791018011e-01 -1.472622749231895e-02
5.250000000000000e-01 9.253059484964714e-01 -9.783328291838962e-03
5.300000000000000e-01 9.489742642302165e-01 -2.061417105245628e-02
5.350000000000000e-01 9.732357197708378e-01 2.302499207711151e-04
5.400000000000000e-01 9.981054793178262e-01 -2.270826063613589e-02
5.450000000000000e-01 1.023599087280478e+00 4.265676187583880e-03
5.500000000000000e-01 1.049732477993657e+00 -2.204809096679666e-02
5.550000000000000e-01 1.076521985677273e+00 4.633950448344674e-03
5.600000000000001e-01 1.103984354645701e+00 -1.959305998263453e-02
5.650000000000001e-01 1.132136749773522e+00 2.850664168074991e-03
5.700000000000001e-01 1.160996767224129e+00 -1.620684222020728e-02
5.750000000000001e-01 1.190582445447902e+00 3.381059669881650e-05
5.800000000000000e-01 1.220912276456826e+00 -1.263705318985738e-02
5.850000000000000e-01 1.252005217382601e+00 -2.968168731386068e-03
5.900000000000000e-01 1.283880702325469e+00 -9.480259310813340e-03
5.950000000000000e-01 1.316558654501151e+00 -5.548770855316409e-03
6.000000000000000e-01 1.350059498693518e+00 -7.140717900311072e-03
6.050000000000000e-01 1.384404174020732e+00 -7.350619048779592e-03
6.100000000000000e-01 1.419614147022888e+00 -5.797843079737643e-03
6.150000000000000e-01 1.455711425079295e+00 -8.270605637190360e-03
6.200000000000000e-01 1.492718570163803e+00 -5.400715288163320e-03
6.250000000000000e-01 1.530658712946775e+00 -8.436498976298844e-03
6.300000000000000e-01 1.569555567252506e+00 -5.706124151739542e-03
6.350000000000000e-01 1.609433444881138e+00 -8.138893264700200e-03
6.400000000000000e-01 1.650317270804325e+00 -6.365786630154139e-03
6.450000000000000e-01 1.692232598744148e+00 -7.720650149526252e-03
6.500000000000000e-01 1.735205627145031e+00 -7.046833202990147e-03
6.550000000000000e-01 1.779263215548615e+00 -7.452261379061367e-03
6.600000000000000e-01 1.824432901381847e+00 -7.543355948470002e-03
6.650000000000000e-01 1.870742917168772e+00 -7.444614177893840e-03
6.700000000000000e-01 1.918222208176775e+00 -7.823809729183668e-03
6.750000000000000e-01 1.966900450508319e+00 -7.647704474130440e-03
6.800000000000000e-01 2.016808069649473e+00 -7.983548815735641e-03
6.850000000000001e-01 2.067976259486829e+00 -7.936617603486431e-03
6.900000000000001e-01 2.120437001804702e+00 -8.136803074197818e-03
6.950000000000001e-01 2.174223086274785e+00 -8.216951167949836e-03
7.000000000000001e-01 2.229368130950753e+00 -8.335419273450554e-03
7.050000000000000e-01 2.285906603280654e+00 -8.465976689182302e-03
7.100000000000000e-01 2.343873841650178e+00 -8.569087071118375e-03
7.150000000000000e-01 2.403306077470301e+00 -8.700205168179907e-03
7.200000000000000e-01 2.464240457823092e+00 -8.811319112786889e-03
7.250000000000000e-01 2.526715068679855e+00 -8.932380796007767e-03
7.300000000000000e-01 2.590768958706095e+00 -9.047176499010578e-03
7.350000000000000e-01 2.656442163668210e+00 -9.160434934824283e-03
7.400000000000000e-01 2.723775731457148e+00 -9.270610274724610e-03
7.450000000000000e-01 2.792811747744667e+00 -9.375588947853116e-03
7.500000000000000e-01 2.863593362288260e+00 -9.475346350814519e-03
7.550000000000000e-01 2.936164815901156e+00 -9.567792540006293e-03
7.600000000000000e-01 3.010571468104263e+00 -9.651795999886385e-03
7.650000000000000e-01 3.086859825477351e+00 -9.725527584075832e-03
7.700000000000000e-01 3.165077570727174e+00 -9.787107027794060e-03
7.750000000000000e-01 3.245273592490716e+00 -9.834388587334571e-03
7.800000000000000e-01 3.327498015892184e+00 -9.864941084475855e-03
7.850000000000000e-01 3.411802233872832e+00 -9.876046920710002e-03
7.900000000000000e-01 3.498238939313234e+00 -9.864643972697342e-03
7.950000000000000e-01 3.586862157968046e+00 -9.827301382995880e-03
8.000000000000000e-01 3.677727282233856e+00 -9.760178571275124e-03
8.050000000000000e-01 3.770891105771243e+00 -9.658992210643549e-03
8.100000000000001e-01 3.866411859002656e+00 -9.518982643960254e-03
8.150000000000001e-01 3.964349245508326e+00 -9.334889089909383e-03
8.200000000000001e-01 4.064764479342956e+00 -9.100945871571618e-03
8.250000000000001e-01 4.167720323296481e+00 -8.810902948359511e-03
8.300000000000001e-01 4.273281128122877e+00 -8.458081149075185e-03
8.350000000000000e-01 4.381512872761445e+00 -8.035499207125268e-03
8.400000000000000e-01 4.492483205575838e+00 -7.536107659614984e-03
8.450000000000000e-01 4.606261486636447e+00 -6.953139783793034e-03
8.500000000000000e-01 4.722918831072739e+00 -6.280622179650116e-03
8.550000000000000e-01 4.842528153522501e+00 -5.514149974344532e-03
8.600000000000000e-01 4.965164213705875e+00 -4.651969094476230e-03
8.650000000000000e-01 5.090903663152626e+00 -3.696225398762371e-03
8.700000000000000e-01 5.219825093111814e+00 -2.654176478512396e-03
8.750000000000000e-01 5.352009083673925e+00 -1.539285972158809e-03
8.800000000000000e-01 5.487538254136007e+00 -3.721238471842457e-04
8.850000000000000e-01 5.626497314641444e+00 8.192946172390321e-04
8.900000000000000e-01 5.768973119126561e+00 2.000231212535469e-03
8.950000000000000e-01 5.915054719607133e+00 3.130927000489483e-03
9.000000000000000e-01 6.064833421838831e+00 4.168276504481508e-03
9.050000000000000e-01 6.218402842386253e+00 5.066457045917306e-03
9.100000000000000e-01 6.375858967136348e+00 5.777080965905233e-03
9.150000000000000e-01 6.537300211292723e+00 6.251450978130595e-03
9.200000000000000e-01 6.702827480888332e+00 6.447661311839535e-03
9.250000000000000e-01 6.872544235855034e+00 6.342496333645906e-03
9.300000000000000e-01 7.046556554689444e+00 5.943898299510684e-03
9.350000000000001e-01 7.224973200755413e+00 5.297439686263497e-03
9.400000000000001e-01 7.407905690264673e+00 4.481939669927629e-03
9.450000000000001e-01 7.595468361978146e+00 3.594379424903756e-03
9.500000000000001e-01 7.787778448671316e+00 2.729442255191863e-03
9.550000000000001e-01 7.984956150408610e+00 1.961255268346044e-03
9.600000000000000e-01 8.187124709672272e+00 1.333154322087122e-03
9.650000000000000e-01 8.394410488393007e+00 8.572876012560494e-04
9.700000000000000e-01 8.606943046930221e+00 5.216225697249266e-04
9.750000000000000e-01 8.824855225051540e+00 3.004878449307587e-04
9.800000000000000e-01 9.048283224961922e+00 1.638666776715749e-04
9.850000000000000e-01 9.277366696434507e+00 8.486774698816658e-05
9.900000000000000e-01 9.512248824096272e+00 4.138711399394977e-05
9.950000000000000e-01 9.753076416923058e+00 1.981755031419695e-05
1.000000000000000e+00 1.000000000000000e+01 8.042975383812210e-06
