0.000000000000000e+00 0.000000000000000e+00 -8.561890544018533e-01
5.000000000000000e-03 3.369477419287315e-03 -8.561890544018533e-01
1.000000000000000e-02 6.741060871647481e-03 -8.568044354369033e-01
1.500000000000000e-02 1.011685770649257e-02 -8.567631954217907e-01
2.000000000000000e-02 1.349897790673588e-02 -8.565425669137954e-01
2.500000000000000e-02 1.688953540759990e-02 -8.565365717075472e-01
3.000000000000000e-02 2.029064941789469e-02 -8.565689124705346e-01
3.500000000000000e-02 2.370444574459234e-02 -8.564781409645917e-01
4.000000000000000e-02 2.713305812152553e-02 -8.563716866013842e-01
4.500000000000000e-02 3.057862954304063e-02 -8.563424601249904e-01
5.000000000000000e-02 3.404331360343898e-02 -8.562751993287291e-01
5.500000000000000e-02 3.752927584304335e-02 -8.561464414836415e-01
6.000000000000000e-02 4.103869510173117e-02 -8.560572275008284e-01
6.500000000000000e-02 4.457376488078044e-02 -8.559876033068123e-01
7.000000000000001e-02 4.813669471387935e-02 -8.558462947126725e-01
7.500000000000000e-02 5.172971154815675e-02 -8.556953940807062e-01
8.000000000000000e-02 5.535506113609672e-02 -8.555940492733147e-01
8.500000000000001e-02 5.901500943920686e-02 -8.554634016010199e-01
9.000000000000000e-02 6.271184404431801e-02 -8.552733100271929e-01
9.500000000000000e-02 6.644787559340060e-02 -8.551065288114117e-01
1.000000000000000e-01 7.022543922779090e-02 -8.549587329399088e-01
1.050000000000000e-01 7.404689604773053e-02 -8.547616735347794e-01
1.100000000000000e-01 7.791463458813094e-02 -8.545420699060100e-01
1.150000000000000e-01 8.183107231148547e-02 -8.543468423649698e-01
1.200000000000000e-01 8.579865711886202e-02 -8.541322427683150e-01
1.250000000000000e-01 8.981986887992111e-02 -8.538758804090171e-01
1.300000000000000e-01 9.389722098291493e-02 -8.536257342213122e-01
1.350000000000000e-01 9.803326190563690e-02 -8.533822361247839e-01
1.400000000000000e-01 1.022305768083033e-01 -8.530976274191258e-01
1.450000000000000e-01 1.064917891493625e-01 -8.527871586128483e-01
1.500000000000000e-01 1.108195623252418e-01 -8.524919059488306e-01
1.550000000000000e-01 1.152166013350572e-01 -8.521854895189248e-01
1.600000000000000e-01 1.196856544713255e-01 -8.518330259434052e-01
1.650000000000000e-01 1.242295150377370e-01 -8.514649381001858e-01
1.700000000000000e-01 1.288510230950609e-01 -8.511089677587560e-01
1.750000000000000e-01 1.335530672362758e-01 -8.507321177302493e-01
1.800000000000000e-01 1.383385863920344e-01 -8.503107828985980e-01
1.850000000000000e-01 1.432105716675912e-01 -8.498756628920668e-01
1.900000000000000e-01 1.481720682123397e-01 -8.494473068841186e-01
1.950000000000000e-01 1.532261771231311e-01 -8.489962413849016e-01
2.000000000000000e-01 1.583760573825595e-01 -8.485023576118533e-01
2.050000000000000e-01 1.636249278334301e-01 -8.479901508660858e-01
2.100000000000000e-01 1.689760691906397e-01 -8.474801723261280e-01
2.150000000000000e-01 1.744328260917313e-01 -8.469520479114417e-01
2.200000000000000e-01 1.799986091874004e-01 -8.463847402892016e-01
2.250000000000000e-01 1.856768972732633e-01 -8.457905964880381e-01
2.300000000000000e-01 1.914712394642179e-01 -8.451901439490620e-01
2.350000000000000e-01 1.973852574127551e-01 -8.445799281377757e-01
2.400000000000000e-01 2.034226475726105e-01 -8.439449528748251e-01
2.450000000000000e-01 2.095871835091678e-01 -8.432783267695750e-01
2.500000000000000e-01 2.158827182580599e-01 -8.425872324537794e-01
2.550000000000000e-01 2.223131867334419e-01 -8.418874776180298e-01
2.600000000000000e-01 2.288826081874405e-01 -8.411857653411113e-01
2.650000000000000e-01 2.355950887223172e-01 -8.404674409668194e-01
2.700000000000000e-01 2.424548238569160e-01 -8.397226405649743e-01
2.750000000000000e-01 2.494661011489995e-01 -8.389595042207297e-01
2.800000000000000e-01 2.566333028751116e-01 -8.381865280518703e-01
2.850000000000000e-01 2.639609087696434e-01 -8.374140219671152e-01
2.900000000000000e-01 2.714534988248126e-01 -8.366524610147476e-01
2.950000000000000e-01 2.791157561533084e-01 -8.358958972338477e-01
3.000000000000000e-01 2.869524699153886e-01 -8.351453614866187e-01
3.050000000000000e-01 2.949685383122613e-01 -8.344047709022914e-01
3.100000000000000e-01 3.031689716476197e-01 -8.336740627236042e-01
3.150000000000000e-01 3.115588954592450e-01 -8.329702906269462e-01
3.200000000000000e-01 3.201435537226349e-01 -8.322977759569969e-01
3.250000000000000e-01 3.289283121286580e-01 -8.316753225559691e-01
3.300000000000000e-01 3.379186614372866e-01 -8.311127261878714e-01
3.350000000000000e-01 3.471202209094989e-01 -8.306279322860115e-01
3.400000000000000e-01 3.565387418195016e-01 -8.302366571798506e-01
3.450000000000000e-01 3.661801110494620e-01 -8.299594640590647e-01
3.500000000000000e-01 3.760503547690021e-01 -8.298188527720282e-01
3.550000000000000e-01 3.861556422017504e-01 -8.298416534334737e-01
3.600000000000000e-01 3.965022894813072e-01 -8.300588661375039e-01
3.650000000000000e-01 4.070967635990345e-01 -8.305068211298153e-01
3.700000000000000e-01 4.179456864461349e-01 -8.312279780706034e-01
3.750000000000000e-01 4.290558389525505e-01 -8.322721601988897e-01
3.800000000000000e-01 4.404341653252637e-01 -8.336979894511966e-01
3.850000000000000e-01 4.520877773886537e-01 -8.355747230966291e-01
3.900000000000000e-01 4.640239590296172e-01 -8.379845660904822e-01
3.950000000000000e-01 4.762501707502353e-01 -8.410256347529217e-01
4.000000000000000e-01 4.887740543308307e-01 -8.448157931241230e-01
4.050000000000000e-01 5.016034376063282e-01 -8.494976859265323e-01
4.100000000000000e-01 5.147463393589066e-01 -8.552454338409133e-01
4.150000000000000e-01 5.282109743299990e-01 -8.622736760346819e-01
4.200000000000000e-01 5.420057583547735e-01 -8.708499823108342e-01
4.250000000000000e-01 5.561393136223041e-01 -8.813121863091998e-01
4.300000000000000e-01 5.706204740647189e-01 -8.940930293319052e-01
4.350000000000000e-01 5.854582908786964e-01 -9.097558362783662e-01
4.400000000000000e-01 6.006620381827575e-01 -9.290470273119517e-01
4.450000000000000e-01 6.162412188138907e-01 -9.529743087671957e-01
4.500000000000000e-01 6.322055702671360e-01 -9.829228034435956e-01
4.550000000000000e-01 6.485650707818353e-01 -1.020820287441558e+00
4.600000000000000e-01 6.653299455783577e-01 -1.069332146908997e+00
4.650000000000000e-01 6.825106732491932e-01 -1.131892729759708e+00
4.700000000000000e-01 7.001179923084168e-01 -1.211579742838122e+00
4.750000000000000e-01 7.181629079036070e-01 -1.304740664481845e+00
4.800000000000000e-01 7.366566986944229e-01 -1.377921388735603e+00
4.850000000000000e-01 7.556109239021327e-01 -1.328090846802488e+00
4.900000000000000e-01 7.750374305345038e-01 -1.037580491151315e+00
4.950000000000000e-01 7.949483607905672e-01 -6.111425418725988e-01
5.000000000000000e-01 8.153561596498893e-01 -3.324171448641485e-01
5.050000000000000e-01 8.362735826510871e-01 -2.435954400559297e-01
5.100000000000000e-01 8.577137038644561e-01 -1.956373532439601e-01
5.150000000000000e-01 8.796899240636907e-01 -1.559162667715032e-01
5.200000000000000e-01 9.022159791018011e-01 -1.353933365538486e-01
5.250000000000000e-01 9.253059484964714e-01 -1.183566599322224e-01
5.300000000000000e-01 9.489742642302165e-01 -1.050471648846542e-01
5.350000000000000e-01 9.732357197708378e-01 -9.543589870925556e-02
5.400000000000000e-01 9.981054793178262e-01 -8.696035402187231e-02
5.450000000000000e-01 1.023599087280478e+00 -8.022825918339779e-02
5.500000000000000e-01 1.049732477993657e+00 -7.451168477745304e-02
5.550000000000000e-01 1.076521985677273e+00 -6.955961798154404e-02
5.600000000000001e-01 1.103984354645701e+00 -6.533747318627979e-02
5.650000000000001e-01 1.132136749773522e+00 -6.160100634355501e-02
5.700000000000001e-01 1.160996767224129e+00 -5.831191060034892e-02
5.750000000000001e-01 1.190582445447902e+00 -5.537952983413204e-02
5.800000000000000e-01 1.220912276456826e+00 -5.273930483296810e-02
5.850000000000000e-01 1.252005217382601e+00 -5.035242841689545e-02
5.900000000000000e-01 1.283880702325469e+00 -4.817409210914250e-02
5.950000000000000e-01 1.316558654501151e+00 -4.617502466890898e-02
6.000000000000000e-01 1.350059498693518e+00 -4.432839911739302e-02
6.050000000000000e-01 1.384404174020732e+00 -4.261163588217889e-02
6.100000000000000e-01 1.419614147022888e+00 -4.100629676207278e-02
6.150000000000000e-01 1.455711425079295e+00 -3.949601746360908e-02
6.200000000000000e-01 1.492718570163803e+00 -3.806689774774034e-02
6.250000000000000e-01 1.530658712946775e+00 -3.670673513650394e-02
6.300000000000000e-01 1.569555567252506e+00 -3.540475366382684e-02
6.350000000000000e-01 1.609433444881138e+00 -3.415138690992192e-02
6.400000000000000e-01 1.650317270804325e+00 -3.293802553709240e-02
6.450000000000000e-01 1.692232598744148e+00 -3.175686913636804e-02
6.500000000000000e-01 1.735205627145031e+00 -3.060078225018374e-02
6.550000000000000e-01 1.779263215548615e+00 -2.946318254024088e-02
6.600000000000000e-01 1.824432901381847e+00 -2.833795180087993e-02
6.650000000000000e-01 1.870742917168772e+00 -2.721936362768190e-02
6.700000000000000e-01 1.918222208176775e+00 -2.610202855947600e-02
6.750000000000000e-01 1.966900450508319e+00 -2.498085401829584e-02
6.800000000000000e-01 2.016808069649473e+00 -2.385101876209049e-02
6.850000000000001e-01 2.067976259486829e+00 -2.270796178610742e-02
6.900000000000001e-01 2.120437001804702e+00 -2.154738606685765e-02
6.950000000000001e-01 2.174223086274785e+00 -2.036527805055544e-02
7.000000000000001e-01 2.229368130950753e+00 -1.915794407763568e-02
7.050000000000000e-01 2.285906603280654e+00 -1.792206515071206e-02
7.100000000000000e-01 2.343873841650178e+00 -1.665477147790992e-02
7.150000000000000e-01 2.403306077470301e+00 -1.535373800161708e-02
7.200000000000000e-01 2.464240457823092e+00 -1.401730157037460e-02
7.250000000000000e-01 2.526715068679855e+00 -1.264459943618595e-02
7.300000000000000e-01 2.590768958706095e+00 -1.123572728191877e-02
7.350000000000000e-01 2.656442163668210e+00 -9.791912962076734e-03
7.400000000000000e-01 2.723775731457148e+00 -8.315699616273098e-03
7.450000000000000e-01 2.792811747744667e+00 -6.811128961420013e-03
7.500000000000000e-01 2.863593362288260e+00 -5.283912724303638e-03
7.550000000000000e-01 2.936164815901156e+00 -3.741577851090216e-03
7.600000000000000e-01 3.010571468104263e+00 -2.193569968925801e-03
7.650000000000000e-01 3.086859825477351e+00 -6.513002156834148e-04
7.700000000000000e-01 3.165077570727174e+00 8.718766281674269e-04
7.750000000000000e-01 3.245273592490716e+00 2.360759904636806e-03
7.800000000000000e-01 3.327498015892184e+00 3.798477743638025e-03
7.850000000000000e-01 3.411802233872832e+00 5.166733464102744e-03
7.900000000000000e-01 3.498238939313234e+00 6.446114437819674e-03
7.950000000000000e-01 3.586862157968046e+00 7.616454383136491e-03
8.000000000000000e-01 3.677727282233856e+00 8.657246057050320e-03
8.050000000000000e-01 3.770891105771243e+00 9.548112976035784e-03
8.100000000000001e-01 3.866411859002656e+00 1.026936591715606e-02
8.150000000000001e-01 3.964349245508326e+00 1.080269393783670e-02
8.200000000000001e-01 4.064764479342956e+00 1.113207003100888e-02
8.250000000000001e-01 4.167720323296481e+00 1.124497529748655e-02
8.300000000000001e-01 4.273281128122877e+00 1.113402889038211e-02
8.350000000000000e-01 4.381512872761445e+00 1.079901014441892e-02
8.400000000000000e-01 4.492483205575838e+00 1.024905532389501e-02
8.450000000000000e-01 4.606261486636447e+00 9.504549380248332e-03
8.500000000000000e-01 4.722918831072739e+00 8.598029654875277e-03
8.550000000000000e-01 4.842528153522501e+00 7.573416401712257e-03
8.600000000000000e-01 4.965164213705875e+00 6.483171249903538e-03
8.650000000000000e-01 5.090903663152626e+00 5.383520451056230e-03
8.700000000000000e-01 5.219825093111814e+00 4.328491837000130e-03
8.750000000000000e-01 5.352009083673925e+00 3.363962952956376e-03
8.800000000000000e-01 5.487538254136007e+00 2.523008050437711e-03
8.850000000000000e-01 5.626497314641444e+00 1.823510037533621e-03
8.900000000000000e-01 5.768973119126561e+00 1.268385669087344e-03
8.950000000000000e-01 5.915054719607133e+00 8.480880803019605e-04
9.000000000000000e-01 6.064833421838831e+00 5.445384871103566e-04
9.050000000000000e-01 6.218402842386253e+00 3.354447868576762e-04
9.100000000000000e-01 6.375858967136348e+00 1.980965012385446e-04
9.150000000000000e-01 6.537300211292723e+00 1.120732651553966e-04
9.200000000000000e-01 6.702827480888332e+00 6.070811444586711e-05
9.250000000000000e-01 6.872544235855034e+00 3.147031521933918e-05
9.300000000000000e-01 7.046556554689444e+00 1.560600121206104e-05
9.350000000000001e-01 7.224973200755413e+00 7.400786318870116e-06
9.400000000000001e-01 7.407905690264673e+00 3.355435236171745e-06
9.450000000000001e-01 7.595468361978146e+00 1.454186652845543e-06
9.500000000000001e-01 7.787778448671316e+00 6.023248688318749e-07
9.550000000000001e-01 7.984956150408610e+00 2.384188793050272e-07
9.600000000000000e-01 8.187124709672272e+00 9.018366514989783e-08
9.650000000000000e-01 8.394410488393007e+00 3.259768675211767e-08
9.700000000000000e-01 8.606943046930221e+00 1.125966535452799e-08
9.750000000000000e-01 8.824855225051540e+00 3.716773650775380e-09
9.800000000000000e-01 9.048283224961922e+00 1.172530239040767e-09
9.850000000000000e-01 9.277366696434507e+00 3.537063120963012e-10
9.900000000000000e-01 9.512248824096272e+00 1.015571154347676e-10
9.950000000000000e-01 9.753076416923058e+00 2.965286432260889e-11
1.000000000000000e+00 1.000000000000000e+01 3.333266502236885e-12
