0.000000000000000e+00 0.000000000000000e+00 -8.651715716450784e-01
5.000000000000000e-03 3.369477419287315e-03 -8.651715716450784e-01
1.000000000000000e-02 6.741060871647481e-03 -8.639527832045696e-01
1.500000000000000e-02 1.011685770649257e-02 -8.639310853867428e-01
2.000000000000000e-02 1.349897790673588e-02 -8.641132190807201e-01
2.500000000000000e-02 1.688953540759990e-02 -8.640527876086201e-01
3.000000000000000e-02 2.029064941789469e-02 -8.639911593888148e-01
3.500000000000000e-02 2.370444574459234e-02 -8.639550114903205e-01
4.000000000000000e-02 2.713305812152553e-02 -8.638554222370411e-01
4.500000000000000e-02 3.057862954304063e-02 -8.637918418844096e-01
5.000000000000000e-02 3.404331360343898e-02 -8.637544198330247e-01
5.500000000000000e-02 3.752927584304335e-02 -8.636512115424486e-01
6.000000000000000e-02 4.103869510173117e-02 -8.635330453923057e-01
6.500000000000000e-02 4.457376488078044e-02 -8.634620672139423e-01
7.000000000000001e-02 4.813669471387935e-02 -8.633560766667194e-01
7.500000000000000e-02 5.172971154815675e-02 -8.632057518145676e-01
8.000000000000000e-02 5.535506113609672e-02 -8.630903973687812e-01
8.500000000000001e-02 5.901500943920686e-02 -8.629802508811125e-01
9.000000000000000e-02 6.271184404431801e-02 -8.628071873464448e-01
9.500000000000000e-02 6.644787559340060e-02 -8.626317922832466e-01
1.000000000000000e-01 7.022543922779090e-02 -8.624937970086810e-01
1.050000000000000e-01 7.404689604773053e-02 -8.623227927174013e-01
1.100000000000000e-01 7.791463458813094e-02 -8.621046218606246e-01
1.150000000000000e-01 8.183107231148547e-02 -8.619067292994875e-01
1.200000000000000e-01 8.579865711886202e-02 -8.617169397215438e-01
1.250000000000000e-01 8.981986887992111e-02 -8.614821580849179e-01
1.300000000000000e-01 9.389722098291493e-02 -8.612303708031157e-01
1.350000000000000e-01 9.803326190563690e-02 -8.609961041593291e-01
1.400000000000000e-01 1.022305768083033e-01 -8.607406319942180e-01
1.450000000000000e-01 1.064917891493625e-01 -8.604470809838962e-01
1.500000000000000e-01 1.108195623252418e-01 -8.601561689846039e-01
1.550000000000000e-01 1.152166013350572e-01 -8.598693311270226e-01
1.600000000000000e-01 1.196856544713255e-01 -8.595463778321946e-01
1.650000000000000e-01 1.242295150377370e-01 -8.591952153342001e-01
1.700000000000000e-01 1.288510230950609e-01 -8.588520489008659e-01
1.750000000000000e-01 1.335530672362758e-01 -8.585020830448329e-01
1.800000000000000e-01 1.383385863920344e-01 -8.581124130164952e-01
1.850000000000000e-01 1.432105716675912e-01 -8.576989767188159e-01
1.900000000000000e-01 1.481720682123397e-01 -8.572912211419409e-01
1.950000000000000e-01 1.532261771231311e-01 -8.568727656936957e-01
2.000000000000000e-01 1.583760573825595e-01 -8.564164751098875e-01
2.050000000000000e-01 1.636249278334301e-01 -8.559347693517952e-01
2.100000000000000e-01 1.689760691906397e-01 -8.554529092876455e-01
2.150000000000000e-01 1.744328260917313e-01 -8.549627467305145e-01
2.200000000000000e-01 1.799986091874004e-01 -8.544420871987108e-01
2.250000000000000e-01 1.856768972732633e-01 -8.538915888526741e-01
2.300000000000000e-01 1.914712394642179e-01 -8.533296905950641e-01
2.350000000000000e-01 1.973852574127551e-01 -8.527638573456366e-01
2.400000000000000e-01 2.034226475726105e-01 -8.521847022086788e-01
2.450000000000000e-01 2.095871835091678e-01 -8.515778157379983e-01
2.500000000000000e-01 2.158827182580599e-01 -8.509440764396213e-01
2.550000000000000e-01 2.223131867334419e-01 -8.503025372324271e-01
2.600000000000000e-01 2.288826081874405e-01 -8.496649282400279e-01
2.650000000000000e-01 2.355950887223172e-01 -8.490193447822147e-01
2.700000000000000e-01 2.424548238569160e-01 -8.483561004334788e-01
2.750000000000000e-01 2.494661011489995e-01 -8.476786613201950e-01
2.800000000000000e-01 2.566333028751116e-01 -8.469930372455954e-01
2.850000000000000e-01 2.639609087696434e-01 -8.463131778087194e-01
2.900000000000000e-01 2.714534988248126e-01 -8.456516991895645e-01
2.950000000000000e-01 2.791157561533084e-01 -8.450049355807452e-01
3.000000000000000e-01 2.869524699153886e-01 -8.443763061129542e-01
3.050000000000000e-01 2.949685383122613e-01 -8.437681013404891e-01
3.100000000000000e-01 3.031689716476197e-01 -8.431814423182655e-01
3.150000000000000e-01 3.115588954592450e-01 -8.426334705843130e-01
3.200000000000000e-01 3.201435537226349e-01 -8.421296283168513e-01
3.250000000000000e-01 3.289283121286580e-01 -8.416909767757471e-01
3.300000000000000e-01 3.379186614372866e-01 -8.413289388415844e-01
3.350000000000000e-01 3.471202209094989e-01 -8.410643392413644e-01
3.400000000000000e-01 3.565387418195016e-01 -8.409152980727042e-01
3.450000000000000e-01 3.661801110494620e-01 -8.409056824072182e-01
3.500000000000000e-01 3.760503547690021e-01 -8.410614960833781e-01
3.550000000000000e-01 3.861556422017504e-01 -8.414139036298404e-01
3.600000000000000e-01 3.965022894813072e-01 -8.419989931684000e-01
3.650000000000000e-01 4.070967635990345e-01 -8.428592783335375e-01
3.700000000000000e-01 4.179456864461349e-01 -8.440447182532017e-01
3.750000000000000e-01 4.290558389525505e-01 -8.456143402957292e-01
3.800000000000000e-01 4.404341653252637e-01 -8.476381519814736e-01
3.850000000000000e-01 4.520877773886537e-01 -8.501996411427014e-01
3.900000000000000e-01 4.640239590296172e-01 -8.533989944710775e-01
3.950000000000000e-01 4.762501707502353e-01 -8.573573298482370e-01
4.000000000000000e-01 4.887740543308307e-01 -8.622223356701024e-01
4.050000000000000e-01 5.016034376063282e-01 -8.681759176837703e-01
4.100000000000000e-01 5.147463393589066e-01 -8.754447661805225e-01
4.150000000000000e-01 5.282109743299990e-01 -8.843152754764960e-01
4.200000000000000e-01 5.420057583547735e-01 -8.951551255901848e-01
4.250000000000000e-01 5.561393136223041e-01 -9.084453795408248e-01
4.300000000000000e-01 5.706204740647189e-01 -9.248297768464876e-01
4.350000000000000e-01 5.854582908786964e-01 -9.451933386492365e-01
4.400000000000000e-01 6.006620381827575e-01 -9.707934600831379e-01
4.450000000000000e-01 6.162412188138907e-01 -1.003490763643002e+00
4.500000000000000e-01 6.322055702671360e-01 -1.046184048863333e+00
4.550000000000000e-01 6.485650707818353e-01 -1.103703486416196e+00
4.600000000000000e-01 6.653299455783577e-01 -1.184863948961062e+00
4.650000000000000e-01 6.825106732491932e-01 -1.307946954843333e+00
4.700000000000000e-01 7.001179923084168e-01 -1.518182958373127e+00
4.750000000000000e-01 7.181629079036070e-01 -1.940069430486607e+00
4.800000000000000e-01 7.366566986944229e-01 -2.504927719711554e+00
4.850000000000000e-01 7.556109239021327e-01 -1.617488750414668e+00
4.900000000000000e-01 7.750374305345038e-01 -1.636054415795530e-01
4.950000000000000e-01 7.949483607905672e-01 -2.001490164211057e-01
5.000000000000000e-01 8.153561596498893e-01 -9.895563389507225e-02
5.050000000000000e-01 8.362735826510871e-01 -5.066322638260418e-02
5.100000000000000e-01 8.577137038644561e-01 -8.283982839428983e-02
5.150000000000000e-01 8.796899240636907e-01 -1.429096480410914e-02
5.200000000000000e-01 9.022159791018011e-01 -6.503293696257360e-02
5.250000000000000e-01 9.253059484964714e-01 -8.056041262047882e-03
5.300000000000000e-01 9.489742642302165e-01 -4.773657752561816e-02
5.350000000000000e-01 9.732357197708378e-01 -1.082224786821499e-02
5.400000000000000e-01 9.981054793178262e-01 -3.347838922522594e-02
5.450000000000000e-01 1.023599087280478e+00 -1.505692118859813e-02
5.500000000000000e-01 1.049732477993657e+00 -2.324552729917439e-02
5.550000000000000e-01 1.076521985677273e+00 -1.800928693293048e-02
5.600000000000001e-01 1.103984354645701e+00 -1.692629855919115e-02
5.650000000000001e-01 1.132136749773522e+00 -1.902652468743623e-02
5.700000000000001e-01 1.160996767224129e+00 -1.376968974384798e-02
5.750000000000001e-01 1.190582445447902e+00 -1.843604505037776e-02
5.800000000000000e-01 1.220912276456826e+00 -1.274590746422553e-02
5.850000000000000e-01 1.252005217382601e+00 -1.694848597377312e-02
5.900000000000000e-01 1.283880702325469e+00 -1.283269007059558e-02
5.950000000000000e-01 1.316558654501151e+00 -1.528503093476916e-02
6.000000000000000e-01 1.350059498693518e+00 -1.322768106563710e-02
6.050000000000000e-01 1.384404174020732e+00 -1.395085444590619e-02
6.100000000000000e-01 1.419614147022888e+00 -1.346457567615210e-02
6.150000000000000e-01 1.455711425079295e+00 -1.314511300151935e-02
6.200000000000000e-01 1.492718570163803e+00 -1.341282720133045e-02
6.250000000000000e-01 1.530658712946775e+00 -1.280144675169022e-02
6.300000000000000e-01 1.569555567252506e+00 -1.317064111015213e-02
6.350000000000000e-01 1.609433444881138e+00 -1.272037556388367e-02
6.400000000000000e-01 1.650317270804325e+00 -1.290610717798895e-02
6.450000000000000e-01 1.692232598744148e+00 -1.271684745268956e-02
6.500000000000000e-01 1.735205627145031e+00 -1.272932293301485e-02
6.550000000000000e-01 1.779263215548615e+00 -1.270262908227894e-02
6.600000000000000e-01 1.824432901381847e+00 -1.265477411239598e-02
6.650000000000000e-01 1.870742917168772e+00 -1.267552784186815e-02
6.700000000000000e-01 1.918222208176775e+00 -1.264296910701699e-02
6.750000000000000e-01 1.966900450508319e+00 -1.266008538502778e-02
6.800000000000000e-01 2.016808069649473e+00 -1.265574231258922e-02
6.850000000000001e-01 2.067976259486829e+00 -1.266601173519730e-02
6.900000000000001e-01 2.120437001804702e+00 -1.267595088023125e-02
6.950000000000001e-01 2.174223086274785e+00 -1.268561076553186e-02
7.000000000000001e-01 2.229368130950753e+00 -1.269750626312168e-02
7.050000000000000e-01 2.285906603280654e+00 -1.270638708430784e-02
7.100000000000000e-01 2.343873841650178e+00 -1.271384596403545e-02
7.150000000000000e-01 2.403306077470301e+00 -1.271708390292235e-02
7.200000000000000e-01 2.464240457823092e+00 -1.271525440090618e-02
7.250000000000000e-01 2.526715068679855e+00 -1.270673096110779e-02
7.300000000000000e-01 2.590768958706095e+00 -1.268982233208628e-02
7.350000000000000e-01 2.656442163668210e+00 -1.266280865311935e-02
7.400000000000000e-01 2.723775731457148e+00 -1.262369749701919e-02
7.450000000000000e-01 2.792811747744667e+00 -1.257037644009347e-02
7.500000000000000e-01 2.863593362288260e+00 -1.250050065249399e-02
7.550000000000000e-01 2.936164815901156e+00 -1.241150480354735e-02
7.600000000000000e-01 3.010571468104263e+00 -1.230057015396717e-02
7.650000000000000e-01 3.086859825477351e+00 -1.216460061691677e-02
7.700000000000000e-01 3.165077570727174e+00 -1.200020071184892e-02
7.750000000000000e-01 3.245273592490716e+00 -1.180365308265113e-02
7.800000000000000e-01 3.327498015892184e+00 -1.157090195880791e-02
7.850000000000000e-01 3.411802233872832e+00 -1.129754393819568e-02
7.900000000000000e-01 3.498238939313234e+00 -1.097883104879802e-02
7.950000000000000e-01 3.586862157968046e+00 -1.060969268211096e-02
8.000000000000000e-01 3.677727282233856e+00 -1.018478676785249e-02
8.050000000000000e-01 3.770891105771243e+00 -9.698591807201246e-03
8.100000000000001e-01 3.866411859002656e+00 -9.145553807000889e-03
8.150000000000001e-01 3.964349245508326e+00 -8.520309549471325e-03
8.200000000000001e-01 4.064764479342956e+00 -7.818011412928295e-03
8.250000000000001e-01 4.167720323296481e+00 -7.034772274771323e-03
8.300000000000001e-01 4.273281128122877e+00 -6.168243280279189e-03
8.350000000000000e-01 4.381512872761445e+00 -5.218333898702514e-03
8.400000000000000e-01 4.492483205575838e+00 -4.188050803209263e-03
8.450000000000000e-01 4.606261486636447e+00 -3.084360012951372e-03
8.500000000000000e-01 4.722918831072739e+00 -1.918929310112843e-03
8.550000000000000e-01 4.842528153522501e+00 -7.086405965117773e-04
8.600000000000000e-01 4.965164213705875e+00 5.241886072905814e-04
8.650000000000000e-01 5.090903663152626e+00 1.751964846791196e-03
8.700000000000000e-01 5.219825093111814e+00 2.942486857065127e-03
8.750000000000000e-01 5.352009083673925e+00 4.060097452950755e-03
8.800000000000000e-01 5.487538254136007e+00 5.066974909830146e-03
8.850000000000000e-01 5.626497314641444e+00 5.924139003659074e-03
8.900000000000000e-01 5.768973119126561e+00 6.592302288131623e-03
8.950000000000000e-01 5.915054719607133e+00 7.033655195378636e-03
9.000000000000000e-01 6.064833421838831e+00 7.216104699231470e-03
9.050000000000000e-01 6.218402842386253e+00 7.120534506996817e-03
9.100000000000000e-01 6.375858967136348e+00 6.749487734884304e-03
9.150000000000000e-01 6.537300211292723e+00 6.133642450897376e-03
9.200000000000000e-01 6.702827480888332e+00 5.332172285146467e-03
9.250000000000000e-01 6.872544235855034e+00 4.425156355354485e-03
9.300000000000000e-01 7.046556554689444e+00 3.499638138159825e-03
9.350000000000001e-01 7.224973200755413e+00 2.633789711506318e-03
9.400000000000001e-01 7.407905690264673e+00 1.884338754845843e-03
9.450000000000001e-01 7.595468361978146e+00 1.280739887308035e-03
9.500000000000001e-01 7.787778448671316e+00 8.266393944353151e-04
9.550000000000001e-01 7.984956150408610e+00 5.065878699179407e-04
9.600000000000000e-01 8.187124709672272e+00 2.947717370559229e-04
9.650000000000000e-01 8.394410488393007e+00 1.628845610284263e-04
9.700000000000000e-01 8.606943046930221e+00 8.549572979914263e-05
9.750000000000000e-01 8.824855225051540e+00 4.264389390748513e-05
9.800000000000000e-01 9.048283224961922e+00 2.021377809546748e-05
9.850000000000000e-01 9.277366696434507e+00 9.125916830000123e-06
9.900000000000000e-01 9.512248824096272e+00 3.893831855018162e-06
9.950000000000000e-01 9.753076416923058e+00 1.650878260630358e-06
1.000000000000000e+00 1.000000000000000e+01 5.452833002670071e-07
