0.000000000000000e+00 0.000000000000000e+00 -7.335096959797053e-01
5.000000000000000e-03 3.369477419287315e-03 -7.335096959797053e-01
1.000000000000000e-02 6.741060871647481e-03 -7.349895408987422e-01
1.500000000000000e-02 1.011685770649257e-02 -7.349381458582768e-01
2.000000000000000e-02 1.349897790673588e-02 -7.345327646900287e-01
2.500000000000000e-02 1.688953540759990e-02 -7.345263232610171e-01
3.000000000000000e-02 2.029064941789469e-02 -7.345722120328254e-01
3.500000000000000e-02 2.370444574459234e-02 -7.344417160090005e-01
4.000000000000000e-02 2.713305812152553e-02 -7.343063480152786e-01
4.500000000000000e-02 3.057862954304063e-02 -7.342436373603958e-01
5.000000000000000e-02 3.404331360343898e-02 -7.341307587841004e-01
5.500000000000000e-02 3.752927584304335e-02 -7.339573389928875e-01
6.000000000000000e-02 4.103869510173117e-02 -7.338167422360051e-01
6.500000000000000e-02 4.457376488078044e-02 -7.336872961990835e-01
7.000000000000001e-02 4.813669471387935e-02 -7.334907478187949e-01
7.500000000000000e-02 5.172971154815675e-02 -7.332703906768938e-01
8.000000000000000e-02 5.535506113609672e-02 -7.330867941049591e-01
8.500000000000001e-02 5.901500943920686e-02 -7.328842039327514e-01
9.000000000000000e-02 6.271184404431801e-02 -7.326151872486814e-01
9.500000000000000e-02 6.644787559340060e-02 -7.323408254398175e-01
1.000000000000000e-01 7.022543922779090e-02 -7.320937492425572e-01
1.050000000000000e-01 7.404689604773053e-02 -7.318109351145885e-01
1.100000000000000e-01 7.791463458813094e-02 -7.314699058374949e-01
1.150000000000000e-01 8.183107231148547e-02 -7.311296913806785e-01
1.200000000000000e-01 8.579865711886202e-02 -7.308028445434667e-01
1.250000000000000e-01 8.981986887992111e-02 -7.304328842494846e-01
1.300000000000000e-01 9.389722098291493e-02 -7.300119775470306e-01
1.350000000000000e-01 9.803326190563690e-02 -7.295896405854083e-01
1.400000000000000e-01 1.022305768083033e-01 -7.291693785975218e-01
1.450000000000000e-01 1.064917891493625e-01 -7.287038099192060e-01
1.500000000000000e-01 1.108195623252418e-01 -7.281886088399901e-01
1.550000000000000e-01 1.152166013350572e-01 -7.276647598375380e-01
1.600000000000000e-01 1.196856544713255e-01 -7.271368843934914e-01
1.650000000000000e-01 1.242295150377370e-01 -7.265643535274662e-01
1.700000000000000e-01 1.288510230950609e-01 -7.259372710214119e-01
1.750000000000000e-01 1.335530672362758e-01 -7.252899308071232e-01
1.800000000000000e-01 1.383385863920344e-01 -7.246353006967751e-01
1.850000000000000e-01 1.432105716675912e-01 -7.239403110883278e-01
1.900000000000000e-01 1.481720682123397e-01 -7.231850399148037e-01
1.950000000000000e-01 1.532261771231311e-01 -7.223920162761449e-01
2.000000000000000e-01 1.583760573825595e-01 -7.215818346749179e-01
2.050000000000000e-01 1.636249278334301e-01 -7.207391483930405e-01
2.100000000000000e-01 1.689760691906397e-01 -7.198428227533805e-01
2.150000000000000e-01 1.744328260917313e-01 -7.188904355970974e-01
2.200000000000000e-01 1.799986091874004e-01 -7.178915196433805e-01
2.250000000000000e-01 1.856768972732633e-01 -7.168580726346661e-01
2.300000000000000e-01 1.914712394642179e-01 -7.157916606568857e-01
2.350000000000000e-01 1.973852574127551e-01 -7.146705541003545e-01
2.400000000000000e-01 2.034226475726105e-01 -7.134799160395044e-01
2.450000000000000e-01 2.095871835091678e-01 -7.122292184888888e-01
2.500000000000000e-01 2.158827182580599e-01 -7.109249650267910e-01
2.550000000000000e-01 2.223131867334419e-01 -7.095711192893028e-01
2.600000000000000e-01 2.288826081874405e-01 -7.081733371854941e-01
2.650000000000000e-01 2.355950887223172e-01 -7.067160042309473e-01
2.700000000000000e-01 2.424548238569160e-01 -7.051913633836421e-01
2.750000000000000e-01 2.494661011489995e-01 -7.035976351302499e-01
2.800000000000000e-01 2.566333028751116e-01 -7.019234429006124e-01
2.850000000000000e-01 2.639609087696434e-01 -7.001797260658991e-01
2.900000000000000e-01 2.714534988248126e-01 -6.983577614406796e-01
2.950000000000000e-01 2.791157561533084e-01 -6.964656274724241e-01
3.000000000000000e-01 2.869524699153886e-01 -6.944978744484758e-01
3.050000000000000e-01 2.949685383122613e-01 -6.924566261231997e-01
3.100000000000000e-01 3.031689716476197e-01 -6.903387719899060e-01
3.150000000000000e-01 3.115588954592450e-01 -6.881437717543908e-01
3.200000000000000e-01 3.201435537226349e-01 -6.858698954694000e-01
3.250000000000000e-01 3.289283121286580e-01 -6.835162408236981e-01
3.300000000000000e-01 3.379186614372866e-01 -6.810819045430748e-01
3.350000000000000e-01 3.471202209094989e-01 -6.785663708432893e-01
3.400000000000000e-01 3.565387418195016e-01 -6.759693756119426e-01
3.450000000000000e-01 3.661801110494620e-01 -6.732909721694227e-01
3.500000000000000e-01 3.760503547690021e-01 -6.705315213086828e-01
3.550000000000000e-01 3.861556422017504e-01 -6.676917048318283e-01
3.600000000000000e-01 3.965022894813072e-01 -6.647725244174664e-01
3.650000000000000e-01 4.070967635990345e-01 -6.617752934720651e-01
3.700000000000000e-01 4.179456864461349e-01 -6.587016137794484e-01
3.750000000000000e-01 4.290558389525505e-01 -6.555533323277473e-01
3.800000000000000e-01 4.404341653252637e-01 -6.523324708188282e-01
3.850000000000000e-01 4.520877773886537e-01 -6.490411187331164e-01
3.900000000000000e-01 4.640239590296172e-01 -6.456812780722998e-01
3.950000000000000e-01 4.762501707502353e-01 -6.422546444940113e-01
4.000000000000000e-01 4.887740543308307e-01 -6.387623051169347e-01
4.050000000000000e-01 5.016034376063282e-01 -6.352043275996555e-01
4.100000000000000e-01 5.147463393589066e-01 -6.315792078735163e-01
4.150000000000000e-01 5.282109743299990e-01 -6.278831348177417e-01
4.200000000000000e-01 5.420057583547735e-01 -6.241090189019699e-01
4.250000000000000e-01 5.561393136223041e-01 -6.202452182114806e-01
4.300000000000000e-01 5.706204740647189e-01 -6.162738794676225e-01
4.350000000000000e-01 5.854582908786964e-01 -6.121687945257264e-01
4.400000000000000e-01 6.006620381827575e-01 -6.078926566287749e-01
4.450000000000000e-01 6.162412188138907e-01 -6.033935902106127e-01
4.500000000000000e-01 6.322055702671360e-01 -5.986008324624646e-01
4.550000000000000e-01 6.485650707818353e-01 -5.934194805583597e-01
4.600000000000000e-01 6.653299455783577e-01 -5.877243126398629e-01
4.650000000000000e-01 6.825106732491932e-01 -5.813528855512526e-01
4.700000000000000e-01 7.001179923084168e-01 -5.740984667840062e-01
4.750000000000000e-01 7.181629079036070e-01 -5.657039413927242e-01
4.800000000000000e-01 7.366566986944229e-01 -5.558587000603451e-01
4.850000000000000e-01 7.556109239021327e-01 -5.442016350520824e-01
4.900000000000000e-01 7.750374305345038e-01 -5.303345210630558e-01
4.950000000000000e-01 7.949483607905672e-01 -5.138506555074046e-01
5.000000000000000e-01 8.153561596498893e-01 -4.943826383761140e-01
5.050000000000000e-01 8.362735826510871e-01 -4.716692869563490e-01
5.100000000000000e-01 8.577137038644561e-01 -4.456341583929586e-01
5.150000000000000e-01 8.796899240636907e-01 -4.164582502367005e-01
5.200000000000000e-01 9.022159791018011e-01 -3.846216372792962e-01
5.250000000000000e-01 9.253059484964714e-01 -3.508898098077739e-01
5.300000000000000e-01 9.489742642302165e-01 -3.162348168061748e-01
5.350000000000000e-01 9.732357197708378e-01 -2.817055298424790e-01
5.400000000000000e-01 9.981054793178262e-01 -2.482830531722517e-01
5.450000000000000e-01 1.023599087280478e+00 -2.167629724119816e-01
5.500000000000000e-01 1.049732477993657e+00 -1.876921491498556e-01
5.550000000000000e-01 1.076521985677273e+00 -1.613637444991056e-01
5.600000000000001e-01 1.103984354645701e+00 -1.378545771658286e-01
5.650000000000001e-01 1.132136749773522e+00 -1.170819553965291e-01
5.700000000000001e-01 1.160996767224129e+00 -9.886112615611738e-02
5.750000000000001e-01 1.190582445447902e+00 -8.295286010881861e-02
5.800000000000000e-01 1.220912276456826e+00 -6.909799716753504e-02
5.850000000000000e-01 1.252005217382601e+00 -5.704002625914546e-02
5.900000000000000e-01 1.283880702325469e+00 -4.653838738671937e-02
5.950000000000000e-01 1.316558654501151e+00 -3.737528832191171e-02
6.000000000000000e-01 1.350059498693518e+00 -2.935832049629879e-02
6.050000000000000e-01 1.384404174020732e+00 -2.232053194641008e-02
6.100000000000000e-01 1.419614147022888e+00 -1.611907318806767e-02
6.150000000000000e-01 1.455711425079295e+00 -1.063312696852717e-02
6.200000000000000e-01 1.492718570163803e+00 -5.761554223471295e-03
6.250000000000000e-01 1.530658712946775e+00 -1.420506988145658e-03
6.300000000000000e-01 1.569555567252506e+00 2.458854625788943e-03
6.350000000000000e-01 1.609433444881138e+00 5.932473015994564e-03
6.400000000000000e-01 1.650317270804325e+00 9.045303135280802e-03
6.450000000000000e-01 1.692232598744148e+00 1.183301671505157e-02
6.500000000000000e-01 1.735205627145031e+00 1.432350785548628e-02
6.550000000000000e-01 1.779263215548615e+00 1.653821372884451e-02
6.600000000000000e-01 1.824432901381847e+00 1.849326747585296e-02
6.650000000000000e-01 1.870742917168772e+00 2.020050206318539e-02
6.700000000000000e-01 1.918222208176775e+00 2.166832479095472e-02
6.750000000000000e-01 1.966900450508319e+00 2.290248273150876e-02
6.800000000000000e-01 2.016808069649473e+00 2.390673980194925e-02
6.850000000000001e-01 2.067976259486829e+00 2.468348639044804e-02
6.900000000000001e-01 2.120437001804702e+00 2.523430229761817e-02
6.950000000000001e-01 2.174223086274785e+00 2.556049292794863e-02
7.000000000000001e-01 2.229368130950753e+00 2.566361677437879e-02
7.050000000000000e-01 2.285906603280654e+00 2.554601879072073e-02
7.100000000000000e-01 2.343873841650178e+00 2.521137869735920e-02
7.150000000000000e-01 2.403306077470301e+00 2.466527510498699e-02
7.200000000000000e-01 2.464240457823092e+00 2.391575525438277e-02
7.250000000000000e-01 2.526715068679855e+00 2.297388628720518e-02
7.300000000000000e-01 2.590768958706095e+00 2.185424817426283e-02
7.350000000000000e-01 2.656442163668210e+00 2.057531269312516e-02
7.400000000000000e-01 2.723775731457148e+00 1.915964034391172e-02
7.450000000000000e-01 2.792811747744667e+00 1.763382200693682e-02
7.500000000000000e-01 2.863593362288260e+00 1.602809892773525e-02
7.550000000000000e-01 2.936164815901156e+00 1.437561667157333e-02
7.600000000000000e-01 3.010571468104263e+00 1.271130678064958e-02
7.650000000000000e-01 3.086859825477351e+00 1.107044075198914e-02
7.700000000000000e-01 3.165077570727174e+00 9.486956985051214e-03
7.750000000000000e-01 3.245273592490716e+00 7.991711517101483e-03
7.800000000000000e-01 3.327498015892184e+00 6.610835785063647e-03
7.850000000000000e-01 3.411802233872832e+00 5.364389819959329e-03
7.900000000000000e-01 3.498238939313234e+00 4.265473013954303e-03
7.950000000000000e-01 3.586862157968046e+00 3.319899611717478e-03
8.000000000000000e-01 3.677727282233856e+00 2.526471602474475e-03
8.050000000000000e-01 3.770891105771243e+00 1.877801336835195e-03
8.100000000000001e-01 3.866411859002656e+00 1.361564741970062e-03
8.150000000000001e-01 3.964349245508326e+00 9.620160863591757e-04
8.200000000000001e-01 4.064764479342956e+00 6.615747060220111e-04
8.250000000000001e-01 4.167720323296481e+00 4.423046292132402e-04
8.300000000000001e-01 4.273281128122877e+00 2.871451439526384e-04
8.350000000000000e-01 4.381512872761445e+00 1.808047368644222e-04
8.400000000000000e-01 4.492483205575838e+00 1.102907007681162e-04
8.450000000000000e-01 4.606261486636447e+00 6.510056010303746e-05
8.500000000000000e-01 4.722918831072739e+00 3.714060323970527e-05
8.550000000000000e-01 4.842528153522501e+00 2.045696053053201e-05
8.600000000000000e-01 4.965164213705875e+00 1.086627617274094e-05
8.650000000000000e-01 5.090903663152626e+00 5.560316701919737e-06
8.700000000000000e-01 5.219825093111814e+00 2.738062121256866e-06
8.750000000000000e-01 5.352009083673925e+00 1.296205580781643e-06
8.800000000000000e-01 5.487538254136007e+00 5.893467487577634e-07
8.850000000000000e-01 5.626497314641444e+00 2.571184312660063e-07
8.900000000000000e-01 5.768973119126561e+00 1.075425665442541e-07
8.950000000000000e-01 5.915054719607133e+00 4.308775002487872e-08
9.000000000000000e-01 6.064833421838831e+00 1.652409055036493e-08
9.050000000000000e-01 6.218402842386253e+00 6.061207944687464e-09
9.100000000000000e-01 6.375858967136348e+00 2.125152646993265e-09
9.150000000000000e-01 6.537300211292723e+00 7.117804483869191e-10
9.200000000000000e-01 6.702827480888332e+00 2.276076455198487e-10
9.250000000000000e-01 6.872544235855034e+00 6.945387692474418e-11
9.300000000000000e-01 7.046556554689444e+00 2.021541910151685e-11
9.350000000000001e-01 7.224973200755413e+00 5.610177986668182e-12
9.400000000000001e-01 7.407905690264673e+00 1.483992861055027e-12
9.450000000000001e-01 7.595468361978146e+00 3.740449188366477e-13
9.500000000000001e-01 7.787778448671316e+00 8.981501306102319e-14
9.550000000000001e-01 7.984956150408610e+00 2.054110411580895e-14
9.600000000000000e-01 8.187124709672272e+00 4.473873254275072e-15
9.650000000000000e-01 8.394410488393007e+00 9.278586793032781e-16
9.700000000000000e-01 8.606943046930221e+00 1.832264603595638e-16
9.750000000000000e-01 8.824855225051540e+00 3.444992378687837e-17
9.800000000000000e-01 9.048283224961922e+00 6.167107206837081e-18
9.850000000000000e-01 9.277366696434507e+00 1.051238424310773e-18
9.900000000000000e-01 9.512248824096272e+00 1.703754821590389e-19
9.950000000000000e-01 9.753076416923058e+00 2.811690031420273e-20
1.000000000000000e+00 1.000000000000000e+01 -5.137537681960508e-21
