0.000000000000000e+00 0.000000000000000e+00 -8.646561290807201e-01
5.000000000000000e-03 3.369477419287315e-03 -8.646561290807201e-01
1.000000000000000e-02 6.741060871647481e-03 -8.635334378784734e-01
1.500000000000000e-02 1.011685770649257e-02 -8.635102316888805e-01
2.000000000000000e-02 1.349897790673588e-02 -8.636705489825867e-01
2.500000000000000e-02 1.688953540759990e-02 -8.636133314456036e-01
3.000000000000000e-02 2.029064941789469e-02 -8.635573904430890e-01
3.500000000000000e-02 2.370444574459234e-02 -8.635179266438370e-01
4.000000000000000e-02 2.713305812152553e-02 -8.634173597887500e-01
4.500000000000000e-02 3.057862954304063e-02 -8.633560876924249e-01
5.000000000000000e-02 3.404331360343898e-02 -8.633173735166936e-01
5.500000000000000e-02 3.752927584304335e-02 -8.632122201319330e-01
6.000000000000000e-02 4.103869510173117e-02 -8.630955600157538e-01
6.500000000000000e-02 4.457376488078044e-02 -8.630251492478130e-01
7.000000000000001e-02 4.813669471387935e-02 -8.629169875759353e-01
7.500000000000000e-02 5.172971154815675e-02 -8.627661783309967e-01
8.000000000000000e-02 5.535506113609672e-02 -8.626519408514245e-01
8.500000000000001e-02 5.901500943920686e-02 -8.625409078120615e-01
9.000000000000000e-02 6.271184404431801e-02 -8.623664337736923e-01
9.500000000000000e-02 6.644787559340060e-02 -8.621913666986971e-01
1.000000000000000e-01 7.022543922779090e-02 -8.620531933472274e-01
1.050000000000000e-01 7.404689604773053e-02 -8.618806719574623e-01
1.100000000000000e-01 7.791463458813094e-02 -8.616620712162145e-01
1.150000000000000e-01 8.183107231148547e-02 -8.614644182421908e-01
1.200000000000000e-01 8.579865711886202e-02 -8.612733913790477e-01
1.250000000000000e-01 8.981986887992111e-02 -8.610371654306432e-01
1.300000000000000e-01 9.389722098291493e-02 -8.607853399190407e-01
1.350000000000000e-01 9.803326190563690e-02 -8.605507134386257e-01
1.400000000000000e-01 1.022305768083033e-01 -8.602935463007396e-01
1.450000000000000e-01 1.064917891493625e-01 -8.599987897995889e-01
1.500000000000000e-01 1.108195623252418e-01 -8.597076406488935e-01
1.550000000000000e-01 1.152166013350572e-01 -8.594198152798530e-01
1.600000000000000e-01 1.196856544713255e-01 -8.590950370298029e-01
1.650000000000000e-01 1.242295150377370e-01 -8.587427028438284e-01
1.700000000000000e-01 1.288510230950609e-01 -8.583988530993466e-01
1.750000000000000e-01 1.335530672362758e-01 -8.580474215419471e-01
1.800000000000000e-01 1.383385863920344e-01 -8.576557750655714e-01
1.850000000000000e-01 1.432105716675912e-01 -8.572409187888075e-01
1.900000000000000e-01 1.481720682123397e-01 -8.568320079716918e-01
1.950000000000000e-01 1.532261771231311e-01 -8.564117158528692e-01
2.000000000000000e-01 1.583760573825595e-01 -8.559531190108335e-01
2.050000000000000e-01 1.636249278334301e-01 -8.554694856906423e-01
2.100000000000000e-01 1.689760691906397e-01 -8.549859776780511e-01
2.150000000000000e-01 1.744328260917313e-01 -8.544936374560520e-01
2.200000000000000e-01 1.799986091874004e-01 -8.539701844695273e-01
2.250000000000000e-01 1.856768972732633e-01 -8.534169983668546e-01
2.300000000000000e-01 1.914712394642179e-01 -8.528527604908241e-01
2.350000000000000e-01 1.973852574127551e-01 -8.522843162154681e-01
2.400000000000000e-01 2.034226475726105e-01 -8.517018772016522e-01
2.450000000000000e-01 2.095871835091678e-01 -8.510914058745277e-01
2.500000000000000e-01 2.158827182580599e-01 -8.504541639545971e-01
2.550000000000000e-01 2.223131867334419e-01 -8.498091015326306e-01
2.600000000000000e-01 2.288826081874405e-01 -8.491676868983377e-01
2.650000000000000e-01 2.355950887223172e-01 -8.485177865376118e-01
2.700000000000000e-01 2.424548238569160e-01 -8.478496583833082e-01
2.750000000000000e-01 2.494661011489995e-01 -8.471670554619037e-01
2.800000000000000e-01 2.566333028751116e-01 -8.464761464981070e-01
2.850000000000000e-01 2.639609087696434e-01 -8.457906966668345e-01
2.900000000000000e-01 2.714534988248126e-01 -8.451232098863466e-01
2.950000000000000e-01 2.791157561533084e-01 -8.444698577739490e-01
3.000000000000000e-01 2.869524699153886e-01 -8.438339109981872e-01
3.050000000000000e-01 2.949685383122613e-01 -8.432177453421131e-01
3.100000000000000e-01 3.031689716476197e-01 -8.426224050665836e-01
3.150000000000000e-01 3.115588954592450e-01 -8.420650342344865e-01
3.200000000000000e-01 3.201435537226349e-01 -8.415510044709080e-01
3.250000000000000e-01 3.289283121286580e-01 -8.411012442892762e-01
3.300000000000000e-01 3.379186614372866e-01 -8.407270752422132e-01
3.350000000000000e-01 3.471202209094989e-01 -8.404491447025737e-01
3.400000000000000e-01 3.565387418195016e-01 -8.402854232679772e-01
3.450000000000000e-01 3.661801110494620e-01 -8.402595719858745e-01
3.500000000000000e-01 3.760503547690021e-01 -8.403973760910644e-01
3.550000000000000e-01 3.861556422017504e-01 -8.407297286908202e-01
3.600000000000000e-01 3.965022894813072e-01 -8.412923986334828e-01
3.650000000000000e-01 4.070967635990345e-01 -8.421275100932973e-01
3.700000000000000e-01 4.179456864461349e-01 -8.432845481234078e-01
3.750000000000000e-01 4.290558389525505e-01 -8.448219557421166e-01
3.800000000000000e-01 4.404341653252637e-01 -8.468090141985460e-01
3.850000000000000e-01 4.520877773886537e-01 -8.493282987296404e-01
3.900000000000000e-01 4.640239590296172e-01 -8.524788359518972e-01
3.950000000000000e-01 4.762501707502353e-01 -8.563802497318329e-01
4.000000000000000e-01 4.887740543308307e-01 -8.611782762675941e-01
4.050000000000000e-01 5.016034376063282e-01 -8.670522285035543e-01
4.100000000000000e-01 5.147463393589066e-01 -8.742252891176812e-01
4.150000000000000e-01 5.282109743299990e-01 -8.829790066414250e-01
4.200000000000000e-01 5.420057583547735e-01 -8.936742031727913e-01
4.250000000000000e-01 5.561393136223041e-01 -9.067819601300686e-01
4.300000000000000e-01 5.706204740647189e-01 -9.229310010627365e-01
4.350000000000000e-01 5.854582908786964e-01 -9.429828470055828e-01
4.400000000000000e-01 6.006620381827575e-01 -9.681562991346816e-01
4.450000000000000e-01 6.162412188138907e-01 -1.000244663640841e+00
4.500000000000000e-01 6.322055702671360e-01 -1.042019854710528e+00
4.550000000000000e-01 6.485650707818353e-01 -1.098046662500352e+00
4.600000000000000e-01 6.653299455783577e-01 -1.176497270065149e+00
4.650000000000000e-01 6.825106732491932e-01 -1.293719192500651e+00
4.700000000000000e-01 7.001179923084168e-01 -1.486982550992367e+00
4.750000000000000e-01 7.181629079036070e-01 -1.839417987466912e+00
4.800000000000000e-01 7.366566986944229e-01 -2.267982893871938e+00
4.850000000000000e-01 7.556109239021327e-01 -1.658430779007369e+00
4.900000000000000e-01 7.750374305345038e-01 -3.283915095607178e-01
4.950000000000000e-01 7.949483607905672e-01 -1.772367319150071e-01
5.000000000000000e-01 8.153561596498893e-01 -1.886757819504355e-01
5.050000000000000e-01 8.362735826510871e-01 -4.919411199915953e-02
5.100000000000000e-01 8.577137038644561e-01 -1.165473878544149e-01
5.150000000000000e-01 8.796899240636907e-01 -3.615445032268950e-02
5.200000000000000e-01 9.022159791018011e-01 -7.046957839616064e-02
5.250000000000000e-01 9.253059484964714e-01 -3.815560899557078e-02
5.300000000000000e-01 9.489742642302165e-01 -4.401580151641326e-02
5.350000000000000e-01 9.732357197708378e-01 -3.847192606378750e-02
5.400000000000000e-01 9.981054793178262e-01 -3.074151820015912e-02
5.450000000000000e-01 1.023599087280478e+00 -3.557598771516909e-02
5.500000000000000e-01 1.049732477993657e+00 -2.514090445680282e-02
5.550000000000000e-01 1.076521985677273e+00 -3.106496758314760e-02
5.600000000000001e-01 1.103984354645701e+00 -2.322240501026714e-02
5.650000000000001e-01 1.132136749773522e+00 -2.660582604598897e-02
5.700000000000001e-01 1.160996767224129e+00 -2.252467081604298e-02
5.750000000000001e-01 1.190582445447902e+00 -2.315105606285301e-02
5.800000000000000e-01 1.220912276456826e+00 -2.185920273660092e-02
5.850000000000000e-01 1.252005217382601e+00 -2.091308020087963e-02
5.900000000000000e-01 1.283880702325469e+00 -2.091566895253812e-02
5.950000000000000e-01 1.316558654501151e+00 -1.962648189648937e-02
6.000000000000000e-01 1.350059498693518e+00 -1.983377243481859e-02
6.050000000000000e-01 1.384404174020732e+00 -1.887306941047825e-02
6.100000000000000e-01 1.419614147022888e+00 -1.884795186204178e-02
6.150000000000000e-01 1.455711425079295e+00 -1.832466990628897e-02
6.200000000000000e-01 1.492718570163803e+00 -1.808700343928133e-02
6.250000000000000e-01 1.530658712946775e+00 -1.783191250101389e-02
6.300000000000000e-01 1.569555567252506e+00 -1.754248426944079e-02
6.350000000000000e-01 1.609433444881138e+00 -1.737859992961276e-02
6.400000000000000e-01 1.650317270804325e+00 -1.713970196672204e-02
6.450000000000000e-01 1.692232598744148e+00 -1.698870021067235e-02
6.500000000000000e-01 1.735205627145031e+00 -1.681333283514362e-02
6.550000000000000e-01 1.779263215548615e+00 -1.666834112151775e-02
6.600000000000000e-01 1.824432901381847e+00 -1.653197002401947e-02
6.650000000000000e-01 1.870742917168772e+00 -1.640159416194975e-02
6.700000000000000e-01 1.918222208176775e+00 -1.628348330172488e-02
6.750000000000000e-01 1.966900450508319e+00 -1.616756245196718e-02
6.800000000000000e-01 2.016808069649473e+00 -1.605776277676560e-02
6.850000000000001e-01 2.067976259486829e+00 -1.594944716658682e-02
6.900000000000001e-01 2.120437001804702e+00 -1.584194718879661e-02
6.950000000000001e-01 2.174223086274785e+00 -1.573340257608926e-02
7.000000000000001e-01 2.229368130950753e+00 -1.562184832615539e-02
7.050000000000000e-01 2.285906603280654e+00 -1.550564010570977e-02
7.100000000000000e-01 2.343873841650178e+00 -1.538273683308388e-02
7.150000000000000e-01 2.403306077470301e+00 -1.525117443204253e-02
7.200000000000000e-01 2.464240457823092e+00 -1.510879958971032e-02
7.250000000000000e-01 2.526715068679855e+00 -1.495333866374621e-02
7.300000000000000e-01 2.590768958706095e+00 -1.478236086873182e-02
7.350000000000000e-01 2.656442163668210e+00 -1.459325279674786e-02
7.400000000000000e-01 2.723775731457148e+00 -1.438320587593739e-02
7.450000000000000e-01 2.792811747744667e+00 -1.414919294124730e-02
7.500000000000000e-01 2.863593362288260e+00 -1.388795268544223e-02
7.550000000000000e-01 2.936164815901156e+00 -1.359597484375954e-02
7.600000000000000e-01 3.010571468104263e+00 -1.326949094834112e-02
7.650000000000000e-01 3.086859825477351e+00 -1.290447279983434e-02
7.700000000000000e-01 3.165077570727174e+00 -1.249664252548476e-02
7.750000000000000e-01 3.245273592490716e+00 -1.204149940350922e-02
7.800000000000000e-01 3.327498015892184e+00 -1.153437010098314e-02
7.850000000000000e-01 3.411802233872832e+00 -1.097049133971397e-02
7.900000000000000e-01 3.498238939313234e+00 -1.034513589693345e-02
7.950000000000000e-01 3.586862157968046e+00 -9.653794184509462e-03
8.000000000000000e-01 3.677727282233856e+00 -8.892425487081678e-03
8.050000000000000e-01 3.770891105771243e+00 -8.057793590048679e-03
8.100000000000001e-01 3.866411859002656e+00 -7.147896447328119e-03
8.150000000000001e-01 3.964349245508326e+00 -6.162488639792616e-03
8.200000000000001e-01 4.064764479342956e+00 -5.103681926604836e-03
8.250000000000001e-01 4.167720323296481e+00 -3.976588691394507e-03
8.300000000000001e-01 4.273281128122877e+00 -2.789939964096372e-03
8.350000000000000e-01 4.381512872761445e+00 -1.556581528380875e-03
8.400000000000000e-01 4.492483205575838e+00 -2.937599504280286e-04
8.450000000000000e-01 4.606261486636447e+00 9.768495033323473e-04
8.500000000000000e-01 4.722918831072739e+00 2.229396891447399e-03
8.550000000000000e-01 4.842528153522501e+00 3.434421935146766e-03
8.600000000000000e-01 4.965164213705875e+00 4.559721863988386e-03
8.650000000000000e-01 5.090903663152626e+00 5.571396262510830e-03
8.700000000000000e-01 5.219825093111814e+00 6.434862865746851e-03
8.750000000000000e-01 5.352009083673925e+00 7.115829468659932e-03
8.800000000000000e-01 5.487538254136007e+00 7.581704338359202e-03
8.850000000000000e-01 5.626497314641444e+00 7.804355898481858e-03
8.900000000000000e-01 5.768973119126561e+00 7.764911872696631e-03
8.950000000000000e-01 5.915054719607133e+00 7.460173128179681e-03
9.000000000000000e-01 6.064833421838831e+00 6.908686039529027e-03
9.050000000000000e-01 6.218402842386253e+00 6.153583214785032e-03
9.100000000000000e-01 6.375858967136348e+00 5.259818588060723e-03
9.150000000000000e-01 6.537300211292723e+00 4.305401216708219e-03
9.200000000000000e-01 6.702827480888332e+00 3.368730266139867e-03
9.250000000000000e-01 6.872544235855034e+00 2.515821828041978e-03
9.300000000000000e-01 7.046556554689444e+00 1.791219434203388e-03
9.350000000000001e-01 7.224973200755413e+00 1.214783872798051e-03
9.400000000000001e-01 7.407905690264673e+00 7.842803720162783e-04
9.450000000000001e-01 7.595468361978146e+00 4.818397137611654e-04
9.500000000000001e-01 7.787778448671316e+00 2.816486558362768e-04
9.550000000000001e-01 7.984956150408610e+00 1.566259872664984e-04
9.600000000000000e-01 8.187124709672272e+00 8.286991435971199e-05
9.650000000000000e-01 8.394410488393007e+00 4.172258670033189e-05
9.700000000000000e-01 8.606943046930221e+00 1.999293563971039e-05
9.750000000000000e-01 8.824855225051540e+00 9.121043287095115e-06
9.800000000000000e-01 9.048283224961922e+00 3.962019334779026e-06
9.850000000000000e-01 9.277366696434507e+00 1.641469731669364e-06
9.900000000000000e-01 9.512248824096272e+00 6.440239576278497e-07
9.950000000000000e-01 9.753076416923058e+00 2.527108328878587e-07
1.000000000000000e+00 1.000000000000000e+01 7.162803459924961e-08
