0.000000000000000e+00 0.000000000000000e+00 -8.487446666488744e-01
5.000000000000000e-03 3.369477419287315e-03 -8.487446666488744e-01
1.000000000000000e-02 6.741060871647481e-03 -8.506195400027565e-01
1.500000000000000e-02 1.011685770649257e-02 -8.505702872017916e-01
2.000000000000000e-02 1.349897790673588e-02 -8.500910818148040e-01
2.500000000000000e-02 1.688953540759990e-02 -8.501176589270771e-01
3.000000000000000e-02 2.029064941789469e-02 -8.501928862507050e-01
3.500000000000000e-02 2.370444574459234e-02 -8.500719253583782e-01
4.000000000000000e-02 2.713305812152553e-02 -8.499782759627011e-01
4.500000000000000e-02 3.057862954304063e-02 -8.499607815706636e-01
5.000000000000000e-02 3.404331360343898e-02 -8.498618425658078e-01
5.500000000000000e-02 3.752927584304335e-02 -8.497287427812009e-01
6.000000000000000e-02 4.103869510173117e-02 -8.496612107335354e-01
6.500000000000000e-02 4.457376488078044e-02 -8.495779999345662e-01
7.000000000000001e-02 4.813669471387935e-02 -8.494164929719582e-01
7.500000000000000e-02 5.172971154815675e-02 -8.492759864865652e-01
8.000000000000000e-02 5.535506113609672e-02 -8.491737508964354e-01
8.500000000000001e-02 5.901500943920686e-02 -8.490201760910079e-01
9.000000000000000e-02 6.271184404431801e-02 -8.488289273343858e-01
9.500000000000000e-02 6.644787559340060e-02 -8.486705477673633e-01
1.000000000000000e-01 7.022543922779090e-02 -8.485038055279656e-01
1.050000000000000e-01 7.404689604773053e-02 -8.482878250400001e-01
1.100000000000000e-01 7.791463458813094e-02 -8.480746257724341e-01
1.150000000000000e-01 8.183107231148547e-02 -8.478766017759817e-01
1.200000000000000e-01 8.579865711886202e-02 -8.476376097330823e-01
1.250000000000000e-01 8.981986887992111e-02 -8.473696129175728e-01
1.300000000000000e-01 9.389722098291493e-02 -8.471216787409434e-01
1.350000000000000e-01 9.803326190563690e-02 -8.468644227279664e-01
1.400000000000000e-01 1.022305768083033e-01 -8.465572995262794e-01
1.450000000000000e-01 1.064917891493625e-01 -8.462385144329101e-01
1.500000000000000e-01 1.108195623252418e-01 -8.459368551008410e-01
1.550000000000000e-01 1.152166013350572e-01 -8.456096148169320e-01
1.600000000000000e-01 1.196856544713255e-01 -8.452364314603262e-01
1.650000000000000e-01 1.242295150377370e-01 -8.448583688987490e-01
1.700000000000000e-01 1.288510230950609e-01 -8.444882220306684e-01
1.750000000000000e-01 1.335530672362758e-01 -8.440860293101714e-01
1.800000000000000e-01 1.383385863920344e-01 -8.436422014939753e-01
1.850000000000000e-01 1.432105716675912e-01 -8.431921666966314e-01
1.900000000000000e-01 1.481720682123397e-01 -8.427438237976491e-01
1.950000000000000e-01 1.532261771231311e-01 -8.422633557600725e-01
2.000000000000000e-01 1.583760573825595e-01 -8.417412044295003e-01
2.050000000000000e-01 1.636249278334301e-01 -8.412066163286007e-01
2.100000000000000e-01 1.689760691906397e-01 -8.406718077664741e-01
2.150000000000000e-01 1.744328260917313e-01 -8.401100726198646e-01
2.200000000000000e-01 1.799986091874004e-01 -8.395054680745782e-01
2.250000000000000e-01 1.856768972732633e-01 -8.388779185436952e-01
2.300000000000000e-01 1.914712394642179e-01 -8.382461666227093e-01
2.350000000000000e-01 1.973852574127551e-01 -8.375980166851779e-01
2.400000000000000e-01 2.034226475726105e-01 -8.369162151810871e-01
2.450000000000000e-01 2.095871835091678e-01 -8.362014460449003e-01
2.500000000000000e-01 2.158827182580599e-01 -8.354653292939375e-01
2.550000000000000e-01 2.223131867334419e-01 -8.347187248865312e-01
2.600000000000000e-01 2.288826081874405e-01 -8.339634887720139e-01
2.650000000000000e-01 2.355950887223172e-01 -8.331846894937230e-01
2.700000000000000e-01 2.424548238569160e-01 -8.323735390919613e-01
2.750000000000000e-01 2.494661011489995e-01 -8.315414563992275e-01
2.800000000000000e-01 2.566333028751116e-01 -8.306985476489827e-01
2.850000000000000e-01 2.639609087696434e-01 -8.298513909216498e-01
2.900000000000000e-01 2.714534988248126e-01 -8.290083336446795e-01
2.950000000000000e-01 2.791157561533084e-01 -8.281623538014200e-01
3.000000000000000e-01 2.869524699153886e-01 -8.273127064623880e-01
3.050000000000000e-01 2.949685383122613e-01 -8.264648837614508e-01
3.100000000000000e-01 3.031689716476197e-01 -8.256180069756858e-01
3.150000000000000e-01 3.115588954592450e-01 -8.247888207572225e-01
3.200000000000000e-01 3.201435537226349e-01 -8.239808183254769e-01
3.250000000000000e-01 3.289283121286580e-01 -8.232109069367542e-01
3.300000000000000e-01 3.379186614372866e-01 -8.224876529281442e-01
3.350000000000000e-01 3.471202209094989e-01 -8.218267850987497e-01
3.400000000000000e-01 3.565387418195016e-01 -8.212421973484899e-01
3.450000000000000e-01 3.661801110494620e-01 -8.207519640369063e-01
3.500000000000000e-01 3.760503547690021e-01 -8.203759449639004e-01
3.550000000000000e-01 3.861556422017504e-01 -8.201377293176696e-01
3.600000000000000e-01 3.965022894813072e-01 -8.200645279320239e-01
3.650000000000000e-01 4.070967635990345e-01 -8.201881001399872e-01
3.700000000000000e-01 4.179456864461349e-01 -8.205454016309194e-01
3.750000000000000e-01 4.290558389525505e-01 -8.211795581178774e-01
3.800000000000000e-01 4.404341653252637e-01 -8.221409839140595e-01
3.850000000000000e-01 4.520877773886537e-01 -8.234887854910936e-01
3.900000000000000e-01 4.640239590296172e-01 -8.252924925099508e-01
3.950000000000000e-01 4.762501707502353e-01 -8.276342239689362e-01
4.000000000000000e-01 4.887740543308307e-01 -8.306114168164493e-01
4.050000000000000e-01 5.016034376063282e-01 -8.343402947347480e-01
4.100000000000000e-01 5.147463393589066e-01 -8.389603160830332e-01
4.150000000000000e-01 5.282109743299990e-01 -8.446399250995873e-01
4.200000000000000e-01 5.420057583547735e-01 -8.515840416720212e-01
4.250000000000000e-01 5.561393136223041e-01 -8.600438621089486e-01
4.300000000000000e-01 5.706204740647189e-01 -8.703296852929984e-01
4.350000000000000e-01 5.854582908786964e-01 -8.828275430790301e-01
4.400000000000000e-01 6.006620381827575e-01 -8.980201402433258e-01
4.450000000000000e-01 6.162412188138907e-01 -9.165112274138468e-01
4.500000000000000e-01 6.322055702671360e-01 -9.390478066235209e-01
4.550000000000000e-01 6.485650707818353e-01 -9.665200372792722e-01
4.600000000000000e-01 6.653299455783577e-01 -9.998757276753308e-01
4.650000000000000e-01 6.825106732491932e-01 -1.039762912523612e+00
4.700000000000000e-01 7.001179923084168e-01 -1.085382979523104e+00
4.750000000000000e-01 7.181629079036070e-01 -1.131313267579615e+00
4.800000000000000e-01 7.366566986944229e-01 -1.160446309420789e+00
4.850000000000000e-01 7.556109239021327e-01 -1.135327553240435e+00
4.900000000000000e-01 7.750374305345038e-01 -1.008370292927334e+00
4.950000000000000e-01 7.949483607905672e-01 -7.773727936232633e-01
5.000000000000000e-01 8.153561596498893e-01 -5.275241188806169e-01
5.050000000000000e-01 8.362735826510871e-01 -3.535571227561253e-01
5.100000000000000e-01 8.577137038644561e-01 -2.614504329761781e-01
5.150000000000000e-01 8.796899240636907e-01 -2.078050508329884e-01
5.200000000000000e-01 9.022159791018011e-01 -1.712481530743228e-01
5.250000000000000e-01 9.253059484964714e-01 -1.467209182269349e-01
5.300000000000000e-01 9.489742642302165e-01 -1.289795803766713e-01
5.350000000000000e-01 9.732357197708378e-01 -1.152721087917857e-01
5.400000000000000e-01 9.981054793178262e-01 -1.045451097922857e-01
5.450000000000000e-01 1.023599087280478e+00 -9.579100200101855e-02
5.500000000000000e-01 1.049732477993657e+00 -8.847284072652449e-02
5.550000000000000e-01 1.076521985677273e+00 -8.225872070283408e-02
5.600000000000001e-01 1.103984354645701e+00 -7.687677777181177e-02
5.650000000000001e-01 1.132136749773522e+00 -7.215735148894430e-02
5.700000000000001e-01 1.160996767224129e+00 -6.797034997392994e-02
5.750000000000001e-01 1.190582445447902e+00 -6.421569570204506e-02
5.800000000000000e-01 1.220912276456826e+00 -6.081906831506845e-02
5.850000000000000e-01 1.252005217382601e+00 -5.772051811766455e-02
5.900000000000000e-01 1.283880702325469e+00 -5.487232942716762e-02
5.950000000000000e-01 1.316558654501151e+00 -5.223575878787722e-02
6.000000000000000e-01 1.350059498693518e+00 -4.977865115836914e-02
6.050000000000000e-01 1.384404174020732e+00 -4.747417253086752e-02
6.100000000000000e-01 1.419614147022888e+00 -4.529958778899493e-02
6.150000000000000e-01 1.455711425079295e+00 -4.323543726542334e-02
6.200000000000000e-01 1.492718570163803e+00 -4.126491036330929e-02
6.250000000000000e-01 1.530658712946775e+00 -3.937334525473626e-02
6.300000000000000e-01 1.569555567252506e+00 -3.754785141724069e-02
6.350000000000000e-01 1.609433444881138e+00 -3.577701085911599e-02
6.400000000000000e-01 1.650317270804325e+00 -3.405064409330318e-02
6.450000000000000e-01 1.692232598744148e+00 -3.235962785244932e-02
6.500000000000000e-01 1.735205627145031e+00 -3.069575401313913e-02
6.550000000000000e-01 1.779263215548615e+00 -2.905162334844114e-02
6.600000000000000e-01 1.824432901381847e+00 -2.742056906831926e-02
6.650000000000000e-01 1.870742917168772e+00 -2.579660667359651e-02
6.700000000000000e-01 1.918222208176775e+00 -2.417440771128376e-02
6.750000000000000e-01 1.966900450508319e+00 -2.254929571337462e-02
6.800000000000000e-01 2.016808069649473e+00 -2.091726305832797e-02
6.850000000000001e-01 2.067976259486829e+00 -1.927500767423018e-02
6.900000000000001e-01 2.120437001804702e+00 -1.761998842002961e-02
6.950000000000001e-01 2.174223086274785e+00 -1.595049762395790e-02
7.000000000000001e-01 2.229368130950753e+00 -1.426574861653452e-02
7.050000000000000e-01 2.285906603280654e+00 -1.256597517609457e-02
7.100000000000000e-01 2.343873841650178e+00 -1.085253864294439e-02
7.150000000000000e-01 2.403306077470301e+00 -9.128037135225283e-03
7.200000000000000e-01 2.464240457823092e+00 -7.396409955512321e-03
7.250000000000000e-01 2.526715068679855e+00 -5.663029115808571e-03
7.300000000000000e-01 2.590768958706095e+00 -3.934769184184565e-03
7.350000000000000e-01 2.656442163668210e+00 -2.220046636479889e-03
7.400000000000000e-01 2.723775731457148e+00 -5.288208001674706e-04
7.450000000000000e-01 2.792811747744667e+00 1.127449607695983e-03
7.500000000000000e-01 2.863593362288260e+00 2.735897553940719e-03
7.550000000000000e-01 2.936164815901156e+00 4.282386326520103e-03
7.600000000000000e-01 3.010571468104263e+00 5.751692668672756e-03
7.650000000000000e-01 3.086859825477351e+00 7.127729447377575e-03
7.700000000000000e-01 3.165077570727174e+00 8.393803076278560e-03
7.750000000000000e-01 3.245273592490716e+00 9.532904017039708e-03
7.800000000000000e-01 3.327498015892184e+00 1.052803518056462e-02
7.850000000000000e-01 3.411802233872832e+00 1.136259281390365e-02
7.900000000000000e-01 3.498238939313234e+00 1.202082676878518e-02
7.950000000000000e-01 3.586862157968046e+00 1.248842060184629e-02
8.000000000000000e-01 3.677727282233856e+00 1.275324387871265e-02
8.050000000000000e-01 3.770891105771243e+00 1.280633221691010e-02
8.100000000000001e-01 3.866411859002656e+00 1.264313120473797e-02
8.150000000000001e-01 3.964349245508326e+00 1.226498063533289e-02
8.200000000000001e-01 4.064764479342956e+00 1.168070545066298e-02
8.250000000000001e-01 4.167720323296481e+00 1.090803395692129e-02
8.300000000000001e-01 4.273281128122877e+00 9.974431318129653e-03
8.350000000000000e-01 4.381512872761445e+00 8.916890264333344e-03
8.400000000000000e-01 4.492483205575838e+00 7.780325852521901e-03
8.450000000000000e-01 4.606261486636447e+00 6.614492104252957e-03
8.500000000000000e-01 4.722918831072739e+00 5.469717236348923e-03
8.550000000000000e-01 4.842528153522501e+00 4.392120898840282e-03
8.600000000000000e-01 4.965164213705875e+00 3.419195217246478e-03
8.650000000000000e-01 5.090903663152626e+00 2.576608701542059e-03
8.700000000000000e-01 5.219825093111814e+00 1.876821778015059e-03
8.750000000000000e-01 5.352009083673925e+00 1.319669807406504e-03
8.800000000000000e-01 5.487538254136007e+00 8.946154612954521e-04
8.850000000000000e-01 5.626497314641444e+00 5.840378298600698e-04
8.900000000000000e-01 5.768973119126561e+00 3.667974615474017e-04
8.950000000000000e-01 5.915054719607133e+00 2.214019361259798e-04
9.000000000000000e-01 6.064833421838831e+00 1.283321997437632e-04
9.050000000000000e-01 6.218402842386253e+00 7.137683256006177e-05
9.100000000000000e-01 6.375858967136348e+00 3.806727560407648e-05
9.150000000000000e-01 6.537300211292723e+00 1.945629015292949e-05
9.200000000000000e-01 6.702827480888332e+00 9.524805877017727e-06
9.250000000000000e-01 6.872544235855034e+00 4.464218522753458e-06
9.300000000000000e-01 7.046556554689444e+00 2.002453035712654e-06
9.350000000000001e-01 7.224973200755413e+00 8.593458677200926e-07
9.400000000000001e-01 7.407905690264673e+00 3.527347141889243e-07
9.450000000000001e-01 7.595468361978146e+00 1.384558302233302e-07
9.500000000000001e-01 7.787778448671316e+00 5.196199773617565e-08
9.550000000000001e-01 7.984956150408610e+00 1.864314453541747e-08
9.600000000000000e-01 8.187124709672272e+00 6.394035775463162e-09
9.650000000000000e-01 8.394410488393007e+00 2.096197974413114e-09
9.700000000000000e-01 8.606943046930221e+00 6.568753015822170e-10
9.750000000000000e-01 8.824855225051540e+00 1.967577085554540e-10
9.800000000000000e-01 9.048283224961922e+00 5.633579110828939e-11
9.850000000000000e-01 9.277366696434507e+00 1.542433319510845e-11
9.900000000000000e-01 9.512248824096272e+00 4.022398467373973e-12
9.950000000000000e-01 9.753076416923058e+00 1.069625626363471e-12
1.000000000000000e+00 1.000000000000000e+01 6.505790332089548e-14
