0.000000000000000e+00 0.000000000000000e+00 -5.381368990234808e-01
5.000000000000000e-03 3.369477419287315e-03 -5.381368990234808e-01
1.000000000000000e-02 6.741060871647481e-03 -5.399740786333842e-01
1.500000000000000e-02 1.011685770649257e-02 -5.401319629792359e-01
2.000000000000000e-02 1.349897790673588e-02 -5.397375284583603e-01
2.500000000000000e-02 1.688953540759990e-02 -5.395880210709519e-01
3.000000000000000e-02 2.029064941789469e-02 -5.395750798517821e-01
3.500000000000000e-02 2.370444574459234e-02 -5.395320922856843e-01
4.000000000000000e-02 2.713305812152553e-02 -5.394329558299754e-01
4.500000000000000e-02 3.057862954304063e-02 -5.392807774596715e-01
5.000000000000000e-02 3.404331360343898e-02 -5.391225572720225e-01
5.500000000000000e-02 3.752927584304335e-02 -5.389947479714409e-01
6.000000000000000e-02 4.103869510173117e-02 -5.388533601032095e-01
6.500000000000000e-02 4.457376488078044e-02 -5.386504570593121e-01
7.000000000000001e-02 4.813669471387935e-02 -5.384241994945783e-01
7.500000000000000e-02 5.172971154815675e-02 -5.382216379934454e-01
8.000000000000000e-02 5.535506113609672e-02 -5.380129378787660e-01
8.500000000000001e-02 5.901500943920686e-02 -5.377480360097594e-01
9.000000000000000e-02 6.271184404431801e-02 -5.374481760006830e-01
9.500000000000000e-02 6.644787559340060e-02 -5.371623512879956e-01
1.000000000000000e-01 7.022543922779090e-02 -5.368793621585179e-01
1.050000000000000e-01 7.404689604773053e-02 -5.365460508629734e-01
1.100000000000000e-01 7.791463458813094e-02 -5.361620973466563e-01
1.150000000000000e-01 8.183107231148547e-02 -5.357782974956908e-01
1.200000000000000e-01 8.579865711886202e-02 -5.354061320630153e-01
1.250000000000000e-01 8.981986887992111e-02 -5.349954665500625e-01
1.300000000000000e-01 9.389722098291493e-02 -5.345237890743793e-01
1.350000000000000e-01 9.803326190563690e-02 -5.340288460812723e-01
1.400000000000000e-01 1.022305768083033e-01 -5.335373621621669e-01
1.450000000000000e-01 1.064917891493625e-01 -5.330258405434574e-01
1.500000000000000e-01 1.108195623252418e-01 -5.324696674559372e-01
1.550000000000000e-01 1.152166013350572e-01 -5.318662262987540e-01
1.600000000000000e-01 1.196856544713255e-01 -5.312243193946881e-01
1.650000000000000e-01 1.242295150377370e-01 -5.305648702130764e-01
1.700000000000000e-01 1.288510230950609e-01 -5.298961258119866e-01
1.750000000000000e-01 1.335530672362758e-01 -5.291862076300563e-01
1.800000000000000e-01 1.383385863920344e-01 -5.284150067040096e-01
1.850000000000000e-01 1.432105716675912e-01 -5.275960094343652e-01
1.900000000000000e-01 1.481720682123397e-01 -5.267337895852250e-01
1.950000000000000e-01 1.532261771231311e-01 -5.258389568530922e-01
2.000000000000000e-01 1.583760573825595e-01 -5.249243347412903e-01
2.050000000000000e-01 1.636249278334301e-01 -5.239664619693283e-01
2.100000000000000e-01 1.689760691906397e-01 -5.229588297040456e-01
2.150000000000000e-01 1.744328260917313e-01 -5.218968367092581e-01
2.200000000000000e-01 1.799986091874004e-01 -5.207621004482851e-01
2.250000000000000e-01 1.856768972732633e-01 -5.195736084048119e-01
2.300000000000000e-01 1.914712394642179e-01 -5.183146318672149e-01
2.350000000000000e-01 1.973852574127551e-01 -5.170013567383925e-01
2.400000000000000e-01 2.034226475726105e-01 -5.156230703701713e-01
2.450000000000000e-01 2.095871835091678e-01 -5.141850646027101e-01
2.500000000000000e-01 2.158827182580599e-01 -5.126812246421457e-01
2.550000000000000e-01 2.223131867334419e-01 -5.111108188079290e-01
2.600000000000000e-01 2.288826081874405e-01 -5.094699591589925e-01
2.650000000000000e-01 2.355950887223172e-01 -5.077561331782456e-01
2.700000000000000e-01 2.424548238569160e-01 -5.059662255702513e-01
2.750000000000000e-01 2.494661011489995e-01 -5.040973977965216e-01
2.800000000000000e-01 2.566333028751116e-01 -5.021467268820115e-01
2.850000000000000e-01 2.639609087696434e-01 -5.001113304830364e-01
2.900000000000000e-01 2.714534988248126e-01 -4.979883148872560e-01
2.950000000000000e-01 2.791157561533084e-01 -4.957747914136145e-01
3.000000000000000e-01 2.869524699153886e-01 -4.934678752613695e-01
3.050000000000000e-01 2.949685383122613e-01 -4.910646936844726e-01
3.100000000000000e-01 3.031689716476197e-01 -4.885623940920245e-01
3.150000000000000e-01 3.115588954592450e-01 -4.859581541313468e-01
3.200000000000000e-01 3.201435537226349e-01 -4.832491926907840e-01
3.250000000000000e-01 3.289283121286580e-01 -4.804327817374617e-01
3.300000000000000e-01 3.379186614372866e-01 -4.775062586825700e-01
3.350000000000000e-01 3.471202209094989e-01 -4.744670390074640e-01
3.400000000000000e-01 3.565387418195016e-01 -4.713126288241661e-01
3.450000000000000e-01 3.661801110494620e-01 -4.680406369811164e-01
3.500000000000000e-01 3.760503547690021e-01 -4.646487862390811e-01
3.550000000000000e-01 3.861556422017504e-01 -4.611349229376281e-01
3.600000000000000e-01 3.965022894813072e-01 -4.574970244472751e-01
3.650000000000000e-01 4.070967635990345e-01 -4.537332035545763e-01
3.700000000000000e-01 4.179456864461349e-01 -4.498417087547729e-01
3.750000000000000e-01 4.290558389525505e-01 -4.458209192268745e-01
3.800000000000000e-01 4.404341653252637e-01 -4.416693330368462e-01
3.850000000000000e-01 4.520877773886537e-01 -4.373855468541436e-01
3.900000000000000e-01 4.640239590296172e-01 -4.329682251741940e-01
3.950000000000000e-01 4.762501707502353e-01 -4.284160567152806e-01
4.000000000000000e-01 4.887740543308307e-01 -4.237276953056957e-01
4.050000000000000e-01 5.016034376063282e-01 -4.189016822034151e-01
4.100000000000000e-01 5.147463393589066e-01 -4.139363464090449e-01
4.150000000000000e-01 5.282109743299990e-01 -4.088296791658769e-01
4.200000000000000e-01 5.420057583547735e-01 -4.035791785237154e-01
4.250000000000000e-01 5.561393136223041e-01 -3.981816596296571e-01
4.300000000000000e-01 5.706204740647189e-01 -3.926330263784625e-01
4.350000000000000e-01 5.854582908786964e-01 -3.869280003222172e-01
4.400000000000000e-01 6.006620381827575e-01 -3.810598034643323e-01
4.450000000000000e-01 6.162412188138907e-01 -3.750197929675720e-01
4.500000000000000e-01 6.322055702671360e-01 -3.687970481845240e-01
4.550000000000000e-01 6.485650707818353e-01 -3.623779141530837e-01
4.600000000000000e-01 6.653299455783577e-01 -3.557455112617225e-01
4.650000000000000e-01 6.825106732491932e-01 -3.488792287323931e-01
4.700000000000000e-01 7.001179923084168e-01 -3.417542304823255e-01
4.750000000000000e-01 7.181629079036070e-01 -3.343410163387504e-01
4.800000000000000e-01 7.366566986944229e-01 -3.266050997787769e-01
4.850000000000000e-01 7.556109239021327e-01 -3.185068850906252e-01
4.900000000000000e-01 7.750374305345038e-01 -3.100018508454255e-01
4.950000000000000e-01 7.949483607905672e-01 -3.010411699753832e-01
5.000000000000000e-01 8.153561596498893e-01 -2.915729144430825e-01
5.050000000000000e-01 8.362735826510871e-01 -2.815439965011290e-01
5.100000000000000e-01 8.577137038644561e-01 -2.709029780760471e-01
5.150000000000000e-01 8.796899240636907e-01 -2.596038223291574e-01
5.200000000000000e-01 9.022159791018011e-01 -2.476105556519835e-01
5.250000000000000e-01 9.253059484964714e-01 -2.349026494625870e-01
5.300000000000000e-01 9.489742642302165e-01 -2.214807280636597e-01
5.350000000000000e-01 9.732357197708378e-01 -2.073719909587978e-01
5.400000000000000e-01 9.981054793178262e-01 -1.926345580052547e-01
5.450000000000000e-01 1.023599087280478e+00 -1.773598724844244e-01
5.500000000000000e-01 1.049732477993657e+00 -1.616723961772327e-01
5.550000000000000e-01 1.076521985677273e+00 -1.457261346710880e-01
5.600000000000001e-01 1.103984354645701e+00 -1.296980124577749e-01
5.650000000000001e-01 1.132136749773522e+00 -1.137786776100955e-01
5.700000000000001e-01 1.160996767224129e+00 -9.816180820099313e-02
5.750000000000001e-01 1.190582445447902e+00 -8.303327296959211e-02
5.800000000000000e-01 1.220912276456826e+00 -6.856148389829661e-02
5.850000000000000e-01 1.252005217382601e+00 -5.488998158102550e-02
5.900000000000000e-01 1.283880702325469e+00 -4.213281745933471e-02
5.950000000000000e-01 1.316558654501151e+00 -3.037278485288612e-02
6.000000000000000e-01 1.350059498693518e+00 -1.966213256456237e-02
6.050000000000000e-01 1.384404174020732e+00 -1.002514385440455e-02
6.100000000000000e-01 1.419614147022888e+00 -1.461887634947305e-03
6.150000000000000e-01 1.455711425079295e+00 6.047491819193978e-03
6.200000000000000e-01 1.492718570163803e+00 1.253844437695880e-02
6.250000000000000e-01 1.530658712946775e+00 1.805798209395068e-02
6.300000000000000e-01 1.569555567252506e+00 2.266114120063150e-02
6.350000000000000e-01 1.609433444881138e+00 2.640802199275331e-02
6.400000000000000e-01 1.650317270804325e+00 2.936141501511653e-02
6.450000000000000e-01 1.692232598744148e+00 3.158497722045945e-02
6.500000000000000e-01 1.735205627145031e+00 3.314189959556423e-02
6.550000000000000e-01 1.779263215548615e+00 3.409399971640571e-02
6.600000000000000e-01 1.824432901381847e+00 3.450117205000067e-02
6.650000000000000e-01 1.870742917168772e+00 3.442113085879690e-02
6.700000000000000e-01 1.918222208176775e+00 3.390938253344620e-02
6.750000000000000e-01 1.966900450508319e+00 3.301936493132727e-02
6.800000000000000e-01 2.016808069649473e+00 3.180269088698540e-02
6.850000000000001e-01 2.067976259486829e+00 3.030943238735580e-02
6.900000000000001e-01 2.120437001804702e+00 2.858838238976282e-02
6.950000000000001e-01 2.174223086274785e+00 2.668723452978501e-02
7.000000000000001e-01 2.229368130950753e+00 2.465262851792470e-02
7.050000000000000e-01 2.285906603280654e+00 2.253002187837076e-02
7.100000000000000e-01 2.343873841650178e+00 2.036336703977558e-02
7.150000000000000e-01 2.403306077470301e+00 1.819459576645124e-02
7.200000000000000e-01 2.464240457823092e+00 1.606293846878000e-02
7.250000000000000e-01 2.526715068679855e+00 1.400413099512807e-02
7.300000000000000e-01 2.590768958706095e+00 1.204958245439116e-02
7.350000000000000e-01 2.656442163668210e+00 1.022559090833122e-02
7.400000000000000e-01 2.723775731457148e+00 8.552696699603022e-03
7.450000000000000e-01 2.792811747744667e+00 7.045254511078134e-03
7.500000000000000e-01 2.863593362288260e+00 5.711285581325265e-03
7.550000000000000e-01 2.936164815901156e+00 4.552643231953833e-03
7.600000000000000e-01 3.010571468104263e+00 3.565491804230721e-03
7.650000000000000e-01 3.086859825477351e+00 2.741065808542725e-03
7.700000000000000e-01 3.165077570727174e+00 2.066647093259452e-03
7.750000000000000e-01 3.245273592490716e+00 1.526676939168649e-03
7.800000000000000e-01 3.327498015892184e+00 1.103909704411771e-03
7.850000000000000e-01 3.411802233872832e+00 7.805159077875090e-04
7.900000000000000e-01 3.498238939313234e+00 5.390546960162945e-04
7.950000000000000e-01 3.586862157968046e+00 3.632562326871789e-04
8.000000000000000e-01 3.677727282233856e+00 2.385802876465493e-04
8.050000000000000e-01 3.770891105771243e+00 1.525442503825408e-04
8.100000000000001e-01 3.866411859002656e+00 9.483809922766764e-05
8.150000000000001e-01 3.964349245508326e+00 5.726243980797865e-05
8.200000000000001e-01 4.064764479342956e+00 3.353673256990045e-05
8.250000000000001e-01 4.167720323296481e+00 1.902787898479523e-05
8.300000000000001e-01 4.273281128122877e+00 1.044542434714068e-05
8.350000000000000e-01 4.381512872761445e+00 5.540761053690202e-06
8.400000000000000e-01 4.492483205575838e+00 2.836338263359393e-06
8.450000000000000e-01 4.606261486636447e+00 1.399354241116731e-06
8.500000000000000e-01 4.722918831072739e+00 6.645297875553142e-07
8.550000000000000e-01 4.842528153522501e+00 3.033591723910602e-07
8.600000000000000e-01 4.965164213705875e+00 1.329534349405436e-07
8.650000000000000e-01 5.090903663152626e+00 5.587187701664517e-08
8.700000000000000e-01 5.219825093111814e+00 2.248536884386622e-08
8.750000000000000e-01 5.352009083673925e+00 8.655547303520512e-09
8.800000000000000e-01 5.487538254136007e+00 3.183223248990996e-09
8.850000000000000e-01 5.626497314641444e+00 1.117187758110550e-09
8.900000000000000e-01 5.768973119126561e+00 3.737669550200432e-10
8.950000000000000e-01 5.915054719607133e+00 1.190812932576500e-10
9.000000000000000e-01 6.064833421838831e+00 3.609371802376506e-11
9.050000000000000e-01 6.218402842386253e+00 1.039848208768179e-11
9.100000000000000e-01 6.375858967136348e+00 2.845065922569525e-12
9.150000000000000e-01 6.537300211292723e+00 7.386913558001979e-13
9.200000000000000e-01 6.702827480888332e+00 1.818769934074948e-13
9.250000000000000e-01 6.872544235855034e+00 4.243895100290648e-14
9.300000000000000e-01 7.046556554689444e+00 9.379601632579212e-15
9.350000000000001e-01 7.224973200755413e+00 1.962594271404626e-15
9.400000000000001e-01 7.407905690264673e+00 3.886234461785196e-16
9.450000000000001e-01 7.595468361978146e+00 7.280104414016176e-17
9.500000000000001e-01 7.787778448671316e+00 1.289867449110898e-17
9.550000000000001e-01 7.984956150408610e+00 2.161075316597166e-18
9.600000000000000e-01 8.187124709672272e+00 3.423409862216449e-19
9.650000000000000e-01 8.394410488393007e+00 5.127263784686540e-20
9.700000000000000e-01 8.606943046930221e+00 7.260204062310453e-21
9.750000000000000e-01 8.824855225051540e+00 9.720089007936154e-22
9.800000000000000e-01 9.048283224961922e+00 1.230532334000045e-22
9.850000000000000e-01 9.277366696434507e+00 1.473274876815956e-23
9.900000000000000e-01 9.512248824096272e+00 1.667400437110048e-24
9.950000000000000e-01 9.753076416923058e+00 1.896368576643721e-25
1.000000000000000e+00 1.000000000000000e+01 -6.586949304855698e-26
