0.000000000000000e+00 0.000000000000000e+00 3.692755554204779e-01
5.000000000000000e-03 3.369477419287315e-03 3.692681998463022e-01
1.000000000000000e-02 6.741060871647481e-03 3.692637434724145e-01
1.500000000000000e-02 1.011685770649257e-02 3.692383183939179e-01
2.000000000000000e-02 1.349897790673588e-02 3.692053154895364e-01
2.500000000000000e-02 1.688953540759990e-02 3.691582719364707e-01
3.000000000000000e-02 2.029064941789469e-02 3.691028642820480e-01
3.500000000000000e-02 2.370444574459234e-02 3.690336830531998e-01
4.000000000000000e-02 2.713305812152553e-02 3.689548697089522e-01
4.500000000000000e-02 3.057862954304063e-02 3.688632159530323e-01
5.000000000000000e-02 3.404331360343898e-02 3.687612217868516e-01
5.500000000000000e-02 3.752927584304335e-02 3.686457963262558e-01
6.000000000000000e-02 4.103869510173117e-02 3.685193826242594e-01
6.500000000000000e-02 4.457376488078044e-02 3.683795472886626e-01
7.000000000000001e-02 4.813669471387935e-02 3.682275968884766e-01
7.500000000000000e-02 5.172971154815675e-02 3.680614773125223e-01
8.000000000000000e-02 5.535506113609672e-02 3.678827199290718e-01
8.500000000000001e-02 5.901500943920686e-02 3.676891020486229e-01
9.000000000000000e-02 6.271184404431801e-02 3.674814157377287e-01
9.500000000000000e-02 6.644787559340060e-02 3.672580807297116e-01
1.000000000000000e-01 7.022543922779090e-02 3.670198888839711e-01
1.050000000000000e-01 7.404689604773053e-02 3.667647746440351e-01
1.100000000000000e-01 7.791463458813094e-02 3.664932638292811e-01
1.150000000000000e-01 8.183107231148547e-02 3.662038528955849e-01
1.200000000000000e-01 8.579865711886202e-02 3.658967392533474e-01
1.250000000000000e-01 8.981986887992111e-02 3.655700323913795e-01
1.300000000000000e-01 9.389722098291493e-02 3.652239979535662e-01
1.350000000000000e-01 9.803326190563690e-02 3.648569991100865e-01
1.400000000000000e-01 1.022305768083033e-01 3.644687926671768e-01
1.450000000000000e-01 1.064917891493625e-01 3.640575922661555e-01
1.500000000000000e-01 1.108195623252418e-01 3.636233347540848e-01
1.550000000000000e-01 1.152166013350572e-01 3.631641893836333e-01
1.600000000000000e-01 1.196856544713255e-01 3.626795626327351e-01
1.650000000000000e-01 1.242295150377370e-01 3.621676383603749e-01
1.700000000000000e-01 1.288510230950609e-01 3.616279774270499e-01
1.750000000000000e-01 1.335530672362758e-01 3.610585456431620e-01
1.800000000000000e-01 1.383385863920344e-01 3.604584069791589e-01
1.850000000000000e-01 1.432105716675912e-01 3.598255799913604e-01
1.900000000000000e-01 1.481720682123397e-01 3.591592280333932e-01
1.950000000000000e-01 1.532261771231311e-01 3.584570955888420e-01
2.000000000000000e-01 1.583760573825595e-01 3.577178632986043e-01
2.050000000000000e-01 1.636249278334301e-01 3.569392605192727e-01
2.100000000000000e-01 1.689760691906397e-01 3.561200200818574e-01
2.150000000000000e-01 1.744328260917313e-01 3.552576356728805e-01
2.200000000000000e-01 1.799986091874004e-01 3.543503630864356e-01
2.250000000000000e-01 1.856768972732633e-01 3.533955125762498e-01
2.300000000000000e-01 1.914712394642179e-01 3.523912936437737e-01
2.350000000000000e-01 1.973852574127551e-01 3.513349060228241e-01
2.400000000000000e-01 2.034226475726105e-01 3.502241802461035e-01
2.450000000000000e-01 2.095871835091678e-01 3.490558996649799e-01
2.500000000000000e-01 2.158827182580599e-01 3.478275908123042e-01
2.550000000000000e-01 2.223131867334419e-01 3.465360085662482e-01
2.600000000000000e-01 2.288826081874405e-01 3.451785063716638e-01
2.650000000000000e-01 2.355950887223172e-01 3.437513802264049e-01
2.700000000000000e-01 2.424548238569160e-01 3.422514752967267e-01
2.750000000000000e-01 2.494661011489995e-01 3.406747754342144e-01
2.800000000000000e-01 2.566333028751116e-01 3.390177839583842e-01
2.850000000000000e-01 2.639609087696434e-01 3.372762787037070e-01
2.900000000000000e-01 2.714534988248126e-01 3.354464807607480e-01
2.950000000000000e-01 2.791157561533084e-01 3.335236445504888e-01
3.000000000000000e-01 2.869524699153886e-01 3.315034963151739e-01
3.050000000000000e-01 2.949685383122613e-01 3.293807740896849e-01
3.100000000000000e-01 3.031689716476197e-01 3.271505771874937e-01
3.150000000000000e-01 3.115588954592450e-01 3.248072673461212e-01
3.200000000000000e-01 3.201435537226349e-01 3.223452836236903e-01
3.250000000000000e-01 3.289283121286580e-01 3.197585555345897e-01
3.300000000000000e-01 3.379186614372866e-01 3.170408326481092e-01
3.350000000000000e-01 3.471202209094989e-01 3.141854479812166e-01
3.400000000000000e-01 3.565387418195016e-01 3.111854012119621e-01
3.450000000000000e-01 3.661801110494620e-01 3.080332701523494e-01
3.500000000000000e-01 3.760503547690021e-01 3.047212037754429e-01
3.550000000000000e-01 3.861556422017504e-01 3.012408712208503e-01
3.600000000000000e-01 3.965022894813072e-01 2.975834222275591e-01
3.650000000000000e-01 4.070967635990345e-01 2.937394327440451e-01
3.700000000000000e-01 4.179456864461349e-01 2.896988441131537e-01
3.750000000000000e-01 4.290558389525505e-01 2.854508897370022e-01
3.800000000000000e-01 4.404341653252637e-01 2.809840080411437e-01
3.850000000000000e-01 4.520877773886537e-01 2.762857378570320e-01
3.900000000000000e-01 4.640239590296172e-01 2.713425921406582e-01
3.950000000000000e-01 4.762501707502353e-01 2.661399045493535e-01
4.000000000000000e-01 4.887740543308307e-01 2.606616419884351e-01
4.050000000000000e-01 5.016034376063282e-01 2.548901743169095e-01
4.100000000000000e-01 5.147463393589066e-01 2.488059900041398e-01
4.150000000000000e-01 5.282109743299990e-01 2.423873435404776e-01
4.200000000000000e-01 5.420057583547735e-01 2.356098168360917e-01
4.250000000000000e-01 5.561393136223041e-01 2.284457729159452e-01
4.300000000000000e-01 5.706204740647189e-01 2.208636767408446e-01
4.350000000000000e-01 5.854582908786964e-01 2.128272571654546e-01
4.400000000000000e-01 6.006620381827575e-01 2.042944914408512e-01
4.450000000000000e-01 6.162412188138907e-01 1.952164227632220e-01
4.500000000000000e-01 6.322055702671360e-01 1.855359044633560e-01
4.550000000000000e-01 6.485650707818353e-01 1.751865786149686e-01
4.600000000000000e-01 6.653299455783577e-01 1.640929249622157e-01
4.650000000000000e-01 6.825106732491932e-01 1.521734817675116e-01
4.700000000000000e-01 7.001179923084168e-01 1.393522577128390e-01
4.750000000000000e-01 7.181629079036070e-01 1.255895226669938e-01
4.800000000000000e-01 7.366566986944229e-01 1.109535283985107e-01
4.850000000000000e-01 7.556109239021327e-01 9.576063142452282e-02
4.900000000000000e-01 7.750374305345038e-01 8.076850415792863e-02
4.950000000000000e-01 7.949483607905672e-01 6.723566461176467e-02
5.000000000000000e-01 8.153561596498893e-01 5.648290461294278e-02
5.050000000000000e-01 8.362735826510871e-01 4.902614733751826e-02
5.100000000000000e-01 8.577137038644561e-01 4.427031774575396e-02
5.150000000000000e-01 8.796899240636907e-01 4.123513563842750e-02
5.200000000000000e-01 9.022159791018011e-01 3.924993270572892e-02
5.250000000000000e-01 9.253059484964714e-01 3.795211004734753e-02
5.300000000000000e-01 9.489742642302165e-01 3.710718901626602e-02
5.350000000000000e-01 9.732357197708378e-01 3.656425128551327e-02
5.400000000000000e-01 9.981054793178262e-01 3.623162296695979e-02
5.450000000000000e-01 1.023599087280478e+00 3.604798994520557e-02
5.500000000000000e-01 1.049732477993657e+00 3.597177084495919e-02
5.550000000000000e-01 1.076521985677273e+00 3.597470061074331e-02
5.600000000000001e-01 1.103984354645701e+00 3.603651623122384e-02
5.650000000000001e-01 1.132136749773522e+00 3.614241967400792e-02
5.700000000000001e-01 1.160996767224129e+00 3.628132274258053e-02
5.750000000000001e-01 1.190582445447902e+00 3.644461265766573e-02
5.800000000000000e-01 1.220912276456826e+00 3.662541767889278e-02
5.850000000000000e-01 1.252005217382601e+00 3.681808226137738e-02
5.900000000000000e-01 1.283880702325469e+00 3.701780579238618e-02
5.950000000000000e-01 1.316558654501151e+00 3.722039596182364e-02
6.000000000000000e-01 1.350059498693518e+00 3.742208952151395e-02
6.050000000000000e-01 1.384404174020732e+00 3.761942294849117e-02
6.100000000000000e-01 1.419614147022888e+00 3.780913697533150e-02
6.150000000000000e-01 1.455711425079295e+00 3.798810438188013e-02
6.200000000000000e-01 1.492718570163803e+00 3.815327468721140e-02
6.250000000000000e-01 1.530658712946775e+00 3.830163099669050e-02
6.300000000000000e-01 1.569555567252506e+00 3.843015590018219e-02
6.350000000000000e-01 1.609433444881138e+00 3.853580435299114e-02
6.400000000000000e-01 1.650317270804325e+00 3.861548216725247e-02
6.450000000000000e-01 1.692232598744148e+00 3.866602928562299e-02
6.500000000000000e-01 1.735205627145031e+00 3.868420740968682e-02
6.550000000000000e-01 1.779263215548615e+00 3.866669187484305e-02
6.600000000000000e-01 1.824432901381847e+00 3.861006792870507e-02
6.650000000000000e-01 1.870742917168772e+00 3.851083179554174e-02
6.700000000000000e-01 1.918222208176775e+00 3.836539710385445e-02
6.750000000000000e-01 1.966900450508319e+00 3.817010741822355e-02
6.800000000000000e-01 2.016808069649473e+00 3.792125574510349e-02
6.850000000000001e-01 2.067976259486829e+00 3.761511196568485e-02
6.900000000000001e-01 2.120437001804702e+00 3.724795917436652e-02
6.950000000000001e-01 2.174223086274785e+00 3.681613985442374e-02
7.000000000000001e-01 2.229368130950753e+00 3.631611268973073e-02
7.050000000000000e-01 2.285906603280654e+00 3.574452058358593e-02
7.100000000000000e-01 2.343873841650178e+00 3.509827013110625e-02
7.150000000000000e-01 2.403306077470301e+00 3.437462237944548e-02
7.200000000000000e-01 2.464240457823092e+00 3.357129423250430e-02
7.250000000000000e-01 2.526715068679855e+00 3.268656934900110e-02
7.300000000000000e-01 2.590768958706095e+00 3.171941688929301e-02
7.350000000000000e-01 2.656442163668210e+00 3.066961603336036e-02
7.400000000000000e-01 2.723775731457148e+00 2.953788385565519e-02
7.450000000000000e-01 2.792811747744667e+00 2.832600391262983e-02
7.500000000000000e-01 2.863593362288260e+00 2.703695274570384e-02
7.550000000000000e-01 2.936164815901156e+00 2.567502134371791e-02
7.600000000000000e-01 3.010571468104263e+00 2.424592830319544e-02
7.650000000000000e-01 3.086859825477351e+00 2.275692077409001e-02
7.700000000000000e-01 3.165077570727174e+00 2.121685804289171e-02
7.750000000000000e-01 3.245273592490716e+00 1.963627053146223e-02
7.800000000000000e-01 3.327498015892184e+00 1.802738386246380e-02
7.850000000000000e-01 3.411802233872832e+00 1.640409336150706e-02
7.900000000000000e-01 3.498238939313234e+00 1.478186910929223e-02
7.950000000000000e-01 3.586862157968046e+00 1.317756617916105e-02
8.000000000000000e-01 3.677727282233856e+00 1.160911075108981e-02
8.050000000000000e-01 3.770891105771243e+00 1.009503342035465e-02
8.100000000000001e-01 3.866411859002656e+00 8.653830187624788e-03
8.150000000000001e-01 3.964349245508326e+00 7.303152803253049e-03
8.200000000000001e-01 4.064764479342956e+00 6.058863966145201e-03
8.250000000000001e-01 4.167720323296481e+00 4.934034846056013e-03
8.300000000000001e-01 4.273281128122877e+00 3.938002258208307e-03
8.350000000000000e-01 4.381512872761445e+00 3.075626761558812e-03
8.400000000000000e-01 4.492483205575838e+00 2.346888404764927e-03
8.450000000000000e-01 4.606261486636447e+00 1.746918064149937e-03
8.500000000000000e-01 4.722918831072739e+00 1.266494138379767e-03
8.550000000000000e-01 4.842528153522501e+00 8.929520199281396e-04
8.600000000000000e-01 4.965164213705875e+00 6.113784569880792e-04
8.650000000000000e-01 5.090903663152626e+00 4.059147676872209e-04
8.700000000000000e-01 5.219825093111814e+00 2.609840654808631e-04
8.750000000000000e-01 5.352009083673925e+00 1.622885760138049e-04
8.800000000000000e-01 5.487538254136007e+00 9.748278358379285e-05
8.850000000000000e-01 5.626497314641444e+00 5.649857873432601e-05
8.900000000000000e-01 5.768973119126561e+00 3.156122980416881e-05
8.950000000000000e-01 5.915054719607133e+00 1.697651258243151e-05
9.000000000000000e-01 6.064833421838831e+00 8.784701271925952e-06
9.050000000000000e-01 6.218402842386253e+00 4.369476930380074e-06
9.100000000000000e-01 6.375858967136348e+00 2.087514032295790e-06
9.150000000000000e-01 6.537300211292723e+00 9.572669588028620e-07
9.200000000000000e-01 6.702827480888332e+00 4.210930738823748e-07
9.250000000000000e-01 6.872544235855034e+00 1.775955812657305e-07
9.300000000000000e-01 7.046556554689444e+00 7.177799774413262e-08
9.350000000000001e-01 7.224973200755413e+00 2.778935669321477e-08
9.400000000000001e-01 7.407905690264673e+00 1.030247253247671e-08
9.450000000000001e-01 7.595468361978146e+00 3.656380171186428e-09
9.500000000000001e-01 7.787778448671316e+00 1.241940283913824e-09
9.550000000000001e-01 7.984956150408610e+00 4.036471931762017e-10
9.600000000000000e-01 8.187124709672272e+00 1.255120745673643e-10
9.650000000000000e-01 8.394410488393007e+00 3.733348015699683e-11
9.700000000000000e-01 8.606943046930221e+00 1.062191744086977e-11
9.750000000000000e-01 8.824855225051540e+00 2.890513198802249e-12
9.800000000000000e-01 9.048283224961922e+00 7.523113224935590e-13
9.850000000000000e-01 9.277366696434507e+00 1.873128916708180e-13
9.900000000000000e-01 9.512248824096272e+00 4.446631126236399e-14
9.950000000000000e-01 9.753076416923058e+00 1.078779116233252e-14
1.000000000000000e+00 1.000000000000000e+01 -2.741623856264016e-16
