0.000000000000000e+00 0.000000000000000e+00 4.730220607835564e-01
5.000000000000000e-03 3.369477419287315e-03 4.730163085554948e-01
1.000000000000000e-02 6.741060871647481e-03 4.730034630668475e-01
1.500000000000000e-02 1.011685770649257e-02 4.729780233169479e-01
2.000000000000000e-02 1.349897790673588e-02 4.729467539327116e-01
2.500000000000000e-02 1.688953540759990e-02 4.728998355663026e-01
3.000000000000000e-02 2.029064941789469e-02 4.728439010981702e-01
3.500000000000000e-02 2.370444574459234e-02 4.727749933370806e-01
4.000000000000000e-02 2.713305812152553e-02 4.726964090531196e-01
4.500000000000000e-02 3.057862954304063e-02 4.726046822716626e-01
5.000000000000000e-02 3.404331360343898e-02 4.725027908489718e-01
5.500000000000000e-02 3.752927584304335e-02 4.723877851499277e-01
6.000000000000000e-02 4.103869510173117e-02 4.722615214345163e-01
6.500000000000000e-02 4.457376488078044e-02 4.721216823275365e-01
7.000000000000001e-02 4.813669471387935e-02 4.719700950463318e-01
7.500000000000000e-02 5.172971154815675e-02 4.718045325837651e-01
8.000000000000000e-02 5.535506113609672e-02 4.716261297402458e-01
8.500000000000001e-02 5.901500943920686e-02 4.714328307628975e-01
9.000000000000000e-02 6.271184404431801e-02 4.712257338443146e-01
9.500000000000000e-02 6.644787559340060e-02 4.710031042610311e-01
1.000000000000000e-01 7.022543922779090e-02 4.707657249264343e-01
1.050000000000000e-01 7.404689604773053e-02 4.705115609915522e-01
1.100000000000000e-01 7.791463458813094e-02 4.702410786070995e-01
1.150000000000000e-01 8.183107231148547e-02 4.699527120853921e-01
1.200000000000000e-01 8.579865711886202e-02 4.696469538967797e-01
1.250000000000000e-01 8.981986887992111e-02 4.693219849651136e-01
1.300000000000000e-01 9.389722098291493e-02 4.689779720303773e-01
1.350000000000000e-01 9.803326190563690e-02 4.686130464811439e-01
1.400000000000000e-01 1.022305768083033e-01 4.682271128200253e-01
1.450000000000000e-01 1.064917891493625e-01 4.678185906658585e-01
1.500000000000000e-01 1.108195623252418e-01 4.673874105341166e-01
1.550000000000000e-01 1.152166013350572e-01 4.669317517231240e-01
1.600000000000000e-01 1.196856544713255e-01 4.664514425489181e-01
1.650000000000000e-01 1.242295150377370e-01 4.659444319607179e-01
1.700000000000000e-01 1.288510230950609e-01 4.654101831122948e-01
1.750000000000000e-01 1.335530672362758e-01 4.648468154538304e-01
1.800000000000000e-01 1.383385863920344e-01 4.642533635352862e-01
1.850000000000000e-01 1.432105716675912e-01 4.636281809682813e-01
1.900000000000000e-01 1.481720682123397e-01 4.629699637400232e-01
1.950000000000000e-01 1.532261771231311e-01 4.622771213562854e-01
2.000000000000000e-01 1.583760573825595e-01 4.615481096590515e-01
2.050000000000000e-01 1.636249278334301e-01 4.607812494878882e-01
2.100000000000000e-01 1.689760691906397e-01 4.599748070255805e-01
2.150000000000000e-01 1.744328260917313e-01 4.591269533820181e-01
2.200000000000000e-01 1.799986091874004e-01 4.582357781604236e-01
2.250000000000000e-01 1.856768972732633e-01 4.572992808818551e-01
2.300000000000000e-01 1.914712394642179e-01 4.563153709368211e-01
2.350000000000000e-01 1.973852574127551e-01 4.552818642570371e-01
2.400000000000000e-01 2.034226475726105e-01 4.541964810182947e-01
2.450000000000000e-01 2.095871835091678e-01 4.530568429566256e-01
2.500000000000000e-01 2.158827182580599e-01 4.518604708158289e-01
2.550000000000000e-01 2.223131867334419e-01 4.506047818182763e-01
2.600000000000000e-01 2.288826081874405e-01 4.492870872376204e-01
2.650000000000000e-01 2.355950887223172e-01 4.479045900970496e-01
2.700000000000000e-01 2.424548238569160e-01 4.464543830332439e-01
2.750000000000000e-01 2.494661011489995e-01 4.449334463649222e-01
2.800000000000000e-01 2.566333028751116e-01 4.433386464093892e-01
2.850000000000000e-01 2.639609087696434e-01 4.416667340944075e-01
2.900000000000000e-01 2.714534988248126e-01 4.399143439175120e-01
2.950000000000000e-01 2.791157561533084e-01 4.380779933100745e-01
3.000000000000000e-01 2.869524699153886e-01 4.361540824691337e-01
3.050000000000000e-01 2.949685383122613e-01 4.341388947260941e-01
3.100000000000000e-01 3.031689716476197e-01 4.320285975280309e-01
3.150000000000000e-01 3.115588954592450e-01 4.298192441143163e-01
3.200000000000000e-01 3.201435537226349e-01 4.275067759787535e-01
3.250000000000000e-01 3.289283121286580e-01 4.250870262152349e-01
3.300000000000000e-01 3.379186614372866e-01 4.225557238532292e-01
3.350000000000000e-01 3.471202209094989e-01 4.199084992979530e-01
3.400000000000000e-01 3.565387418195016e-01 4.171408909990981e-01
3.450000000000000e-01 3.661801110494620e-01 4.142483534811224e-01
3.500000000000000e-01 3.760503547690021e-01 4.112262668776127e-01
3.550000000000000e-01 3.861556422017504e-01 4.080699481218053e-01
3.600000000000000e-01 3.965022894813072e-01 4.047746639550101e-01
3.650000000000000e-01 4.070967635990345e-01 4.013356459243644e-01
3.700000000000000e-01 4.179456864461349e-01 3.977481075508749e-01
3.750000000000000e-01 4.290558389525505e-01 3.940072638580024e-01
3.800000000000000e-01 4.404341653252637e-01 3.901083534599900e-01
3.850000000000000e-01 4.520877773886537e-01 3.860466634175364e-01
3.900000000000000e-01 4.640239590296172e-01 3.818175570761951e-01
3.950000000000000e-01 4.762501707502353e-01 3.774165051097105e-01
4.000000000000000e-01 4.887740543308307e-01 3.728391199963496e-01
4.050000000000000e-01 5.016034376063282e-01 3.680811941607448e-01
4.100000000000000e-01 5.147463393589066e-01 3.631387420166262e-01
4.150000000000000e-01 5.282109743299990e-01 3.580080461466215e-01
4.200000000000000e-01 5.420057583547735e-01 3.526857078536077e-01
4.250000000000000e-01 5.561393136223041e-01 3.471687023130982e-01
4.300000000000000e-01 5.706204740647189e-01 3.414544385469642e-01
4.350000000000000e-01 5.854582908786964e-01 3.355408244239377e-01
4.400000000000000e-01 6.006620381827575e-01 3.294263368699348e-01
4.450000000000000e-01 6.162412188138907e-01 3.231100974384429e-01
4.500000000000000e-01 6.322055702671360e-01 3.165919533441275e-01
4.550000000000000e-01 6.485650707818353e-01 3.098725639960566e-01
4.600000000000000e-01 6.653299455783577e-01 3.029534929729809e-01
4.650000000000000e-01 6.825106732491932e-01 2.958373052520700e-01
4.700000000000000e-01 7.001179923084168e-01 2.885276693210181e-01
4.750000000000000e-01 7.181629079036070e-01 2.810294635548281e-01
4.800000000000000e-01 7.366566986944229e-01 2.733488859016341e-01
4.850000000000000e-01 7.556109239021327e-01 2.654935654719991e-01
4.900000000000000e-01 7.750374305345038e-01 2.574726740354449e-01
4.950000000000000e-01 7.949483607905672e-01 2.492970346686850e-01
5.000000000000000e-01 8.153561596498893e-01 2.409792238491845e-01
5.050000000000000e-01 8.362735826510871e-01 2.325336621347368e-01
5.100000000000000e-01 8.577137038644561e-01 2.239766872295914e-01
5.150000000000000e-01 8.796899240636907e-01 2.153266017655959e-01
5.200000000000000e-01 9.022159791018011e-01 2.066036866386389e-01
5.250000000000000e-01 9.253059484964714e-01 1.978301694312163e-01
5.300000000000000e-01 9.489742642302165e-01 1.890301366079569e-01
5.350000000000000e-01 9.732357197708378e-01 1.802293781675365e-01
5.400000000000000e-01 9.981054793178262e-01 1.714551547036033e-01
5.450000000000000e-01 1.023599087280478e+00 1.627358797866447e-01
5.500000000000000e-01 1.049732477993657e+00 1.541007155168804e-01
5.550000000000000e-01 1.076521985677273e+00 1.455790860289199e-01
5.600000000000001e-01 1.103984354645701e+00 1.372001222473465e-01
5.650000000000001e-01 1.132136749773522e+00 1.289920603914039e-01
5.700000000000001e-01 1.160996767224129e+00 1.209816252364809e-01
5.750000000000001e-01 1.190582445447902e+00 1.131934353346263e-01
5.800000000000000e-01 1.220912276456826e+00 1.056494697577631e-01
5.850000000000000e-01 1.252005217382601e+00 9.836863347786612e-02
5.900000000000000e-01 1.283880702325469e+00 9.136645115561945e-02
5.950000000000000e-01 1.316558654501151e+00 8.465490781323172e-02
6.000000000000000e-01 1.350059498693518e+00 7.824244140115719e-02
6.050000000000000e-01 1.384404174020732e+00 7.213407881328428e-02
6.100000000000000e-01 1.419614147022888e+00 6.633169548494526e-02
6.150000000000000e-01 1.455711425079295e+00 6.083437072361345e-02
6.200000000000000e-01 1.492718570163803e+00 5.563880691964764e-02
6.250000000000000e-01 1.530658712946775e+00 5.073978049950022e-02
6.300000000000000e-01 1.569555567252506e+00 4.613059509106666e-02
6.350000000000000e-01 1.609433444881138e+00 4.180351181359441e-02
6.400000000000000e-01 1.650317270804325e+00 3.775013688629143e-02
6.450000000000000e-01 1.692232598744148e+00 3.396175211728835e-02
6.500000000000000e-01 1.735205627145031e+00 3.042957884055714e-02
6.550000000000000e-01 1.779263215548615e+00 2.714497033930664e-02
6.600000000000000e-01 1.824432901381847e+00 2.409953174650870e-02
6.650000000000000e-01 1.870742917168772e+00 2.128516995395657e-02
6.700000000000000e-01 1.918222208176775e+00 1.869407930254413e-02
6.750000000000000e-01 1.966900450508319e+00 1.631867182313343e-02
6.800000000000000e-01 2.016808069649473e+00 1.415146351531563e-02
6.850000000000001e-01 2.067976259486829e+00 1.218493046372904e-02
6.900000000000001e-01 2.120437001804702e+00 1.041135029965064e-02
6.950000000000001e-01 2.174223086274785e+00 8.822645387964350e-03
7.000000000000001e-01 2.229368130950753e+00 7.410243942613593e-03
7.050000000000000e-01 2.285906603280654e+00 6.164973903542218e-03
7.100000000000000e-01 2.343873841650178e+00 5.077001815787296e-03
7.150000000000000e-01 2.403306077470301e+00 4.135825250313693e-03
7.200000000000000e-01 2.464240457823092e+00 3.330322757492086e-03
7.250000000000000e-01 2.526715068679855e+00 2.648860336348615e-03
7.300000000000000e-01 2.590768958706095e+00 2.079448409091883e-03
7.350000000000000e-01 2.656442163668210e+00 1.609938810718388e-03
7.400000000000000e-01 2.723775731457148e+00 1.228247799995331e-03
7.450000000000000e-01 2.792811747744667e+00 9.225889357524259e-04
7.500000000000000e-01 2.863593362288260e+00 6.816990614787362e-04
7.550000000000000e-01 2.936164815901156e+00 4.950416484202740e-04
7.600000000000000e-01 3.010571468104263e+00 3.529742282323396e-04
7.650000000000000e-01 3.086859825477351e+00 2.468702995981065e-04
7.700000000000000e-01 3.165077570727174e+00 1.691904866701873e-04
7.750000000000000e-01 3.245273592490716e+00 1.135023503124501e-04
7.800000000000000e-01 3.327498015892184e+00 7.445258305832281e-05
7.850000000000000e-01 3.411802233872832e+00 4.769888977939349e-05
7.900000000000000e-01 3.498238939313234e+00 2.981132296083708e-05
7.950000000000000e-01 3.586862157968046e+00 1.815402488833804e-05
8.000000000000000e-01 3.677727282233856e+00 1.075823451077607e-05
8.050000000000000e-01 3.770891105771243e+00 6.196222261234093e-06
8.100000000000001e-01 3.866411859002656e+00 3.463830496534019e-06
8.150000000000001e-01 3.964349245508326e+00 1.876897797390422e-06
8.200000000000001e-01 4.064764479342956e+00 9.844086832368352e-07
8.250000000000001e-01 4.167720323296481e+00 4.990503839324842e-07
8.300000000000001e-01 4.273281128122877e+00 2.441850098756376e-07
8.350000000000000e-01 4.381512872761445e+00 1.151490835434295e-07
8.400000000000000e-01 4.492483205575838e+00 5.225425232899826e-08
8.450000000000000e-01 4.606261486636447e+00 2.278499230752283e-08
8.500000000000000e-01 4.722918831072739e+00 9.532013925021694e-09
8.550000000000000e-01 4.842528153522501e+00 3.820058963242697e-09
8.600000000000000e-01 4.965164213705875e+00 1.464359509004391e-09
8.650000000000000e-01 5.090903663152626e+00 5.361236139702847e-10
8.700000000000000e-01 5.219825093111814e+00 1.871876348141769e-10
8.750000000000000e-01 5.352009083673925e+00 6.223740138357353e-11
8.800000000000000e-01 5.487538254136007e+00 1.967751682534344e-11
8.850000000000000e-01 5.626497314641444e+00 5.907930571339831e-12
8.900000000000000e-01 5.768973119126561e+00 1.682176365052127e-12
8.950000000000000e-01 5.915054719607133e+00 4.536599766491306e-13
9.000000000000000e-01 6.064833421838831e+00 1.157429632828764e-13
9.050000000000000e-01 6.218402842386253e+00 2.790490008237230e-14
9.100000000000000e-01 6.375858967136348e+00 6.350998185996390e-15
9.150000000000000e-01 6.537300211292723e+00 1.363242678633693e-15
9.200000000000000e-01 6.702827480888332e+00 2.757467880133153e-16
9.250000000000000e-01 6.872544235855034e+00 5.252117104152717e-17
9.300000000000000e-01 7.046556554689444e+00 9.413924702541013e-18
9.350000000000001e-01 7.224973200755413e+00 1.587050507969938e-18
9.400000000000001e-01 7.407905690264673e+00 2.515423808971889e-19
9.450000000000001e-01 7.595468361978146e+00 3.747081587163311e-20
9.500000000000001e-01 7.787778448671316e+00 5.244944901431453e-21
9.550000000000001e-01 7.984956150408610e+00 6.897630001666285e-22
9.600000000000000e-01 8.187124709672272e+00 8.522249774531682e-23
9.650000000000000e-01 8.394410488393007e+00 9.892918722910751e-24
9.700000000000000e-01 8.606943046930221e+00 1.079106246098575e-24
9.750000000000000e-01 8.824855225051540e+00 1.106261160188486e-25
9.800000000000000e-01 9.048283224961922e+00 1.066144818631374e-26
9.850000000000000e-01 9.277366696434507e+00 9.662209835441265e-28
9.900000000000000e-01 9.512248824096272e+00 8.234934212231893e-29
9.950000000000000e-01 9.753076416923058e+00 6.959997391316814e-30
1.000000000000000e+00 1.000000000000000e+01 -3.616266469331515e-30
