0.000000000000000e+00 0.000000000000000e+00 3.699772666682597e-01
5.000000000000000e-03 3.369477419287315e-03 3.699699287739572e-01
1.000000000000000e-02 6.741060871647481e-03 3.699671863085551e-01
1.500000000000000e-02 1.011685770649257e-02 3.699417755411987e-01
2.000000000000000e-02 1.349897790673588e-02 3.699084583714597e-01
2.500000000000000e-02 1.688953540759990e-02 3.698615475432225e-01
3.000000000000000e-02 2.029064941789469e-02 3.698063038845805e-01
3.500000000000000e-02 2.370444574459234e-02 3.697371797555144e-01
4.000000000000000e-02 2.713305812152553e-02 3.696584996176209e-01
4.500000000000000e-02 3.057862954304063e-02 3.695670245367383e-01
5.000000000000000e-02 3.404331360343898e-02 3.694651561480330e-01
5.500000000000000e-02 3.752927584304335e-02 3.693498959972054e-01
6.000000000000000e-02 4.103869510173117e-02 3.692237212323534e-01
6.500000000000000e-02 4.457376488078044e-02 3.690841077903894e-01
7.000000000000001e-02 4.813669471387935e-02 3.689323666128133e-01
7.500000000000000e-02 5.172971154815675e-02 3.687665216465980e-01
8.000000000000000e-02 5.535506113609672e-02 3.685880691809811e-01
8.500000000000001e-02 5.901500943920686e-02 3.683947410659536e-01
9.000000000000000e-02 6.271184404431801e-02 3.681873796940696e-01
9.500000000000000e-02 6.644787559340060e-02 3.679644235110476e-01
1.000000000000000e-01 7.022543922779090e-02 3.677266101964935e-01
1.050000000000000e-01 7.404689604773053e-02 3.674718860167387e-01
1.100000000000000e-01 7.791463458813094e-02 3.672008268157338e-01
1.150000000000000e-01 8.183107231148547e-02 3.669119010536265e-01
1.200000000000000e-01 8.579865711886202e-02 3.666052691268410e-01
1.250000000000000e-01 8.981986887992111e-02 3.662790832361901e-01
1.300000000000000e-01 9.389722098291493e-02 3.659336353993219e-01
1.350000000000000e-01 9.803326190563690e-02 3.655672460640620e-01
1.400000000000000e-01 1.022305768083033e-01 3.651796615526059e-01
1.450000000000000e-01 1.064917891493625e-01 3.647691406062156e-01
1.500000000000000e-01 1.108195623252418e-01 3.643356246746177e-01
1.550000000000000e-01 1.152166013350572e-01 3.638772467723449e-01
1.600000000000000e-01 1.196856544713255e-01 3.633934205242646e-01
1.650000000000000e-01 1.242295150377370e-01 3.628823657839872e-01
1.700000000000000e-01 1.288510230950609e-01 3.623436382734040e-01
1.750000000000000e-01 1.335530672362758e-01 3.617751780031092e-01
1.800000000000000e-01 1.383385863920344e-01 3.611760619678944e-01
1.850000000000000e-01 1.432105716675912e-01 3.605443378687155e-01
1.900000000000000e-01 1.481720682123397e-01 3.598791648891426e-01
1.950000000000000e-01 1.532261771231311e-01 3.591782676068017e-01
2.000000000000000e-01 1.583760573825595e-01 3.584403370127126e-01
2.050000000000000e-01 1.636249278334301e-01 3.576631306310990e-01
2.100000000000000e-01 1.689760691906397e-01 3.568453860468505e-01
2.150000000000000e-01 1.744328260917313e-01 3.559845794901633e-01
2.200000000000000e-01 1.799986091874004e-01 3.550789684524929e-01
2.250000000000000e-01 1.856768972732633e-01 3.541258914078085e-01
2.300000000000000e-01 1.914712394642179e-01 3.531235764621235e-01
2.350000000000000e-01 1.973852574127551e-01 3.520692139768917e-01
2.400000000000000e-01 2.034226475726105e-01 3.509606289290228e-01
2.450000000000000e-01 2.095871835091678e-01 3.497946229646826e-01
2.500000000000000e-01 2.158827182580599e-01 3.485687463913964e-01
2.550000000000000e-01 2.223131867334419e-01 3.472797678903267e-01
2.600000000000000e-01 2.288826081874405e-01 3.459250494184102e-01
2.650000000000000e-01 2.355950887223172e-01 3.445008887655642e-01
2.700000000000000e-01 2.424548238569160e-01 3.430041396992989e-01
2.750000000000000e-01 2.494661011489995e-01 3.414308142540893e-01
2.800000000000000e-01 2.566333028751116e-01 3.397774430074016e-01
2.850000000000000e-01 2.639609087696434e-01 3.380398237543648e-01
2.900000000000000e-01 2.714534988248126e-01 3.362142029673162e-01
2.950000000000000e-01 2.791157561533084e-01 3.342958505837547e-01
3.000000000000000e-01 2.869524699153886e-01 3.322805146653984e-01
3.050000000000000e-01 2.949685383122613e-01 3.301629671068137e-01
3.100000000000000e-01 3.031689716476197e-01 3.279383351026611e-01
3.150000000000000e-01 3.115588954592450e-01 3.256010285490329e-01
3.200000000000000e-01 3.201435537226349e-01 3.231455254832523e-01
3.250000000000000e-01 3.289283121286580e-01 3.205658104033895e-01
3.300000000000000e-01 3.379186614372866e-01 3.178556856305270e-01
3.350000000000000e-01 3.471202209094989e-01 3.150085486757940e-01
3.400000000000000e-01 3.565387418195016e-01 3.120174690719588e-01
3.450000000000000e-01 3.661801110494620e-01 3.088751058454042e-01
3.500000000000000e-01 3.760503547690021e-01 3.055737000986782e-01
3.550000000000000e-01 3.861556422017504e-01 3.021050272634512e-01
3.600000000000000e-01 3.965022894813072e-01 2.984603596081171e-01
3.650000000000000e-01 4.070967635990345e-01 2.946304152088418e-01
3.700000000000000e-01 4.179456864461349e-01 2.906053009345284e-01
3.750000000000000e-01 4.290558389525505e-01 2.863744439841143e-01
3.800000000000000e-01 4.404341653252637e-01 2.819265109096281e-01
3.850000000000000e-01 4.520877773886537e-01 2.772493106789418e-01
3.900000000000000e-01 4.640239590296172e-01 2.723296781804291e-01
3.950000000000000e-01 4.762501707502353e-01 2.671533333928108e-01
4.000000000000000e-01 4.887740543308307e-01 2.617047102905558e-01
4.050000000000000e-01 5.016034376063282e-01 2.559667480207141e-01
4.100000000000000e-01 5.147463393589066e-01 2.499206350486503e-01
4.150000000000000e-01 5.282109743299990e-01 2.435454948045258e-01
4.200000000000000e-01 5.420057583547735e-01 2.368179990136913e-01
4.250000000000000e-01 5.561393136223041e-01 2.297118927876825e-01
4.300000000000000e-01 5.706204740647189e-01 2.221974147901443e-01
4.350000000000000e-01 5.854582908786964e-01 2.142405989870836e-01
4.400000000000000e-01 6.006620381827575e-01 2.058024576418547e-01
4.450000000000000e-01 6.162412188138907e-01 1.968380819186785e-01
4.500000000000000e-01 6.322055702671360e-01 1.872957874398406e-01
4.550000000000000e-01 6.485650707818353e-01 1.771166467328215e-01
4.600000000000000e-01 6.653299455783577e-01 1.662352437542882e-01
4.650000000000000e-01 6.825106732491932e-01 1.545835934685693e-01
4.700000000000000e-01 7.001179923084168e-01 1.421025569240748e-01
4.750000000000000e-01 7.181629079036070e-01 1.287697565467993e-01
4.800000000000000e-01 7.366566986944229e-01 1.146600566095341e-01
4.850000000000000e-01 7.556109239021327e-01 1.000569654108966e-01
4.900000000000000e-01 7.750374305345038e-01 8.560054450718452e-02
4.950000000000000e-01 7.949483607905672e-01 7.233975321992742e-02
5.000000000000000e-01 8.153561596498893e-01 6.143067635372861e-02
5.050000000000000e-01 8.362735826510871e-01 5.347772490099434e-02
5.100000000000000e-01 8.577137038644561e-01 4.816938757329543e-02
5.150000000000000e-01 8.796899240636907e-01 4.470505443290164e-02
5.200000000000000e-01 9.022159791018011e-01 4.241167145313975e-02
5.250000000000000e-01 9.253059484964714e-01 4.088655610675613e-02
5.300000000000000e-01 9.489742642302165e-01 3.987594295705772e-02
5.350000000000000e-01 9.732357197708378e-01 3.921112951650454e-02
5.400000000000000e-01 9.981054793178262e-01 3.878534979370916e-02
5.450000000000000e-01 1.023599087280478e+00 3.852833932555122e-02
5.500000000000000e-01 1.049732477993657e+00 3.839199793041181e-02
5.550000000000000e-01 1.076521985677273e+00 3.834333974840845e-02
5.600000000000001e-01 1.103984354645701e+00 3.835900625172532e-02
5.650000000000001e-01 1.132136749773522e+00 3.842198634804855e-02
5.700000000000001e-01 1.160996767224129e+00 3.851962848788754e-02
5.750000000000001e-01 1.190582445447902e+00 3.864222888668820e-02
5.800000000000000e-01 1.220912276456826e+00 3.878212391752596e-02
5.850000000000000e-01 1.252005217382601e+00 3.893307937715743e-02
5.900000000000000e-01 1.283880702325469e+00 3.908986198100609e-02
5.950000000000000e-01 1.316558654501151e+00 3.924794416996390e-02
6.000000000000000e-01 1.350059498693518e+00 3.940329432882096e-02
6.050000000000000e-01 1.384404174020732e+00 3.955222536535593e-02
6.100000000000000e-01 1.419614147022888e+00 3.969128437287820e-02
6.150000000000000e-01 1.455711425079295e+00 3.981717068553843e-02
6.200000000000000e-01 1.492718570163803e+00 3.992667424425083e-02
6.250000000000000e-01 1.530658712946775e+00 4.001662873028258e-02
6.300000000000000e-01 1.569555567252506e+00 4.008387567055582e-02
6.350000000000000e-01 1.609433444881138e+00 4.012523700215369e-02
6.400000000000000e-01 1.650317270804325e+00 4.013749444777839e-02
6.450000000000000e-01 1.692232598744148e+00 4.011737468995146e-02
6.500000000000000e-01 1.735205627145031e+00 4.006153980739622e-02
6.550000000000000e-01 1.779263215548615e+00 3.996658280129006e-02
6.600000000000000e-01 1.824432901381847e+00 3.982902832823662e-02
6.650000000000000e-01 1.870742917168772e+00 3.964533898919483e-02
6.700000000000000e-01 1.918222208176775e+00 3.941192770883215e-02
6.750000000000000e-01 1.966900450508319e+00 3.912517687973413e-02
6.800000000000000e-01 2.016808069649473e+00 3.878146503670987e-02
6.850000000000001e-01 2.067976259486829e+00 3.837720186019709e-02
6.900000000000001e-01 2.120437001804702e+00 3.790887227455952e-02
6.950000000000001e-01 2.174223086274785e+00 3.737309029725226e-02
7.000000000000001e-01 2.229368130950753e+00 3.676666310183166e-02
7.050000000000000e-01 2.285906603280654e+00 3.608666548108864e-02
7.100000000000000e-01 2.343873841650178e+00 3.533052454455031e-02
7.150000000000000e-01 2.403306077470301e+00 3.449611407615365e-02
7.200000000000000e-01 2.464240457823092e+00 3.358185754246822e-02
7.250000000000000e-01 2.526715068679855e+00 3.258683831632377e-02
7.300000000000000e-01 2.590768958706095e+00 3.151091530297718e-02
7.350000000000000e-01 2.656442163668210e+00 3.035484185517558e-02
7.400000000000000e-01 2.723775731457148e+00 2.912038564758827e-02
7.450000000000000e-01 2.792811747744667e+00 2.781044702424517e-02
7.500000000000000e-01 2.863593362288260e+00 2.642917316466281e-02
7.550000000000000e-01 2.936164815901156e+00 2.498206511534490e-02
7.600000000000000e-01 3.010571468104263e+00 2.347607413486849e-02
7.650000000000000e-01 3.086859825477351e+00 2.191968269687608e-02
7.700000000000000e-01 3.165077570727174e+00 2.032296366661314e-02
7.750000000000000e-01 3.245273592490716e+00 1.869760842193748e-02
7.800000000000000e-01 3.327498015892184e+00 1.705691093469900e-02
7.850000000000000e-01 3.411802233872832e+00 1.541569019103838e-02
7.900000000000000e-01 3.498238939313234e+00 1.379012838737211e-02
7.950000000000000e-01 3.586862157968046e+00 1.219749845147037e-02
8.000000000000000e-01 3.677727282233856e+00 1.065575402249314e-02
8.050000000000000e-01 3.770891105771243e+00 9.182961414650326e-03
8.100000000000001e-01 3.866411859002656e+00 7.796569571127974e-03
8.150000000000001e-01 3.964349245508326e+00 6.512541974859007e-03
8.200000000000001e-01 4.064764479342956e+00 5.344411316725686e-03
8.250000000000001e-01 4.167720323296481e+00 4.302355741485519e-03
8.300000000000001e-01 4.273281128122877e+00 3.392423023780274e-03
8.350000000000000e-01 4.381512872761445e+00 2.616033974348949e-03
8.400000000000000e-01 4.492483205575838e+00 1.969871117145115e-03
8.450000000000000e-01 4.606261486636447e+00 1.446204145421199e-03
8.500000000000000e-01 4.722918831072739e+00 1.033630522691957e-03
8.550000000000000e-01 4.842528153522501e+00 7.181356027470659e-04
8.600000000000000e-01 4.965164213705875e+00 4.843210486222219e-04
8.650000000000000e-01 5.090903663152626e+00 3.166274678632780e-04
8.700000000000000e-01 5.219825093111814e+00 2.003917995621045e-04
8.750000000000000e-01 5.352009083673925e+00 1.226260541158659e-04
8.800000000000000e-01 5.487538254136007e+00 7.246727369098005e-05
8.850000000000000e-01 5.626497314641444e+00 4.131174017320903e-05
8.900000000000000e-01 5.768973119126561e+00 2.269476673531267e-05
8.950000000000000e-01 5.915054719607133e+00 1.200272336046548e-05
9.000000000000000e-01 6.064833421838831e+00 6.105904598459970e-06
9.050000000000000e-01 6.218402842386253e+00 2.985270197111727e-06
9.100000000000000e-01 6.375858967136348e+00 1.401717142276117e-06
9.150000000000000e-01 6.537300211292723e+00 6.316718184081760e-07
9.200000000000000e-01 6.702827480888332e+00 2.730352528522427e-07
9.250000000000000e-01 6.872544235855034e+00 1.131391515893385e-07
9.300000000000000e-01 7.046556554689444e+00 4.492339876835650e-08
9.350000000000001e-01 7.224973200755413e+00 1.708529154216348e-08
9.400000000000001e-01 7.407905690264673e+00 6.221732304872694e-09
9.450000000000001e-01 7.595468361978146e+00 2.168758517419676e-09
9.500000000000001e-01 7.787778448671316e+00 7.234606940920439e-10
9.550000000000001e-01 7.984956150408610e+00 2.309058546497928e-10
9.600000000000000e-01 8.187124709672272e+00 7.050201018203505e-11
9.650000000000000e-01 8.394410488393007e+00 2.059023373427985e-11
9.700000000000000e-01 8.606943046930221e+00 5.751430292405503e-12
9.750000000000000e-01 8.824855225051540e+00 1.536458159462367e-12
9.800000000000000e-01 9.048283224961922e+00 3.925354177589543e-13
9.850000000000000e-01 9.277366696434507e+00 9.592668701243940e-14
9.900000000000000e-01 9.512248824096272e+00 2.235108985354687e-14
9.950000000000000e-01 9.753076416923058e+00 5.323264032923065e-15
1.000000000000000e+00 1.000000000000000e+01 -1.904022213264049e-16
