0.000000000000000e+00 0.000000000000000e+00 3.672610338034632e-01
5.000000000000000e-03 3.369477419287315e-03 3.672536269385837e-01
1.000000000000000e-02 6.741060871647481e-03 3.672440108432278e-01
1.500000000000000e-02 1.011685770649257e-02 3.672185367107696e-01
2.000000000000000e-02 1.349897790673588e-02 3.671865285601658e-01
2.500000000000000e-02 1.688953540759990e-02 3.671390946911764e-01
3.000000000000000e-02 2.029064941789469e-02 3.670831392209878e-01
3.500000000000000e-02 2.370444574459234e-02 3.670138003314090e-01
4.000000000000000e-02 2.713305812152553e-02 3.669346470522308e-01
4.500000000000000e-02 3.057862954304063e-02 3.668424418745047e-01
5.000000000000000e-02 3.404331360343898e-02 3.667400412305807e-01
5.500000000000000e-02 3.752927584304335e-02 3.666241608675022e-01
6.000000000000000e-02 4.103869510173117e-02 3.664970550975029e-01
6.500000000000000e-02 4.457376488078044e-02 3.663565283183619e-01
7.000000000000001e-02 4.813669471387935e-02 3.662039670672403e-01
7.500000000000000e-02 5.172971154815675e-02 3.660370698447242e-01
8.000000000000000e-02 5.535506113609672e-02 3.658573901895924e-01
8.500000000000001e-02 5.901500943920686e-02 3.656628915733763e-01
9.000000000000000e-02 6.271184404431801e-02 3.654542759637139e-01
9.500000000000000e-02 6.644787559340060e-02 3.652298370303384e-01
1.000000000000000e-01 7.022543922779090e-02 3.649904959299884e-01
1.050000000000000e-01 7.404689604773053e-02 3.647342258673099e-01
1.100000000000000e-01 7.791463458813094e-02 3.644614093007705e-01
1.150000000000000e-01 8.183107231148547e-02 3.641705608187806e-01
1.200000000000000e-01 8.579865711886202e-02 3.638620035477855e-01
1.250000000000000e-01 8.981986887992111e-02 3.635337693055487e-01
1.300000000000000e-01 9.389722098291493e-02 3.631860161897453e-01
1.350000000000000e-01 9.803326190563690e-02 3.628172026945853e-01
1.400000000000000e-01 1.022305768083033e-01 3.624271526532774e-01
1.450000000000000e-01 1.064917891493625e-01 3.620139614917560e-01
1.500000000000000e-01 1.108195623252418e-01 3.615775153373921e-01
1.550000000000000e-01 1.152166013350572e-01 3.611160873293812e-01
1.600000000000000e-01 1.196856544713255e-01 3.606290980039606e-01
1.650000000000000e-01 1.242295150377370e-01 3.601146202635168e-01
1.700000000000000e-01 1.288510230950609e-01 3.595721983665564e-01
1.750000000000000e-01 1.335530672362758e-01 3.589998827049355e-01
1.800000000000000e-01 1.383385863920344e-01 3.583967270752795e-01
1.850000000000000e-01 1.432105716675912e-01 3.577606546737923e-01
1.900000000000000e-01 1.481720682123397e-01 3.570908160634833e-01
1.950000000000000e-01 1.532261771231311e-01 3.563850220472159e-01
2.000000000000000e-01 1.583760573825595e-01 3.556419448609225e-01
2.050000000000000e-01 1.636249278334301e-01 3.548592264579158e-01
2.100000000000000e-01 1.689760691906397e-01 3.540355666285666e-01
2.150000000000000e-01 1.744328260917313e-01 3.531685097434156e-01
2.200000000000000e-01 1.799986091874004e-01 3.522563212053961e-01
2.250000000000000e-01 1.856768972732633e-01 3.512962341895121e-01
2.300000000000000e-01 1.914712394642179e-01 3.502863944907840e-01
2.350000000000000e-01 1.973852574127551e-01 3.492240179497574e-01
2.400000000000000e-01 2.034226475726105e-01 3.481069525414858e-01
2.450000000000000e-01 2.095871835091678e-01 3.469319410965632e-01
2.500000000000000e-01 2.158827182580599e-01 3.456964455223611e-01
2.550000000000000e-01 2.223131867334419e-01 3.443971686140234e-01
2.600000000000000e-01 2.288826081874405e-01 3.430314300138436e-01
2.650000000000000e-01 2.355950887223172e-01 3.415955234150293e-01
2.700000000000000e-01 2.424548238569160e-01 3.400862722738098e-01
2.750000000000000e-01 2.494661011489995e-01 3.384995817391944e-01
2.800000000000000e-01 2.566333028751116e-01 3.368318770910209e-01
2.850000000000000e-01 2.639609087696434e-01 3.350788699571747e-01
2.900000000000000e-01 2.714534988248126e-01 3.332367024901495e-01
2.950000000000000e-01 2.791157561533084e-01 3.313005824642755e-01
3.000000000000000e-01 2.869524699153886e-01 3.292661683816127e-01
3.050000000000000e-01 2.949685383122613e-01 3.271281014755343e-01
3.100000000000000e-01 3.031689716476197e-01 3.248813967985683e-01
3.150000000000000e-01 3.115588954592450e-01 3.225202733371224e-01
3.200000000000000e-01 3.201435537226349e-01 3.200390529216559e-01
3.250000000000000e-01 3.289283121286580e-01 3.174314991081834e-01
3.300000000000000e-01 3.379186614372866e-01 3.146912025399943e-01
3.350000000000000e-01 3.471202209094989e-01 3.118113009237092e-01
3.400000000000000e-01 3.565387418195016e-01 3.087845827591679e-01
3.450000000000000e-01 3.661801110494620e-01 3.056033795329012e-01
3.500000000000000e-01 3.760503547690021e-01 3.022595605241014e-01
3.550000000000000e-01 3.861556422017504e-01 2.987444713441785e-01
3.600000000000000e-01 3.965022894813072e-01 2.950488879398599e-01
3.650000000000000e-01 4.070967635990345e-01 2.911629514746609e-01
3.700000000000000e-01 4.179456864461349e-01 2.870760954244175e-01
3.750000000000000e-01 4.290558389525505e-01 2.827769566045720e-01
3.800000000000000e-01 4.404341653252637e-01 2.782532685839113e-01
3.850000000000000e-01 4.520877773886537e-01 2.734917320992648e-01
3.900000000000000e-01 4.640239590296172e-01 2.684778567084116e-01
3.950000000000000e-01 4.762501707502353e-01 2.631957657301689e-01
4.000000000000000e-01 4.887740543308307e-01 2.576279541524917e-01
4.050000000000000e-01 5.016034376063282e-01 2.517549857920583e-01
4.100000000000000e-01 5.147463393589066e-01 2.455551114122677e-01
4.150000000000000e-01 5.282109743299990e-01 2.390037832108237e-01
4.200000000000000e-01 5.420057583547735e-01 2.320730324392305e-01
4.250000000000000e-01 5.561393136223041e-01 2.247306650707148e-01
4.300000000000000e-01 5.706204740647189e-01 2.169392144537296e-01
4.350000000000000e-01 5.854582908786964e-01 2.086545691602597e-01
4.400000000000000e-01 6.006620381827575e-01 1.998241699042840e-01
4.450000000000000e-01 6.162412188138907e-01 1.903846487654510e-01
4.500000000000000e-01 6.322055702671360e-01 1.802587935383879e-01
4.550000000000000e-01 6.485650707818353e-01 1.693518442551199e-01
4.600000000000000e-01 6.653299455783577e-01 1.575476244981372e-01
4.650000000000000e-01 6.825106732491932e-01 1.447066407684503e-01
4.700000000000000e-01 7.001179923084168e-01 1.306732422625870e-01
4.750000000000000e-01 7.181629079036070e-01 1.153128918861084e-01
4.800000000000000e-01 7.366566986944229e-01 9.863374724777550e-02
4.850000000000000e-01 7.556109239021327e-01 8.109085965967390e-02
4.900000000000000e-01 7.750374305345038e-01 6.407400722015305e-02
4.950000000000000e-01 7.949483607905672e-01 4.995467406008862e-02
5.000000000000000e-01 8.153561596498893e-01 4.056865856824208e-02
5.050000000000000e-01 8.362735826510871e-01 3.535805044405924e-02
5.100000000000000e-01 8.577137038644561e-01 3.237362902577019e-02
5.150000000000000e-01 8.796899240636907e-01 3.046653663982560e-02
5.200000000000000e-01 9.022159791018011e-01 2.927969628866597e-02
5.250000000000000e-01 9.253059484964714e-01 2.854156065047240e-02
5.300000000000000e-01 9.489742642302165e-01 2.808011352529139e-02
5.350000000000000e-01 9.732357197708378e-01 2.782138131574002e-02
5.400000000000000e-01 9.981054793178262e-01 2.770495308255385e-02
5.450000000000000e-01 1.023599087280478e+00 2.769258043375623e-02
5.500000000000000e-01 1.049732477993657e+00 2.776092298794177e-02
5.550000000000000e-01 1.076521985677273e+00 2.789107502855160e-02
5.600000000000001e-01 1.103984354645701e+00 2.807004548425229e-02
5.650000000000001e-01 1.132136749773522e+00 2.828795782792577e-02
5.700000000000001e-01 1.160996767224129e+00 2.853685762391219e-02
5.750000000000001e-01 1.190582445447902e+00 2.881051073294166e-02
5.800000000000000e-01 1.220912276456826e+00 2.910370532321342e-02
5.850000000000000e-01 1.252005217382601e+00 2.941202660920268e-02
5.900000000000000e-01 1.283880702325469e+00 2.973165822462520e-02
5.950000000000000e-01 1.316558654501151e+00 3.005920371859597e-02
6.000000000000000e-01 1.350059498693518e+00 3.039158755092319e-02
6.050000000000000e-01 1.384404174020732e+00 3.072596471866801e-02
6.100000000000000e-01 1.419614147022888e+00 3.105965298998675e-02
6.150000000000000e-01 1.455711425079295e+00 3.139008032320965e-02
6.200000000000000e-01 1.492718570163803e+00 3.171474039606783e-02
6.250000000000000e-01 1.530658712946775e+00 3.203115615812038e-02
6.300000000000000e-01 1.569555567252506e+00 3.233684860611138e-02
6.350000000000000e-01 1.609433444881138e+00 3.262930958574134e-02
6.400000000000000e-01 1.650317270804325e+00 3.290597779958599e-02
6.450000000000000e-01 1.692232598744148e+00 3.316421731752846e-02
6.500000000000000e-01 1.735205627145031e+00 3.340129823707711e-02
6.550000000000000e-01 1.779263215548615e+00 3.361437931643104e-02
6.600000000000000e-01 1.824432901381847e+00 3.380049260025141e-02
6.650000000000000e-01 1.870742917168772e+00 3.395653025327861e-02
6.700000000000000e-01 1.918222208176775e+00 3.407923400906256e-02
6.750000000000000e-01 1.966900450508319e+00 3.416518784245910e-02
6.800000000000000e-01 2.016808069649473e+00 3.421081468020414e-02
6.850000000000001e-01 2.067976259486829e+00 3.421237816953833e-02
6.900000000000001e-01 2.120437001804702e+00 3.416599072109315e-02
6.950000000000001e-01 2.174223086274785e+00 3.406762921469017e-02
7.000000000000001e-01 2.229368130950753e+00 3.391315988647055e-02
7.050000000000000e-01 2.285906603280654e+00 3.369837397970726e-02
7.100000000000000e-01 2.343873841650178e+00 3.341903571395511e-02
7.150000000000000e-01 2.403306077470301e+00 3.307094398191973e-02
7.200000000000000e-01 2.464240457823092e+00 3.265000889875212e-02
7.250000000000000e-01 2.526715068679855e+00 3.215234389206899e-02
7.300000000000000e-01 2.590768958706095e+00 3.157437343630751e-02
7.350000000000000e-01 2.656442163668210e+00 3.091295582683782e-02
7.400000000000000e-01 2.723775731457148e+00 3.016551960642939e-02
7.450000000000000e-01 2.792811747744667e+00 2.933021146992660e-02
7.500000000000000e-01 2.863593362288260e+00 2.840605276488271e-02
7.550000000000000e-01 2.936164815901156e+00 2.739310115218574e-02
7.600000000000000e-01 3.010571468104263e+00 2.629261363454179e-02
7.650000000000000e-01 3.086859825477351e+00 2.510720698551363e-02
7.700000000000000e-01 3.165077570727174e+00 2.384101151740240e-02
7.750000000000000e-01 3.245273592490716e+00 2.249981391236078e-02
7.800000000000000e-01 3.327498015892184e+00 2.109118420728842e-02
7.850000000000000e-01 3.411802233872832e+00 1.962458059523763e-02
7.900000000000000e-01 3.498238939313234e+00 1.811142308348160e-02
7.950000000000000e-01 3.586862157968046e+00 1.656512285106266e-02
8.000000000000000e-01 3.677727282233856e+00 1.500104810417632e-02
8.050000000000000e-01 3.770891105771243e+00 1.343639946745039e-02
8.100000000000001e-01 3.866411859002656e+00 1.188995969663680e-02
8.150000000000001e-01 3.964349245508326e+00 1.038167698700968e-02
8.200000000000001e-01 4.064764479342956e+00 8.932043982324446e-03
8.250000000000001e-01 4.167720323296481e+00 7.561252424713411e-03
8.300000000000001e-01 4.273281128122877e+00 6.288140555035439e-03
8.350000000000000e-01 4.381512872761445e+00 5.129004538904064e-03
8.400000000000000e-01 4.492483205575838e+00 4.096404698538551e-03
8.450000000000000e-01 4.606261486636447e+00 3.198142796623172e-03
8.500000000000000e-01 4.722918831072739e+00 2.436597408326628e-03
8.550000000000000e-01 4.842528153522501e+00 1.808567661584433e-03
8.600000000000000e-01 4.965164213705875e+00 1.305693512590786e-03
8.650000000000000e-01 5.090903663152626e+00 9.154120577014077e-04
8.700000000000000e-01 5.219825093111814e+00 6.223040035046557e-04
8.750000000000000e-01 5.352009083673925e+00 4.096125731316258e-04
8.800000000000000e-01 5.487538254136007e+00 2.606984023157440e-04
8.850000000000000e-01 5.626497314641444e+00 1.602305479123858e-04
8.900000000000000e-01 5.768973119126561e+00 9.499062804013977e-05
8.950000000000000e-01 5.915054719607133e+00 5.425893307091379e-05
9.000000000000000e-01 6.064833421838831e+00 2.983207010723657e-05
9.050000000000000e-01 6.218402842386253e+00 1.577333081912605e-05
9.100000000000000e-01 6.375858967136348e+00 8.013759039285028e-06
9.150000000000000e-01 6.537300211292723e+00 3.909348700866900e-06
9.200000000000000e-01 6.702827480888332e+00 1.829978781654034e-06
9.250000000000000e-01 6.872544235855034e+00 8.215111153146347e-07
9.300000000000000e-01 7.046556554689444e+00 3.535010919251911e-07
9.350000000000001e-01 7.224973200755413e+00 1.457444405997738e-07
9.400000000000001e-01 7.407905690264673e+00 5.755178417738608e-08
9.450000000000001e-01 7.595468361978146e+00 2.175996732485346e-08
9.500000000000001e-01 7.787778448671316e+00 7.875547720513969e-09
9.550000000000001e-01 7.984956150408610e+00 2.727960520101076e-09
9.600000000000000e-01 8.187124709672272e+00 9.041931141951918e-10
9.650000000000000e-01 8.394410488393007e+00 2.867468084023508e-10
9.700000000000000e-01 8.606943046930221e+00 8.699903590541092e-11
9.750000000000000e-01 8.824855225051540e+00 2.525152862699970e-11
9.800000000000000e-01 9.048283224961922e+00 7.011352606900427e-12
9.850000000000000e-01 9.277366696434507e+00 1.862879781131628e-12
9.900000000000000e-01 9.512248824096272e+00 4.718449398472643e-13
9.950000000000000e-01 9.753076416923058e+00 1.220215389516874e-13
1.000000000000000e+00 1.000000000000000e+01 1.318071214680509e-15
