0.000000000000000e+00 0.000000000000000e+00 4.831756397359335e-01
5.000000000000000e-03 3.369477419287315e-03 4.831699333756476e-01
1.000000000000000e-02 6.741060871647481e-03 4.831697310208060e-01
1.500000000000000e-02 1.011685770649257e-02 4.831440588780652e-01
2.000000000000000e-02 1.349897790673588e-02 4.831092396897381e-01
2.500000000000000e-02 1.688953540759990e-02 4.830612529961297e-01
3.000000000000000e-02 2.029064941789469e-02 4.830045952716814e-01
3.500000000000000e-02 2.370444574459234e-02 4.829337484863699e-01
4.000000000000000e-02 2.713305812152553e-02 4.828530038850409e-01
4.500000000000000e-02 3.057862954304063e-02 4.827592208164615e-01
5.000000000000000e-02 3.404331360343898e-02 4.826548422466394e-01
5.500000000000000e-02 3.752927584304335e-02 4.825367522451993e-01
6.000000000000000e-02 4.103869510173117e-02 4.824072033908937e-01
6.500000000000000e-02 4.457376488078044e-02 4.822640130043053e-01
7.000000000000001e-02 4.813669471387935e-02 4.821088122742644e-01
7.500000000000000e-02 5.172971154815675e-02 4.819390717884327e-01
8.000000000000000e-02 5.535506113609672e-02 4.817559888268459e-01
8.500000000000001e-02 5.901500943920686e-02 4.815578200835188e-01
9.000000000000000e-02 6.271184404431801e-02 4.813457251918333e-01
9.500000000000000e-02 6.644787559340060e-02 4.811176657905309e-01
1.000000000000000e-01 7.022543922779090e-02 4.808743657585851e-01
1.050000000000000e-01 7.404689604773053e-02 4.806138749054421e-01
1.100000000000000e-01 7.791463458813094e-02 4.803366306191688e-01
1.150000000000000e-01 8.183107231148547e-02 4.800410989506742e-01
1.200000000000000e-01 8.579865711886202e-02 4.797277594749317e-01
1.250000000000000e-01 8.981986887992111e-02 4.793947716407129e-01
1.300000000000000e-01 9.389722098291493e-02 4.790424814415108e-01
1.350000000000000e-01 9.803326190563690e-02 4.786688933728352e-01
1.400000000000000e-01 1.022305768083033e-01 4.782739104327113e-01
1.450000000000000e-01 1.064917891493625e-01 4.778558772406578e-01
1.500000000000000e-01 1.108195623252418e-01 4.774142071200697e-01
1.550000000000000e-01 1.152166013350572e-01 4.769475825841656e-01
1.600000000000000e-01 1.196856544713255e-01 4.764550634436843e-01
1.650000000000000e-01 1.242295150377370e-01 4.759354292167614e-01
1.700000000000000e-01 1.288510230950609e-01 4.753875154327812e-01
1.750000000000000e-01 1.335530672362758e-01 4.748100383087603e-01
1.800000000000000e-01 1.383385863920344e-01 4.742016707473019e-01
1.850000000000000e-01 1.432105716675912e-01 4.735610062930891e-01
1.900000000000000e-01 1.481720682123397e-01 4.728865711505844e-01
1.950000000000000e-01 1.532261771231311e-01 4.721768169766092e-01
2.000000000000000e-01 1.583760573825595e-01 4.714301206442288e-01
2.050000000000000e-01 1.636249278334301e-01 4.706447812826673e-01
2.100000000000000e-01 1.689760691906397e-01 4.698190180289218e-01
2.150000000000000e-01 1.744328260917313e-01 4.689509674108814e-01
2.200000000000000e-01 1.799986091874004e-01 4.680386807457868e-01
2.250000000000000e-01 1.856768972732633e-01 4.670801214757982e-01
2.300000000000000e-01 1.914712394642179e-01 4.660731624921517e-01
2.350000000000000e-01 1.973852574127551e-01 4.650155834604728e-01
2.400000000000000e-01 2.034226475726105e-01 4.639050681697352e-01
2.450000000000000e-01 2.095871835091678e-01 4.627392019259349e-01
2.500000000000000e-01 2.158827182580599e-01 4.615154690138882e-01
2.550000000000000e-01 2.223131867334419e-01 4.602312502527304e-01
2.600000000000000e-01 2.288826081874405e-01 4.588838206734051e-01
2.650000000000000e-01 2.355950887223172e-01 4.574703473495278e-01
2.700000000000000e-01 2.424548238569160e-01 4.559878874164130e-01
2.750000000000000e-01 2.494661011489995e-01 4.544333863168535e-01
2.800000000000000e-01 2.566333028751116e-01 4.528036763163591e-01
2.850000000000000e-01 2.639609087696434e-01 4.510954753350447e-01
2.900000000000000e-01 2.714534988248126e-01 4.493053861481939e-01
2.950000000000000e-01 2.791157561533084e-01 4.474298960127291e-01
3.000000000000000e-01 2.869524699153886e-01 4.454653767823949e-01
3.050000000000000e-01 2.949685383122613e-01 4.434080855803632e-01
3.100000000000000e-01 3.031689716476197e-01 4.412541661042985e-01
3.150000000000000e-01 3.115588954592450e-01 4.389996506455259e-01
3.200000000000000e-01 3.201435537226349e-01 4.366404629109420e-01
3.250000000000000e-01 3.289283121286580e-01 4.341724217435531e-01
3.300000000000000e-01 3.379186614372866e-01 4.315912458451177e-01
3.350000000000000e-01 3.471202209094989e-01 4.288925596120847e-01
3.400000000000000e-01 3.565387418195016e-01 4.260719002040378e-01
3.450000000000000e-01 3.661801110494620e-01 4.231247259718247e-01
3.500000000000000e-01 3.760503547690021e-01 4.200464263806651e-01
3.550000000000000e-01 3.861556422017504e-01 4.168323335714841e-01
3.600000000000000e-01 3.965022894813072e-01 4.134777357114686e-01
3.650000000000000e-01 4.070967635990345e-01 4.099778922922795e-01
3.700000000000000e-01 4.179456864461349e-01 4.063280515412494e-01
3.750000000000000e-01 4.290558389525505e-01 4.025234701171168e-01
3.800000000000000e-01 4.404341653252637e-01 3.985594352671447e-01
3.850000000000000e-01 4.520877773886537e-01 3.944312896266617e-01
3.900000000000000e-01 4.640239590296172e-01 3.901344588448293e-01
3.950000000000000e-01 4.762501707502353e-01 3.856644822214940e-01
4.000000000000000e-01 4.887740543308307e-01 3.810170465390355e-01
4.050000000000000e-01 5.016034376063282e-01 3.761880232697301e-01
4.100000000000000e-01 5.147463393589066e-01 3.711735093329319e-01
4.150000000000000e-01 5.282109743299990e-01 3.659698715668247e-01
4.200000000000000e-01 5.420057583547735e-01 3.605737950660288e-01
4.250000000000000e-01 5.561393136223041e-01 3.549823355182917e-01
4.300000000000000e-01 5.706204740647189e-01 3.491929756500170e-01
4.350000000000000e-01 5.854582908786964e-01 3.432036858604275e-01
4.400000000000000e-01 6.006620381827575e-01 3.370129890864715e-01
4.450000000000000e-01 6.162412188138907e-01 3.306200298934270e-01
4.500000000000000e-01 6.322055702671360e-01 3.240246477274112e-01
4.550000000000000e-01 6.485650707818353e-01 3.172274541928429e-01
4.600000000000000e-01 6.653299455783577e-01 3.102299141266026e-01
4.650000000000000e-01 6.825106732491932e-01 3.030344301265664e-01
4.700000000000000e-01 7.001179923084168e-01 2.956444300491130e-01
4.750000000000000e-01 7.181629079036070e-01 2.880644568107601e-01
4.800000000000000e-01 7.366566986944229e-01 2.803002596037844e-01
4.850000000000000e-01 7.556109239021327e-01 2.723588853538458e-01
4.900000000000000e-01 7.750374305345038e-01 2.642487688970165e-01
4.950000000000000e-01 7.949483607905672e-01 2.559798199218725e-01
5.000000000000000e-01 8.153561596498893e-01 2.475635041986335e-01
5.050000000000000e-01 8.362735826510871e-01 2.390129159952735e-01
5.100000000000000e-01 8.577137038644561e-01 2.303428378630883e-01
5.150000000000000e-01 8.796899240636907e-01 2.215697831794492e-01
5.200000000000000e-01 9.022159791018011e-01 2.127120160052440e-01
5.250000000000000e-01 9.253059484964714e-01 2.037895420227703e-01
5.300000000000000e-01 9.489742642302165e-01 1.948240636812320e-01
5.350000000000000e-01 9.732357197708378e-01 1.858388923508687e-01
5.400000000000000e-01 9.981054793178262e-01 1.768588104736920e-01
5.450000000000000e-01 1.023599087280478e+00 1.679098776233635e-01
5.500000000000000e-01 1.049732477993657e+00 1.590191762626830e-01
5.550000000000000e-01 1.076521985677273e+00 1.502144959633653e-01
5.600000000000001e-01 1.103984354645701e+00 1.415239589448815e-01
5.650000000000001e-01 1.132136749773522e+00 1.329755948109087e-01
5.700000000000001e-01 1.160996767224129e+00 1.245968778791173e-01
5.750000000000001e-01 1.190582445447902e+00 1.164142458347935e-01
5.800000000000000e-01 1.220912276456826e+00 1.084526227455899e-01
5.850000000000000e-01 1.252005217382601e+00 1.007349718919053e-01
5.900000000000000e-01 1.283880702325469e+00 9.328190371753964e-02
5.950000000000000e-01 1.316558654501151e+00 8.611136119071194e-02
6.000000000000000e-01 1.350059498693518e+00 7.923839919183796e-02
6.050000000000000e-01 1.384404174020732e+00 7.267506691915894e-02
6.100000000000000e-01 1.419614147022888e+00 6.643039379761520e-02
6.150000000000000e-01 1.455711425079295e+00 6.051047118806772e-02
6.200000000000000e-01 1.492718570163803e+00 5.491861538686480e-02
6.250000000000000e-01 1.530658712946775e+00 4.965559270629055e-02
6.300000000000000e-01 1.569555567252506e+00 4.471988513124798e-02
6.350000000000000e-01 1.609433444881138e+00 4.010797504959845e-02
6.400000000000000e-01 1.650317270804325e+00 3.581462945520386e-02
6.450000000000000e-01 1.692232598744148e+00 3.183316728202511e-02
6.500000000000000e-01 1.735205627145031e+00 2.815569759023182e-02
6.550000000000000e-01 1.779263215548615e+00 2.477332071099999e-02
6.600000000000000e-01 1.824432901381847e+00 2.167628879503073e-02
6.650000000000000e-01 1.870742917168772e+00 1.885412623475460e-02
6.700000000000000e-01 1.918222208176775e+00 1.629571395303827e-02
6.750000000000000e-01 1.966900450508319e+00 1.398934442998868e-02
6.800000000000000e-01 2.016808069649473e+00 1.192275645762281e-02
6.850000000000001e-01 2.067976259486829e+00 1.008315987239134e-02
6.900000000000001e-01 2.120437001804702e+00 8.457260847885438e-03
6.950000000000001e-01 2.174223086274785e+00 7.031297709275825e-03
7.000000000000001e-01 2.229368130950753e+00 5.791095695549580e-03
7.050000000000000e-01 2.285906603280654e+00 4.722146760907272e-03
7.100000000000000e-01 2.343873841650178e+00 3.809717567742124e-03
7.150000000000000e-01 2.403306077470301e+00 3.038985544218655e-03
7.200000000000000e-01 2.464240457823092e+00 2.395199569201224e-03
7.250000000000000e-01 2.526715068679855e+00 1.863858829974697e-03
7.300000000000000e-01 2.590768958706095e+00 1.430900976606777e-03
7.350000000000000e-01 2.656442163668210e+00 1.082889118735633e-03
7.400000000000000e-01 2.723775731457148e+00 8.071866406335053e-04
7.450000000000000e-01 2.792811747744667e+00 5.921093103263869e-04
7.500000000000000e-01 2.863593362288260e+00 4.270456779902224e-04
7.550000000000000e-01 2.936164815901156e+00 3.025391377479672e-04
7.600000000000000e-01 3.010571468104263e+00 2.103280102046784e-04
7.650000000000000e-01 3.086859825477351e+00 1.433432669410526e-04
7.700000000000000e-01 3.165077570727174e+00 9.566670773722431e-05
7.750000000000000e-01 3.245273592490716e+00 6.245517421865485e-05
7.800000000000000e-01 3.327498015892184e+00 3.983845554606500e-05
7.850000000000000e-01 3.411802233872832e+00 2.479972533246560e-05
7.900000000000000e-01 3.498238939313234e+00 1.504757908289097e-05
7.950000000000000e-01 3.586862157968046e+00 8.888081237446471e-06
8.000000000000000e-01 3.677727282233856e+00 5.103856094233080e-06
8.050000000000000e-01 3.770891105771243e+00 2.845421362143800e-06
8.100000000000001e-01 3.866411859002656e+00 1.537952395168394e-06
8.150000000000001e-01 3.964349245508326e+00 8.047478751652440e-07
8.200000000000001e-01 4.064764479342956e+00 4.070546713251270e-07
8.250000000000001e-01 4.167720323296481e+00 1.987287292629498e-07
8.300000000000001e-01 4.273281128122877e+00 9.349912075209209e-08
8.350000000000000e-01 4.381512872761445e+00 4.232565178725549e-08
8.400000000000000e-01 4.492483205575838e+00 1.840549184782488e-08
8.450000000000000e-01 4.606261486636447e+00 7.675866018721323e-09
8.500000000000000e-01 4.722918831072739e+00 3.064958587691278e-09
8.550000000000000e-01 4.842528153522501e+00 1.169810336778358e-09
8.600000000000000e-01 4.965164213705875e+00 4.260637631052146e-10
8.650000000000000e-01 5.090903663152626e+00 1.478354011634026e-10
8.700000000000000e-01 5.219825093111814e+00 4.878752657546066e-11
8.750000000000000e-01 5.352009083673925e+00 1.528821760537731e-11
8.800000000000000e-01 5.487538254136007e+00 4.541793377086539e-12
8.850000000000000e-01 5.626497314641444e+00 1.277153455570435e-12
8.900000000000000e-01 5.768973119126561e+00 3.394292036692187e-13
8.950000000000000e-01 5.915054719607133e+00 8.513694088260939e-14
9.000000000000000e-01 6.064833421838831e+00 2.012581929331417e-14
9.050000000000000e-01 6.218402842386253e+00 4.478122414755460e-15
9.100000000000000e-01 6.375858967136348e+00 9.367548068985983e-16
9.150000000000000e-01 6.537300211292723e+00 1.840215921996139e-16
9.200000000000000e-01 6.702827480888332e+00 3.391548751987600e-17
9.250000000000000e-01 6.872544235855034e+00 5.859203953550492e-18
9.300000000000000e-01 7.046556554689444e+00 9.481322891736464e-19
9.350000000000001e-01 7.224973200755413e+00 1.436225660014075e-19
9.400000000000001e-01 7.407905690264673e+00 2.035584877501181e-20
9.450000000000001e-01 7.595468361978146e+00 2.698442681024783e-21
9.500000000000001e-01 7.787778448671316e+00 3.344977585995912e-22
9.550000000000001e-01 7.984956150408610e+00 3.876855026208789e-23
9.600000000000000e-01 8.187124709672272e+00 4.201180585758678e-24
9.650000000000000e-01 8.394410488393007e+00 4.257092071057309e-25
9.700000000000000e-01 8.606943046930221e+00 4.034508659130435e-26
9.750000000000000e-01 8.824855225051540e+00 3.577072173739501e-27
9.800000000000000e-01 9.048283224961922e+00 2.968117628774133e-28
9.850000000000000e-01 9.277366696434507e+00 2.305884440742164e-29
9.900000000000000e-01 9.512248824096272e+00 1.677724016378434e-30
9.950000000000000e-01 9.753076416923058e+00 1.199765873852354e-31
1.000000000000000e+00 1.000000000000000e+01 -6.939130172138925e-32
