0.000000000000000e+00 0.000000000000000e+00 3.628619455577127e-01
5.000000000000000e-03 3.369477419287315e-03 3.628544234856911e-01
1.000000000000000e-02 6.741060871647481e-03 3.628423714831985e-01
1.500000000000000e-02 1.011685770649257e-02 3.628167096214645e-01
2.000000000000000e-02 1.349897790673588e-02 3.627850692039652e-01
2.500000000000000e-02 1.688953540759990e-02 3.627369996777278e-01
3.000000000000000e-02 2.029064941789469e-02 3.626800872509410e-01
3.500000000000000e-02 2.370444574459234e-02 3.626101622251344e-01
4.000000000000000e-02 2.713305812152553e-02 3.625303557498632e-01
4.500000000000000e-02 3.057862954304063e-02 3.624369784210292e-01
5.000000000000000e-02 3.404331360343898e-02 3.623333968718657e-01
5.500000000000000e-02 3.752927584304335e-02 3.622164596916376e-01
6.000000000000000e-02 4.103869510173117e-02 3.620879516349258e-01
6.500000000000000e-02 4.457376488078044e-02 3.619457362686396e-01
7.000000000000001e-02 4.813669471387935e-02 3.617916318232252e-01
7.500000000000000e-02 5.172971154815675e-02 3.616230574438324e-01
8.000000000000000e-02 5.535506113609672e-02 3.614412672744317e-01
8.500000000000001e-02 5.901500943920686e-02 3.612445802940972e-01
9.000000000000000e-02 6.271184404431801e-02 3.610338517882085e-01
9.500000000000000e-02 6.644787559340060e-02 3.608069734571600e-01
1.000000000000000e-01 7.022543922779090e-02 3.605648621685280e-01
1.050000000000000e-01 7.404689604773053e-02 3.603058145520741e-01
1.100000000000000e-01 7.791463458813094e-02 3.600300879887756e-01
1.150000000000000e-01 8.183107231148547e-02 3.597359487310328e-01
1.200000000000000e-01 8.579865711886202e-02 3.594239107929337e-01
1.250000000000000e-01 8.981986887992111e-02 3.590921147571271e-01
1.300000000000000e-01 9.389722098291493e-02 3.587404764902146e-01
1.350000000000000e-01 9.803326190563690e-02 3.583674249677070e-01
1.400000000000000e-01 1.022305768083033e-01 3.579730016402421e-01
1.450000000000000e-01 1.064917891493625e-01 3.575552220619994e-01
1.500000000000000e-01 1.108195623252418e-01 3.571137504336218e-01
1.550000000000000e-01 1.152166013350572e-01 3.566469618971296e-01
1.600000000000000e-01 1.196856544713255e-01 3.561544336310935e-01
1.650000000000000e-01 1.242295150377370e-01 3.556340734719644e-01
1.700000000000000e-01 1.288510230950609e-01 3.550852597280174e-01
1.750000000000000e-01 1.335530672362758e-01 3.545061776009297e-01
1.800000000000000e-01 1.383385863920344e-01 3.538959781958713e-01
1.850000000000000e-01 1.432105716675912e-01 3.532524071022510e-01
1.900000000000000e-01 1.481720682123397e-01 3.525744765397655e-01
1.950000000000000e-01 1.532261771231311e-01 3.518601107280037e-01
2.000000000000000e-01 1.583760573825595e-01 3.511080541472865e-01
2.050000000000000e-01 1.636249278334301e-01 3.503157913438076e-01
2.100000000000000e-01 1.689760691906397e-01 3.494818744229706e-01
2.150000000000000e-01 1.744328260917313e-01 3.486039063147090e-01
2.200000000000000e-01 1.799986091874004e-01 3.476802178793064e-01
2.250000000000000e-01 1.856768972732633e-01 3.467079345390289e-01
2.300000000000000e-01 1.914712394642179e-01 3.456850426763601e-01
2.350000000000000e-01 1.973852574127551e-01 3.446087154689479e-01
2.400000000000000e-01 2.034226475726105e-01 3.434768177033599e-01
2.450000000000000e-01 2.095871835091678e-01 3.422860672441146e-01
2.500000000000000e-01 2.158827182580599e-01 3.410338200682346e-01
2.550000000000000e-01 2.223131867334419e-01 3.397166160702336e-01
2.600000000000000e-01 2.288826081874405e-01 3.383316526748843e-01
2.650000000000000e-01 2.355950887223172e-01 3.368752118987165e-01
2.700000000000000e-01 2.424548238569160e-01 3.353440740927791e-01
2.750000000000000e-01 2.494661011489995e-01 3.337339954719129e-01
2.800000000000000e-01 2.566333028751116e-01 3.320412387561778e-01
2.850000000000000e-01 2.639609087696434e-01 3.302613282926299e-01
2.900000000000000e-01 2.714534988248126e-01 3.283902046124093e-01
2.950000000000000e-01 2.791157561533084e-01 3.264229530280249e-01
3.000000000000000e-01 2.869524699153886e-01 3.243550545840349e-01
3.050000000000000e-01 2.949685383122613e-01 3.221809401166356e-01
3.100000000000000e-01 3.031689716476197e-01 3.198954164300247e-01
3.150000000000000e-01 3.115588954592450e-01 3.174923695516718e-01
3.200000000000000e-01 3.201435537226349e-01 3.149658356401767e-01
3.250000000000000e-01 3.289283121286580e-01 3.123091724327723e-01
3.300000000000000e-01 3.379186614372866e-01 3.095155818281454e-01
3.350000000000000e-01 3.471202209094989e-01 3.065777182443289e-01
3.400000000000000e-01 3.565387418195016e-01 3.034878493662923e-01
3.450000000000000e-01 3.661801110494620e-01 3.002376942589325e-01
3.500000000000000e-01 3.760503547690021e-01 2.968184252149099e-01
3.550000000000000e-01 3.861556422017504e-01 2.932205763405348e-01
3.600000000000000e-01 3.965022894813072e-01 2.894339807274195e-01
3.650000000000000e-01 4.070967635990345e-01 2.854476751227563e-01
3.700000000000000e-01 4.179456864461349e-01 2.812497932610741e-01
3.750000000000000e-01 4.290558389525505e-01 2.768274322442248e-01
3.800000000000000e-01 4.404341653252637e-01 2.721664893885459e-01
3.850000000000000e-01 4.520877773886537e-01 2.672514590341353e-01
3.900000000000000e-01 4.640239590296172e-01 2.620651777719959e-01
3.950000000000000e-01 4.762501707502353e-01 2.565885012984530e-01
4.000000000000000e-01 4.887740543308307e-01 2.507998898633232e-01
4.050000000000000e-01 5.016034376063282e-01 2.446748696122508e-01
4.100000000000000e-01 5.147463393589066e-01 2.381853227195162e-01
4.150000000000000e-01 5.282109743299990e-01 2.312985369383743e-01
4.200000000000000e-01 5.420057583547735e-01 2.239759099176195e-01
4.250000000000000e-01 5.561393136223041e-01 2.161711459740704e-01
4.300000000000000e-01 5.706204740647189e-01 2.078276854033887e-01
4.350000000000000e-01 5.854582908786964e-01 1.988749342884275e-01
4.400000000000000e-01 6.006620381827575e-01 1.892225443283835e-01
4.450000000000000e-01 6.162412188138907e-01 1.787513684378476e-01
4.500000000000000e-01 6.322055702671360e-01 1.672984082064378e-01
4.550000000000000e-01 6.485650707818353e-01 1.546300724551332e-01
4.600000000000000e-01 6.653299455783577e-01 1.403904133783081e-01
4.650000000000000e-01 6.825106732491932e-01 1.239884300137977e-01
4.700000000000000e-01 7.001179923084168e-01 1.043075115981568e-01
4.750000000000000e-01 7.181629079036070e-01 7.874449857727062e-02
4.800000000000000e-01 7.366566986944229e-01 3.917336260101479e-02
4.850000000000000e-01 7.556109239021327e-01 -1.799689111592752e-02
4.900000000000000e-01 7.750374305345038e-01 -1.465105772051069e-02
4.950000000000000e-01 7.949483607905672e-01 -1.570890915736186e-02
5.000000000000000e-01 8.153561596498893e-01 -1.989479986954679e-02
5.050000000000000e-01 8.362735826510871e-01 -1.398830791417550e-02
5.100000000000000e-01 8.577137038644561e-01 -2.085182003030629e-02
5.150000000000000e-01 8.796899240636907e-01 -1.315771692791366e-02
5.200000000000000e-01 9.022159791018011e-01 -2.028016102407979e-02
5.250000000000000e-01 9.253059484964714e-01 -1.289801908066258e-02
5.300000000000000e-01 9.489742642302165e-01 -1.901304081923088e-02
5.350000000000000e-01 9.732357197708378e-01 -1.293389383818197e-02
5.400000000000000e-01 9.981054793178262e-01 -1.745877027812380e-02
5.450000000000000e-01 1.023599087280478e+00 -1.305597462804378e-02
5.500000000000000e-01 1.049732477993657e+00 -1.585954558922158e-02
5.550000000000000e-01 1.076521985677273e+00 -1.311422693223003e-02
5.600000000000001e-01 1.103984354645701e+00 -1.436392153279758e-02
5.650000000000001e-01 1.132136749773522e+00 -1.301226570247214e-02
5.700000000000001e-01 1.160996767224129e+00 -1.305345817458173e-02
5.750000000000001e-01 1.190582445447902e+00 -1.270276006228243e-02
5.800000000000000e-01 1.220912276456826e+00 -1.195600065139755e-02
5.850000000000000e-01 1.252005217382601e+00 -1.218182268816175e-02
5.900000000000000e-01 1.283880702325469e+00 -1.105613034381528e-02
5.950000000000000e-01 1.316558654501151e+00 -1.148065958799242e-02
6.000000000000000e-01 1.350059498693518e+00 -1.030694327599415e-02
6.050000000000000e-01 1.384404174020732e+00 -1.065366669265727e-02
6.100000000000000e-01 1.419614147022888e+00 -9.644425230543556e-03
6.150000000000000e-01 1.455711425079295e+00 -9.763497535870568e-03
6.200000000000000e-01 1.492718570163803e+00 -9.003538201546590e-03
6.250000000000000e-01 1.530658712946775e+00 -8.865294438300938e-03
6.300000000000000e-01 1.569555567252506e+00 -8.333208505990458e-03
6.350000000000000e-01 1.609433444881138e+00 -7.993805024098405e-03
6.400000000000000e-01 1.650317270804325e+00 -7.606171100580713e-03
6.450000000000000e-01 1.692232598744148e+00 -7.157578823301876e-03
6.500000000000000e-01 1.735205627145031e+00 -6.820054669813633e-03
6.550000000000000e-01 1.779263215548615e+00 -6.342786867259966e-03
6.600000000000000e-01 1.824432901381847e+00 -5.989001432900346e-03
6.650000000000000e-01 1.870742917168772e+00 -5.525114048834075e-03
6.700000000000000e-01 1.918222208176775e+00 -5.129936772161232e-03
6.750000000000000e-01 1.966900450508319e+00 -4.683359604876164e-03
6.800000000000000e-01 2.016808069649473e+00 -4.251342593429228e-03
6.850000000000001e-01 2.067976259486829e+00 -3.806834457863421e-03
6.900000000000001e-01 2.120437001804702e+00 -3.350835703970261e-03
6.950000000000001e-01 2.174223086274785e+00 -2.893465039384298e-03
7.000000000000001e-01 2.229368130950753e+00 -2.420574737202658e-03
7.050000000000000e-01 2.285906603280654e+00 -1.943349423520057e-03
7.100000000000000e-01 2.343873841650178e+00 -1.453472290321532e-03
7.150000000000000e-01 2.403306077470301e+00 -9.548053537642558e-04
7.200000000000000e-01 2.464240457823092e+00 -4.452133043241148e-04
7.250000000000000e-01 2.526715068679855e+00 7.528668788088888e-05
7.300000000000000e-01 2.590768958706095e+00 6.067611858345289e-04
7.350000000000000e-01 2.656442163668210e+00 1.149756433778418e-03
7.400000000000000e-01 2.723775731457148e+00 1.704175411600141e-03
7.450000000000000e-01 2.792811747744667e+00 2.270224409745149e-03
7.500000000000000e-01 2.863593362288260e+00 2.847814131359973e-03
7.550000000000000e-01 2.936164815901156e+00 3.436822560948574e-03
7.600000000000000e-01 3.010571468104263e+00 4.036977809961356e-03
7.650000000000000e-01 3.086859825477351e+00 4.647854479786738e-03
7.700000000000000e-01 3.165077570727174e+00 5.268854070425484e-03
7.750000000000000e-01 3.245273592490716e+00 5.899164653644343e-03
7.800000000000000e-01 3.327498015892184e+00 6.537730185393323e-03
7.850000000000000e-01 3.411802233872832e+00 7.183205183250004e-03
7.900000000000000e-01 3.498238939313234e+00 7.833906374506724e-03
7.950000000000000e-01 3.586862157968046e+00 8.487755700146128e-03
8.000000000000000e-01 3.677727282233856e+00 9.142215614395299e-03
8.050000000000000e-01 3.770891105771243e+00 9.794216156530700e-03
8.100000000000001e-01 3.866411859002656e+00 1.044007323362629e-02
8.150000000000001e-01 3.964349245508326e+00 1.107539830165495e-02
8.200000000000001e-01 4.064764479342956e+00 1.169500104886415e-02
8.250000000000001e-01 4.167720323296481e+00 1.229278742967109e-02
8.300000000000001e-01 4.273281128122877e+00 1.286165637131995e-02
8.350000000000000e-01 4.381512872761445e+00 1.339340298885693e-02
8.400000000000000e-01 4.492483205575838e+00 1.387864185832187e-02
8.450000000000000e-01 4.606261486636447e+00 1.430676665476685e-02
8.500000000000000e-01 4.722918831072739e+00 1.466596801020152e-02
8.550000000000000e-01 4.842528153522501e+00 1.494334672931780e-02
8.600000000000000e-01 4.965164213705875e+00 1.512517176171431e-02
8.650000000000000e-01 5.090903663152626e+00 1.519732142180126e-02
8.700000000000000e-01 5.219825093111814e+00 1.514592105130133e-02
8.750000000000000e-01 5.352009083673925e+00 1.495817930356996e-02
8.800000000000000e-01 5.487538254136007e+00 1.462342100171754e-02
8.850000000000000e-01 5.626497314641444e+00 1.413427006835491e-02
8.900000000000000e-01 5.768973119126561e+00 1.348785174621853e-02
8.950000000000000e-01 5.915054719607133e+00 1.268685742443042e-02
9.000000000000000e-01 6.064833421838831e+00 1.174043520612997e-02
9.050000000000000e-01 6.218402842386253e+00 1.066504372326234e-02
9.100000000000000e-01 6.375858967136348e+00 9.485380990789502e-03
9.150000000000000e-01 6.537300211292723e+00 8.235118936485911e-03
9.200000000000000e-01 6.702827480888332e+00 6.956639094839234e-03
9.250000000000000e-01 6.872544235855034e+00 5.698768311195221e-03
9.300000000000000e-01 7.046556554689444e+00 4.512035849217647e-03
9.350000000000001e-01 7.224973200755413e+00 3.442093875962607e-03
9.400000000000001e-01 7.407905690264673e+00 2.523037866167550e-03
9.450000000000001e-01 7.595468361978146e+00 1.772731760859927e-03
9.500000000000001e-01 7.787778448671316e+00 1.191607973766830e-03
9.550000000000001e-01 7.984956150408610e+00 7.651177693929833e-04
9.600000000000000e-01 8.187124709672272e+00 4.687317224247160e-04
9.650000000000000e-01 8.394410488393007e+00 2.737567729229891e-04
9.700000000000000e-01 8.606943046930221e+00 1.523347855031656e-04
9.750000000000000e-01 8.824855225051540e+00 8.074854983856162e-05
9.800000000000000e-01 9.048283224961922e+00 4.074909602183833e-05
9.850000000000000e-01 9.277366696434507e+00 1.961914113001634e-05
9.900000000000000e-01 9.512248824096272e+00 8.935198881462407e-06
9.950000000000000e-01 9.753076416923058e+00 4.029547836470074e-06
1.000000000000000e+00 1.000000000000000e+01 1.421452482280641e-06
