0.000000000000000e+00 0.000000000000000e+00 4.907435588765775e-01
5.000000000000000e-03 3.369477419287315e-03 4.907378732068443e-01
1.000000000000000e-02 6.741060871647481e-03 4.907258985107337e-01
1.500000000000000e-02 1.011685770649257e-02 4.906995997914355e-01
2.000000000000000e-02 1.349897790673588e-02 4.906668200708255e-01
2.500000000000000e-02 1.688953540759990e-02 4.906176786749776e-01
3.000000000000000e-02 2.029064941789469e-02 4.905587870766022e-01
3.500000000000000e-02 2.370444574459234e-02 4.904865937136686e-01
4.000000000000000e-02 2.713305812152553e-02 4.904046965996666e-01
4.500000000000000e-02 3.057862954304063e-02 4.903088894606432e-01
5.000000000000000e-02 3.404331360343898e-02 4.902018637252090e-01
5.500000000000000e-02 3.752927584304335e-02 4.900812081888083e-01
6.000000000000000e-02 4.103869510173117e-02 4.899492247842646e-01
6.500000000000000e-02 4.457376488078044e-02 4.898031834393498e-01
7.000000000000001e-02 4.813669471387935e-02 4.896446146746793e-01
7.500000000000000e-02 5.172971154815675e-02 4.894712146449323e-01
8.000000000000000e-02 5.535506113609672e-02 4.892841832814082e-01
8.500000000000001e-02 5.901500943920686e-02 4.890818285050358e-01
9.000000000000000e-02 6.271184404431801e-02 4.888653586382564e-01
9.500000000000000e-02 6.644787559340060e-02 4.886326213514828e-01
1.000000000000000e-01 7.022543922779090e-02 4.883845298988326e-01
1.050000000000000e-01 7.404689604773053e-02 4.881190273422834e-01
1.100000000000000e-01 7.791463458813094e-02 4.878363896648909e-01
1.150000000000000e-01 8.183107231148547e-02 4.875352030220572e-01
1.200000000000000e-01 8.579865711886202e-02 4.872151577793169e-01
1.250000000000000e-01 8.981986887992111e-02 4.868752675464891e-01
1.300000000000000e-01 9.389722098291493e-02 4.865148659066432e-01
1.350000000000000e-01 9.803326190563690e-02 4.861330605274020e-01
1.400000000000000e-01 1.022305768083033e-01 4.857289891790924e-01
1.450000000000000e-01 1.064917891493625e-01 4.853016987808976e-01
1.500000000000000e-01 1.108195623252418e-01 4.848501943888787e-01
1.550000000000000e-01 1.152166013350572e-01 4.843734184385743e-01
1.600000000000000e-01 1.196856544713255e-01 4.838702569408964e-01
1.650000000000000e-01 1.242295150377370e-01 4.833395354527496e-01
1.700000000000000e-01 1.288510230950609e-01 4.827800181762650e-01
1.750000000000000e-01 1.335530672362758e-01 4.821904057409009e-01
1.800000000000000e-01 1.383385863920344e-01 4.815693331617404e-01
1.850000000000000e-01 1.432105716675912e-01 4.809153675758489e-01
1.900000000000000e-01 1.481720682123397e-01 4.802270059063387e-01
1.950000000000000e-01 1.532261771231311e-01 4.795026724378481e-01
2.000000000000000e-01 1.583760573825595e-01 4.787407163256091e-01
2.050000000000000e-01 1.636249278334301e-01 4.779394090475251e-01
2.100000000000000e-01 1.689760691906397e-01 4.770969418107432e-01
2.150000000000000e-01 1.744328260917313e-01 4.762114229237847e-01
2.200000000000000e-01 1.799986091874004e-01 4.752808751461965e-01
2.250000000000000e-01 1.856768972732633e-01 4.743032330287255e-01
2.300000000000000e-01 1.914712394642179e-01 4.732763402584877e-01
2.350000000000000e-01 1.973852574127551e-01 4.721979470252526e-01
2.400000000000000e-01 2.034226475726105e-01 4.710657074269003e-01
2.450000000000000e-01 2.095871835091678e-01 4.698771769343195e-01
2.500000000000000e-01 2.158827182580599e-01 4.686298099384062e-01
2.550000000000000e-01 2.223131867334419e-01 4.673209574045286e-01
2.600000000000000e-01 2.288826081874405e-01 4.659478646627698e-01
2.650000000000000e-01 2.355950887223172e-01 4.645076693654689e-01
2.700000000000000e-01 2.424548238569160e-01 4.629973996471017e-01
2.750000000000000e-01 2.494661011489995e-01 4.614139725253276e-01
2.800000000000000e-01 2.566333028751116e-01 4.597541925861497e-01
2.850000000000000e-01 2.639609087696434e-01 4.580147510005503e-01
2.900000000000000e-01 2.714534988248126e-01 4.561922249246977e-01
2.950000000000000e-01 2.791157561533084e-01 4.542830773409083e-01
3.000000000000000e-01 2.869524699153886e-01 4.522836574019271e-01
3.050000000000000e-01 2.949685383122613e-01 4.501902013468064e-01
3.100000000000000e-01 3.031689716476197e-01 4.479988340627079e-01
3.150000000000000e-01 3.115588954592450e-01 4.457055713732663e-01
3.200000000000000e-01 3.201435537226349e-01 4.433063231407702e-01
3.250000000000000e-01 3.289283121286580e-01 4.407968972762524e-01
3.300000000000000e-01 3.379186614372866e-01 4.381730047586586e-01
3.350000000000000e-01 3.471202209094989e-01 4.354302657714111e-01
3.400000000000000e-01 3.565387418195016e-01 4.325642170720365e-01
3.450000000000000e-01 3.661801110494620e-01 4.295703207177221e-01
3.500000000000000e-01 3.760503547690021e-01 4.264439742769046e-01
3.550000000000000e-01 3.861556422017504e-01 4.231805226638992e-01
3.600000000000000e-01 3.965022894813072e-01 4.197752717401920e-01
3.650000000000000e-01 4.070967635990345e-01 4.162235038320466e-01
3.700000000000000e-01 4.179456864461349e-01 4.125204953194386e-01
3.750000000000000e-01 4.290558389525505e-01 4.086615364557100e-01
3.800000000000000e-01 4.404341653252637e-01 4.046419535805414e-01
3.850000000000000e-01 4.520877773886537e-01 4.004571338905846e-01
3.900000000000000e-01 4.640239590296172e-01 3.961025529320375e-01
3.950000000000000e-01 4.762501707502353e-01 3.915738049772351e-01
4.000000000000000e-01 4.887740543308307e-01 3.868666364425880e-01
4.050000000000000e-01 5.016034376063282e-01 3.819769824974814e-01
4.100000000000000e-01 5.147463393589066e-01 3.769010070025232e-01
4.150000000000000e-01 5.282109743299990e-01 3.716351459003384e-01
4.200000000000000e-01 5.420057583547735e-01 3.661761541622710e-01
4.250000000000000e-01 5.561393136223041e-01 3.605211563692382e-01
4.300000000000000e-01 5.706204740647189e-01 3.546677009738797e-01
4.350000000000000e-01 5.854582908786964e-01 3.486138182531038e-01
4.400000000000000e-01 6.006620381827575e-01 3.423580819143335e-01
4.450000000000000e-01 6.162412188138907e-01 3.358996742639444e-01
4.500000000000000e-01 6.322055702671360e-01 3.292384547813563e-01
4.550000000000000e-01 6.485650707818353e-01 3.223750318654014e-01
4.600000000000000e-01 6.653299455783577e-01 3.153108374290506e-01
4.650000000000000e-01 6.825106732491932e-01 3.080482039122120e-01
4.700000000000000e-01 7.001179923084168e-01 3.005904431572596e-01
4.750000000000000e-01 7.181629079036070e-01 2.929419264451786e-01
4.800000000000000e-01 7.366566986944229e-01 2.851081648178374e-01
4.850000000000000e-01 7.556109239021327e-01 2.770958886097297e-01
4.900000000000000e-01 7.750374305345038e-01 2.689131248759759e-01
4.950000000000000e-01 7.949483607905672e-01 2.605692711279250e-01
5.000000000000000e-01 8.153561596498893e-01 2.520751634696784e-01
5.050000000000000e-01 8.362735826510871e-01 2.434431368665172e-01
5.100000000000000e-01 8.577137038644561e-01 2.346870748717156e-01
5.150000000000000e-01 8.796899240636907e-01 2.258224456999401e-01
5.200000000000000e-01 9.022159791018011e-01 2.168663210814237e-01
5.250000000000000e-01 9.253059484964714e-01 2.078373738928088e-01
5.300000000000000e-01 9.489742642302165e-01 1.987558501868225e-01
5.350000000000000e-01 9.732357197708378e-01 1.896435110029329e-01
5.400000000000000e-01 9.981054793178262e-01 1.805235393251431e-01
5.450000000000000e-01 1.023599087280478e+00 1.714204078686893e-01
5.500000000000000e-01 1.049732477993657e+00 1.623597041393416e-01
5.550000000000000e-01 1.076521985677273e+00 1.533679105206363e-01
5.600000000000001e-01 1.103984354645701e+00 1.444721390708019e-01
5.650000000000001e-01 1.132136749773522e+00 1.356998232468745e-01
5.700000000000001e-01 1.160996767224129e+00 1.270783718102199e-01
5.750000000000001e-01 1.190582445447902e+00 1.186347934737005e-01
5.800000000000000e-01 1.220912276456826e+00 1.103953040718341e-01
5.850000000000000e-01 1.252005217382601e+00 1.023849307291975e-01
5.900000000000000e-01 1.283880702325469e+00 9.462712920639788e-02
5.950000000000000e-01 1.316558654501151e+00 8.714343092867186e-02
6.000000000000000e-01 1.350059498693518e+00 7.995313493284446e-02
6.050000000000000e-01 1.384404174020732e+00 7.307305713285563e-02
6.100000000000000e-01 1.419614147022888e+00 6.651734519922094e-02
6.150000000000000e-01 1.455711425079295e+00 6.029736249727239e-02
6.200000000000000e-01 1.492718570163803e+00 5.442163958496688e-02
6.250000000000000e-01 1.530658712946775e+00 4.889588738533905e-02
6.300000000000000e-01 1.569555567252506e+00 4.372306284923401e-02
6.350000000000000e-01 1.609433444881138e+00 3.890347602795491e-02
6.400000000000000e-01 1.650317270804325e+00 3.443492705709698e-02
6.450000000000000e-01 1.692232598744148e+00 3.031286246404777e-02
6.500000000000000e-01 1.735205627145031e+00 2.653054214071570e-02
6.550000000000000e-01 1.779263215548615e+00 2.307921086920624e-02
6.600000000000000e-01 1.824432901381847e+00 1.994827103295887e-02
6.650000000000000e-01 1.870742917168772e+00 1.712545570944692e-02
6.700000000000000e-01 1.918222208176775e+00 1.459700341887884e-02
6.750000000000000e-01 1.966900450508319e+00 1.234783718777711e-02
6.800000000000000e-01 2.016808069649473e+00 1.036175117000369e-02
6.850000000000001e-01 2.067976259486829e+00 8.621607842503872e-03
6.900000000000001e-01 2.120437001804702e+00 7.109547839206398e-03
6.950000000000001e-01 2.174223086274785e+00 5.807212957875633e-03
7.000000000000001e-01 2.229368130950753e+00 4.695980978351552e-03
7.050000000000000e-01 2.285906603280654e+00 3.757208903742832e-03
7.100000000000000e-01 2.343873841650178e+00 2.972479321321273e-03
7.150000000000000e-01 2.403306077470301e+00 2.323843001087767e-03
7.200000000000000e-01 2.464240457823092e+00 1.794049791833889e-03
7.250000000000000e-01 2.526715068679855e+00 1.366759466287351e-03
7.300000000000000e-01 2.590768958706095e+00 1.026724472471807e-03
7.350000000000000e-01 2.656442163668210e+00 7.599375620197372e-04
7.400000000000000e-01 2.723775731457148e+00 5.537389139241287e-04
7.450000000000000e-01 2.792811747744667e+00 3.968795184056893e-04
7.500000000000000e-01 2.863593362288260e+00 2.795400440553152e-04
7.550000000000000e-01 2.936164815901156e+00 1.933069616887320e-04
7.600000000000000e-01 3.010571468104263e+00 1.311101062587810e-04
7.650000000000000e-01 3.086859825477351e+00 8.712790013961558e-05
7.700000000000000e-01 3.165077570727174e+00 5.666794980365542e-05
7.750000000000000e-01 3.245273592490716e+00 3.603153594617528e-05
7.800000000000000e-01 3.327498015892184e+00 2.237059451142177e-05
7.850000000000000e-01 3.411802233872832e+00 1.354516783870596e-05
7.900000000000000e-01 3.498238939313234e+00 7.988106233537555e-06
7.950000000000000e-01 3.586862157968046e+00 4.582197918657372e-06
8.000000000000000e-01 3.677727282233856e+00 2.553111345155689e-06
8.050000000000000e-01 3.770891105771243e+00 1.379761895247052e-06
8.100000000000001e-01 3.866411859002656e+00 7.221491469156809e-07
8.150000000000001e-01 3.964349245508326e+00 3.654815294194892e-07
8.200000000000001e-01 4.064764479342956e+00 1.785768262349560e-07
8.250000000000001e-01 4.167720323296481e+00 8.409881369695986e-08
8.300000000000001e-01 4.273281128122877e+00 3.810862256332636e-08
8.350000000000000e-01 4.381512872761445e+00 1.658706511665089e-08
8.400000000000000e-01 4.492483205575838e+00 6.922380642289103e-09
8.450000000000000e-01 4.606261486636447e+00 2.764981114647502e-09
8.500000000000000e-01 4.722918831072739e+00 1.055061200248277e-09
8.550000000000000e-01 4.842528153522501e+00 3.838837843584853e-10
8.600000000000000e-01 4.965164213705875e+00 1.329350809621923e-10
8.650000000000000e-01 5.090903663152626e+00 4.372959168879522e-11
8.700000000000000e-01 5.219825093111814e+00 1.363914194554688e-11
8.750000000000000e-01 5.352009083673925e+00 4.025878917847534e-12
8.800000000000000e-01 5.487538254136007e+00 1.122520285848373e-12
8.850000000000000e-01 5.626497314641444e+00 2.951224920406763e-13
8.900000000000000e-01 5.768973119126561e+00 7.303354364321997e-14
8.950000000000000e-01 5.915054719607133e+00 1.698321037235550e-14
9.000000000000000e-01 6.064833421838831e+00 3.705044455184624e-15
9.050000000000000e-01 6.218402842386253e+00 7.571480206026986e-16
9.100000000000000e-01 6.375858967136348e+00 1.447314750882441e-16
9.150000000000000e-01 6.537300211292723e+00 2.584457387776476e-17
9.200000000000000e-01 6.702827480888332e+00 4.306079688772170e-18
9.250000000000000e-01 6.872544235855034e+00 6.687136556914075e-19
9.300000000000000e-01 7.046556554689444e+00 9.670389634802722e-20
9.350000000000001e-01 7.224973200755413e+00 1.301242602375940e-20
9.400000000000001e-01 7.407905690264673e+00 1.628228986358945e-21
9.450000000000001e-01 7.595468361978146e+00 1.893726581085328e-22
9.500000000000001e-01 7.787778448671316e+00 2.046609444829330e-23
9.550000000000001e-01 7.984956150408610e+00 2.054983268711194e-24
9.600000000000000e-01 8.187124709672272e+00 1.917089856352770e-25
9.650000000000000e-01 8.394410488393007e+00 1.661896734836299e-26
9.700000000000000e-01 8.606943046930221e+00 1.339107660887153e-27
9.750000000000000e-01 8.824855225051540e+00 1.003343018856860e-28
9.800000000000000e-01 9.048283224961922e+00 6.993947486343430e-30
9.850000000000000e-01 9.277366696434507e+00 4.538254481831950e-31
9.900000000000000e-01 9.512248824096272e+00 2.742729259485603e-32
9.950000000000000e-01 9.753076416923058e+00 1.611236698918529e-33
1.000000000000000e+00 1.000000000000000e+01 -1.032230849526738e-33
