0.000000000000000e+00 0.000000000000000e+00 4.977884142784713e-01
5.000000000000000e-03 3.369477419287315e-03 4.977827371127735e-01
1.000000000000000e-02 6.741060871647481e-03 4.977702654800260e-01
1.500000000000000e-02 1.011685770649257e-02 4.977434403071496e-01
2.000000000000000e-02 1.349897790673588e-02 4.977102646571706e-01
2.500000000000000e-02 1.688953540759990e-02 4.976603680939332e-01
3.000000000000000e-02 2.029064941789469e-02 4.976000200191496e-01
3.500000000000000e-02 2.370444574459234e-02 4.975260357674804e-01
4.000000000000000e-02 2.713305812152553e-02 4.974424520641632e-01
4.500000000000000e-02 3.057862954304063e-02 4.973451692266396e-01
5.000000000000000e-02 3.404331360343898e-02 4.972370200356701e-01
5.500000000000000e-02 3.752927584304335e-02 4.971148372426639e-01
6.000000000000000e-02 4.103869510173117e-02 4.969799105122939e-01
6.500000000000000e-02 4.457376488078044e-02 4.968309953703904e-01
7.000000000000001e-02 4.813669471387935e-02 4.966682699371373e-01
7.500000000000000e-02 5.172971154815675e-02 4.964912156148414e-01
8.000000000000000e-02 5.535506113609672e-02 4.962995459725336e-01
8.500000000000001e-02 5.901500943920686e-02 4.960928118264116e-01
9.000000000000000e-02 6.271184404431801e-02 4.958705527808462e-01
9.500000000000000e-02 6.644787559340060e-02 4.956322496971124e-01
1.000000000000000e-01 7.022543922779090e-02 4.953773434254589e-01
1.050000000000000e-01 7.404689604773053e-02 4.951052309877749e-01
1.100000000000000e-01 7.791463458813094e-02 4.948152669885866e-01
1.150000000000000e-01 8.183107231148547e-02 4.945067627456932e-01
1.200000000000000e-01 8.579865711886202e-02 4.941789854646831e-01
1.250000000000000e-01 8.981986887992111e-02 4.938311570576363e-01
1.300000000000000e-01 9.389722098291493e-02 4.934624528004777e-01
1.350000000000000e-01 9.803326190563690e-02 4.930719998415167e-01
1.400000000000000e-01 1.022305768083033e-01 4.926588755903846e-01
1.450000000000000e-01 1.064917891493625e-01 4.922221060008450e-01
1.500000000000000e-01 1.108195623252418e-01 4.917606637572808e-01
1.550000000000000e-01 1.152166013350572e-01 4.912734663715858e-01
1.600000000000000e-01 1.196856544713255e-01 4.907593741955638e-01
1.650000000000000e-01 1.242295150377370e-01 4.902171883530799e-01
1.700000000000000e-01 1.288510230950609e-01 4.896456485957903e-01
1.750000000000000e-01 1.335530672362758e-01 4.890434310862165e-01
1.800000000000000e-01 1.383385863920344e-01 4.884091461121144e-01
1.850000000000000e-01 1.432105716675912e-01 4.877413357364575e-01
1.900000000000000e-01 1.481720682123397e-01 4.870384713878957e-01
1.950000000000000e-01 1.532261771231311e-01 4.862989513972272e-01
2.000000000000000e-01 1.583760573825595e-01 4.855210984862541e-01
2.050000000000000e-01 1.636249278334301e-01 4.847031572163296e-01
2.100000000000000e-01 1.689760691906397e-01 4.838432914050229e-01
2.150000000000000e-01 1.744328260917313e-01 4.829395815205368e-01
2.200000000000000e-01 1.799986091874004e-01 4.819900220649216e-01
2.250000000000000e-01 1.856768972732633e-01 4.809925189586464e-01
2.300000000000000e-01 1.914712394642179e-01 4.799448869408192e-01
2.350000000000000e-01 1.973852574127551e-01 4.788448470012178e-01
2.400000000000000e-01 2.034226475726105e-01 4.776900238623669e-01
2.450000000000000e-01 2.095871835091678e-01 4.764779435321882e-01
2.500000000000000e-01 2.158827182580599e-01 4.752060309502201e-01
2.550000000000000e-01 2.223131867334419e-01 4.738716077531313e-01
2.600000000000000e-01 2.288826081874405e-01 4.724718901882060e-01
2.650000000000000e-01 2.355950887223172e-01 4.710039872066796e-01
2.700000000000000e-01 2.424548238569160e-01 4.694648987722755e-01
2.750000000000000e-01 2.494661011489995e-01 4.678515144240388e-01
2.800000000000000e-01 2.566333028751116e-01 4.661606121365809e-01
2.850000000000000e-01 2.639609087696434e-01 4.643888575251794e-01
2.900000000000000e-01 2.714534988248126e-01 4.625328034477705e-01
2.950000000000000e-01 2.791157561533084e-01 4.605888900608019e-01
3.000000000000000e-01 2.869524699153886e-01 4.585534453911138e-01
3.050000000000000e-01 2.949685383122613e-01 4.564226864915009e-01
3.100000000000000e-01 3.031689716476197e-01 4.541927212534112e-01
3.150000000000000e-01 3.115588954592450e-01 4.518595509562398e-01
3.200000000000000e-01 3.201435537226349e-01 4.494190736389755e-01
3.250000000000000e-01 3.289283121286580e-01 4.468670883863897e-01
3.300000000000000e-01 3.379186614372866e-01 4.441993006286020e-01
3.350000000000000e-01 3.471202209094989e-01 4.414113285595297e-01
3.400000000000000e-01 3.565387418195016e-01 4.384987107864633e-01
3.450000000000000e-01 3.661801110494620e-01 4.354569153296446e-01
3.500000000000000e-01 3.760503547690021e-01 4.322813500971643e-01
3.550000000000000e-01 3.861556422017504e-01 4.289673749666432e-01
3.600000000000000e-01 3.965022894813072e-01 4.255103156108042e-01
3.650000000000000e-01 4.070967635990345e-01 4.219054792090354e-01
3.700000000000000e-01 4.179456864461349e-01 4.181481721911831e-01
3.750000000000000e-01 4.290558389525505e-01 4.142337201628086e-01
3.800000000000000e-01 4.404341653252637e-01 4.101574901627632e-01
3.850000000000000e-01 4.520877773886537e-01 4.059149154038375e-01
3.900000000000000e-01 4.640239590296172e-01 4.015015226450795e-01
3.950000000000000e-01 4.762501707502353e-01 3.969129623397371e-01
4.000000000000000e-01 4.887740543308307e-01 3.921450416952356e-01
4.050000000000000e-01 5.016034376063282e-01 3.871937607706856e-01
4.100000000000000e-01 5.147463393589066e-01 3.820553517225176e-01
4.150000000000000e-01 5.282109743299990e-01 3.767263212894987e-01
4.200000000000000e-01 5.420057583547735e-01 3.712034965838987e-01
4.250000000000000e-01 5.561393136223041e-01 3.654840742253012e-01
4.300000000000000e-01 5.706204740647189e-01 3.595656728168661e-01
4.350000000000000e-01 5.854582908786964e-01 3.534463887199352e-01
4.400000000000000e-01 6.006620381827575e-01 3.471248550311212e-01
4.450000000000000e-01 6.162412188138907e-01 3.406003036055852e-01
4.500000000000000e-01 6.322055702671360e-01 3.338726299004507e-01
4.550000000000000e-01 6.485650707818353e-01 3.269424603324911e-01
4.600000000000000e-01 6.653299455783577e-01 3.198112217536958e-01
4.650000000000000e-01 6.825106732491932e-01 3.124812125465463e-01
4.700000000000000e-01 7.001179923084168e-01 3.049556747272544e-01
4.750000000000000e-01 7.181629079036070e-01 2.972388663195635e-01
4.800000000000000e-01 7.366566986944229e-01 2.893361331237977e-01
4.850000000000000e-01 7.556109239021327e-01 2.812539788557537e-01
4.900000000000000e-01 7.750374305345038e-01 2.730001324682508e-01
4.950000000000000e-01 7.949483607905672e-01 2.645836112955826e-01
5.000000000000000e-01 8.153561596498893e-01 2.560147784793817e-01
5.050000000000000e-01 8.362735826510871e-01 2.473053929460706e-01
5.100000000000000e-01 8.577137038644561e-01 2.384686500150023e-01
5.150000000000000e-01 8.796899240636907e-01 2.295192105282927e-01
5.200000000000000e-01 9.022159791018011e-01 2.204732162162971e-01
5.250000000000000e-01 9.253059484964714e-01 2.113482888579394e-01
5.300000000000000e-01 9.489742642302165e-01 2.021635106777929e-01
5.350000000000000e-01 9.732357197708378e-01 1.929393833615262e-01
5.400000000000000e-01 9.981054793178262e-01 1.836977630925496e-01
5.450000000000000e-01 1.023599087280478e+00 1.744617691443142e-01
5.500000000000000e-01 1.049732477993657e+00 1.652556638366092e-01
5.550000000000000e-01 1.076521985677273e+00 1.561047021124475e-01
5.600000000000001e-01 1.103984354645701e+00 1.470349496421311e-01
5.650000000000001e-01 1.132136749773522e+00 1.380730692294269e-01
5.700000000000001e-01 1.160996767224129e+00 1.292460763794221e-01
5.750000000000001e-01 1.190582445447902e+00 1.205810661607521e-01
5.800000000000000e-01 1.220912276456826e+00 1.121049148973158e-01
5.850000000000000e-01 1.252005217382601e+00 1.038439616651628e-01
5.900000000000000e-01 1.283880702325469e+00 9.582367593135238e-02
5.950000000000000e-01 1.316558654501151e+00 8.806831882284961e-02
6.000000000000000e-01 1.350059498693518e+00 8.060060633171701e-02
6.050000000000000e-01 1.384404174020732e+00 7.344138315535723e-02
6.100000000000000e-01 1.419614147022888e+00 6.660931579638533e-02
6.150000000000000e-01 1.455711425079295e+00 6.012061302894672e-02
6.200000000000000e-01 1.492718570163803e+00 5.398878096285411e-02
6.250000000000000e-01 1.530658712946775e+00 4.822441883608615e-02
6.300000000000000e-01 1.569555567252506e+00 4.283506048966855e-02
6.350000000000000e-01 1.609433444881138e+00 3.782506535940464e-02
6.400000000000000e-01 1.650317270804325e+00 3.319556184120274e-02
6.450000000000000e-01 1.692232598744148e+00 2.894444506898828e-02
6.500000000000000e-01 1.735205627145031e+00 2.506643043606248e-02
6.550000000000000e-01 1.779263215548615e+00 2.155316348898141e-02
6.600000000000000e-01 1.824432901381847e+00 1.839338599999378e-02
6.650000000000000e-01 1.870742917168772e+00 1.557315696225645e-02
6.700000000000000e-01 1.918222208176775e+00 1.307612587607334e-02
6.750000000000000e-01 1.966900450508319e+00 1.088385399394340e-02
6.800000000000000e-01 2.016808069649473e+00 8.976177231761829e-03
6.850000000000001e-01 2.067976259486829e+00 7.331602367916299e-03
6.900000000000001e-01 2.120437001804702e+00 5.927726129619863e-03
6.950000000000001e-01 2.174223086274785e+00 4.741665023031012e-03
7.000000000000001e-01 2.229368130950753e+00 3.750482515436821e-03
7.050000000000000e-01 2.285906603280654e+00 2.931599608334713e-03
7.100000000000000e-01 2.343873841650178e+00 2.263175078530607e-03
7.150000000000000e-01 2.403306077470301e+00 1.724442766011155e-03
7.200000000000000e-01 2.464240457823092e+00 1.295995225516406e-03
7.250000000000000e-01 2.526715068679855e+00 9.600057240635295e-04
7.300000000000000e-01 2.590768958706095e+00 7.003837760006957e-04
7.350000000000000e-01 2.656442163668210e+00 5.028629201727634e-04
7.400000000000000e-01 2.723775731457148e+00 3.550229858475800e-04
7.450000000000000e-01 2.792811747744667e+00 2.462523834416904e-04
7.500000000000000e-01 2.863593362288260e+00 1.676587327812245e-04
7.550000000000000e-01 2.936164815901156e+00 1.119381949047602e-04
7.600000000000000e-01 3.010571468104263e+00 7.321506479565846e-05
7.650000000000000e-01 3.086859825477351e+00 4.686346095090806e-05
7.700000000000000e-01 3.165077570727174e+00 2.932235478113085e-05
7.750000000000000e-01 3.245273592490716e+00 1.791384559341272e-05
7.800000000000000e-01 3.327498015892184e+00 1.067270015446857e-05
7.850000000000000e-01 3.411802233872832e+00 6.192975264107303e-06
7.900000000000000e-01 3.498238939313234e+00 3.495272280029685e-06
7.950000000000000e-01 3.586862157968046e+00 1.916056757515916e-06
8.000000000000000e-01 3.677727282233856e+00 1.018688574991642e-06
8.050000000000000e-01 3.770891105771243e+00 5.244573633670798e-07
8.100000000000001e-01 3.866411859002656e+00 2.610439275696208e-07
8.150000000000001e-01 3.964349245508326e+00 1.254061143240782e-07
8.200000000000001e-01 4.064764479342956e+00 5.804433528735316e-08
8.250000000000001e-01 4.167720323296481e+00 2.583674642362379e-08
8.300000000000001e-01 4.273281128122877e+00 1.103873847482428e-08
8.350000000000000e-01 4.381512872761445e+00 4.517904717302785e-09
8.400000000000000e-01 4.492483205575838e+00 1.767618295940416e-09
8.450000000000000e-01 4.606261486636447e+00 6.596857839997548e-10
8.500000000000000e-01 4.722918831072739e+00 2.343217591984292e-10
8.550000000000000e-01 4.842528153522501e+00 7.903363432260350e-11
8.600000000000000e-01 4.965164213705875e+00 2.525231702801463e-11
8.650000000000000e-01 5.090903663152626e+00 7.624621459130491e-12
8.700000000000000e-01 5.219825093111814e+00 2.170082681272015e-12
8.750000000000000e-01 5.352009083673925e+00 5.807223840837883e-13
8.800000000000000e-01 5.487538254136007e+00 1.457387381818188e-13
8.850000000000000e-01 5.626497314641444e+00 3.421133445119642e-14
8.900000000000000e-01 5.768973119126561e+00 7.492600019388434e-15
8.950000000000000e-01 5.915054719607133e+00 1.527067191954594e-15
9.000000000000000e-01 6.064833421838831e+00 2.889169428265250e-16
9.050000000000000e-01 6.218402842386253e+00 5.062322512920066e-17
9.100000000000000e-01 6.375858967136348e+00 8.196425252876237e-18
9.150000000000000e-01 6.537300211292723e+00 1.223806654551808e-18
9.200000000000000e-01 6.702827480888332e+00 1.681996115178297e-19
9.250000000000000e-01 6.872544235855034e+00 2.124594487662763e-20
9.300000000000000e-01 7.046556554689444e+00 2.463145663718254e-21
9.350000000000001e-01 7.224973200755413e+00 2.618165820742790e-22
9.400000000000001e-01 7.407905690264673e+00 2.549313694982944e-23
9.450000000000001e-01 7.595468361978146e+00 2.272359114711731e-24
9.500000000000001e-01 7.787778448671316e+00 1.853261342830892e-25
9.550000000000001e-01 7.984956150408610e+00 1.382434959708032e-26
9.600000000000000e-01 8.187124709672272e+00 9.429970611606458e-28
9.650000000000000e-01 8.394410488393007e+00 5.881939571803060e-29
9.700000000000000e-01 8.606943046930221e+00 3.355471225125335e-30
9.750000000000000e-01 8.824855225051540e+00 1.751411286350567e-31
9.800000000000000e-01 9.048283224961922e+00 8.369616922301271e-33
9.850000000000000e-01 9.277366696434507e+00 3.665065146357594e-34
9.900000000000000e-01 9.512248824096272e+00 1.472166561265485e-35
9.950000000000000e-01 9.753076416923058e+00 5.598112876031478e-37
1.000000000000000e+00 1.000000000000000e+01 -4.217444365521170e-37
