0.000000000000000e+00 0.000000000000000e+00 3.629773099512910e-01
5.000000000000000e-03 3.369477419287315e-03 3.629697909600163e-01
1.000000000000000e-02 6.741060871647481e-03 3.629575794881554e-01
1.500000000000000e-02 1.011685770649257e-02 3.629319250466733e-01
2.000000000000000e-02 1.349897790673588e-02 3.629003240308907e-01
2.500000000000000e-02 1.688953540759990e-02 3.628522649223407e-01
3.000000000000000e-02 2.029064941789469e-02 3.627953669017489e-01
3.500000000000000e-02 2.370444574459234e-02 3.627254642704261e-01
4.000000000000000e-02 2.713305812152553e-02 3.626456760106020e-01
4.500000000000000e-02 3.057862954304063e-02 3.625523260381546e-01
5.000000000000000e-02 3.404331360343898e-02 3.624487800021118e-01
5.500000000000000e-02 3.752927584304335e-02 3.623318742264830e-01
6.000000000000000e-02 4.103869510173117e-02 3.622034002321901e-01
6.500000000000000e-02 4.457376488078044e-02 3.620612301735772e-01
7.000000000000001e-02 4.813669471387935e-02 3.619071715047997e-01
7.500000000000000e-02 5.172971154815675e-02 3.617386421317186e-01
8.000000000000000e-02 5.535506113609672e-02 3.615569069887505e-01
8.500000000000001e-02 5.901500943920686e-02 3.613602813897173e-01
9.000000000000000e-02 6.271184404431801e-02 3.611496116462228e-01
9.500000000000000e-02 6.644787559340060e-02 3.609227977213825e-01
1.000000000000000e-01 7.022543922779090e-02 3.606807621370945e-01
1.050000000000000e-01 7.404689604773053e-02 3.604217923613241e-01
1.100000000000000e-01 7.791463458813094e-02 3.601461440588168e-01
1.150000000000000e-01 8.183107231148547e-02 3.598520928637093e-01
1.200000000000000e-01 8.579865711886202e-02 3.595401515523969e-01
1.250000000000000e-01 8.981986887992111e-02 3.592084538483459e-01
1.300000000000000e-01 9.389722098291493e-02 3.588569196957187e-01
1.350000000000000e-01 9.803326190563690e-02 3.584839831875214e-01
1.400000000000000e-01 1.022305768083033e-01 3.580896809939122e-01
1.450000000000000e-01 1.064917891493625e-01 3.576720267584358e-01
1.500000000000000e-01 1.108195623252418e-01 3.572306906586757e-01
1.550000000000000e-01 1.152166013350572e-01 3.567640486070586e-01
1.600000000000000e-01 1.196856544713255e-01 3.562716728592210e-01
1.650000000000000e-01 1.242295150377370e-01 3.557514728430770e-01
1.700000000000000e-01 1.288510230950609e-01 3.552028324326141e-01
1.750000000000000e-01 1.335530672362758e-01 3.546239355207728e-01
1.800000000000000e-01 1.383385863920344e-01 3.540139293936087e-01
1.850000000000000e-01 1.432105716675912e-01 3.533705625289978e-01
1.900000000000000e-01 1.481720682123397e-01 3.526928520165550e-01
1.950000000000000e-01 1.532261771231311e-01 3.519787207233081e-01
2.000000000000000e-01 1.583760573825595e-01 3.512269102850621e-01
2.050000000000000e-01 1.636249278334301e-01 3.504349079086808e-01
2.100000000000000e-01 1.689760691906397e-01 3.496012702729166e-01
2.150000000000000e-01 1.744328260917313e-01 3.487236003500197e-01
2.200000000000000e-01 1.799986091874004e-01 3.478002271172860e-01
2.250000000000000e-01 1.856768972732633e-01 3.468282773549670e-01
2.300000000000000e-01 1.914712394642179e-01 3.458057414325595e-01
2.350000000000000e-01 1.973852574127551e-01 3.447297951339545e-01
2.400000000000000e-01 2.034226475726105e-01 3.435983035806303e-01
2.450000000000000e-01 2.095871835091678e-01 3.424079843362663e-01
2.500000000000000e-01 2.158827182580599e-01 3.411561953807785e-01
2.550000000000000e-01 2.223131867334419e-01 3.398394814112525e-01
2.600000000000000e-01 2.288826081874405e-01 3.384550438249241e-01
2.650000000000000e-01 2.355950887223172e-01 3.369991653919916e-01
2.700000000000000e-01 2.424548238569160e-01 3.354686277168860e-01
2.750000000000000e-01 2.494661011489995e-01 3.338591904024329e-01
2.800000000000000e-01 2.566333028751116e-01 3.321671202146557e-01
2.850000000000000e-01 2.639609087696434e-01 3.303879470653737e-01
2.900000000000000e-01 2.714534988248126e-01 3.285176172391565e-01
2.950000000000000e-01 2.791157561533084e-01 3.265512197701859e-01
3.000000000000000e-01 2.869524699153886e-01 3.244842409238204e-01
3.050000000000000e-01 2.949685383122613e-01 3.223111170786270e-01
3.100000000000000e-01 3.031689716476197e-01 3.200266609704717e-01
3.150000000000000e-01 3.115588954592450e-01 3.176247677075449e-01
3.200000000000000e-01 3.201435537226349e-01 3.150994815016825e-01
3.250000000000000e-01 3.289283121286580e-01 3.124441715212791e-01
3.300000000000000e-01 3.379186614372866e-01 3.096520506478838e-01
3.350000000000000e-01 3.471202209094989e-01 3.067157870471529e-01
3.400000000000000e-01 3.565387418195016e-01 3.036276631961543e-01
3.450000000000000e-01 3.661801110494620e-01 3.003794156457970e-01
3.500000000000000e-01 3.760503547690021e-01 2.969622366199271e-01
3.550000000000000e-01 3.861556422017504e-01 2.933666835321682e-01
3.600000000000000e-01 3.965022894813072e-01 2.895826166544251e-01
3.650000000000000e-01 4.070967635990345e-01 2.855991047205132e-01
3.700000000000000e-01 4.179456864461349e-01 2.814043192960182e-01
3.750000000000000e-01 4.290558389525505e-01 2.769854025502196e-01
3.800000000000000e-01 4.404341653252637e-01 2.723283058815316e-01
3.850000000000000e-01 4.520877773886537e-01 2.674175890679564e-01
3.900000000000000e-01 4.640239590296172e-01 2.622361685993790e-01
3.950000000000000e-01 4.762501707502353e-01 2.567649987151562e-01
4.000000000000000e-01 4.887740543308307e-01 2.509826625746111e-01
4.050000000000000e-01 5.016034376063282e-01 2.448648415661032e-01
4.100000000000000e-01 5.147463393589066e-01 2.383836167509426e-01
4.150000000000000e-01 5.282109743299990e-01 2.315065348334477e-01
4.200000000000000e-01 5.420057583547735e-01 2.241953369229032e-01
4.250000000000000e-01 5.561393136223041e-01 2.164041927725472e-01
4.300000000000000e-01 5.706204740647189e-01 2.080771894862593e-01
4.350000000000000e-01 5.854582908786964e-01 1.991446593096891e-01
4.400000000000000e-01 6.006620381827575e-01 1.895176289828763e-01
4.450000000000000e-01 6.162412188138907e-01 1.790790861977903e-01
4.500000000000000e-01 6.322055702671360e-01 1.676695400975534e-01
4.550000000000000e-01 6.485650707818353e-01 1.550616078640404e-01
4.600000000000000e-01 6.653299455783577e-01 1.409115155966845e-01
4.650000000000000e-01 6.825106732491932e-01 1.246560092313697e-01
4.700000000000000e-01 7.001179923084168e-01 1.052589401497760e-01
4.750000000000000e-01 7.181629079036070e-01 8.046812169972120e-02
4.800000000000000e-01 7.366566986944229e-01 4.468901391427795e-02
4.850000000000000e-01 7.556109239021327e-01 -2.769084213092919e-03
4.900000000000000e-01 7.750374305345038e-01 -1.212185318296965e-02
4.950000000000000e-01 7.949483607905672e-01 -6.866247606113758e-03
5.000000000000000e-01 8.153561596498893e-01 -1.655562947441897e-02
5.050000000000000e-01 8.362735826510871e-01 -9.287925073406452e-03
5.100000000000000e-01 8.577137038644561e-01 -1.581114982938706e-02
5.150000000000000e-01 8.796899240636907e-01 -1.111511368901635e-02
5.200000000000000e-01 9.022159791018011e-01 -1.416006135479546e-02
5.250000000000000e-01 9.253059484964714e-01 -1.214279767014266e-02
5.300000000000000e-01 9.489742642302165e-01 -1.264473246279542e-02
5.350000000000000e-01 9.732357197708378e-01 -1.239934505396585e-02
5.400000000000000e-01 9.981054793178262e-01 -1.149058554411116e-02
5.450000000000000e-01 1.023599087280478e+00 -1.205188701631062e-02
5.500000000000000e-01 1.049732477993657e+00 -1.064692486855030e-02
5.550000000000000e-01 1.076521985677273e+00 -1.130944766289188e-02
5.600000000000001e-01 1.103984354645701e+00 -9.979874735262715e-03
5.650000000000001e-01 1.132136749773522e+00 -1.036386672754092e-02
5.700000000000001e-01 1.160996767224129e+00 -9.357560515280153e-03
5.750000000000001e-01 1.190582445447902e+00 -9.357846381697203e-03
5.800000000000000e-01 1.220912276456826e+00 -8.688090713251400e-03
5.850000000000000e-01 1.252005217382601e+00 -8.373523591899639e-03
5.900000000000000e-01 1.283880702325469e+00 -7.930035581020772e-03
5.950000000000000e-01 1.316558654501151e+00 -7.437582028971735e-03
6.000000000000000e-01 1.350059498693518e+00 -7.084583208603721e-03
6.050000000000000e-01 1.384404174020732e+00 -6.538253036099230e-03
6.100000000000000e-01 1.419614147022888e+00 -6.177093767059629e-03
6.150000000000000e-01 1.455711425079295e+00 -5.647425120513813e-03
6.200000000000000e-01 1.492718570163803e+00 -5.236633953684758e-03
6.250000000000000e-01 1.530658712946775e+00 -4.739788010726192e-03
6.300000000000000e-01 1.569555567252506e+00 -4.281630032155397e-03
6.350000000000000e-01 1.609433444881138e+00 -3.802595677668892e-03
6.400000000000000e-01 1.650317270804325e+00 -3.316090907395794e-03
6.450000000000000e-01 1.692232598744148e+00 -2.834715809679760e-03
6.500000000000000e-01 1.735205627145031e+00 -2.334725256794314e-03
6.550000000000000e-01 1.779263215548615e+00 -1.839594849555000e-03
6.600000000000000e-01 1.824432901381847e+00 -1.330540955461860e-03
6.650000000000000e-01 1.870742917168772e+00 -8.191181642791664e-04
6.700000000000000e-01 1.918222208176775e+00 -2.990429356380573e-04
6.750000000000000e-01 1.966900450508319e+00 2.279091368245077e-04
6.800000000000000e-01 2.016808069649473e+00 7.619189137860702e-04
6.850000000000001e-01 2.067976259486829e+00 1.304086531105175e-03
6.900000000000001e-01 2.120437001804702e+00 1.853740809675092e-03
6.950000000000001e-01 2.174223086274785e+00 2.411678333796346e-03
7.000000000000001e-01 2.229368130950753e+00 2.977693301876583e-03
7.050000000000000e-01 2.285906603280654e+00 3.551988313544553e-03
7.100000000000000e-01 2.343873841650178e+00 4.134531147748325e-03
7.150000000000000e-01 2.403306077470301e+00 4.725221778917382e-03
7.200000000000000e-01 2.464240457823092e+00 5.323888332902988e-03
7.250000000000000e-01 2.526715068679855e+00 5.930213967197102e-03
7.300000000000000e-01 2.590768958706095e+00 6.543767796880224e-03
7.350000000000000e-01 2.656442163668210e+00 7.163959434985150e-03
7.400000000000000e-01 2.723775731457148e+00 7.790029612786497e-03
7.450000000000000e-01 2.792811747744667e+00 8.421023606577295e-03
7.500000000000000e-01 2.863593362288260e+00 9.055765138924548e-03
7.550000000000000e-01 2.936164815901156e+00 9.692826761510653e-03
7.600000000000000e-01 3.010571468104263e+00 1.033049521292632e-02
7.650000000000000e-01 3.086859825477351e+00 1.096673257221806e-02
7.700000000000000e-01 3.165077570727174e+00 1.159913199187631e-02
7.750000000000000e-01 3.245273592490716e+00 1.222486808493091e-02
7.800000000000000e-01 3.327498015892184e+00 1.284064187879254e-02
7.850000000000000e-01 3.411802233872832e+00 1.344262078411688e-02
7.900000000000000e-01 3.498238939313234e+00 1.402637452045124e-02
7.950000000000000e-01 3.586862157968046e+00 1.458680875087744e-02
8.000000000000000e-01 3.677727282233856e+00 1.511809944637967e-02
8.050000000000000e-01 3.770891105771243e+00 1.561363253429101e-02
8.100000000000001e-01 3.866411859002656e+00 1.606595532268929e-02
8.150000000000001e-01 3.964349245508326e+00 1.646674912170141e-02
8.200000000000001e-01 4.064764479342956e+00 1.680683618122343e-02
8.250000000000001e-01 4.167720323296481e+00 1.707623739479448e-02
8.300000000000001e-01 4.273281128122877e+00 1.726430012133948e-02
8.350000000000000e-01 4.381512872761445e+00 1.735991828500688e-02
8.400000000000000e-01 4.492483205575838e+00 1.735186642266638e-02
8.450000000000000e-01 4.606261486636447e+00 1.722926042408948e-02
8.500000000000000e-01 4.722918831072739e+00 1.698214197343902e-02
8.550000000000000e-01 4.842528153522501e+00 1.660217022594225e-02
8.600000000000000e-01 4.965164213705875e+00 1.608339575954656e-02
8.650000000000000e-01 5.090903663152626e+00 1.542307834720837e-02
8.700000000000000e-01 5.219825093111814e+00 1.462248855608692e-02
8.750000000000000e-01 5.352009083673925e+00 1.368762717356510e-02
8.800000000000000e-01 5.487538254136007e+00 1.262983288567288e-02
8.850000000000000e-01 5.626497314641444e+00 1.146630316156060e-02
8.900000000000000e-01 5.768973119126561e+00 1.022053846623672e-02
8.950000000000000e-01 5.915054719607133e+00 8.922562952413770e-03
9.000000000000000e-01 6.064833421838831e+00 7.608527167335526e-03
9.050000000000000e-01 6.218402842386253e+00 6.319155779542820e-03
9.100000000000000e-01 6.375858967136348e+00 5.096679323093775e-03
9.150000000000000e-01 6.537300211292723e+00 3.980425380653091e-03
9.200000000000000e-01 6.702827480888332e+00 3.001922040783724e-03
9.250000000000000e-01 6.872544235855034e+00 2.180809727909029e-03
9.300000000000000e-01 7.046556554689444e+00 1.522775370878925e-03
9.350000000000001e-01 7.224973200755413e+00 1.020107205310458e-03
9.400000000000001e-01 7.407905690264673e+00 6.546063976889417e-04
9.450000000000001e-01 7.595468361978146e+00 4.018867484137811e-04
9.500000000000001e-01 7.787778448671316e+00 2.358303352470356e-04
9.550000000000001e-01 7.984956150408610e+00 1.321769328295699e-04
9.600000000000000e-01 8.187124709672272e+00 7.072086562985473e-05
9.650000000000000e-01 8.394410488393007e+00 3.610989587720011e-05
9.700000000000000e-01 8.606943046930221e+00 1.759136180815082e-05
9.750000000000000e-01 8.824855225051540e+00 8.176143126478091e-06
9.800000000000000e-01 9.048283224961922e+00 3.624725675252252e-06
9.850000000000000e-01 9.277366696434507e+00 1.535154812683890e-06
9.900000000000000e-01 9.512248824096272e+00 6.164844750727970e-07
9.950000000000000e-01 9.753076416923058e+00 2.475422274462152e-07
1.000000000000000e+00 1.000000000000000e+01 6.867303854923361e-08
