0.000000000000000e+00 0.000000000000000e+00 3.628873988210314e-01
5.000000000000000e-03 3.369477419287315e-03 3.628798774289977e-01
1.000000000000000e-02 6.741060871647481e-03 3.628677893215346e-01
1.500000000000000e-02 1.011685770649257e-02 3.628421291130995e-01
2.000000000000000e-02 1.349897790673588e-02 3.628104976005285e-01
2.500000000000000e-02 1.688953540759990e-02 3.627624303428255e-01
3.000000000000000e-02 2.029064941789469e-02 3.627055210405858e-01
3.500000000000000e-02 2.370444574459234e-02 3.626356009905310e-01
4.000000000000000e-02 2.713305812152553e-02 3.625557985471387e-01
4.500000000000000e-02 3.057862954304063e-02 3.624624272339081e-01
5.000000000000000e-02 3.404331360343898e-02 3.623588535353888e-01
5.500000000000000e-02 3.752927584304335e-02 3.622419233074243e-01
6.000000000000000e-02 4.103869510173117e-02 3.621134227555722e-01
6.500000000000000e-02 4.457376488078044e-02 3.619712173838099e-01
7.000000000000001e-02 4.813669471387935e-02 3.618171230645654e-01
7.500000000000000e-02 5.172971154815675e-02 3.616485586257735e-01
8.000000000000000e-02 5.535506113609672e-02 3.614667805913376e-01
8.500000000000001e-02 5.901500943920686e-02 3.612701071681941e-01
9.000000000000000e-02 6.271184404431801e-02 3.610593916484306e-01
9.500000000000000e-02 6.644787559340060e-02 3.608325275317408e-01
1.000000000000000e-01 7.022543922779090e-02 3.605904329548560e-01
1.050000000000000e-01 7.404689604773053e-02 3.603314025358624e-01
1.100000000000000e-01 7.791463458813094e-02 3.600556932531068e-01
1.150000000000000e-01 8.183107231148547e-02 3.597615734318346e-01
1.200000000000000e-01 8.579865711886202e-02 3.594495568348056e-01
1.250000000000000e-01 8.981986887992111e-02 3.591177825196054e-01
1.300000000000000e-01 9.389722098291493e-02 3.587661672357988e-01
1.350000000000000e-01 9.803326190563690e-02 3.583931411047424e-01
1.400000000000000e-01 1.022305768083033e-01 3.579987445332720e-01
1.450000000000000e-01 1.064917891493625e-01 3.575809926359932e-01
1.500000000000000e-01 1.108195623252418e-01 3.571395509267573e-01
1.550000000000000e-01 1.152166013350572e-01 3.566727947349323e-01
1.600000000000000e-01 1.196856544713255e-01 3.561803001545504e-01
1.650000000000000e-01 1.242295150377370e-01 3.556599753580247e-01
1.700000000000000e-01 1.288510230950609e-01 3.551111998827454e-01
1.750000000000000e-01 1.335530672362758e-01 3.545321586548609e-01
1.800000000000000e-01 1.383385863920344e-01 3.539220019347638e-01
1.850000000000000e-01 1.432105716675912e-01 3.532784759380996e-01
1.900000000000000e-01 1.481720682123397e-01 3.526005939616460e-01
1.950000000000000e-01 1.532261771231311e-01 3.518862799366185e-01
2.000000000000000e-01 1.583760573825595e-01 3.511342777140999e-01
2.050000000000000e-01 1.636249278334301e-01 3.503420724185218e-01
2.100000000000000e-01 1.689760691906397e-01 3.495082171651069e-01
2.150000000000000e-01 1.744328260917313e-01 3.486303149017688e-01
2.200000000000000e-01 1.799986091874004e-01 3.477066960747358e-01
2.250000000000000e-01 1.856768972732633e-01 3.467344863985611e-01
2.300000000000000e-01 1.914712394642179e-01 3.457116731328030e-01
2.350000000000000e-01 1.973852574127551e-01 3.446354300367501e-01
2.400000000000000e-01 2.034226475726105e-01 3.435036219754976e-01
2.450000000000000e-01 2.095871835091678e-01 3.423129667437488e-01
2.500000000000000e-01 2.158827182580599e-01 3.410608207566606e-01
2.550000000000000e-01 2.223131867334419e-01 3.397437249695628e-01
2.600000000000000e-01 2.288826081874405e-01 3.383588776867633e-01
2.650000000000000e-01 2.355950887223172e-01 3.369025610941393e-01
2.700000000000000e-01 2.424548238569160e-01 3.353715558205258e-01
2.750000000000000e-01 2.494661011489995e-01 3.337616188257085e-01
2.800000000000000e-01 2.566333028751116e-01 3.320690137212547e-01
2.850000000000000e-01 2.639609087696434e-01 3.302892660846077e-01
2.900000000000000e-01 2.714534988248126e-01 3.284183177182846e-01
2.950000000000000e-01 2.791157561533084e-01 3.264512547587415e-01
3.000000000000000e-01 2.869524699153886e-01 3.243835594052054e-01
3.050000000000000e-01 2.949685383122613e-01 3.222096637170334e-01
3.100000000000000e-01 3.031689716476197e-01 3.199243758095002e-01
3.150000000000000e-01 3.115588954592450e-01 3.175215837151647e-01
3.200000000000000e-01 3.201435537226349e-01 3.149953253722051e-01
3.250000000000000e-01 3.289283121286580e-01 3.123389610437162e-01
3.300000000000000e-01 3.379186614372866e-01 3.095456950554494e-01
3.350000000000000e-01 3.471202209094989e-01 3.066081848638942e-01
3.400000000000000e-01 3.565387418195016e-01 3.035187014232472e-01
3.450000000000000e-01 3.661801110494620e-01 3.002689676634669e-01
3.500000000000000e-01 3.760503547690021e-01 2.968501602829026e-01
3.550000000000000e-01 3.861556422017504e-01 2.932528185403312e-01
3.600000000000000e-01 3.965022894813072e-01 2.894667815365141e-01
3.650000000000000e-01 4.070967635990345e-01 2.854810930911403e-01
3.700000000000000e-01 4.179456864461349e-01 2.812838953044235e-01
3.750000000000000e-01 4.290558389525505e-01 2.768622952453574e-01
3.800000000000000e-01 4.404341653252637e-01 2.722022021927977e-01
3.850000000000000e-01 4.520877773886537e-01 2.672881249634767e-01
3.900000000000000e-01 4.640239590296172e-01 2.621029178273677e-01
3.950000000000000e-01 4.762501707502353e-01 2.566274582895552e-01
4.000000000000000e-01 4.887740543308307e-01 2.508402338075820e-01
4.050000000000000e-01 5.016034376063282e-01 2.447168049015153e-01
4.100000000000000e-01 5.147463393589066e-01 2.382290977978175e-01
4.150000000000000e-01 5.282109743299990e-01 2.313444576269761e-01
4.200000000000000e-01 5.420057583547735e-01 2.240243581738320e-01
4.250000000000000e-01 5.561393136223041e-01 2.162226069850603e-01
4.300000000000000e-01 5.706204740647189e-01 2.078827879068104e-01
4.350000000000000e-01 5.854582908786964e-01 1.989345127401084e-01
4.400000000000000e-01 6.006620381827575e-01 1.892877389287999e-01
4.450000000000000e-01 6.162412188138907e-01 1.788237947273110e-01
4.500000000000000e-01 6.322055702671360e-01 1.673804642539241e-01
4.550000000000000e-01 6.485650707818353e-01 1.547255453848008e-01
4.600000000000000e-01 6.653299455783577e-01 1.405058268082322e-01
4.650000000000000e-01 6.825106732491932e-01 1.241365998927311e-01
4.700000000000000e-01 7.001179923084168e-01 1.045199020788974e-01
4.750000000000000e-01 7.181629079036070e-01 7.913995263583022e-02
4.800000000000000e-01 7.366566986944229e-01 4.064352274501649e-02
4.850000000000000e-01 7.556109239021327e-01 -1.345751554873491e-02
4.900000000000000e-01 7.750374305345038e-01 -1.436788317752872e-02
4.950000000000000e-01 7.949483607905672e-01 -1.293271425202259e-02
5.000000000000000e-01 8.153561596498893e-01 -1.961796499880747e-02
5.050000000000000e-01 8.362735826510871e-01 -1.228163534095127e-02
5.100000000000000e-01 8.577137038644561e-01 -2.010005785242047e-02
5.150000000000000e-01 8.796899240636907e-01 -1.231393800003840e-02
5.200000000000000e-01 9.022159791018011e-01 -1.903150917977141e-02
5.250000000000000e-01 9.253059484964714e-01 -1.266519351719176e-02
5.300000000000000e-01 9.489742642302165e-01 -1.741856960518858e-02
5.350000000000000e-01 9.732357197708378e-01 -1.303548549593698e-02
5.400000000000000e-01 9.981054793178262e-01 -1.572171721907731e-02
5.450000000000000e-01 1.023599087280478e+00 -1.323578313689094e-02
5.500000000000000e-01 1.049732477993657e+00 -1.416864223418282e-02
5.550000000000000e-01 1.076521985677273e+00 -1.317053134921369e-02
5.600000000000001e-01 1.103984354645701e+00 -1.285527916614065e-02
5.650000000000001e-01 1.132136749773522e+00 -1.281748688262683e-02
5.700000000000001e-01 1.160996767224129e+00 -1.179286027096282e-02
5.750000000000001e-01 1.190582445447902e+00 -1.220831994441573e-02
5.800000000000000e-01 1.220912276456826e+00 -1.093831760182792e-02
5.850000000000000e-01 1.252005217382601e+00 -1.140884609318020e-02
5.900000000000000e-01 1.283880702325469e+00 -1.021929909685288e-02
5.950000000000000e-01 1.316558654501151e+00 -1.049868789487863e-02
6.000000000000000e-01 1.350059498693518e+00 -9.556689376405908e-03
6.050000000000000e-01 1.384404174020732e+00 -9.551844018264543e-03
6.100000000000000e-01 1.419614147022888e+00 -8.883714474092395e-03
6.150000000000000e-01 1.455711425079295e+00 -8.621118055543383e-03
6.200000000000000e-01 1.492718570163803e+00 -8.158828956489004e-03
6.250000000000000e-01 1.530658712946775e+00 -7.729909979411292e-03
6.300000000000000e-01 1.569555567252506e+00 -7.369483130954891e-03
6.350000000000000e-01 1.609433444881138e+00 -6.873739875818535e-03
6.400000000000000e-01 1.650317270804325e+00 -6.525884690318092e-03
6.450000000000000e-01 1.692232598744148e+00 -6.030747013027768e-03
6.500000000000000e-01 1.735205627145031e+00 -5.647678617808122e-03
6.550000000000000e-01 1.779263215548615e+00 -5.176253459380726e-03
6.600000000000000e-01 1.824432901381847e+00 -4.750196012580451e-03
6.650000000000000e-01 1.870742917168772e+00 -4.293955960501832e-03
6.700000000000000e-01 1.918222208176775e+00 -3.837391668903306e-03
6.750000000000000e-01 1.966900450508319e+00 -3.378410764436582e-03
6.800000000000000e-01 2.016808069649473e+00 -2.903894789615903e-03
6.850000000000001e-01 2.067976259486829e+00 -2.429983744664214e-03
6.900000000000001e-01 2.120437001804702e+00 -1.941733743913719e-03
6.950000000000001e-01 2.174223086274785e+00 -1.448773434910979e-03
7.000000000000001e-01 2.229368130950753e+00 -9.450365222925753e-04
7.050000000000000e-01 2.285906603280654e+00 -4.325559165683602e-04
7.100000000000000e-01 2.343873841650178e+00 8.955037797235549e-05
7.150000000000000e-01 2.403306077470301e+00 6.218662252805442e-04
7.200000000000000e-01 2.464240457823092e+00 1.164176376307086e-03
7.250000000000000e-01 2.526715068679855e+00 1.717037874111439e-03
7.300000000000000e-01 2.590768958706095e+00 2.280344779543361e-03
7.350000000000000e-01 2.656442163668210e+00 2.854223585593158e-03
7.400000000000000e-01 2.723775731457148e+00 3.438572414268834e-03
7.450000000000000e-01 2.792811747744667e+00 4.033211427823284e-03
7.500000000000000e-01 2.863593362288260e+00 4.637833721716833e-03
7.550000000000000e-01 2.936164815901156e+00 5.251973705429597e-03
7.600000000000000e-01 3.010571468104263e+00 5.875001125909645e-03
7.650000000000000e-01 3.086859825477351e+00 6.506082510372727e-03
7.700000000000000e-01 3.165077570727174e+00 7.144154628932359e-03
7.750000000000000e-01 3.245273592490716e+00 7.787885243812727e-03
7.800000000000000e-01 3.327498015892184e+00 8.435630358004691e-03
7.850000000000000e-01 3.411802233872832e+00 9.085384470732521e-03
7.900000000000000e-01 3.498238939313234e+00 9.734723708216514e-03
7.950000000000000e-01 3.586862157968046e+00 1.038074173816496e-02
8.000000000000000e-01 3.677727282233856e+00 1.101997822007740e-02
8.050000000000000e-01 3.770891105771243e+00 1.164833998118832e-02
8.100000000000001e-01 3.866411859002656e+00 1.226101582319927e-02
8.150000000000001e-01 3.964349245508326e+00 1.285238729584529e-02
8.200000000000001e-01 4.064764479342956e+00 1.341593882105321e-02
8.250000000000001e-01 4.167720323296481e+00 1.394417244867927e-02
8.300000000000001e-01 4.273281128122877e+00 1.442853690737442e-02
8.350000000000000e-01 4.381512872761445e+00 1.485938551368560e-02
8.400000000000000e-01 4.492483205575838e+00 1.522598103748371e-02
8.450000000000000e-01 4.606261486636447e+00 1.551657184797453e-02
8.500000000000000e-01 4.722918831072739e+00 1.571857439580221e-02
8.550000000000000e-01 4.842528153522501e+00 1.581890099242305e-02
8.600000000000000e-01 4.965164213705875e+00 1.580445760171126e-02
8.650000000000000e-01 5.090903663152626e+00 1.566281444751635e-02
8.700000000000000e-01 5.219825093111814e+00 1.538304126233300e-02
8.750000000000000e-01 5.352009083673925e+00 1.495668878841453e-02
8.800000000000000e-01 5.487538254136007e+00 1.437885879367051e-02
8.850000000000000e-01 5.626497314641444e+00 1.364924949631819e-02
8.900000000000000e-01 5.768973119126561e+00 1.277306646811975e-02
8.950000000000000e-01 5.915054719607133e+00 1.176179396332423e-02
9.000000000000000e-01 6.064833421838831e+00 1.063393172864796e-02
9.050000000000000e-01 6.218402842386253e+00 9.415725363252974e-03
9.100000000000000e-01 6.375858967136348e+00 8.141574934631737e-03
9.150000000000000e-01 6.537300211292723e+00 6.853399223840217e-03
9.200000000000000e-01 6.702827480888332e+00 5.598156667920100e-03
9.250000000000000e-01 6.872544235855034e+00 4.423243255761806e-03
9.300000000000000e-01 7.046556554689444e+00 3.370454442743236e-03
9.350000000000001e-01 7.224973200755413e+00 2.470083552485481e-03
9.400000000000001e-01 7.407905690264673e+00 1.736971814980419e-03
9.450000000000001e-01 7.595468361978146e+00 1.169727885275120e-03
9.500000000000001e-01 7.787778448671316e+00 7.531970084735378e-04
9.550000000000001e-01 7.984956150408610e+00 4.631694050884384e-04
9.600000000000000e-01 8.187124709672272e+00 2.717632393151668e-04
9.650000000000000e-01 8.394410488393007e+00 1.520519631098492e-04
9.700000000000000e-01 8.606943046930221e+00 8.108897123900335e-05
9.750000000000000e-01 8.824855225051540e+00 4.121367758199605e-05
9.800000000000000e-01 9.048283224961922e+00 1.995456766961389e-05
9.850000000000000e-01 9.277366696434507e+00 9.221700327920688e-06
9.900000000000000e-01 9.512248824096272e+00 4.034343990730376e-06
9.950000000000000e-01 9.753076416923058e+00 1.753403015028699e-06
1.000000000000000e+00 1.000000000000000e+01 5.760856413102318e-07
