0.000000000000000e+00 0.000000000000000e+00 3.690139985553833e-01
5.000000000000000e-03 3.369477419287315e-03 3.690066363678045e-01
1.000000000000000e-02 6.741060871647481e-03 3.690015022183565e-01
1.500000000000000e-02 1.011685770649257e-02 3.689760714892030e-01
2.000000000000000e-02 1.349897790673588e-02 3.689431960710507e-01
2.500000000000000e-02 1.688953540759990e-02 3.688961019351663e-01
3.000000000000000e-02 2.029064941789469e-02 3.688406281314257e-01
3.500000000000000e-02 2.370444574459234e-02 3.687714265747781e-01
4.000000000000000e-02 2.713305812152553e-02 3.686925656508459e-01
4.500000000000000e-02 3.057862954304063e-02 3.686008430303724e-01
5.000000000000000e-02 3.404331360343898e-02 3.684988002071797e-01
5.500000000000000e-02 3.752927584304335e-02 3.683833143149010e-01
6.000000000000000e-02 4.103869510173117e-02 3.682568108384018e-01
6.500000000000000e-02 4.457376488078044e-02 3.681168901857876e-01
7.000000000000001e-02 4.813669471387935e-02 3.679648617117359e-01
7.500000000000000e-02 5.172971154815675e-02 3.677986402140500e-01
8.000000000000000e-02 5.535506113609672e-02 3.676197667303864e-01
8.500000000000001e-02 5.901500943920686e-02 3.674260387349905e-01
9.000000000000000e-02 6.271184404431801e-02 3.672182316091173e-01
9.500000000000000e-02 6.644787559340060e-02 3.669947544382515e-01
1.000000000000000e-01 7.022543922779090e-02 3.667564185855199e-01
1.050000000000000e-01 7.404689604773053e-02 3.665011574874311e-01
1.100000000000000e-01 7.791463458813094e-02 3.662294778324008e-01
1.150000000000000e-01 8.183107231148547e-02 3.659398838130239e-01
1.200000000000000e-01 8.579865711886202e-02 3.656325879392642e-01
1.250000000000000e-01 8.981986887992111e-02 3.653056855480738e-01
1.300000000000000e-01 9.389722098291493e-02 3.649594306974541e-01
1.350000000000000e-01 9.803326190563690e-02 3.645922015800404e-01
1.400000000000000e-01 1.022305768083033e-01 3.642037607856834e-01
1.450000000000000e-01 1.064917891493625e-01 3.637923053087728e-01
1.500000000000000e-01 1.108195623252418e-01 3.633577684703924e-01
1.550000000000000e-01 1.152166013350572e-01 3.628983333449118e-01
1.600000000000000e-01 1.196856544713255e-01 3.624134053587497e-01
1.650000000000000e-01 1.242295150377370e-01 3.619011543274460e-01
1.700000000000000e-01 1.288510230950609e-01 3.613611415979665e-01
1.750000000000000e-01 1.335530672362758e-01 3.607913433140301e-01
1.800000000000000e-01 1.383385863920344e-01 3.601908198171501e-01
1.850000000000000e-01 1.432105716675912e-01 3.595575780643934e-01
1.900000000000000e-01 1.481720682123397e-01 3.588907818467644e-01
1.950000000000000e-01 1.532261771231311e-01 3.581881836617455e-01
2.000000000000000e-01 1.583760573825595e-01 3.574484612662156e-01
2.050000000000000e-01 1.636249278334301e-01 3.566693330644107e-01
2.100000000000000e-01 1.689760691906397e-01 3.558495292065798e-01
2.150000000000000e-01 1.744328260917313e-01 3.549865500454037e-01
2.200000000000000e-01 1.799986091874004e-01 3.540786514500631e-01
2.250000000000000e-01 1.856768972732633e-01 3.531231332283021e-01
2.300000000000000e-01 1.914712394642179e-01 3.521181974126252e-01
2.350000000000000e-01 1.973852574127551e-01 3.510610468062693e-01
2.400000000000000e-01 2.034226475726105e-01 3.499495141461446e-01
2.450000000000000e-01 2.095871835091678e-01 3.487803764899003e-01
2.500000000000000e-01 2.158827182580599e-01 3.475511516296568e-01
2.550000000000000e-01 2.223131867334419e-01 3.462585887072098e-01
2.600000000000000e-01 2.288826081874405e-01 3.449000375742566e-01
2.650000000000000e-01 2.355950887223172e-01 3.434717937351846e-01
2.700000000000000e-01 2.424548238569160e-01 3.419706993074055e-01
2.750000000000000e-01 2.494661011489995e-01 3.403927277073730e-01
2.800000000000000e-01 2.566333028751116e-01 3.387343720872025e-01
2.850000000000000e-01 2.639609087696434e-01 3.369914024306370e-01
2.900000000000000e-01 2.714534988248126e-01 3.351600300855357e-01
2.950000000000000e-01 2.791157561533084e-01 3.332355036136413e-01
3.000000000000000e-01 2.869524699153886e-01 3.312135408966442e-01
3.050000000000000e-01 2.949685383122613e-01 3.290888673667621e-01
3.100000000000000e-01 3.031689716476197e-01 3.268565717556964e-01
3.150000000000000e-01 3.115588954592450e-01 3.245109976387945e-01
3.200000000000000e-01 3.201435537226349e-01 3.220465693043116e-01
3.250000000000000e-01 3.289283121286580e-01 3.194571954023042e-01
3.300000000000000e-01 3.379186614372866e-01 3.167366055009422e-01
3.350000000000000e-01 3.471202209094989e-01 3.138781081189824e-01
3.400000000000000e-01 3.565387418195016e-01 3.108746764166749e-01
3.450000000000000e-01 3.661801110494620e-01 3.077188573408772e-01
3.500000000000000e-01 3.760503547690021e-01 3.044027648397741e-01
3.550000000000000e-01 3.861556422017504e-01 3.009180276076808e-01
3.600000000000000e-01 3.965022894813072e-01 2.972557487233995e-01
3.650000000000000e-01 4.070967635990345e-01 2.934064499601761e-01
3.700000000000000e-01 4.179456864461349e-01 2.893600095022495e-01
3.750000000000000e-01 4.290558389525505e-01 2.851055867214110e-01
3.800000000000000e-01 4.404341653252637e-01 2.806315327886403e-01
3.850000000000000e-01 4.520877773886537e-01 2.759252830668728e-01
3.900000000000000e-01 4.640239590296172e-01 2.709732270099392e-01
3.950000000000000e-01 4.762501707502353e-01 2.657605498089206e-01
4.000000000000000e-01 4.887740543308307e-01 2.602710385118720e-01
4.050000000000000e-01 5.016034376063282e-01 2.544868432610327e-01
4.100000000000000e-01 5.147463393589066e-01 2.483881816627372e-01
4.150000000000000e-01 5.282109743299990e-01 2.419529709717372e-01
4.200000000000000e-01 5.420057583547735e-01 2.351563686858752e-01
4.250000000000000e-01 5.561393136223041e-01 2.279701974378883e-01
4.300000000000000e-01 5.706204740647189e-01 2.203622254019590e-01
4.350000000000000e-01 5.854582908786964e-01 2.122952708064585e-01
4.400000000000000e-01 6.006620381827575e-01 2.037261038498965e-01
4.450000000000000e-01 6.162412188138907e-01 1.946041446152495e-01
4.500000000000000e-01 6.322055702671360e-01 1.848700340846480e-01
4.550000000000000e-01 6.485650707818353e-01 1.744543667894628e-01
4.600000000000000e-01 6.653299455783577e-01 1.632774116740845e-01
4.650000000000000e-01 6.825106732491932e-01 1.512519732968143e-01
4.700000000000000e-01 7.001179923084168e-01 1.382946865519119e-01
4.750000000000000e-01 7.181629079036070e-01 1.243578870491203e-01
4.800000000000000e-01 7.366566986944229e-01 1.095061823999197e-01
4.850000000000000e-01 7.556109239021327e-01 9.406978874890021e-02
4.900000000000000e-01 7.750374305345038e-01 7.885930070471191e-02
4.950000000000000e-01 7.949483607905672e-01 6.522762654440999e-02
5.000000000000000e-01 8.153561596498893e-01 5.456238462860568e-02
5.050000000000000e-01 8.362735826510871e-01 4.732427372108674e-02
5.100000000000000e-01 8.577137038644561e-01 4.278861756840587e-02
5.150000000000000e-01 8.796899240636907e-01 3.991231378275800e-02
5.200000000000000e-01 9.022159791018011e-01 3.803859609602781e-02
5.250000000000000e-01 9.253059484964714e-01 3.682217767119172e-02
5.300000000000000e-01 9.489742642302165e-01 3.603532890863732e-02
5.350000000000000e-01 9.732357197708378e-01 3.553479445431844e-02
5.400000000000000e-01 9.981054793178262e-01 3.523457950433290e-02
5.450000000000000e-01 1.023599087280478e+00 3.507645195055435e-02
5.500000000000000e-01 1.049732477993657e+00 3.502126068171749e-02
5.550000000000000e-01 1.076521985677273e+00 3.504239528523982e-02
5.600000000000001e-01 1.103984354645701e+00 3.512064461937970e-02
5.650000000000001e-01 1.132136749773522e+00 3.524198171696924e-02
5.700000000000001e-01 1.160996767224129e+00 3.539584558935472e-02
5.750000000000001e-01 1.190582445447902e+00 3.557398956095317e-02
5.800000000000000e-01 1.220912276456826e+00 3.576980955643601e-02
5.850000000000000e-01 1.252005217382601e+00 3.597784451371731e-02
5.900000000000000e-01 1.283880702325469e+00 3.619344095850991e-02
5.950000000000000e-01 1.316558654501151e+00 3.641252245890109e-02
6.000000000000000e-01 1.350059498693518e+00 3.663142036729160e-02
6.050000000000000e-01 1.384404174020732e+00 3.684675207410753e-02
6.100000000000000e-01 1.419614147022888e+00 3.705533032829180e-02
6.150000000000000e-01 1.455711425079295e+00 3.725409418368793e-02
6.200000000000000e-01 1.492718570163803e+00 3.744005572572392e-02
6.250000000000000e-01 1.530658712946775e+00 3.761025806727068e-02
6.300000000000000e-01 1.569555567252506e+00 3.776174177390514e-02
6.350000000000000e-01 1.609433444881138e+00 3.789151778214904e-02
6.400000000000000e-01 1.650317270804325e+00 3.799654552464626e-02
6.450000000000000e-01 1.692232598744148e+00 3.807371548898313e-02
6.500000000000000e-01 1.735205627145031e+00 3.811983580897977e-02
6.550000000000000e-01 1.779263215548615e+00 3.813162279181887e-02
6.600000000000000e-01 1.824432901381847e+00 3.810569554069765e-02
6.650000000000000e-01 1.870742917168772e+00 3.803857505526892e-02
6.700000000000000e-01 1.918222208176775e+00 3.792668838962525e-02
6.750000000000000e-01 1.966900450508319e+00 3.776637861998521e-02
6.800000000000000e-01 2.016808069649473e+00 3.755392151663967e-02
6.850000000000001e-01 2.067976259486829e+00 3.728554991727259e-02
6.900000000000001e-01 2.120437001804702e+00 3.695748684796695e-02
6.950000000000001e-01 2.174223086274785e+00 3.656598841839437e-02
7.000000000000001e-01 2.229368130950753e+00 3.610739741331582e-02
7.050000000000000e-01 2.285906603280654e+00 3.557820830110792e-02
7.100000000000000e-01 2.343873841650178e+00 3.497514407581843e-02
7.150000000000000e-01 2.403306077470301e+00 3.429524494682536e-02
7.200000000000000e-01 2.464240457823092e+00 3.353596840751868e-02
7.250000000000000e-01 2.526715068679855e+00 3.269529968390884e-02
7.300000000000000e-01 2.590768958706095e+00 3.177187103022518e-02
7.350000000000000e-01 2.656442163668210e+00 3.076508785167779e-02
7.400000000000000e-01 2.723775731457148e+00 2.967525923934582e-02
7.450000000000000e-01 2.792811747744667e+00 2.850373022286334e-02
7.500000000000000e-01 2.863593362288260e+00 2.725301287018077e-02
7.550000000000000e-01 2.936164815901156e+00 2.592691322551679e-02
7.600000000000000e-01 3.010571468104263e+00 2.453065085088870e-02
7.650000000000000e-01 3.086859825477351e+00 2.307096723513114e-02
7.700000000000000e-01 3.165077570727174e+00 2.155621831656599e-02
7.750000000000000e-01 3.245273592490716e+00 1.999644456447619e-02
7.800000000000000e-01 3.327498015892184e+00 1.840340923002119e-02
7.850000000000000e-01 3.411802233872832e+00 1.679059134383599e-02
7.900000000000000e-01 3.498238939313234e+00 1.517311485617041e-02
7.950000000000000e-01 3.586862157968046e+00 1.356758952219801e-02
8.000000000000000e-01 3.677727282233856e+00 1.199183418390464e-02
8.050000000000000e-01 3.770891105771243e+00 1.046445176929880e-02
8.100000000000001e-01 3.866411859002656e+00 9.004231620782647e-03
8.150000000000001e-01 3.964349245508326e+00 7.629372742363882e-03
8.200000000000001e-01 4.064764479342956e+00 6.356553051974237e-03
8.250000000000001e-01 4.167720323296481e+00 5.199911737206159e-03
8.300000000000001e-01 4.273281128122877e+00 4.170055187855908e-03
8.350000000000000e-01 4.381512872761445e+00 3.273227863374136e-03
8.400000000000000e-01 4.492483205575838e+00 2.510793743618173e-03
8.450000000000000e-01 4.606261486636447e+00 1.879143290306109e-03
8.500000000000000e-01 4.722918831072739e+00 1.370077104262009e-03
8.550000000000000e-01 4.842528153522501e+00 9.716340983406272e-04
8.600000000000000e-01 4.965164213705875e+00 6.692502063025059e-04
8.650000000000000e-01 5.090903663152626e+00 4.470754020873372e-04
8.700000000000000e-01 5.219825093111814e+00 2.892573567468551e-04
8.750000000000000e-01 5.352009083673925e+00 1.810228692399677e-04
8.800000000000000e-01 5.487538254136007e+00 1.094443122479128e-04
8.850000000000000e-01 5.626497314641444e+00 6.385015517416423e-05
8.900000000000000e-01 5.768973119126561e+00 3.590642107272187e-05
8.950000000000000e-01 5.915054719607133e+00 1.944423418397192e-05
9.000000000000000e-01 6.064833421838831e+00 1.013025188695769e-05
9.050000000000000e-01 6.218402842386253e+00 5.073377207645894e-06
9.100000000000000e-01 6.375858967136348e+00 2.440576812692975e-06
9.150000000000000e-01 6.537300211292723e+00 1.126964518849081e-06
9.200000000000000e-01 6.702827480888332e+00 4.992134913711941e-07
9.250000000000000e-01 6.872544235855034e+00 2.120249437246176e-07
9.300000000000000e-01 7.046556554689444e+00 8.629928544124630e-08
9.350000000000001e-01 7.224973200755413e+00 3.364876326184600e-08
9.400000000000001e-01 7.407905690264673e+00 1.256377036209205e-08
9.450000000000001e-01 7.595468361978146e+00 4.490871295387910e-09
9.500000000000001e-01 7.787778448671316e+00 1.536361385757008e-09
9.550000000000001e-01 7.984956150408610e+00 5.029451802002941e-10
9.600000000000000e-01 8.187124709672272e+00 1.575226405774889e-10
9.650000000000000e-01 8.394410488393007e+00 4.719626015024319e-11
9.700000000000000e-01 8.606943046930221e+00 1.352622948021526e-11
9.750000000000000e-01 8.824855225051540e+00 3.707890168062334e-12
9.800000000000000e-01 9.048283224961922e+00 9.721672233510523e-13
9.850000000000000e-01 9.277366696434507e+00 2.438479291757061e-13
9.900000000000000e-01 9.512248824096272e+00 5.831589015542999e-14
9.950000000000000e-01 9.753076416923058e+00 1.425134069428074e-14
1.000000000000000e+00 1.000000000000000e+01 -3.037115086003501e-16
