0.000000000000000e+00 0.000000000000000e+00 3.723599020516069e-01
5.000000000000000e-03 3.369477419287315e-03 3.723526235623151e-01
1.000000000000000e-02 6.741060871647481e-03 3.723532605826249e-01
1.500000000000000e-02 1.011685770649257e-02 3.723278942560734e-01
2.000000000000000e-02 1.349897790673588e-02 3.722940866887311e-01
2.500000000000000e-02 1.688953540759990e-02 3.722475604625499e-01
3.000000000000000e-02 2.029064941789469e-02 3.721926707769219e-01
3.500000000000000e-02 2.370444574459234e-02 3.721237985430934e-01
4.000000000000000e-02 2.713305812152553e-02 3.720456249979197e-01
4.500000000000000e-02 3.057862954304063e-02 3.719546715462533e-01
5.000000000000000e-02 3.404331360343898e-02 3.718532014622904e-01
5.500000000000000e-02 3.752927584304335e-02 3.717385441402623e-01
6.000000000000000e-02 4.103869510173117e-02 3.716131358909586e-01
6.500000000000000e-02 4.457376488078044e-02 3.714742021340846e-01
7.000000000000001e-02 4.813669471387935e-02 3.713231864618509e-01
7.500000000000000e-02 5.172971154815675e-02 3.711582774263094e-01
8.000000000000000e-02 5.535506113609672e-02 3.709807790729890e-01
8.500000000000001e-02 5.901500943920686e-02 3.707883853403403e-01
9.000000000000000e-02 6.271184404431801e-02 3.705821376003138e-01
9.500000000000000e-02 6.644787559340060e-02 3.703604268657929e-01
1.000000000000000e-01 7.022543922779090e-02 3.701238180357174e-01
1.050000000000000e-01 7.404689604773053e-02 3.698703860136285e-01
1.100000000000000e-01 7.791463458813094e-02 3.696008367735271e-01
1.150000000000000e-01 8.183107231148547e-02 3.693134846328459e-01
1.200000000000000e-01 8.579865711886202e-02 3.690084199960978e-01
1.250000000000000e-01 8.981986887992111e-02 3.686839683811008e-01
1.300000000000000e-01 9.389722098291493e-02 3.683404503619160e-01
1.350000000000000e-01 9.803326190563690e-02 3.679760380066266e-01
1.400000000000000e-01 1.022305768083033e-01 3.675905000483990e-01
1.450000000000000e-01 1.064917891493625e-01 3.671822327917239e-01
1.500000000000000e-01 1.108195623252418e-01 3.667511417617967e-01
1.550000000000000e-01 1.152166013350572e-01 3.662952629318999e-01
1.600000000000000e-01 1.196856544713255e-01 3.658140773303812e-01
1.650000000000000e-01 1.242295150377370e-01 3.653058952626037e-01
1.700000000000000e-01 1.288510230950609e-01 3.647702183122334e-01
1.750000000000000e-01 1.335530672362758e-01 3.642049306263632e-01
1.800000000000000e-01 1.383385863920344e-01 3.636091842208825e-01
1.850000000000000e-01 1.432105716675912e-01 3.629810952603392e-01
1.900000000000000e-01 1.481720682123397e-01 3.623197803432711e-01
1.950000000000000e-01 1.532261771231311e-01 3.616229217778850e-01
2.000000000000000e-01 1.583760573825595e-01 3.608892712916468e-01
2.050000000000000e-01 1.636249278334301e-01 3.601166614068505e-01
2.100000000000000e-01 1.689760691906397e-01 3.593038204623629e-01
2.150000000000000e-01 1.744328260917313e-01 3.584481770710483e-01
2.200000000000000e-01 1.799986091874004e-01 3.575480158755119e-01
2.250000000000000e-01 1.856768972732633e-01 3.566007670517514e-01
2.300000000000000e-01 1.914712394642179e-01 3.556047039181222e-01
2.350000000000000e-01 1.973852574127551e-01 3.545569774513858e-01
2.400000000000000e-01 2.034226475726105e-01 3.534554009182849e-01
2.450000000000000e-01 2.095871835091678e-01 3.522968509306957e-01
2.500000000000000e-01 2.158827182580599e-01 3.510789592812950e-01
2.550000000000000e-01 2.223131867334419e-01 3.497985241145987e-01
2.600000000000000e-01 2.288826081874405e-01 3.484529250913694e-01
2.650000000000000e-01 2.355950887223172e-01 3.470384732625471e-01
2.700000000000000e-01 2.424548238569160e-01 3.455520570167451e-01
2.750000000000000e-01 2.494661011489995e-01 3.439897841951564e-01
2.800000000000000e-01 2.566333028751116e-01 3.423482767371311e-01
2.850000000000000e-01 2.639609087696434e-01 3.406233885159552e-01
2.900000000000000e-01 2.714534988248126e-01 3.388114439493512e-01
2.950000000000000e-01 2.791157561533084e-01 3.369077645705849e-01
3.000000000000000e-01 2.869524699153886e-01 3.349081663047487e-01
3.050000000000000e-01 2.949685383122613e-01 3.328075364264362e-01
3.100000000000000e-01 3.031689716476197e-01 3.306010915425930e-01
3.150000000000000e-01 3.115588954592450e-01 3.282833986804011e-01
3.200000000000000e-01 3.201435537226349e-01 3.258490614573272e-01
3.250000000000000e-01 3.289283121286580e-01 3.232922405287190e-01
3.300000000000000e-01 3.379186614372866e-01 3.206069078119445e-01
3.350000000000000e-01 3.471202209094989e-01 3.177866669442089e-01
3.400000000000000e-01 3.565387418195016e-01 3.148248111798138e-01
3.450000000000000e-01 3.661801110494620e-01 3.117142587313670e-01
3.500000000000000e-01 3.760503547690021e-01 3.084475444152648e-01
3.550000000000000e-01 3.861556422017504e-01 3.050167815919581e-01
3.600000000000000e-01 3.965022894813072e-01 3.014136311369444e-01
3.650000000000000e-01 4.070967635990345e-01 2.976292605594216e-01
3.700000000000000e-01 4.179456864461349e-01 2.936542985006182e-01
3.750000000000000e-01 4.290558389525505e-01 2.894787808973499e-01
3.800000000000000e-01 4.404341653252637e-01 2.850920880883858e-01
3.850000000000000e-01 4.520877773886537e-01 2.804828706198317e-01
3.900000000000000e-01 4.640239590296172e-01 2.756389614870745e-01
3.950000000000000e-01 4.762501707502353e-01 2.705472719368966e-01
4.000000000000000e-01 4.887740543308307e-01 2.651936674575816e-01
4.050000000000000e-01 5.016034376063282e-01 2.595628200178859e-01
4.100000000000000e-01 5.147463393589066e-01 2.536380321330641e-01
4.150000000000000e-01 5.282109743299990e-01 2.474010281027426e-01
4.200000000000000e-01 5.420057583547735e-01 2.408317081669177e-01
4.250000000000000e-01 5.561393136223041e-01 2.339078631175512e-01
4.300000000000000e-01 5.706204740647189e-01 2.266048515763619e-01
4.350000000000000e-01 5.854582908786964e-01 2.188952526369762e-01
4.400000000000000e-01 6.006620381827575e-01 2.107485286419845e-01
4.450000000000000e-01 6.162412188138907e-01 2.021307779000047e-01
4.500000000000000e-01 6.322055702671360e-01 1.930047475575303e-01
4.550000000000000e-01 6.485650707818353e-01 1.833304563678250e-01
4.600000000000000e-01 6.653299455783577e-01 1.730671287398202e-01
4.650000000000000e-01 6.825106732491932e-01 1.621778119635032e-01
4.700000000000000e-01 7.001179923084168e-01 1.506392539050602e-01
4.750000000000000e-01 7.181629079036070e-01 1.384615070367105e-01
4.800000000000000e-01 7.366566986944229e-01 1.257236911827729e-01
4.850000000000000e-01 7.556109239021327e-01 1.126309528452975e-01
4.900000000000000e-01 7.750374305345038e-01 9.958325317963600e-02
4.950000000000000e-01 7.949483607905672e-01 8.720700366888960e-02
5.000000000000000e-01 8.153561596498893e-01 7.625550215503939e-02
5.050000000000000e-01 8.362735826510871e-01 6.733354215605616e-02
5.100000000000000e-01 8.577137038644561e-01 6.061047607841622e-02
5.150000000000000e-01 8.796899240636907e-01 5.580221109057481e-02
5.200000000000000e-01 9.022159791018011e-01 5.243147007263116e-02
5.250000000000000e-01 9.253059484964714e-01 5.007398466953315e-02
5.300000000000000e-01 9.489742642302165e-01 4.842524893557466e-02
5.350000000000000e-01 9.732357197708378e-01 4.727310136676826e-02
5.400000000000000e-01 9.981054793178262e-01 4.646971670118359e-02
5.450000000000000e-01 1.023599087280478e+00 4.591316566487220e-02
5.500000000000000e-01 1.049732477993657e+00 4.553253805101438e-02
5.550000000000000e-01 1.076521985677273e+00 4.527774039770187e-02
5.600000000000001e-01 1.103984354645701e+00 4.511297834343408e-02
5.650000000000001e-01 1.132136749773522e+00 4.501227161867982e-02
5.700000000000001e-01 1.160996767224129e+00 4.495641615204238e-02
5.750000000000001e-01 1.190582445447902e+00 4.493094122755376e-02
5.800000000000000e-01 1.220912276456826e+00 4.492469735425767e-02
5.850000000000000e-01 1.252005217382601e+00 4.492887660227291e-02
5.900000000000000e-01 1.283880702325469e+00 4.493632850814908e-02
5.950000000000000e-01 1.316558654501151e+00 4.494107636996192e-02
6.000000000000000e-01 1.350059498693518e+00 4.493797300447522e-02
6.050000000000000e-01 1.384404174020732e+00 4.492245407564725e-02
6.100000000000000e-01 1.419614147022888e+00 4.489036022332150e-02
6.150000000000000e-01 1.455711425079295e+00 4.483780838480726e-02
6.200000000000000e-01 1.492718570163803e+00 4.476109869972835e-02
6.250000000000000e-01 1.530658712946775e+00 4.465664755803770e-02
6.300000000000000e-01 1.569555567252506e+00 4.452094025654269e-02
6.350000000000000e-01 1.609433444881138e+00 4.435049875774143e-02
6.400000000000000e-01 1.650317270804325e+00 4.414186148804265e-02
6.450000000000000e-01 1.692232598744148e+00 4.389157314681032e-02
6.500000000000000e-01 1.735205627145031e+00 4.359618324390989e-02
6.550000000000000e-01 1.779263215548615e+00 4.325225262273798e-02
6.600000000000000e-01 1.824432901381847e+00 4.285636761081607e-02
6.650000000000000e-01 1.870742917168772e+00 4.240516170497839e-02
6.700000000000000e-01 1.918222208176775e+00 4.189534486431674e-02
6.750000000000000e-01 1.966900450508319e+00 4.132374056421795e-02
6.800000000000000e-01 2.016808069649473e+00 4.068733076721159e-02
6.850000000000001e-01 2.067976259486829e+00 3.998330889726278e-02
6.900000000000001e-01 2.120437001804702e+00 3.920914077077934e-02
6.950000000000001e-01 2.174223086274785e+00 3.836263325002236e-02
7.000000000000001e-01 2.229368130950753e+00 3.744201015706575e-02
7.050000000000000e-01 2.285906603280654e+00 3.644599473745495e-02
7.100000000000000e-01 2.343873841650178e+00 3.537389771358024e-02
7.150000000000000e-01 2.403306077470301e+00 3.422570973914792e-02
7.200000000000000e-01 2.464240457823092e+00 3.300219687280361e-02
7.250000000000000e-01 2.526715068679855e+00 3.170499753320423e-02
7.300000000000000e-01 2.590768958706095e+00 3.033671926221203e-02
7.350000000000000e-01 2.656442163668210e+00 2.890103346396039e-02
7.400000000000000e-01 2.723775731457148e+00 2.740276603189767e-02
7.450000000000000e-01 2.792811747744667e+00 2.584798131998914e-02
7.500000000000000e-01 2.863593362288260e+00 2.424405612917305e-02
7.550000000000000e-01 2.936164815901156e+00 2.259973912367788e-02
7.600000000000000e-01 3.010571468104263e+00 2.092518923056097e-02
7.650000000000000e-01 3.086859825477351e+00 1.923198402396306e-02
7.700000000000000e-01 3.165077570727174e+00 1.753308587897662e-02
7.750000000000000e-01 3.245273592490716e+00 1.584275004179856e-02
7.800000000000000e-01 3.327498015892184e+00 1.417635532173500e-02
7.850000000000000e-01 3.411802233872832e+00 1.255013604719073e-02
7.900000000000000e-01 3.498238939313234e+00 1.098079508513864e-02
7.950000000000000e-01 3.586862157968046e+00 9.484984410264106e-03
8.000000000000000e-01 3.677727282233856e+00 8.078653992562785e-03
8.050000000000000e-01 3.770891105771243e+00 6.776292257929295e-03
8.100000000000001e-01 3.866411859002656e+00 5.590109888069554e-03
8.150000000000001e-01 3.964349245508326e+00 4.529247630193799e-03
8.200000000000001e-01 4.064764479342956e+00 3.599109724753198e-03
8.250000000000001e-01 4.167720323296481e+00 2.800928793997675e-03
8.300000000000001e-01 4.273281128122877e+00 2.131649755996780e-03
8.350000000000000e-01 4.381512872761445e+00 1.584179567616295e-03
8.400000000000000e-01 4.492483205575838e+00 1.147993326776870e-03
8.450000000000000e-01 4.606261486636447e+00 8.100279562691473e-04
8.500000000000000e-01 4.722918831072739e+00 5.557467252297542e-04
8.550000000000000e-01 4.842528153522501e+00 3.702330477024678e-04
8.600000000000000e-01 4.965164213705875e+00 2.391758962713376e-04
8.650000000000000e-01 5.090903663152626e+00 1.496395398155100e-04
8.700000000000000e-01 5.219825093111814e+00 9.055812209655450e-05
8.750000000000000e-01 5.352009083673925e+00 5.294813127705944e-05
8.800000000000000e-01 5.487538254136007e+00 2.987670430957011e-05
8.850000000000000e-01 5.626497314641444e+00 1.625242623418860e-05
8.900000000000000e-01 5.768973119126561e+00 8.514926511229754e-06
8.950000000000000e-01 5.915054719607133e+00 4.292638272902866e-06
9.000000000000000e-01 6.064833421838831e+00 2.080568280757215e-06
9.050000000000000e-01 6.218402842386253e+00 9.687631440949961e-07
9.100000000000000e-01 6.375858967136348e+00 4.330365632319514e-07
9.150000000000000e-01 6.537300211292723e+00 1.857057221811112e-07
9.200000000000000e-01 6.702827480888332e+00 7.636078551472755e-08
9.250000000000000e-01 6.872544235855034e+00 3.009106887425580e-08
9.300000000000000e-01 7.046556554689444e+00 1.135875190551968e-08
9.350000000000001e-01 7.224973200755413e+00 4.105609192741316e-09
9.400000000000001e-01 7.407905690264673e+00 1.420463228083981e-09
9.450000000000001e-01 7.595468361978146e+00 4.702847774736652e-10
9.500000000000001e-01 7.787778448671316e+00 1.489579947088443e-10
9.550000000000001e-01 7.984956150408610e+00 4.512850671342962e-11
9.600000000000000e-01 8.187124709672272e+00 1.307531236373680e-11
9.650000000000000e-01 8.394410488393007e+00 3.622537750259185e-12
9.700000000000000e-01 8.606943046930221e+00 9.596083218632350e-13
9.750000000000000e-01 8.824855225051540e+00 2.430353902289204e-13
9.800000000000000e-01 9.048283224961922e+00 5.884674739216668e-14
9.850000000000000e-01 9.277366696434507e+00 1.362458635467476e-14
9.900000000000000e-01 9.512248824096272e+00 3.007512104960590e-15
9.950000000000000e-01 9.753076416923058e+00 6.788241677846950e-16
1.000000000000000e+00 1.000000000000000e+01 -4.450732851421559e-17
