0.000000000000000e+00 0.000000000000000e+00 3.634226001701289e-01
5.000000000000000e-03 3.369477419287315e-03 3.634150930402856e-01
1.000000000000000e-02 6.741060871647481e-03 3.634023706890339e-01
1.500000000000000e-02 1.011685770649257e-02 3.633767431890336e-01
2.000000000000000e-02 1.349897790673588e-02 3.633452703761275e-01
2.500000000000000e-02 1.688953540759990e-02 3.632972547953546e-01
3.000000000000000e-02 2.029064941789469e-02 3.632404183561762e-01
3.500000000000000e-02 2.370444574459234e-02 3.631705983384296e-01
4.000000000000000e-02 2.713305812152553e-02 3.630908790631151e-01
4.500000000000000e-02 3.057862954304063e-02 3.629976368669559e-01
5.000000000000000e-02 3.404331360343898e-02 3.628942261414610e-01
5.500000000000000e-02 3.752927584304335e-02 3.627774390913776e-01
6.000000000000000e-02 4.103869510173117e-02 3.626490977785424e-01
6.500000000000000e-02 4.457376488078044e-02 3.625071027291641e-01
7.000000000000001e-02 4.813669471387935e-02 3.623532178724436e-01
7.500000000000000e-02 5.172971154815675e-02 3.621848611334557e-01
8.000000000000000e-02 5.535506113609672e-02 3.620033389775351e-01
8.500000000000001e-02 5.901500943920686e-02 3.618069486646022e-01
9.000000000000000e-02 6.271184404431801e-02 3.615965034901688e-01
9.500000000000000e-02 6.644787559340060e-02 3.613699377539786e-01
1.000000000000000e-01 7.022543922779090e-02 3.611281933477785e-01
1.050000000000000e-01 7.404689604773053e-02 3.608695214822836e-01
1.100000000000000e-01 7.791463458813094e-02 3.605941738420642e-01
1.150000000000000e-01 8.183107231148547e-02 3.603004618026696e-01
1.200000000000000e-01 8.579865711886202e-02 3.599888910161619e-01
1.250000000000000e-01 8.981986887992111e-02 3.596575701229721e-01
1.300000000000000e-01 9.389722098291493e-02 3.593064365650959e-01
1.350000000000000e-01 9.803326190563690e-02 3.589339422873217e-01
1.400000000000000e-01 1.022305768083033e-01 3.585401043927889e-01
1.450000000000000e-01 1.064917891493625e-01 3.581229311506893e-01
1.500000000000000e-01 1.108195623252418e-01 3.576821163294989e-01
1.550000000000000e-01 1.152166013350572e-01 3.572160369159094e-01
1.600000000000000e-01 1.196856544713255e-01 3.567242460600950e-01
1.650000000000000e-01 1.242295150377370e-01 3.562046609731156e-01
1.700000000000000e-01 1.288510230950609e-01 3.556566868241454e-01
1.750000000000000e-01 1.335530672362758e-01 3.550785010362272e-01
1.800000000000000e-01 1.383385863920344e-01 3.544692364435820e-01
1.850000000000000e-01 1.432105716675912e-01 3.538266538528763e-01
1.900000000000000e-01 1.481720682123397e-01 3.531497888193848e-01
1.950000000000000e-01 1.532261771231311e-01 3.524365579175547e-01
2.000000000000000e-01 1.583760573825595e-01 3.516856920231287e-01
2.050000000000000e-01 1.636249278334301e-01 3.508946895540107e-01
2.100000000000000e-01 1.689760691906397e-01 3.500621247213306e-01
2.150000000000000e-01 1.744328260917313e-01 3.491855997279894e-01
2.200000000000000e-01 1.799986091874004e-01 3.482634361599188e-01
2.250000000000000e-01 1.856768972732633e-01 3.472927668382492e-01
2.300000000000000e-01 1.914712394642179e-01 3.462715977838151e-01
2.350000000000000e-01 1.973852574127551e-01 3.451971141096422e-01
2.400000000000000e-01 2.034226475726105e-01 3.440671817355464e-01
2.450000000000000e-01 2.095871835091678e-01 3.428785174556903e-01
2.500000000000000e-01 2.158827182580599e-01 3.416284873926427e-01
2.550000000000000e-01 2.223131867334419e-01 3.403136546315236e-01
2.600000000000000e-01 2.288826081874405e-01 3.389312355592236e-01
2.650000000000000e-01 2.355950887223172e-01 3.374775155331266e-01
2.700000000000000e-01 2.424548238569160e-01 3.359492808684393e-01
2.750000000000000e-01 2.494661011489995e-01 3.343423045239420e-01
2.800000000000000e-01 2.566333028751116e-01 3.326528690085953e-01
2.850000000000000e-01 2.639609087696434e-01 3.308765254221009e-01
2.900000000000000e-01 2.714534988248126e-01 3.290092420381657e-01
2.950000000000000e-01 2.791157561533084e-01 3.270461219542688e-01
3.000000000000000e-01 2.869524699153886e-01 3.249826712855625e-01
3.050000000000000e-01 2.949685383122613e-01 3.228133477711489e-01
3.100000000000000e-01 3.031689716476197e-01 3.205329867882887e-01
3.150000000000000e-01 3.115588954592450e-01 3.181355183232829e-01
3.200000000000000e-01 3.201435537226349e-01 3.156150173732556e-01
3.250000000000000e-01 3.289283121286580e-01 3.129648968203312e-01
3.300000000000000e-01 3.379186614372866e-01 3.101784115190063e-01
3.350000000000000e-01 3.471202209094989e-01 3.072482821284331e-01
3.400000000000000e-01 3.565387418195016e-01 3.041668476159879e-01
3.450000000000000e-01 3.661801110494620e-01 3.009259112628326e-01
3.500000000000000e-01 3.760503547690021e-01 2.975167413379684e-01
3.550000000000000e-01 3.861556422017504e-01 2.939299841277079e-01
3.600000000000000e-01 3.965022894813072e-01 2.901556034915541e-01
3.650000000000000e-01 4.070967635990345e-01 2.861827899892259e-01
3.700000000000000e-01 4.179456864461349e-01 2.819998591718298e-01
3.750000000000000e-01 4.290558389525505e-01 2.775941246013528e-01
3.800000000000000e-01 4.404341653252637e-01 2.729517431722255e-01
3.850000000000000e-01 4.520877773886537e-01 2.680575230627339e-01
3.900000000000000e-01 4.640239590296172e-01 2.628946837194449e-01
3.950000000000000e-01 4.762501707502353e-01 2.574445525602059e-01
4.000000000000000e-01 4.887740543308307e-01 2.516861775243850e-01
4.050000000000000e-01 5.016034376063282e-01 2.455958260682592e-01
4.100000000000000e-01 5.147463393589066e-01 2.391463286281036e-01
4.150000000000000e-01 5.282109743299990e-01 2.323062053687181e-01
4.200000000000000e-01 5.420057583547735e-01 2.250384850486545e-01
4.250000000000000e-01 5.561393136223041e-01 2.172990766578383e-01
4.300000000000000e-01 5.706204740647189e-01 2.090344746020266e-01
4.350000000000000e-01 5.854582908786964e-01 2.001784408817630e-01
4.400000000000000e-01 6.006620381827575e-01 1.906470616407423e-01
4.450000000000000e-01 6.162412188138907e-01 1.803311129254603e-01
4.500000000000000e-01 6.322055702671360e-01 1.690837516503528e-01
4.550000000000000e-01 6.485650707818353e-01 1.566996028054658e-01
4.600000000000000e-01 6.653299455783577e-01 1.428768979945879e-01
4.650000000000000e-01 6.825106732491932e-01 1.271436078742682e-01
4.700000000000000e-01 7.001179923084168e-01 1.087022218238458e-01
4.750000000000000e-01 7.181629079036070e-01 8.610450677514250e-02
4.800000000000000e-01 7.366566986944229e-01 5.695737999206719e-02
4.850000000000000e-01 7.556109239021327e-01 2.212071910681372e-02
4.900000000000000e-01 7.750374305345038e-01 1.508553392412640e-03
4.950000000000000e-01 7.949483607905672e-01 3.213665769676440e-03
5.000000000000000e-01 8.153561596498893e-01 -6.954202997216260e-04
5.050000000000000e-01 8.362735826510871e-01 -2.565750635635710e-03
5.100000000000000e-01 8.577137038644561e-01 -1.927525752551483e-03
5.150000000000000e-01 8.796899240636907e-01 -3.740215938712734e-03
5.200000000000000e-01 9.022159791018011e-01 -2.880086882505793e-03
5.250000000000000e-01 9.253059484964714e-01 -3.570555547054976e-03
5.300000000000000e-01 9.489742642302165e-01 -3.209823452227848e-03
5.350000000000000e-01 9.732357197708378e-01 -3.100339830225057e-03
5.400000000000000e-01 9.981054793178262e-01 -2.979499426152866e-03
5.450000000000000e-01 1.023599087280478e+00 -2.555887656199087e-03
5.500000000000000e-01 1.049732477993657e+00 -2.396238252400763e-03
5.550000000000000e-01 1.076521985677273e+00 -1.929695909705023e-03
5.600000000000001e-01 1.103984354645701e+00 -1.634388351364763e-03
5.650000000000001e-01 1.132136749773522e+00 -1.194987141774619e-03
5.700000000000001e-01 1.160996767224129e+00 -7.883953325944106e-04
5.750000000000001e-01 1.190582445447902e+00 -3.561793928995334e-04
5.800000000000000e-01 1.220912276456826e+00 1.087191492749713e-04
5.850000000000000e-01 1.252005217382601e+00 5.620381978433094e-04
5.900000000000000e-01 1.283880702325469e+00 1.051480564984529e-03
5.950000000000000e-01 1.316558654501151e+00 1.535005207743858e-03
6.000000000000000e-01 1.350059498693518e+00 2.038677108365997e-03
6.050000000000000e-01 1.384404174020732e+00 2.547677454284268e-03
6.100000000000000e-01 1.419614147022888e+00 3.065835379383451e-03
6.150000000000000e-01 1.455711425079295e+00 3.593311838302073e-03
6.200000000000000e-01 1.492718570163803e+00 4.126797509484884e-03
6.250000000000000e-01 1.530658712946775e+00 4.668637176193939e-03
6.300000000000000e-01 1.569555567252506e+00 5.216432910792438e-03
6.350000000000000e-01 1.609433444881138e+00 5.770874734141074e-03
6.400000000000000e-01 1.650317270804325e+00 6.331216725572763e-03
6.450000000000000e-01 1.692232598744148e+00 6.897151998034837e-03
6.500000000000000e-01 1.735205627145031e+00 7.468448930819617e-03
6.550000000000000e-01 1.779263215548615e+00 8.044658173174811e-03
6.600000000000000e-01 1.824432901381847e+00 8.625493130039703e-03
6.650000000000000e-01 1.870742917168772e+00 9.210531412631038e-03
6.700000000000000e-01 1.918222208176775e+00 9.799353220310121e-03
6.750000000000000e-01 1.966900450508319e+00 1.039147166772384e-02
6.800000000000000e-01 2.016808069649473e+00 1.098632615420092e-02
6.850000000000001e-01 2.067976259486829e+00 1.158327295539953e-02
6.900000000000001e-01 2.120437001804702e+00 1.218155920069250e-02
6.950000000000001e-01 2.174223086274785e+00 1.278030825440894e-02
7.000000000000001e-01 2.229368130950753e+00 1.337849657051573e-02
7.050000000000000e-01 2.285906603280654e+00 1.397493165711104e-02
7.100000000000000e-01 2.343873841650178e+00 1.456822788971099e-02
7.150000000000000e-01 2.403306077470301e+00 1.515678068406187e-02
7.200000000000000e-01 2.464240457823092e+00 1.573873929731057e-02
7.250000000000000e-01 2.526715068679855e+00 1.631197800356514e-02
7.300000000000000e-01 2.590768958706095e+00 1.687406585830498e-02
7.350000000000000e-01 2.656442163668210e+00 1.742223513537297e-02
7.400000000000000e-01 2.723775731457148e+00 1.795334872509942e-02
7.450000000000000e-01 2.792811747744667e+00 1.846386698557929e-02
7.500000000000000e-01 2.863593362288260e+00 1.894981486548136e-02
7.550000000000000e-01 2.936164815901156e+00 1.940675058619099e-02
7.600000000000000e-01 3.010571468104263e+00 1.982973779799417e-02
7.650000000000000e-01 3.086859825477351e+00 2.021332393653196e-02
7.700000000000000e-01 3.165077570727174e+00 2.055152850938193e-02
7.750000000000000e-01 3.245273592490716e+00 2.083784620997299e-02
7.800000000000000e-01 3.327498015892184e+00 2.106527101010750e-02
7.850000000000000e-01 3.411802233872832e+00 2.122634860580245e-02
7.900000000000000e-01 3.498238939313234e+00 2.131326556724172e-02
7.950000000000000e-01 3.586862157968046e+00 2.131798389085375e-02
8.000000000000000e-01 3.677727282233856e+00 2.123242893826064e-02
8.050000000000000e-01 3.770891105771243e+00 2.104873668001274e-02
8.100000000000001e-01 3.866411859002656e+00 2.075956255570025e-02
8.150000000000001e-01 3.964349245508326e+00 2.035844904987213e-02
8.200000000000001e-01 4.064764479342956e+00 1.984024286533157e-02
8.250000000000001e-01 4.167720323296481e+00 1.920154698422750e-02
8.300000000000001e-01 4.273281128122877e+00 1.844118944877533e-02
8.350000000000000e-01 4.381512872761445e+00 1.756068901590718e-02
8.400000000000000e-01 4.492483205575838e+00 1.656469650244352e-02
8.450000000000000e-01 4.606261486636447e+00 1.546139021178465e-02
8.500000000000000e-01 4.722918831072739e+00 1.426280664320751e-02
8.550000000000000e-01 4.842528153522501e+00 1.298509070310749e-02
8.600000000000000e-01 4.965164213705875e+00 1.164863826024831e-02
8.650000000000000e-01 5.090903663152626e+00 1.027806004483155e-02
8.700000000000000e-01 5.219825093111814e+00 8.901821630885690e-03
8.750000000000000e-01 5.352009083673925e+00 7.551350809472530e-03
8.800000000000000e-01 5.487538254136007e+00 6.259420576571380e-03
8.850000000000000e-01 5.626497314641444e+00 5.057766043510607e-03
8.900000000000000e-01 5.768973119126561e+00 3.974161823856529e-03
8.950000000000000e-01 5.915054719607133e+00 3.029473866690015e-03
9.000000000000000e-01 6.064833421838831e+00 2.235363528037539e-03
9.050000000000000e-01 6.218402842386253e+00 1.593253820840640e-03
9.100000000000000e-01 6.375858967136348e+00 1.094863268241610e-03
9.150000000000000e-01 6.537300211292723e+00 7.241821853767498e-04
9.200000000000000e-01 6.702827480888332e+00 4.603815099324467e-04
9.250000000000000e-01 6.872544235855034e+00 2.809509040922900e-04
9.300000000000000e-01 7.046556554689444e+00 1.644113486568547e-04
9.350000000000001e-01 7.224973200755413e+00 9.218215067880413e-05
9.400000000000001e-01 7.407905690264673e+00 4.948471885564601e-05
9.450000000000001e-01 7.595468361978146e+00 2.541924808641282e-05
9.500000000000001e-01 7.787778448671316e+00 1.248919503927795e-05
9.550000000000001e-01 7.984956150408610e+00 5.867412565859304e-06
9.600000000000000e-01 8.187124709672272e+00 2.635119220518594e-06
9.650000000000000e-01 8.394410488393007e+00 1.131179002851660e-06
9.700000000000000e-01 8.606943046930221e+00 4.640923878586645e-07
9.750000000000000e-01 8.824855225051540e+00 1.819767271165604e-07
9.800000000000000e-01 9.048283224961922e+00 6.819236785460717e-08
9.850000000000000e-01 9.277366696434507e+00 2.444359745957719e-08
9.900000000000000e-01 9.512248824096272e+00 8.330423335010848e-09
9.950000000000000e-01 9.753076416923058e+00 2.868015023585813e-09
1.000000000000000e+00 1.000000000000000e+01 5.186519585027494e-10
