0.000000000000000e+00 0.000000000000000e+00 3.701262450407539e-01
5.000000000000000e-03 3.369477419287315e-03 3.701189108886197e-01
1.000000000000000e-02 6.741060871647481e-03 3.701165042059330e-01
1.500000000000000e-02 1.011685770649257e-02 3.700910963379478e-01
2.000000000000000e-02 1.349897790673588e-02 3.700577194749901e-01
2.500000000000000e-02 1.688953540759990e-02 3.700108360555426e-01
3.000000000000000e-02 2.029064941789469e-02 3.699556242801630e-01
3.500000000000000e-02 2.370444574459234e-02 3.698865129520900e-01
4.000000000000000e-02 2.713305812152553e-02 3.698078621349630e-01
4.500000000000000e-02 3.057862954304063e-02 3.697164237134669e-01
5.000000000000000e-02 3.404331360343898e-02 3.696145812576475e-01
5.500000000000000e-02 3.752927584304335e-02 3.694993568637994e-01
6.000000000000000e-02 4.103869510173117e-02 3.693732323259079e-01
6.500000000000000e-02 4.457376488078044e-02 3.692336646743717e-01
7.000000000000001e-02 4.813669471387935e-02 3.690819679862613e-01
7.500000000000000e-02 5.172971154815675e-02 3.689161815023658e-01
8.000000000000000e-02 5.535506113609672e-02 3.687377924687187e-01
8.500000000000001e-02 5.901500943920686e-02 3.685445248732110e-01
9.000000000000000e-02 6.271184404431801e-02 3.683372326658778e-01
9.500000000000000e-02 6.644787559340060e-02 3.681143563551880e-01
1.000000000000000e-01 7.022543922779090e-02 3.678766219492021e-01
1.050000000000000e-01 7.404689604773053e-02 3.676219799067765e-01
1.100000000000000e-01 7.791463458813094e-02 3.673510162919357e-01
1.150000000000000e-01 8.183107231148547e-02 3.670621923529089e-01
1.200000000000000e-01 8.579865711886202e-02 3.667556614006167e-01
1.250000000000000e-01 8.981986887992111e-02 3.664295854730601e-01
1.300000000000000e-01 9.389722098291493e-02 3.660842612300337e-01
1.350000000000000e-01 9.803326190563690e-02 3.657179997228080e-01
1.400000000000000e-01 1.022305768083033e-01 3.653305460275040e-01
1.450000000000000e-01 1.064917891493625e-01 3.649201684244415e-01
1.500000000000000e-01 1.108195623252418e-01 3.644868084219638e-01
1.550000000000000e-01 1.152166013350572e-01 3.640285916008236e-01
1.600000000000000e-01 1.196856544713255e-01 3.635449339044393e-01
1.650000000000000e-01 1.242295150377370e-01 3.630340624289679e-01
1.700000000000000e-01 1.288510230950609e-01 3.624955311050982e-01
1.750000000000000e-01 1.335530672362758e-01 3.619272748954896e-01
1.800000000000000e-01 1.383385863920344e-01 3.613283741564655e-01
1.850000000000000e-01 1.432105716675912e-01 3.606968823484266e-01
1.900000000000000e-01 1.481720682123397e-01 3.600319572247073e-01
1.950000000000000e-01 1.532261771231311e-01 3.593313194864447e-01
2.000000000000000e-01 1.583760573825595e-01 3.585936628016845e-01
2.050000000000000e-01 1.636249278334301e-01 3.578167504008165e-01
2.100000000000000e-01 1.689760691906397e-01 3.569993204222836e-01
2.150000000000000e-01 1.744328260917313e-01 3.561388455123449e-01
2.200000000000000e-01 1.799986091874004e-01 3.552335838870935e-01
2.250000000000000e-01 1.856768972732633e-01 3.542808800126303e-01
2.300000000000000e-01 1.914712394642179e-01 3.532789656597898e-01
2.350000000000000e-01 1.973852574127551e-01 3.522250290130282e-01
2.400000000000000e-01 2.034226475726105e-01 3.511168939566129e-01
2.450000000000000e-01 2.095871835091678e-01 3.499513662732103e-01
2.500000000000000e-01 2.158827182580599e-01 3.487260013632156e-01
2.550000000000000e-01 2.223131867334419e-01 3.474375705377348e-01
2.600000000000000e-01 2.288826081874405e-01 3.460834373544459e-01
2.650000000000000e-01 2.355950887223172e-01 3.446599000844877e-01
2.700000000000000e-01 2.424548238569160e-01 3.431638144060366e-01
2.750000000000000e-01 2.494661011489995e-01 3.415911983613425e-01
2.800000000000000e-01 2.566333028751116e-01 3.399385883056845e-01
2.850000000000000e-01 2.639609087696434e-01 3.382017860662712e-01
2.900000000000000e-01 2.714534988248126e-01 3.363770433620044e-01
2.950000000000000e-01 2.791157561533084e-01 3.344596333932082e-01
3.000000000000000e-01 2.869524699153886e-01 3.324453087419279e-01
3.050000000000000e-01 2.949685383122613e-01 3.303288485000838e-01
3.100000000000000e-01 3.031689716476197e-01 3.281053856880202e-01
3.150000000000000e-01 3.115588954592450e-01 3.257693403184871e-01
3.200000000000000e-01 3.201435537226349e-01 3.233151985846973e-01
3.250000000000000e-01 3.289283121286580e-01 3.207369564734993e-01
3.300000000000000e-01 3.379186614372866e-01 3.180284273373375e-01
3.350000000000000e-01 3.471202209094989e-01 3.151830221521520e-01
3.400000000000000e-01 3.565387418195016e-01 3.121938250429362e-01
3.450000000000000e-01 3.661801110494620e-01 3.090535119842508e-01
3.500000000000000e-01 3.760503547690021e-01 3.057543432990255e-01
3.550000000000000e-01 3.861556422017504e-01 3.022881165764585e-01
3.600000000000000e-01 3.965022894813072e-01 2.986461296096840e-01
3.650000000000000e-01 4.070967635990345e-01 2.948191300572359e-01
3.700000000000000e-01 4.179456864461349e-01 2.907972592094369e-01
3.750000000000000e-01 4.290558389525505e-01 2.865699845249501e-01
3.800000000000000e-01 4.404341653252637e-01 2.821260198943737e-01
3.850000000000000e-01 4.520877773886537e-01 2.774532302719374e-01
3.900000000000000e-01 4.640239590296172e-01 2.725385171744588e-01
3.950000000000000e-01 4.762501707502353e-01 2.673676804105165e-01
4.000000000000000e-01 4.887740543308307e-01 2.619252503002805e-01
4.050000000000000e-01 5.016034376063282e-01 2.561942831874072e-01
4.100000000000000e-01 5.147463393589066e-01 2.501561113138290e-01
4.150000000000000e-01 5.282109743299990e-01 2.437900361199935e-01
4.200000000000000e-01 5.420057583547735e-01 2.370729519149096e-01
4.250000000000000e-01 5.561393136223041e-01 2.299788850927298e-01
4.300000000000000e-01 5.706204740647189e-01 2.224784338063956e-01
4.350000000000000e-01 5.854582908786964e-01 2.145380969183687e-01
4.400000000000000e-01 6.006620381827575e-01 2.061194951832799e-01
4.450000000000000e-01 6.162412188138907e-01 1.971785255280609e-01
4.500000000000000e-01 6.322055702671360e-01 1.876645812744833e-01
4.550000000000000e-01 6.485650707818353e-01 1.775201848196846e-01
4.600000000000000e-01 6.653299455783577e-01 1.666818641314870e-01
4.650000000000000e-01 6.825106732491932e-01 1.550841798641656e-01
4.700000000000000e-01 7.001179923084168e-01 1.426710972607632e-01
4.750000000000000e-01 7.181629079036070e-01 1.294233067184593e-01
4.800000000000000e-01 7.366566986944229e-01 1.154166104662559e-01
4.850000000000000e-01 7.556109239021327e-01 1.009282572845870e-01
4.900000000000000e-01 7.750374305345038e-01 8.657709366163242e-02
4.950000000000000e-01 7.949483607905672e-01 7.337436701631395e-02
5.000000000000000e-01 8.153561596498893e-01 6.244409005698003e-02
5.050000000000000e-01 8.362735826510871e-01 5.440108056228808e-02
5.100000000000000e-01 8.577137038644561e-01 4.898328512745802e-02
5.150000000000000e-01 8.796899240636907e-01 4.542835970592957e-02
5.200000000000000e-01 9.022159791018011e-01 4.306820530074985e-02
5.250000000000000e-01 9.253059484964714e-01 4.149338117993690e-02
5.300000000000000e-01 9.489742642302165e-01 4.044593666475461e-02
5.350000000000000e-01 9.732357197708378e-01 3.975379130902328e-02
5.400000000000000e-01 9.981054793178262e-01 3.930709694244920e-02
5.450000000000000e-01 1.023599087280478e+00 3.903359275486208e-02
5.500000000000000e-01 1.049732477993657e+00 3.888378296494202e-02
5.550000000000000e-01 1.076521985677273e+00 3.882364473461464e-02
5.600000000000001e-01 1.103984354645701e+00 3.882911550823237e-02
5.650000000000001e-01 1.132136749773522e+00 3.888268677932832e-02
5.700000000000001e-01 1.160996767224129e+00 3.897134995293749e-02
5.750000000000001e-01 1.190582445447902e+00 3.908514933863003e-02
5.800000000000000e-01 1.220912276456826e+00 3.921623912254178e-02
5.850000000000000e-01 1.252005217382601e+00 3.935825155250241e-02
5.900000000000000e-01 1.283880702325469e+00 3.950585397975095e-02
5.950000000000000e-01 1.316558654501151e+00 3.965444273431122e-02
6.000000000000000e-01 1.350059498693518e+00 3.979992615431443e-02
6.050000000000000e-01 1.384404174020732e+00 3.993856812692683e-02
6.100000000000000e-01 1.419614147022888e+00 4.006687425687446e-02
6.150000000000000e-01 1.455711425079295e+00 4.018150760518804e-02
6.200000000000000e-01 1.492718570163803e+00 4.027922554356479e-02
6.250000000000000e-01 1.530658712946775e+00 4.035683197590779e-02
6.300000000000000e-01 1.569555567252506e+00 4.041114098203007e-02
6.350000000000000e-01 1.609433444881138e+00 4.043894926493465e-02
6.400000000000000e-01 1.650317270804325e+00 4.043701568539639e-02
6.450000000000000e-01 1.692232598744148e+00 4.040204682564310e-02
6.500000000000000e-01 1.735205627145031e+00 4.033068801546448e-02
6.550000000000000e-01 1.779263215548615e+00 4.021951962847778e-02
6.600000000000000e-01 1.824432901381847e+00 4.006505875067903e-02
6.650000000000000e-01 1.870742917168772e+00 3.986376655718939e-02
6.700000000000000e-01 1.918222208176775e+00 3.961206191626441e-02
6.750000000000000e-01 1.966900450508319e+00 3.930634187445645e-02
6.800000000000000e-01 2.016808069649473e+00 3.894300975983907e-02
6.850000000000001e-01 2.067976259486829e+00 3.851851166410110e-02
6.900000000000001e-01 2.120437001804702e+00 3.802938202000414e-02
6.950000000000001e-01 2.174223086274785e+00 3.747229886972788e-02
7.000000000000001e-01 2.229368130950753e+00 3.684414921696684e-02
7.050000000000000e-01 2.285906603280654e+00 3.614210457258783e-02
7.100000000000000e-01 2.343873841650178e+00 3.536370645042803e-02
7.150000000000000e-01 2.403306077470301e+00 3.450696116687169e-02
7.200000000000000e-01 2.464240457823092e+00 3.357044287532514e-02
7.250000000000000e-01 2.526715068679855e+00 3.255340336088060e-02
7.300000000000000e-01 2.590768958706095e+00 3.145588676679998e-02
7.350000000000000e-01 2.656442163668210e+00 3.027884714770771e-02
7.400000000000000e-01 2.723775731457148e+00 2.902426654633185e-02
7.450000000000000e-01 2.792811747744667e+00 2.769527113816351e-02
7.500000000000000e-01 2.863593362288260e+00 2.629624280407961e-02
7.550000000000000e-01 2.936164815901156e+00 2.483292314892664e-02
7.600000000000000e-01 3.010571468104263e+00 2.331250631268110e-02
7.650000000000000e-01 3.086859825477351e+00 2.174371571547512e-02
7.700000000000000e-01 3.165077570727174e+00 2.013685792691655e-02
7.750000000000000e-01 3.245273592490716e+00 1.850384397956440e-02
7.800000000000000e-01 3.327498015892184e+00 1.685816459374589e-02
7.850000000000000e-01 3.411802233872832e+00 1.521480113113914e-02
7.900000000000000e-01 3.498238939313234e+00 1.359004931844100e-02
7.950000000000000e-01 3.586862157968046e+00 1.200122936099331e-02
8.000000000000000e-01 3.677727282233856e+00 1.046625651946031e-02
8.050000000000000e-01 3.770891105771243e+00 9.003053869789380e-03
8.100000000000001e-01 3.866411859002656e+00 7.628806851400285e-03
8.150000000000001e-01 3.964349245508326e+00 6.359088217736716e-03
8.200000000000001e-01 4.064764479342956e+00 5.206918896227791e-03
8.250000000000001e-01 4.167720323296481e+00 4.181866855245886e-03
8.300000000000001e-01 4.273281128122877e+00 3.289310648274854e-03
8.350000000000000e-01 4.381512872761445e+00 2.529995352210895e-03
8.400000000000000e-01 4.492483205575838e+00 1.899979629595670e-03
8.450000000000000e-01 4.606261486636447e+00 1.391015816426584e-03
8.500000000000000e-01 4.722918831072739e+00 9.913318327773892e-04
8.550000000000000e-01 4.842528153522501e+00 6.867122488392011e-04
8.600000000000000e-01 4.965164213705875e+00 4.617245820475384e-04
8.650000000000000e-01 5.090903663152626e+00 3.009189165349070e-04
8.700000000000000e-01 5.219825093111814e+00 1.898475798805169e-04
8.750000000000000e-01 5.352009083673925e+00 1.157998192405526e-04
8.800000000000000e-01 5.487538254136007e+00 6.820958883565085e-05
8.850000000000000e-01 5.626497314641444e+00 3.875574486996408e-05
8.900000000000000e-01 5.768973119126561e+00 2.121925873823252e-05
8.950000000000000e-01 5.915054719607133e+00 1.118435132053926e-05
9.000000000000000e-01 6.064833421838831e+00 5.670139772295625e-06
9.050000000000000e-01 6.218402842386253e+00 2.762661853025679e-06
9.100000000000000e-01 6.375858967136348e+00 1.292687465024255e-06
9.150000000000000e-01 6.537300211292723e+00 5.805015629731136e-07
9.200000000000000e-01 6.702827480888332e+00 2.500344104950445e-07
9.250000000000000e-01 6.872544235855034e+00 1.032414646617106e-07
9.300000000000000e-01 7.046556554689444e+00 4.084750077741938e-08
9.350000000000001e-01 7.224973200755413e+00 1.547956327040717e-08
9.400000000000001e-01 7.407905690264673e+00 5.616723616099862e-09
9.450000000000001e-01 7.595468361978146e+00 1.950789804733585e-09
9.500000000000001e-01 7.787778448671316e+00 6.483864748968138e-10
9.550000000000001e-01 7.984956150408610e+00 2.061891737958464e-10
9.600000000000000e-01 8.187124709672272e+00 6.272439190017509e-11
9.650000000000000e-01 8.394410488393007e+00 1.825123881464566e-11
9.700000000000000e-01 8.606943046930221e+00 5.079196510959239e-12
9.750000000000000e-01 8.824855225051540e+00 1.351823009802112e-12
9.800000000000000e-01 9.048283224961922e+00 3.440723174045335e-13
9.850000000000000e-01 9.277366696434507e+00 8.376691199502125e-14
9.900000000000000e-01 9.512248824096272e+00 1.944439079464189e-14
9.950000000000000e-01 9.753076416923058e+00 4.613715380092826e-15
1.000000000000000e+00 1.000000000000000e+01 -1.746559791168309e-16
