0.000000000000000e+00 0.000000000000000e+00 3.747571006836217e-01
5.000000000000000e-03 3.369477419287315e-03 3.747498810543798e-01
1.000000000000000e-02 6.741060871647481e-03 3.747484953090390e-01
1.500000000000000e-02 1.011685770649257e-02 3.747231932929796e-01
2.000000000000000e-02 1.349897790673588e-02 3.746901004432571e-01
2.500000000000000e-02 1.688953540759990e-02 3.746438028323115e-01
3.000000000000000e-02 2.029064941789469e-02 3.745889277434434e-01
3.500000000000000e-02 2.370444574459234e-02 3.745204387311089e-01
4.000000000000000e-02 2.713305812152553e-02 3.744428089874555e-01
4.500000000000000e-02 3.057862954304063e-02 3.743522346582044e-01
5.000000000000000e-02 3.404331360343898e-02 3.742511815840734e-01
5.500000000000000e-02 3.752927584304335e-02 3.741371847905431e-01
6.000000000000000e-02 4.103869510173117e-02 3.740124307710123e-01
6.500000000000000e-02 4.457376488078044e-02 3.738740931773273e-01
7.000000000000001e-02 4.813669471387935e-02 3.737238558568757e-01
7.500000000000000e-02 5.172971154815675e-02 3.735598586487294e-01
8.000000000000000e-02 5.535506113609672e-02 3.733831909342891e-01
8.500000000000001e-02 5.901500943920686e-02 3.731916955963627e-01
9.000000000000000e-02 6.271184404431801e-02 3.729865696238120e-01
9.500000000000000e-02 6.644787559340060e-02 3.727660184784340e-01
1.000000000000000e-01 7.022543922779090e-02 3.725305211503500e-01
1.050000000000000e-01 7.404689604773053e-02 3.722783599617236e-01
1.100000000000000e-01 7.791463458813094e-02 3.720102635082067e-01
1.150000000000000e-01 8.183107231148547e-02 3.717243681447385e-01
1.200000000000000e-01 8.579865711886202e-02 3.714208029881974e-01
1.250000000000000e-01 8.981986887992111e-02 3.710980454919009e-01
1.300000000000000e-01 9.389722098291493e-02 3.707563474015037e-01
1.350000000000000e-01 9.803326190563690e-02 3.703937831010831e-01
1.400000000000000e-01 1.022305768083033e-01 3.700102229390000e-01
1.450000000000000e-01 1.064917891493625e-01 3.696041329332211e-01
1.500000000000000e-01 1.108195623252418e-01 3.691753214232160e-01
1.550000000000000e-01 1.152166013350572e-01 3.687218000453421e-01
1.600000000000000e-01 1.196856544713255e-01 3.682431623340483e-01
1.650000000000000e-01 1.242295150377370e-01 3.677377365298065e-01
1.700000000000000e-01 1.288510230950609e-01 3.672049351039516e-01
1.750000000000000e-01 1.335530672362758e-01 3.666426529005052e-01
1.800000000000000e-01 1.383385863920344e-01 3.660501449233555e-01
1.850000000000000e-01 1.432105716675912e-01 3.654255345528476e-01
1.900000000000000e-01 1.481720682123397e-01 3.647678684759375e-01
1.950000000000000e-01 1.532261771231311e-01 3.640748391000409e-01
2.000000000000000e-01 1.583760573825595e-01 3.633452860987909e-01
2.050000000000000e-01 1.636249278334301e-01 3.625770716817657e-01
2.100000000000000e-01 1.689760691906397e-01 3.617688834744704e-01
2.150000000000000e-01 1.744328260917313e-01 3.609181349367800e-01
2.200000000000000e-01 1.799986091874004e-01 3.600231687529363e-01
2.250000000000000e-01 1.856768972732633e-01 3.590814861754409e-01
2.300000000000000e-01 1.914712394642179e-01 3.580913752993143e-01
2.350000000000000e-01 1.973852574127551e-01 3.570499487916947e-01
2.400000000000000e-01 2.034226475726105e-01 3.559550259589886e-01
2.450000000000000e-01 2.095871835091678e-01 3.548035703851740e-01
2.500000000000000e-01 2.158827182580599e-01 3.535932899514757e-01
2.550000000000000e-01 2.223131867334419e-01 3.523209873230841e-01
2.600000000000000e-01 2.288826081874405e-01 3.509840462953757e-01
2.650000000000000e-01 2.355950887223172e-01 3.495788064287857e-01
2.700000000000000e-01 2.424548238569160e-01 3.481022006632602e-01
2.750000000000000e-01 2.494661011489995e-01 3.465504284206366e-01
2.800000000000000e-01 2.566333028751116e-01 3.449201992767243e-01
2.850000000000000e-01 2.639609087696434e-01 3.432074068436285e-01
2.900000000000000e-01 2.714534988248126e-01 3.414084413973457e-01
2.950000000000000e-01 2.791157561533084e-01 3.395186772621791e-01
3.000000000000000e-01 2.869524699153886e-01 3.375339900041251e-01
3.050000000000000e-01 2.949685383122613e-01 3.354493831149594e-01
3.100000000000000e-01 3.031689716476197e-01 3.332601556361476e-01
3.150000000000000e-01 3.115588954592450e-01 3.309610223193528e-01
3.200000000000000e-01 3.201435537226349e-01 3.285467032459625e-01
3.250000000000000e-01 3.289283121286580e-01 3.260115206463673e-01
3.300000000000000e-01 3.379186614372866e-01 3.233496031690141e-01
3.350000000000000e-01 3.471202209094989e-01 3.205547431665379e-01
3.400000000000000e-01 3.565387418195016e-01 3.176204394042806e-01
3.450000000000000e-01 3.661801110494620e-01 3.145398469234508e-01
3.500000000000000e-01 3.760503547690021e-01 3.113057684751266e-01
3.550000000000000e-01 3.861556422017504e-01 3.079106244148228e-01
3.600000000000000e-01 3.965022894813072e-01 3.043464273546981e-01
3.650000000000000e-01 4.070967635990345e-01 3.006047497935579e-01
3.700000000000000e-01 4.179456864461349e-01 2.966766883192387e-01
3.750000000000000e-01 4.290558389525505e-01 2.925528219277954e-01
3.800000000000000e-01 4.404341653252637e-01 2.882231640232128e-01
3.850000000000000e-01 4.520877773886537e-01 2.836771067268938e-01
3.900000000000000e-01 4.640239590296172e-01 2.789033562002647e-01
3.950000000000000e-01 4.762501707502353e-01 2.738898574398017e-01
4.000000000000000e-01 4.887740543308307e-01 2.686237069234247e-01
4.050000000000000e-01 5.016034376063282e-01 2.630910515065988e-01
4.100000000000000e-01 5.147463393589066e-01 2.572769722638411e-01
4.150000000000000e-01 5.282109743299990e-01 2.511653527804737e-01
4.200000000000000e-01 5.420057583547735e-01 2.447387331653640e-01
4.250000000000000e-01 5.561393136223041e-01 2.379781545678097e-01
4.300000000000000e-01 5.706204740647189e-01 2.308630056604658e-01
4.350000000000000e-01 5.854582908786964e-01 2.233708949497936e-01
4.400000000000000e-01 6.006620381827575e-01 2.154775955004400e-01
4.450000000000000e-01 6.162412188138907e-01 2.071571499939927e-01
4.500000000000000e-01 6.322055702671360e-01 1.983822987474891e-01
4.550000000000000e-01 6.485650707818353e-01 1.891255270565932e-01
4.600000000000000e-01 6.653299455783577e-01 1.793612631955184e-01
4.650000000000000e-01 6.825106732491932e-01 1.690701554855981e-01
4.700000000000000e-01 7.001179923084168e-01 1.582469749142937e-01
4.750000000000000e-01 7.181629079036070e-01 1.469144818907835e-01
4.800000000000000e-01 7.366566986944229e-01 1.351460801955113e-01
4.850000000000000e-01 7.556109239021327e-01 1.230986055400873e-01
4.900000000000000e-01 7.750374305345038e-01 1.110495417008122e-01
4.950000000000000e-01 7.949483607905672e-01 9.941662274864661e-02
5.000000000000000e-01 8.153561596498893e-01 8.871891437190414e-02
5.050000000000000e-01 8.362735826510871e-01 7.944906074611832e-02
5.100000000000000e-01 8.577137038644561e-01 7.189934948531758e-02
5.150000000000000e-01 8.796899240636907e-01 6.606528257543429e-02
5.200000000000000e-01 9.022159791018011e-01 6.170768496372639e-02
5.250000000000000e-01 9.253059484964714e-01 5.850383968069211e-02
5.300000000000000e-01 9.489742642302165e-01 5.616013726707462e-02
5.350000000000000e-01 9.732357197708378e-01 5.444665634819390e-02
5.400000000000000e-01 9.981054793178262e-01 5.319164730551959e-02
5.450000000000000e-01 1.023599087280478e+00 5.226905178169796e-02
5.500000000000000e-01 1.049732477993657e+00 5.158715806116389e-02
5.550000000000000e-01 1.076521985677273e+00 5.107916391539369e-02
5.600000000000001e-01 1.103984354645701e+00 5.069610674210517e-02
5.650000000000001e-01 1.132136749773522e+00 5.040181406985660e-02
5.700000000000001e-01 1.160996767224129e+00 5.016928538557641e-02
5.750000000000001e-01 1.190582445447902e+00 4.997811059181569e-02
5.800000000000000e-01 1.220912276456826e+00 4.981263151276958e-02
5.850000000000000e-01 1.252005217382601e+00 4.966062436595236e-02
5.900000000000000e-01 1.283880702325469e+00 4.951235129417687e-02
5.950000000000000e-01 1.316558654501151e+00 4.935987485971693e-02
6.000000000000000e-01 1.350059498693518e+00 4.919656046758440e-02
6.050000000000000e-01 1.384404174020732e+00 4.901671422377119e-02
6.100000000000000e-01 1.419614147022888e+00 4.881531917570964e-02
6.150000000000000e-01 1.455711425079295e+00 4.858784361191203e-02
6.200000000000000e-01 1.492718570163803e+00 4.833010267870837e-02
6.250000000000000e-01 1.530658712946775e+00 4.803815991806459e-02
6.300000000000000e-01 1.569555567252506e+00 4.770825913452358e-02
6.350000000000000e-01 1.609433444881138e+00 4.733677972715929e-02
6.400000000000000e-01 1.650317270804325e+00 4.692021058689605e-02
6.450000000000000e-01 1.692232598744148e+00 4.645513907842356e-02
6.500000000000000e-01 1.735205627145031e+00 4.593825264891222e-02
6.550000000000000e-01 1.779263215548615e+00 4.536635133612960e-02
6.600000000000000e-01 1.824432901381847e+00 4.473636995843874e-02
6.650000000000000e-01 1.870742917168772e+00 4.404540910924547e-02
6.700000000000000e-01 1.918222208176775e+00 4.329077428559462e-02
6.750000000000000e-01 1.966900450508319e+00 4.247002258285829e-02
6.800000000000000e-01 2.016808069649473e+00 4.158101640802609e-02
6.850000000000001e-01 2.067976259486829e+00 4.062198362384036e-02
6.900000000000001e-01 2.120437001804702e+00 3.959158345485427e-02
6.950000000000001e-01 2.174223086274785e+00 3.848897738365085e-02
7.000000000000001e-01 2.229368130950753e+00 3.731390415834104e-02
7.050000000000000e-01 2.285906603280654e+00 3.606675793427472e-02
7.100000000000000e-01 2.343873841650178e+00 3.474866848928230e-02
7.150000000000000e-01 2.403306077470301e+00 3.336158237658553e-02
7.200000000000000e-01 2.464240457823092e+00 3.190834379087241e-02
7.250000000000000e-01 2.526715068679855e+00 3.039277377991076e-02
7.300000000000000e-01 2.590768958706095e+00 2.881974617490377e-02
7.350000000000000e-01 2.656442163668210e+00 2.719525815655763e-02
7.400000000000000e-01 2.723775731457148e+00 2.552649262486300e-02
7.450000000000000e-01 2.792811747744667e+00 2.382186839826160e-02
7.500000000000000e-01 2.863593362288260e+00 2.209107264389286e-02
7.550000000000000e-01 2.936164815901156e+00 2.034506778832745e-02
7.600000000000000e-01 3.010571468104263e+00 1.859606252007163e-02
7.650000000000000e-01 3.086859825477351e+00 1.685743357647286e-02
7.700000000000000e-01 3.165077570727174e+00 1.514358227990423e-02
7.750000000000000e-01 3.245273592490716e+00 1.346970810562398e-02
7.800000000000000e-01 3.327498015892184e+00 1.185148223214066e-02
7.850000000000000e-01 3.411802233872832e+00 1.030460870028867e-02
7.900000000000000e-01 3.498238939313234e+00 8.844271085616308e-03
7.950000000000000e-01 3.586862157968046e+00 7.484479237918106e-03
8.000000000000000e-01 3.677727282233856e+00 6.237352652757641e-03
8.050000000000000e-01 3.770891105771243e+00 5.112400941233414e-03
8.100000000000001e-01 3.866411859002656e+00 4.115881851285164e-03
8.150000000000001e-01 3.964349245508326e+00 3.250326503608048e-03
8.200000000000001e-01 4.064764479342956e+00 2.514314242141575e-03
8.250000000000001e-01 4.167720323296481e+00 1.902553636141262e-03
8.300000000000001e-01 4.273281128122877e+00 1.406284678753496e-03
8.350000000000000e-01 4.381512872761445e+00 1.013968026947853e-03
8.400000000000000e-01 4.492483205575838e+00 7.121811349687270e-04
8.450000000000000e-01 4.606261486636447e+00 4.866091213154937e-04
8.500000000000000e-01 4.722918831072739e+00 3.230076010757099e-04
8.550000000000000e-01 4.842528153522501e+00 2.080274230946179e-04
8.600000000000000e-01 4.965164213705875e+00 1.298232611257163e-04
8.650000000000000e-01 5.090903663152626e+00 7.841078352416797e-05
8.700000000000000e-01 5.219825093111814e+00 4.578028759378918e-05
8.750000000000000e-01 5.352009083673925e+00 2.580902585176157e-05
8.800000000000000e-01 5.487538254136007e+00 1.403429476919133e-05
8.850000000000000e-01 5.626497314641444e+00 7.353548794282018e-06
8.900000000000000e-01 5.768973119126561e+00 3.709192468606724e-06
8.950000000000000e-01 5.915054719607133e+00 1.799509669874365e-06
9.000000000000000e-01 6.064833421838831e+00 8.390078933982502e-07
9.050000000000000e-01 6.218402842386253e+00 3.756538517127534e-07
9.100000000000000e-01 6.375858967136348e+00 1.614063121250556e-07
9.150000000000000e-01 6.537300211292723e+00 6.651085576219737e-08
9.200000000000000e-01 6.702827480888332e+00 2.626994920865125e-08
9.250000000000000e-01 6.872544235855034e+00 9.940354542139112e-09
9.300000000000000e-01 7.046556554689444e+00 3.601858337131963e-09
9.350000000000001e-01 7.224973200755413e+00 1.249290400147807e-09
9.400000000000001e-01 7.407905690264673e+00 4.146337165091982e-10
9.450000000000001e-01 7.595468361978146e+00 1.316448555716047e-10
9.500000000000001e-01 7.787778448671316e+00 3.997373813167160e-11
9.550000000000001e-01 7.984956150408610e+00 1.160618065166374e-11
9.600000000000000e-01 8.187124709672272e+00 3.221639502185732e-12
9.650000000000000e-01 8.394410488393007e+00 8.548362774325206e-13
9.700000000000000e-01 8.606943046930221e+00 2.168040478197337e-13
9.750000000000000e-01 8.824855225051540e+00 5.255378354139614e-14
9.800000000000000e-01 9.048283224961922e+00 1.217520305384021e-14
9.850000000000000e-01 9.277366696434507e+00 2.696138918377006e-15
9.900000000000000e-01 9.512248824096272e+00 5.691741166861239e-16
9.950000000000000e-01 9.753076416923058e+00 1.228667154188351e-16
1.000000000000000e+00 1.000000000000000e+01 -1.105015157491161e-17
