0.000000000000000e+00 0.000000000000000e+00 3.629384442899627e-01
5.000000000000000e-03 3.369477419287315e-03 3.629309242611535e-01
1.000000000000000e-02 6.741060871647481e-03 3.629187653124690e-01
1.500000000000000e-02 1.011685770649257e-02 3.628931083920452e-01
2.000000000000000e-02 1.349897790673588e-02 3.628614943778986e-01
2.500000000000000e-02 1.688953540759990e-02 3.628134317207001e-01
3.000000000000000e-02 2.029064941789469e-02 3.627565287765304e-01
3.500000000000000e-02 2.370444574459234e-02 3.626866186458485e-01
4.000000000000000e-02 2.713305812152553e-02 3.626068242660502e-01
4.500000000000000e-02 3.057862954304063e-02 3.625134650512267e-01
5.000000000000000e-02 3.404331360343898e-02 3.624099070709361e-01
5.500000000000000e-02 3.752927584304335e-02 3.622929907455431e-01
6.000000000000000e-02 4.103869510173117e-02 3.621645052621379e-01
6.500000000000000e-02 4.457376488078044e-02 3.620223199372587e-01
7.000000000000001e-02 4.813669471387935e-02 3.618682458807616e-01
7.500000000000000e-02 5.172971154815675e-02 3.616997013590910e-01
8.000000000000000e-02 5.535506113609672e-02 3.615179476706099e-01
8.500000000000001e-02 5.901500943920686e-02 3.613213014113356e-01
9.000000000000000e-02 6.271184404431801e-02 3.611106118985256e-01
9.500000000000000e-02 6.644787559340060e-02 3.608837762809518e-01
1.000000000000000e-01 7.022543922779090e-02 3.606417152038048e-01
1.050000000000000e-01 7.404689604773053e-02 3.603827192340589e-01
1.100000000000000e-01 7.791463458813094e-02 3.601070445834667e-01
1.150000000000000e-01 8.183107231148547e-02 3.598129637294721e-01
1.200000000000000e-01 8.579865711886202e-02 3.595009898936735e-01
1.250000000000000e-01 8.981986887992111e-02 3.591692590950288e-01
1.300000000000000e-01 9.389722098291493e-02 3.588176898823825e-01
1.350000000000000e-01 9.803326190563690e-02 3.584447146465360e-01
1.400000000000000e-01 1.022305768083033e-01 3.580503716822839e-01
1.450000000000000e-01 1.064917891493625e-01 3.576326752533952e-01
1.500000000000000e-01 1.108195623252418e-01 3.571912935167906e-01
1.550000000000000e-01 1.152166013350572e-01 3.567246021479258e-01
1.600000000000000e-01 1.196856544713255e-01 3.562321750629776e-01
1.650000000000000e-01 1.242295150377370e-01 3.557119211340116e-01
1.700000000000000e-01 1.288510230950609e-01 3.551632223615000e-01
1.750000000000000e-01 1.335530672362758e-01 3.545842630964427e-01
1.800000000000000e-01 1.383385863920344e-01 3.539741919086765e-01
1.850000000000000e-01 1.432105716675912e-01 3.533307562886318e-01
1.900000000000000e-01 1.481720682123397e-01 3.526529716887223e-01
1.950000000000000e-01 1.532261771231311e-01 3.519387614446732e-01
2.000000000000000e-01 1.583760573825595e-01 3.511868681484119e-01
2.050000000000000e-01 1.636249278334301e-01 3.503947780990301e-01
2.100000000000000e-01 1.689760691906397e-01 3.495610464356011e-01
2.150000000000000e-01 1.744328260917313e-01 3.486832761273377e-01
2.200000000000000e-01 1.799986091874004e-01 3.477597967876845e-01
2.250000000000000e-01 1.856768972732633e-01 3.467877347298715e-01
2.300000000000000e-01 1.914712394642179e-01 3.457650789768435e-01
2.350000000000000e-01 1.973852574127551e-01 3.446890044430687e-01
2.400000000000000e-01 2.034226475726105e-01 3.435573761432047e-01
2.450000000000000e-01 2.095871835091678e-01 3.423669117377941e-01
2.500000000000000e-01 2.158827182580599e-01 3.411149685270874e-01
2.550000000000000e-01 2.223131867334419e-01 3.397980895917984e-01
2.600000000000000e-01 2.288826081874405e-01 3.384134749948660e-01
2.650000000000000e-01 2.355950887223172e-01 3.369574072565467e-01
2.700000000000000e-01 2.424548238569160e-01 3.354266675606247e-01
2.750000000000000e-01 2.494661011489995e-01 3.338170143652073e-01
2.800000000000000e-01 2.566333028751116e-01 3.321247130717384e-01
2.850000000000000e-01 2.639609087696434e-01 3.303452917206996e-01
2.900000000000000e-01 2.714534988248126e-01 3.284746946609317e-01
2.950000000000000e-01 2.791157561533084e-01 3.265080096764620e-01
3.000000000000000e-01 2.869524699153886e-01 3.244407212774055e-01
3.050000000000000e-01 2.949685383122613e-01 3.222672639755540e-01
3.100000000000000e-01 3.031689716476197e-01 3.199824485114781e-01
3.150000000000000e-01 3.115588954592450e-01 3.175801669361685e-01
3.200000000000000e-01 3.201435537226349e-01 3.150544607519576e-01
3.250000000000000e-01 3.289283121286580e-01 3.123986952810279e-01
3.300000000000000e-01 3.379186614372866e-01 3.096060797098908e-01
3.350000000000000e-01 3.471202209094989e-01 3.066692775795402e-01
3.400000000000000e-01 3.565387418195016e-01 3.035805663909241e-01
3.450000000000000e-01 3.661801110494620e-01 3.003316768131685e-01
3.500000000000000e-01 3.760503547690021e-01 2.969137943660504e-01
3.550000000000000e-01 3.861556422017504e-01 2.933174686241771e-01
3.600000000000000e-01 3.965022894813072e-01 2.895325507184719e-01
3.650000000000000e-01 4.070967635990345e-01 2.855480986263159e-01
3.700000000000000e-01 4.179456864461349e-01 2.813522711927124e-01
3.750000000000000e-01 4.290558389525505e-01 2.769321954347851e-01
3.800000000000000e-01 4.404341653252637e-01 2.722738045701583e-01
3.850000000000000e-01 4.520877773886537e-01 2.673616363815331e-01
3.900000000000000e-01 4.640239590296172e-01 2.621785805069157e-01
3.950000000000000e-01 4.762501707502353e-01 2.567055580737586e-01
4.000000000000000e-01 4.887740543308307e-01 2.509211109502411e-01
4.050000000000000e-01 5.016034376063282e-01 2.448008683833500e-01
4.100000000000000e-01 5.147463393589066e-01 2.383168446521629e-01
4.150000000000000e-01 5.282109743299990e-01 2.314364995379912e-01
4.200000000000000e-01 5.420057583547735e-01 2.241214589029872e-01
4.250000000000000e-01 5.561393136223041e-01 2.163257363957025e-01
4.300000000000000e-01 5.706204740647189e-01 2.079932023056115e-01
4.350000000000000e-01 5.854582908786964e-01 1.990538786401999e-01
4.400000000000000e-01 6.006620381827575e-01 1.894183319555965e-01
4.450000000000000e-01 6.162412188138907e-01 1.789688363564761e-01
4.500000000000000e-01 6.322055702671360e-01 1.675447304778100e-01
4.550000000000000e-01 6.485650707818353e-01 1.549165648081064e-01
4.600000000000000e-01 6.653299455783577e-01 1.407365290950252e-01
4.650000000000000e-01 6.825106732491932e-01 1.244322391902099e-01
4.700000000000000e-01 7.001179923084168e-01 1.049415583328550e-01
4.750000000000000e-01 7.181629079036070e-01 7.990562045322439e-02
4.800000000000000e-01 7.366566986944229e-01 4.309332541741905e-02
4.850000000000000e-01 7.556109239021327e-01 -6.739719518392561e-03
4.900000000000000e-01 7.750374305345038e-01 -1.320811259275540e-02
4.950000000000000e-01 7.949483607905672e-01 -9.008273122531862e-03
5.000000000000000e-01 8.153561596498893e-01 -1.808550023609785e-02
5.050000000000000e-01 8.362735826510871e-01 -1.024116990653076e-02
5.100000000000000e-01 8.577137038644561e-01 -1.775429960376910e-02
5.150000000000000e-01 8.796899240636907e-01 -1.150804642709556e-02
5.200000000000000e-01 9.022159791018011e-01 -1.616744451943266e-02
5.250000000000000e-01 9.253059484964714e-01 -1.244933829399800e-02
5.300000000000000e-01 9.489742642302165e-01 -1.445035032358214e-02
5.350000000000000e-01 9.732357197708378e-01 -1.288954076425324e-02
5.400000000000000e-01 9.981054793178262e-01 -1.297966350971483e-02
5.450000000000000e-01 1.023599087280478e+00 -1.281924366287151e-02
5.500000000000000e-01 1.049732477993657e+00 -1.183363020581179e-02
5.550000000000000e-01 1.076521985677273e+00 -1.232587122715704e-02
5.600000000000001e-01 1.103984354645701e+00 -1.095752793597242e-02
5.650000000000001e-01 1.132136749773522e+00 -1.153973732143028e-02
5.700000000000001e-01 1.160996767224129e+00 -1.024588050815042e-02
5.750000000000001e-01 1.190582445447902e+00 -1.059441155566337e-02
5.800000000000000e-01 1.220912276456826e+00 -9.590647427973586e-03
5.850000000000000e-01 1.252005217382601e+00 -9.599122714284161e-03
5.900000000000000e-01 1.283880702325469e+00 -8.909603540620604e-03
5.950000000000000e-01 1.316558654501151e+00 -8.623223498145581e-03
6.000000000000000e-01 1.350059498693518e+00 -8.158907986939122e-03
6.050000000000000e-01 1.384404174020732e+00 -7.693289015782292e-03
6.100000000000000e-01 1.419614147022888e+00 -7.331632042585160e-03
6.150000000000000e-01 1.455711425079295e+00 -6.801861578467149e-03
6.200000000000000e-01 1.492718570163803e+00 -6.445424729012838e-03
6.250000000000000e-01 1.530658712946775e+00 -5.923840743483615e-03
6.300000000000000e-01 1.569555567252506e+00 -5.525272500603117e-03
6.350000000000000e-01 1.609433444881138e+00 -5.033686598947018e-03
6.400000000000000e-01 1.650317270804325e+00 -4.588997671613050e-03
6.450000000000000e-01 1.692232598744148e+00 -4.116288133795304e-03
6.500000000000000e-01 1.735205627145031e+00 -3.641408408405072e-03
6.550000000000000e-01 1.779263215548615e+00 -3.168058634281104e-03
6.600000000000000e-01 1.824432901381847e+00 -2.677579436885336e-03
6.650000000000000e-01 1.870742917168772e+00 -2.191014303686817e-03
6.700000000000000e-01 1.918222208176775e+00 -1.690002517735476e-03
6.750000000000000e-01 1.966900450508319e+00 -1.186469400637849e-03
6.800000000000000e-01 2.016808069649473e+00 -6.733007011266261e-04
6.850000000000001e-01 2.067976259486829e+00 -1.529272550749950e-04
6.900000000000001e-01 2.120437001804702e+00 3.754067094093705e-04
6.950000000000001e-01 2.174223086274785e+00 9.125302655534245e-04
7.000000000000001e-01 2.229368130950753e+00 1.457961392165545e-03
7.050000000000000e-01 2.285906603280654e+00 2.012466963590532e-03
7.100000000000000e-01 2.343873841650178e+00 2.575862301306626e-03
7.150000000000000e-01 2.403306077470301e+00 3.148369521657542e-03
7.200000000000000e-01 2.464240457823092e+00 3.729939623463679e-03
7.250000000000000e-01 2.526715068679855e+00 4.320471892699397e-03
7.300000000000000e-01 2.590768958706095e+00 4.919768679721789e-03
7.350000000000000e-01 2.656442163668210e+00 5.527486543497540e-03
7.400000000000000e-01 2.723775731457148e+00 6.143154735565063e-03
7.450000000000000e-01 2.792811747744667e+00 6.766132556052614e-03
7.500000000000000e-01 2.863593362288260e+00 7.395597062904899e-03
7.550000000000000e-01 2.936164815901156e+00 8.030513231705708e-03
7.600000000000000e-01 3.010571468104263e+00 8.669604398739365e-03
7.650000000000000e-01 3.086859825477351e+00 9.311317493669681e-03
7.700000000000000e-01 3.165077570727174e+00 9.953782703626270e-03
7.750000000000000e-01 3.245273592490716e+00 1.059476781308382e-02
7.800000000000000e-01 3.327498015892184e+00 1.123162629361551e-02
7.850000000000000e-01 3.411802233872832e+00 1.186123929089426e-02
7.900000000000000e-01 3.498238939313234e+00 1.247995165240008e-02
7.950000000000000e-01 3.586862157968046e+00 1.308350265772487e-02
8.000000000000000e-01 3.677727282233856e+00 1.366695283251552e-02
8.050000000000000e-01 3.770891105771243e+00 1.422460949683828e-02
8.100000000000001e-01 3.866411859002656e+00 1.474995515508520e-02
8.150000000000001e-01 3.964349245508326e+00 1.523558468576952e-02
8.200000000000001e-01 4.064764479342956e+00 1.567316049473842e-02
8.250000000000001e-01 4.167720323296481e+00 1.605339901102179e-02
8.300000000000001e-01 4.273281128122877e+00 1.636610563230483e-02
8.350000000000000e-01 4.381512872761445e+00 1.660027900773983e-02
8.400000000000000e-01 4.492483205575838e+00 1.674431051488606e-02
8.450000000000000e-01 4.606261486636447e+00 1.678630642656027e-02
8.500000000000000e-01 4.722918831072739e+00 1.671455103521889e-02
8.550000000000000e-01 4.842528153522501e+00 1.651811108758646e-02
8.600000000000000e-01 4.965164213705875e+00 1.618756740610490e-02
8.650000000000000e-01 5.090903663152626e+00 1.571585071472464e-02
8.700000000000000e-01 5.219825093111814e+00 1.509914037065772e-02
8.750000000000000e-01 5.352009083673925e+00 1.433775358875584e-02
8.800000000000000e-01 5.487538254136007e+00 1.343694315090304e-02
8.850000000000000e-01 5.626497314641444e+00 1.240757089380109e-02
8.900000000000000e-01 5.768973119126561e+00 1.126669942198981e-02
8.950000000000000e-01 5.915054719607133e+00 1.003813054941129e-02
9.000000000000000e-01 6.064833421838831e+00 8.752725096666995e-03
9.050000000000000e-01 6.218402842386253e+00 7.448036546688705e-03
9.100000000000000e-01 6.375858967136348e+00 6.166628380217778e-03
9.150000000000000e-01 6.537300211292723e+00 4.952674497769332e-03
9.200000000000000e-01 6.702827480888332e+00 3.847089539580714e-03
9.250000000000000e-01 6.872544235855034e+00 2.882211511297777e-03
9.300000000000000e-01 7.046556554689444e+00 2.077514718015545e-03
9.350000000000001e-01 7.224973200755413e+00 1.437657447344889e-03
9.400000000000001e-01 7.407905690264673e+00 9.534106532820968e-04
9.450000000000001e-01 7.595468361978146e+00 6.050425711429486e-04
9.500000000000001e-01 7.787778448671316e+00 3.670097493903700e-04
9.550000000000001e-01 7.984956150408610e+00 2.126082810208089e-04
9.600000000000000e-01 8.187124709672272e+00 1.175499004237945e-04
9.650000000000000e-01 8.394410488393007e+00 6.200415076463066e-05
9.700000000000000e-01 8.606943046930221e+00 3.119310839327974e-05
9.750000000000000e-01 8.824855225051540e+00 1.496604136044304e-05
9.800000000000000e-01 9.048283224961922e+00 6.846074027457794e-06
9.850000000000000e-01 9.277366696434507e+00 2.990854578015726e-06
9.900000000000000e-01 9.512248824096272e+00 1.238215437385327e-06
9.950000000000000e-01 9.753076416923058e+00 5.114341272481070e-07
1.000000000000000e+00 1.000000000000000e+01 1.511535474831151e-07
