0.000000000000000e+00 0.000000000000000e+00 3.799778197383306e-01
5.000000000000000e-03 3.369477419287315e-03 3.799707246601011e-01
1.000000000000000e-02 6.741060871647481e-03 3.799582667475936e-01
1.500000000000000e-02 1.011685770649257e-02 3.799333903213036e-01
2.000000000000000e-02 1.349897790673588e-02 3.799031014071346e-01
2.500000000000000e-02 1.688953540759990e-02 3.798568829333710e-01
3.000000000000000e-02 2.029064941789469e-02 3.798019233083079e-01
3.500000000000000e-02 2.370444574459234e-02 3.797344752777744e-01
4.000000000000000e-02 2.713305812152553e-02 3.796576789028699e-01
4.500000000000000e-02 3.057862954304063e-02 3.795677214332804e-01
5.000000000000000e-02 3.404331360343898e-02 3.794678236810797e-01
5.500000000000000e-02 3.752927584304335e-02 3.793551550559123e-01
6.000000000000000e-02 4.103869510173117e-02 3.792314245600116e-01
6.500000000000000e-02 4.457376488078044e-02 3.790943620369598e-01
7.000000000000001e-02 4.813669471387935e-02 3.789458637062260e-01
7.500000000000000e-02 5.172971154815675e-02 3.787835347462829e-01
8.000000000000000e-02 5.535506113609672e-02 3.786084405566099e-01
8.500000000000001e-02 5.901500943920686e-02 3.784189109069585e-01
9.000000000000000e-02 6.271184404431801e-02 3.782160070681778e-01
9.500000000000000e-02 6.644787559340060e-02 3.779975962769863e-01
1.000000000000000e-01 7.022543922779090e-02 3.777644002391668e-01
1.050000000000000e-01 7.404689604773053e-02 3.775149158357544e-01
1.100000000000000e-01 7.791463458813094e-02 3.772495834766252e-01
1.150000000000000e-01 8.183107231148547e-02 3.769664842264918e-01
1.200000000000000e-01 8.579865711886202e-02 3.766660575633956e-01
1.250000000000000e-01 8.981986887992111e-02 3.763467429527350e-01
1.300000000000000e-01 9.389722098291493e-02 3.760085204242394e-01
1.350000000000000e-01 9.803326190563690e-02 3.756496056968428e-01
1.400000000000000e-01 1.022305768083033e-01 3.752701256262956e-01
1.450000000000000e-01 1.064917891493625e-01 3.748683790536502e-01
1.500000000000000e-01 1.108195623252418e-01 3.744439848330265e-01
1.550000000000000e-01 1.152166013350572e-01 3.739951710744984e-01
1.600000000000000e-01 1.196856544713255e-01 3.735217176612410e-01
1.650000000000000e-01 1.242295150377370e-01 3.730217615103372e-01
1.700000000000000e-01 1.288510230950609e-01 3.724945896343276e-01
1.750000000000000e-01 1.335530672362758e-01 3.719383141530396e-01
1.800000000000000e-01 1.383385863920344e-01 3.713523460747975e-01
1.850000000000000e-01 1.432105716675912e-01 3.707346468366226e-01
1.900000000000000e-01 1.481720682123397e-01 3.700841578696232e-01
1.950000000000000e-01 1.532261771231311e-01 3.693987549586035e-01
2.000000000000000e-01 1.583760573825595e-01 3.686774448527064e-01
2.050000000000000e-01 1.636249278334301e-01 3.679179938664637e-01
2.100000000000000e-01 1.689760691906397e-01 3.671189840146029e-01
2.150000000000000e-01 1.744328260917313e-01 3.662779394089280e-01
2.200000000000000e-01 1.799986091874004e-01 3.653933762709365e-01
2.250000000000000e-01 1.856768972732633e-01 3.644628218937123e-01
2.300000000000000e-01 1.914712394642179e-01 3.634845123366747e-01
2.350000000000000e-01 1.973852574127551e-01 3.624555524028101e-01
2.400000000000000e-01 2.034226475726105e-01 3.613738517762072e-01
2.450000000000000e-01 2.095871835091678e-01 3.602365392940276e-01
2.500000000000000e-01 2.158827182580599e-01 3.590414321188509e-01
2.550000000000000e-01 2.223131867334419e-01 3.577852913485529e-01
2.600000000000000e-01 2.288826081874405e-01 3.564654933432114e-01
2.650000000000000e-01 2.355950887223172e-01 3.550784989130541e-01
2.700000000000000e-01 2.424548238569160e-01 3.536213702566486e-01
2.750000000000000e-01 2.494661011489995e-01 3.520904621514094e-01
2.800000000000000e-01 2.566333028751116e-01 3.504826474054021e-01
2.850000000000000e-01 2.639609087696434e-01 3.487938657497870e-01
2.900000000000000e-01 2.714534988248126e-01 3.470206118947233e-01
2.950000000000000e-01 2.791157561533084e-01 3.451583902798983e-01
3.000000000000000e-01 2.869524699153886e-01 3.432031828205990e-01
3.050000000000000e-01 2.949685383122613e-01 3.411502419639035e-01
3.100000000000000e-01 3.031689716476197e-01 3.389950243243294e-01
3.150000000000000e-01 3.115588954592450e-01 3.367325297763897e-01
3.200000000000000e-01 3.201435537226349e-01 3.343577023157891e-01
3.250000000000000e-01 3.289283121286580e-01 3.318651678588250e-01
3.300000000000000e-01 3.379186614372866e-01 3.292493544733037e-01
3.350000000000000e-01 3.471202209094989e-01 3.265044098497472e-01
3.400000000000000e-01 3.565387418195016e-01 3.236242216762352e-01
3.450000000000000e-01 3.661801110494620e-01 3.206023897806694e-01
3.500000000000000e-01 3.760503547690021e-01 3.174322187734870e-01
3.550000000000000e-01 3.861556422017504e-01 3.141067006244961e-01
3.600000000000000e-01 3.965022894813072e-01 3.106184993253577e-01
3.650000000000000e-01 4.070967635990345e-01 3.069599325835543e-01
3.700000000000000e-01 4.179456864461349e-01 3.031229521429519e-01
3.750000000000000e-01 4.290558389525505e-01 2.990991218925591e-01
3.800000000000000e-01 4.404341653252637e-01 2.948795937808890e-01
3.850000000000000e-01 4.520877773886537e-01 2.904550813103395e-01
3.900000000000000e-01 4.640239590296172e-01 2.858158305717127e-01
3.950000000000000e-01 4.762501707502353e-01 2.809515889387421e-01
4.000000000000000e-01 4.887740543308307e-01 2.758515718858380e-01
4.050000000000000e-01 5.016034376063282e-01 2.705044289624745e-01
4.100000000000000e-01 5.147463393589066e-01 2.648982109103243e-01
4.150000000000000e-01 5.282109743299990e-01 2.590203414671886e-01
4.200000000000000e-01 5.420057583547735e-01 2.528575999279904e-01
4.250000000000000e-01 5.561393136223041e-01 2.463961246049818e-01
4.300000000000000e-01 5.706204740647189e-01 2.396214538698794e-01
4.350000000000000e-01 5.854582908786964e-01 2.325186319379202e-01
4.400000000000000e-01 6.006620381827575e-01 2.250724232810922e-01
4.450000000000000e-01 6.162412188138907e-01 2.172677061090708e-01
4.500000000000000e-01 6.322055702671360e-01 2.090901570467208e-01
4.550000000000000e-01 6.485650707818353e-01 2.005274032897247e-01
4.600000000000000e-01 6.653299455783577e-01 1.915709136145570e-01
4.650000000000000e-01 6.825106732491932e-01 1.822190308661493e-01
4.700000000000000e-01 7.001179923084168e-01 1.724817041539798e-01
4.750000000000000e-01 7.181629079036070e-01 1.623875960590244e-01
4.800000000000000e-01 7.366566986944229e-01 1.519941360700975e-01
4.850000000000000e-01 7.556109239021327e-01 1.414003671637910e-01
4.900000000000000e-01 7.750374305345038e-01 1.307604561061968e-01
4.950000000000000e-01 7.949483607905672e-01 1.202920635493198e-01
5.000000000000000e-01 8.153561596498893e-01 1.102695144699008e-01
5.050000000000000e-01 8.362735826510871e-01 1.009914227636048e-01
5.100000000000000e-01 8.577137038644561e-01 9.272273306409623e-02
5.150000000000000e-01 8.796899240636907e-01 8.563147712342258e-02
5.200000000000000e-01 9.022159791018011e-01 7.975378796087039e-02
5.250000000000000e-01 9.253059484964714e-01 7.500676103569284e-02
5.300000000000000e-01 9.489742642302165e-01 7.123582010278080e-02
5.350000000000000e-01 9.732357197708378e-01 6.826495225773475e-02
5.400000000000000e-01 9.981054793178262e-01 6.592891443542034e-02
5.450000000000000e-01 1.023599087280478e+00 6.408641758289020e-02
5.500000000000000e-01 1.049732477993657e+00 6.262221736152382e-02
5.550000000000000e-01 1.076521985677273e+00 6.144462452775595e-02
5.600000000000001e-01 1.103984354645701e+00 6.048163306411029e-02
5.650000000000001e-01 1.132136749773522e+00 5.967702012575204e-02
5.700000000000001e-01 1.160996767224129e+00 5.898694366818524e-02
5.750000000000001e-01 1.190582445447902e+00 5.837716054013009e-02
5.800000000000000e-01 1.220912276456826e+00 5.782082156901555e-02
5.850000000000000e-01 1.252005217382601e+00 5.729675274427877e-02
5.900000000000000e-01 1.283880702325469e+00 5.678812752002187e-02
5.950000000000000e-01 1.316558654501151e+00 5.628144631676393e-02
6.000000000000000e-01 1.350059498693518e+00 5.576575464725774e-02
6.050000000000000e-01 1.384404174020732e+00 5.523204582487259e-02
6.100000000000000e-01 1.419614147022888e+00 5.467280640372479e-02
6.150000000000000e-01 1.455711425079295e+00 5.408167223660904e-02
6.200000000000000e-01 1.492718570163803e+00 5.345317059891429e-02
6.250000000000000e-01 1.530658712946775e+00 5.278252961292810e-02
6.300000000000000e-01 1.569555567252506e+00 5.206554060267325e-02
6.350000000000000e-01 1.609433444881138e+00 5.129846233568055e-02
6.400000000000000e-01 1.650317270804325e+00 5.047795861940362e-02
6.450000000000000e-01 1.692232598744148e+00 4.960106261267770e-02
6.500000000000000e-01 1.735205627145031e+00 4.866516263640813e-02
6.550000000000000e-01 1.779263215548615e+00 4.766800533647922e-02
6.600000000000000e-01 1.824432901381847e+00 4.660771285307995e-02
6.650000000000000e-01 1.870742917168772e+00 4.548281125187112e-02
6.700000000000000e-01 1.918222208176775e+00 4.429226792667900e-02
6.750000000000000e-01 1.966900450508319e+00 4.303553603208363e-02
6.800000000000000e-01 2.016808069649473e+00 4.171260427899727e-02
6.850000000000001e-01 2.067976259486829e+00 4.032405064926398e-02
6.900000000000001e-01 2.120437001804702e+00 3.887109876876343e-02
6.950000000000001e-01 2.174223086274785e+00 3.735567582386312e-02
7.000000000000001e-01 2.229368130950753e+00 3.578047100263461e-02
7.050000000000000e-01 2.285906603280654e+00 3.414899346644606e-02
7.100000000000000e-01 2.343873841650178e+00 3.246562877292267e-02
7.150000000000000e-01 2.403306077470301e+00 3.073569242979545e-02
7.200000000000000e-01 2.464240457823092e+00 2.896547880444750e-02
7.250000000000000e-01 2.526715068679855e+00 2.716230288685437e-02
7.300000000000000e-01 2.590768958706095e+00 2.533453135138991e-02
7.350000000000000e-01 2.656442163668210e+00 2.349159795388897e-02
7.400000000000000e-01 2.723775731457148e+00 2.164399654611102e-02
7.450000000000000e-01 2.792811747744667e+00 1.980324297890946e-02
7.500000000000000e-01 2.863593362288260e+00 1.798179510959830e-02
7.550000000000000e-01 2.936164815901156e+00 1.619291841865865e-02
7.600000000000000e-01 3.010571468104263e+00 1.445048399562130e-02
7.650000000000000e-01 3.086859825477351e+00 1.276868673267214e-02
7.700000000000000e-01 3.165077570727174e+00 1.116167547884841e-02
7.750000000000000e-01 3.245273592490716e+00 9.643094577311001e-03
7.800000000000000e-01 3.327498015892184e+00 8.225548038866598e-03
7.850000000000000e-01 3.411802233872832e+00 6.920012969882640e-03
7.900000000000000e-01 3.498238939313234e+00 5.735245706283688e-03
7.950000000000000e-01 3.586862157968046e+00 4.677238893124824e-03
8.000000000000000e-01 3.677727282233856e+00 3.748796131786962e-03
8.050000000000000e-01 3.770891105771243e+00 2.949288786307666e-03
8.100000000000001e-01 3.866411859002656e+00 2.274644895838658e-03
8.150000000000001e-01 3.964349245508326e+00 1.717593644455136e-03
8.200000000000001e-01 4.064764479342956e+00 1.268154543768928e-03
8.250000000000001e-01 4.167720323296481e+00 9.143249766148516e-04
8.300000000000001e-01 4.273281128122877e+00 6.428905084429772e-04
8.350000000000000e-01 4.381512872761445e+00 4.402657438836122e-04
8.400000000000000e-01 4.492483205575838e+00 2.932729744674143e-04
8.450000000000000e-01 4.606261486636447e+00 1.897811440437167e-04
8.500000000000000e-01 4.722918831072739e+00 1.191548571312467e-04
8.550000000000000e-01 4.842528153522501e+00 7.249591771942957e-05
8.600000000000000e-01 4.965164213705875e+00 4.269115663391823e-05
8.650000000000000e-01 5.090903663152626e+00 2.430416026893298e-05
8.700000000000000e-01 5.219825093111814e+00 1.336151950767407e-05
8.750000000000000e-01 5.352009083673925e+00 7.085951526778513e-06
8.800000000000000e-01 5.487538254136007e+00 3.621297569182214e-06
8.850000000000000e-01 5.626497314641444e+00 1.781697690204922e-06
8.900000000000000e-01 5.768973119126561e+00 8.431642878565333e-07
8.950000000000000e-01 5.915054719607133e+00 3.834676705894855e-07
9.000000000000000e-01 6.064833421838831e+00 1.674709706181067e-07
9.050000000000000e-01 6.218402842386253e+00 7.018212866772747e-08
9.100000000000000e-01 6.375858967136348e+00 2.820316420965243e-08
9.150000000000000e-01 6.537300211292723e+00 1.086143870327484e-08
9.200000000000000e-01 6.702827480888332e+00 4.006400676316980e-09
9.250000000000000e-01 6.872544235855034e+00 1.414760448324509e-09
9.300000000000000e-01 7.046556554689444e+00 4.780582887333666e-10
9.350000000000001e-01 7.224973200755413e+00 1.545180066408832e-10
9.400000000000001e-01 7.407905690264673e+00 4.775627947473072e-11
9.450000000000001e-01 7.595468361978146e+00 1.410940541604658e-11
9.500000000000001e-01 7.787778448671316e+00 3.983888529663022e-12
9.550000000000001e-01 7.984956150408610e+00 1.074825111376775e-12
9.600000000000000e-01 8.187124709672272e+00 2.770319406944633e-13
9.650000000000000e-01 8.394410488393007e+00 6.820696005171555e-14
9.700000000000000e-01 8.606943046930221e+00 1.603964357742634e-14
9.750000000000000e-01 8.824855225051540e+00 3.602484857066776e-15
9.800000000000000e-01 9.048283224961922e+00 7.727453604730025e-16
9.850000000000000e-01 9.277366696434507e+00 1.583216027443955e-16
9.900000000000000e-01 9.512248824096272e+00 3.091219777835076e-17
9.950000000000000e-01 9.753076416923058e+00 6.169278433183213e-18
1.000000000000000e+00 1.000000000000000e+01 -8.145757101119276e-19
