0.000000000000000e+00 0.000000000000000e+00 4.930847464008056e-01
5.000000000000000e-03 3.369477419287315e-03 4.930790646870810e-01
1.000000000000000e-02 6.741060871647481e-03 4.930781581831836e-01
1.500000000000000e-02 1.011685770649257e-02 4.930517354438974e-01
2.000000000000000e-02 1.349897790673588e-02 4.930158536874633e-01
2.500000000000000e-02 1.688953540759990e-02 4.929664731142223e-01
3.000000000000000e-02 2.029064941789469e-02 4.929084241332236e-01
3.500000000000000e-02 2.370444574459234e-02 4.928357512550844e-01
4.000000000000000e-02 2.713305812152553e-02 4.927524625534381e-01
4.500000000000000e-02 3.057862954304063e-02 4.926557897742294e-01
5.000000000000000e-02 3.404331360343898e-02 4.925486148650553e-01
5.500000000000000e-02 3.752927584304335e-02 4.924275343177309e-01
6.000000000000000e-02 4.103869510173117e-02 4.922944683565343e-01
6.500000000000000e-02 4.457376488078044e-02 4.921470949327773e-01
7.000000000000001e-02 4.813669471387935e-02 4.919870665815551e-01
7.500000000000000e-02 5.172971154815675e-02 4.918124325527589e-01
8.000000000000000e-02 5.535506113609672e-02 4.916247495638399e-01
8.500000000000001e-02 5.901500943920686e-02 4.914215746924118e-01
9.000000000000000e-02 6.271184404431801e-02 4.912039362906973e-01
9.500000000000000e-02 6.644787559340060e-02 4.909698918367984e-01
1.000000000000000e-01 7.022543922779090e-02 4.907196978656035e-01
1.050000000000000e-01 7.404689604773053e-02 4.904521893748042e-01
1.100000000000000e-01 7.791463458813094e-02 4.901670474226328e-01
1.150000000000000e-01 8.183107231148547e-02 4.898634605985413e-01
1.200000000000000e-01 8.579865711886202e-02 4.895408048607914e-01
1.250000000000000e-01 8.981986887992111e-02 4.891983013987957e-01
1.300000000000000e-01 9.389722098291493e-02 4.888351647744703e-01
1.350000000000000e-01 9.803326190563690e-02 4.884505396271001e-01
1.400000000000000e-01 1.022305768083033e-01 4.880435246168109e-01
1.450000000000000e-01 1.064917891493625e-01 4.876131628978748e-01
1.500000000000000e-01 1.108195623252418e-01 4.871584440601062e-01
1.550000000000000e-01 1.152166013350572e-01 4.866783017440677e-01
1.600000000000000e-01 1.196856544713255e-01 4.861716122596186e-01
1.650000000000000e-01 1.242295150377370e-01 4.856371926378970e-01
1.700000000000000e-01 1.288510230950609e-01 4.850737986442233e-01
1.750000000000000e-01 1.335530672362758e-01 4.844801226462184e-01
1.800000000000000e-01 1.383385863920344e-01 4.838547913912458e-01
1.850000000000000e-01 1.432105716675912e-01 4.831963636973365e-01
1.900000000000000e-01 1.481720682123397e-01 4.825033280698507e-01
1.950000000000000e-01 1.532261771231311e-01 4.817741002522283e-01
2.000000000000000e-01 1.583760573825595e-01 4.810070207193918e-01
2.050000000000000e-01 1.636249278334301e-01 4.802003521224098e-01
2.100000000000000e-01 1.689760691906397e-01 4.793522766936802e-01
2.150000000000000e-01 1.744328260917313e-01 4.784608936227537e-01
2.200000000000000e-01 1.799986091874004e-01 4.775242164140952e-01
2.250000000000000e-01 1.856768972732633e-01 4.765401702394237e-01
2.300000000000000e-01 1.914712394642179e-01 4.755065892988922e-01
2.350000000000000e-01 1.973852574127551e-01 4.744212142071410e-01
2.400000000000000e-01 2.034226475726105e-01 4.732816894222769e-01
2.450000000000000e-01 2.095871835091678e-01 4.720855607380826e-01
2.500000000000000e-01 2.158827182580599e-01 4.708302728622030e-01
2.550000000000000e-01 2.223131867334419e-01 4.695131671057685e-01
2.600000000000000e-01 2.288826081874405e-01 4.681314792128869e-01
2.650000000000000e-01 2.355950887223172e-01 4.666823373616329e-01
2.700000000000000e-01 2.424548238569160e-01 4.651627603716900e-01
2.750000000000000e-01 2.494661011489995e-01 4.635696561575602e-01
2.800000000000000e-01 2.566333028751116e-01 4.618998204703654e-01
2.850000000000000e-01 2.639609087696434e-01 4.601499359756360e-01
2.900000000000000e-01 2.714534988248126e-01 4.583165717191863e-01
2.950000000000000e-01 2.791157561533084e-01 4.563961830382104e-01
3.000000000000000e-01 2.869524699153886e-01 4.543851119800497e-01
3.050000000000000e-01 2.949685383122613e-01 4.522795882967280e-01
3.100000000000000e-01 3.031689716476197e-01 4.500757310893178e-01
3.150000000000000e-01 3.115588954592450e-01 4.477695511824086e-01
3.200000000000000e-01 3.201435537226349e-01 4.453569543154530e-01
3.250000000000000e-01 3.289283121286580e-01 4.428337452444805e-01
3.300000000000000e-01 3.379186614372866e-01 4.401956328545833e-01
3.350000000000000e-01 3.471202209094989e-01 4.374382363905731e-01
3.400000000000000e-01 3.565387418195016e-01 4.345570929203426e-01
3.450000000000000e-01 3.661801110494620e-01 4.315476661524688e-01
3.500000000000000e-01 3.760503547690021e-01 4.284053567365517e-01
3.550000000000000e-01 3.861556422017504e-01 4.251255141814258e-01
3.600000000000000e-01 3.965022894813072e-01 4.217034505326474e-01
3.650000000000000e-01 4.070967635990345e-01 4.181344559563320e-01
3.700000000000000e-01 4.179456864461349e-01 4.144138163813322e-01
3.750000000000000e-01 4.290558389525505e-01 4.105368333556430e-01
3.800000000000000e-01 4.404341653252637e-01 4.064988462755571e-01
3.850000000000000e-01 4.520877773886537e-01 4.022952571471745e-01
3.900000000000000e-01 4.640239590296172e-01 3.979215580390711e-01
3.950000000000000e-01 4.762501707502353e-01 3.933733613818331e-01
4.000000000000000e-01 4.887740543308307e-01 3.886464332644357e-01
4.050000000000000e-01 5.016034376063282e-01 3.837367298685660e-01
4.100000000000000e-01 5.147463393589066e-01 3.786404371694541e-01
4.150000000000000e-01 5.282109743299990e-01 3.733540140150897e-01
4.200000000000000e-01 5.420057583547735e-01 3.678742386742027e-01
4.250000000000000e-01 5.561393136223041e-01 3.621982589164093e-01
4.300000000000000e-01 5.706204740647189e-01 3.563236456548239e-01
4.350000000000000e-01 5.854582908786964e-01 3.502484501412838e-01
4.400000000000000e-01 6.006620381827575e-01 3.439712646564029e-01
4.450000000000000e-01 6.162412188138907e-01 3.374912865798440e-01
4.500000000000000e-01 6.322055702671360e-01 3.308083856594985e-01
4.550000000000000e-01 6.485650707818353e-01 3.239231742203801e-01
4.600000000000000e-01 6.653299455783577e-01 3.168370799635851e-01
4.650000000000000e-01 6.825106732491932e-01 3.095524209010553e-01
4.700000000000000e-01 7.001179923084168e-01 3.020724818511442e-01
4.750000000000000e-01 7.181629079036070e-01 2.944015917811048e-01
4.800000000000000e-01 7.366566986944229e-01 2.865452011230645e-01
4.850000000000000e-01 7.556109239021327e-01 2.785099580072576e-01
4.900000000000000e-01 7.750374305345038e-01 2.703037821475019e-01
4.950000000000000e-01 7.949483607905672e-01 2.619359348766198e-01
5.000000000000000e-01 8.153561596498893e-01 2.534170835619476e-01
5.050000000000000e-01 8.362735826510871e-01 2.447593583329621e-01
5.100000000000000e-01 8.577137038644561e-01 2.359763987269491e-01
5.150000000000000e-01 8.796899240636907e-01 2.270833875115515e-01
5.200000000000000e-01 9.022159791018011e-01 2.180970685886894e-01
5.250000000000000e-01 9.253059484964714e-01 2.090357455458912e-01
5.300000000000000e-01 9.489742642302165e-01 1.999192571337299e-01
5.350000000000000e-01 9.732357197708378e-01 1.907689257614306e-01
5.400000000000000e-01 9.981054793178262e-01 1.816074750816764e-01
5.450000000000000e-01 1.023599087280478e+00 1.724589129582954e-01
5.500000000000000e-01 1.049732477993657e+00 1.633483766620890e-01
5.550000000000000e-01 1.076521985677273e+00 1.543019381011632e-01
5.600000000000001e-01 1.103984354645701e+00 1.453463683208536e-01
5.650000000000001e-01 1.132136749773522e+00 1.365088624179050e-01
5.700000000000001e-01 1.160996767224129e+00 1.278167283482687e-01
5.750000000000001e-01 1.190582445447902e+00 1.192970457247834e-01
5.800000000000000e-01 1.220912276456826e+00 1.109763033639985e-01
5.850000000000000e-01 1.252005217382601e+00 1.028800267370073e-01
5.900000000000000e-01 1.283880702325469e+00 9.503240825635612e-02
5.950000000000000e-01 1.316558654501151e+00 8.745595416397285e-02
6.000000000000000e-01 1.350059498693518e+00 8.017116144533078e-02
6.050000000000000e-01 1.384404174020732e+00 7.319623661685239e-02
6.100000000000000e-01 1.419614147022888e+00 6.654686554943212e-02
6.150000000000000e-01 1.455711425079295e+00 6.023604002453334e-02
6.200000000000000e-01 1.492718570163803e+00 5.427394293184359e-02
6.250000000000000e-01 1.530658712946775e+00 4.866789042004845e-02
6.300000000000000e-01 1.569555567252506e+00 4.342232636669179e-02
6.350000000000000e-01 1.609433444881138e+00 3.853886256682407e-02
6.400000000000000e-01 1.650317270804325e+00 3.401635719597679e-02
6.450000000000000e-01 1.692232598744148e+00 2.985102433080175e-02
6.500000000000000e-01 1.735205627145031e+00 2.603656839775876e-02
6.550000000000000e-01 1.779263215548615e+00 2.256433904664645e-02
6.600000000000000e-01 1.824432901381847e+00 1.942350374950428e-02
6.650000000000000e-01 1.870742917168772e+00 1.660123706278792e-02
6.700000000000000e-01 1.918222208176775e+00 1.408292668378137e-02
6.750000000000000e-01 1.966900450508319e+00 1.185239699879822e-02
6.800000000000000e-01 2.016808069649473e+00 9.892150687418314e-03
6.850000000000001e-01 2.067976259486829e+00 8.183628146699337e-03
6.900000000000001e-01 2.120437001804702e+00 6.707483156712302e-03
6.950000000000001e-01 2.174223086274785e+00 5.443871517033609e-03
7.000000000000001e-01 2.229368130950753e+00 4.372747575991019e-03
7.050000000000000e-01 2.285906603280654e+00 3.474161893138301e-03
7.100000000000000e-01 2.343873841650178e+00 2.728551944448053e-03
7.150000000000000e-01 2.403306077470301e+00 2.117016980369294e-03
7.200000000000000e-01 2.464240457823092e+00 1.621568000918554e-03
7.250000000000000e-01 2.526715068679855e+00 1.225344371942579e-03
7.300000000000000e-01 2.590768958706095e+00 9.127898537757814e-04
7.350000000000000e-01 2.656442163668210e+00 6.697826615830597e-04
7.400000000000000e-01 2.723775731457148e+00 4.837164816138596e-04
7.450000000000000e-01 2.792811747744667e+00 3.435319408120682e-04
7.500000000000000e-01 2.863593362288260e+00 2.397006526332335e-04
7.550000000000000e-01 2.936164815901156e+00 1.641664156637200e-04
7.600000000000000e-01 3.010571468104263e+00 1.102502137564355e-04
7.650000000000000e-01 3.086859825477351e+00 7.252718279974198e-05
7.700000000000000e-01 3.165077570727174e+00 4.668455158464522e-05
7.750000000000000e-01 3.245273592490716e+00 2.936968477036746e-05
7.800000000000000e-01 3.327498015892184e+00 1.803678421556189e-05
7.850000000000000e-01 3.411802233872832e+00 1.079964428836742e-05
7.900000000000000e-01 3.498238939313234e+00 6.296270117195114e-06
7.950000000000000e-01 3.586862157968046e+00 3.569354308108091e-06
8.000000000000000e-01 3.677727282233856e+00 1.964774294429844e-06
8.050000000000000e-01 3.770891105771243e+00 1.048604802387039e-06
8.100000000000001e-01 3.866411859002656e+00 5.417784050173774e-07
8.150000000000001e-01 3.964349245508326e+00 2.705526376230904e-07
8.200000000000001e-01 4.064764479342956e+00 1.303727752870930e-07
8.250000000000001e-01 4.167720323296481e+00 6.051842620229321e-08
8.300000000000001e-01 4.273281128122877e+00 2.701412130701194e-08
8.350000000000000e-01 4.381512872761445e+00 1.157473199269721e-08
8.400000000000000e-01 4.492483205575838e+00 4.751613999871327e-09
8.450000000000000e-01 4.606261486636447e+00 1.865328913879268e-09
8.500000000000000e-01 4.722918831072739e+00 6.988931246534912e-10
8.550000000000000e-01 4.842528153522501e+00 2.494308615084804e-10
8.600000000000000e-01 4.965164213705875e+00 8.462645803491931e-11
8.650000000000000e-01 5.090903663152626e+00 2.723985722571026e-11
8.700000000000000e-01 5.219825093111814e+00 8.301770705633922e-12
8.750000000000000e-01 5.352009083673925e+00 2.390739660421393e-12
8.800000000000000e-01 5.487538254136007e+00 6.492734968809318e-13
8.850000000000000e-01 5.626497314641444e+00 1.659629890163404e-13
8.900000000000000e-01 5.768973119126561e+00 3.985291530044486e-14
8.950000000000000e-01 5.915054719607133e+00 8.973888188892172e-15
9.000000000000000e-01 6.064833421838831e+00 1.891537893561417e-15
9.050000000000000e-01 6.218402842386253e+00 3.726035306880682e-16
9.100000000000000e-01 6.375858967136348e+00 6.848680944857224e-17
9.150000000000000e-01 6.537300211292723e+00 1.172942999648506e-17
9.200000000000000e-01 6.702827480888332e+00 1.869366034935649e-18
9.250000000000000e-01 6.872544235855034e+00 2.769210602315002e-19
9.300000000000000e-01 7.046556554689444e+00 3.809092517800673e-20
9.350000000000001e-01 7.224973200755413e+00 4.860907815564871e-21
9.400000000000001e-01 7.407905690264673e+00 5.750961417694813e-22
9.450000000000001e-01 7.595468361978146e+00 6.304654862304350e-23
9.500000000000001e-01 7.787778448671316e+00 6.402159457198741e-24
9.550000000000001e-01 7.984956150408610e+00 6.020865785243272e-25
9.600000000000000e-01 8.187124709672272e+00 5.243926635221961e-26
9.650000000000000e-01 8.394410488393007e+00 4.230469973092042e-27
9.700000000000000e-01 8.606943046930221e+00 3.162203372300790e-28
9.750000000000000e-01 8.824855225051540e+00 2.191057515938531e-29
9.800000000000000e-01 9.048283224961922e+00 1.408074013699343e-30
9.850000000000000e-01 9.277366696434507e+00 8.398344521927453e-32
9.900000000000000e-01 9.512248824096272e+00 4.652033162857399e-33
9.950000000000000e-01 9.753076416923058e+00 2.491315921396861e-34
1.000000000000000e+00 1.000000000000000e+01 -1.662782336352334e-34
