0.000000000000000e+00 0.000000000000000e+00 3.643545316003667e-01
5.000000000000000e-03 3.369477419287315e-03 3.643470491397755e-01
1.000000000000000e-02 6.741060871647481e-03 3.643338422428362e-01
1.500000000000000e-02 1.011685770649257e-02 3.643082633026253e-01
2.000000000000000e-02 1.349897790673588e-02 3.642769276194722e-01
2.500000000000000e-02 1.688953540759990e-02 3.642290205451450e-01
3.000000000000000e-02 2.029064941789469e-02 3.641723441946118e-01
3.500000000000000e-02 2.370444574459234e-02 3.641026772914204e-01
4.000000000000000e-02 2.713305812152553e-02 3.640230969603647e-01
4.500000000000000e-02 3.057862954304063e-02 3.639300911063932e-01
5.000000000000000e-02 3.404331360343898e-02 3.638269531498814e-01
5.500000000000000e-02 3.752927584304335e-02 3.637104027429981e-01
6.000000000000000e-02 4.103869510173117e-02 3.635823460517981e-01
6.500000000000000e-02 4.457376488078044e-02 3.634407167448587e-01
7.000000000000001e-02 4.813669471387935e-02 3.632871808942087e-01
7.500000000000000e-02 5.172971154815675e-02 3.631191810771952e-01
8.000000000000000e-02 5.535506113609672e-02 3.629381071251362e-01
8.500000000000001e-02 5.901500943920686e-02 3.627421999281242e-01
9.000000000000000e-02 6.271184404431801e-02 3.625322141970903e-01
9.500000000000000e-02 6.644787559340060e-02 3.623061663560728e-01
1.000000000000000e-01 7.022543922779090e-02 3.620650250435202e-01
1.050000000000000e-01 7.404689604773053e-02 3.618069634611887e-01
1.100000000000000e-01 7.791463458813094e-02 3.615322387564032e-01
1.150000000000000e-01 8.183107231148547e-02 3.612392325384479e-01
1.200000000000000e-01 8.579865711886202e-02 3.609284240352075e-01
1.250000000000000e-01 8.981986887992111e-02 3.605978781101551e-01
1.300000000000000e-01 9.389722098291493e-02 3.602475768608955e-01
1.350000000000000e-01 9.803326190563690e-02 3.598759989097899e-01
1.400000000000000e-01 1.022305768083033e-01 3.594831158701191e-01
1.450000000000000e-01 1.064917891493625e-01 3.590669353942389e-01
1.500000000000000e-01 1.108195623252418e-01 3.586272021180372e-01
1.550000000000000e-01 1.152166013350572e-01 3.581622855768514e-01
1.600000000000000e-01 1.196856544713255e-01 3.576716994676356e-01
1.650000000000000e-01 1.242295150377370e-01 3.571533854087515e-01
1.700000000000000e-01 1.288510230950609e-01 3.566067912628201e-01
1.750000000000000e-01 1.335530672362758e-01 3.560300740524655e-01
1.800000000000000e-01 1.383385863920344e-01 3.554223386202400e-01
1.850000000000000e-01 1.432105716675912e-01 3.547813771907982e-01
1.900000000000000e-01 1.481720682123397e-01 3.541062616118837e-01
1.950000000000000e-01 1.532261771231311e-01 3.533948901820473e-01
2.000000000000000e-01 1.583760573825595e-01 3.526459729499511e-01
2.050000000000000e-01 1.636249278334301e-01 3.518570363245538e-01
2.100000000000000e-01 1.689760691906397e-01 3.510266901008393e-01
2.150000000000000e-01 1.744328260917313e-01 3.501525302672545e-01
2.200000000000000e-01 1.799986091874004e-01 3.492328627254691e-01
2.250000000000000e-01 1.856768972732633e-01 3.482648370050417e-01
2.300000000000000e-01 1.914712394642179e-01 3.472464929172241e-01
2.350000000000000e-01 1.973852574127551e-01 3.461750312442324e-01
2.400000000000000e-01 2.034226475726105e-01 3.450483172122386e-01
2.450000000000000e-01 2.095871835091678e-01 3.438630682380874e-01
2.500000000000000e-01 2.158827182580599e-01 3.426166695923173e-01
2.550000000000000e-01 2.223131867334419e-01 3.413057218285520e-01
2.600000000000000e-01 2.288826081874405e-01 3.399274708334638e-01
2.650000000000000e-01 2.355950887223172e-01 3.384782059054370e-01
2.700000000000000e-01 2.424548238569160e-01 3.369547226968009e-01
2.750000000000000e-01 2.494661011489995e-01 3.353528235368172e-01
2.800000000000000e-01 2.566333028751116e-01 3.336688245065808e-01
2.850000000000000e-01 2.639609087696434e-01 3.318983194660480e-01
2.900000000000000e-01 2.714534988248126e-01 3.300373215504720e-01
2.950000000000000e-01 2.791157561533084e-01 3.280809618235543e-01
3.000000000000000e-01 2.869524699153886e-01 3.260247864226053e-01
3.050000000000000e-01 2.949685383122613e-01 3.238632976718223e-01
3.100000000000000e-01 3.031689716476197e-01 3.215913770631803e-01
3.150000000000000e-01 3.115588954592450e-01 3.192030266881646e-01
3.200000000000000e-01 3.201435537226349e-01 3.166923844693940e-01
3.250000000000000e-01 3.289283121286580e-01 3.140529526967800e-01
3.300000000000000e-01 3.379186614372866e-01 3.112780719587927e-01
3.350000000000000e-01 3.471202209094989e-01 3.083605699043457e-01
3.400000000000000e-01 3.565387418195016e-01 3.052929006866187e-01
3.450000000000000e-01 3.661801110494620e-01 3.020670034133833e-01
3.500000000000000e-01 3.760503547690021e-01 2.986743010598667e-01
3.550000000000000e-01 3.861556422017504e-01 2.951056204501469e-01
3.600000000000000e-01 3.965022894813072e-01 2.913511356118857e-01
3.650000000000000e-01 4.070967635990345e-01 2.874002838872800e-01
3.700000000000000e-01 4.179456864461349e-01 2.832416720091899e-01
3.750000000000000e-01 4.290558389525505e-01 2.788629594889928e-01
3.800000000000000e-01 4.404341653252637e-01 2.742507171305859e-01
3.850000000000000e-01 4.520877773886537e-01 2.693902522507868e-01
3.900000000000000e-01 4.640239590296172e-01 2.642653914288540e-01
3.950000000000000e-01 4.762501707502353e-01 2.588582076644961e-01
4.000000000000000e-01 4.887740543308307e-01 2.531486742602965e-01
4.050000000000000e-01 5.016034376063282e-01 2.471142208409988e-01
4.100000000000000e-01 5.147463393589066e-01 2.407291569352318e-01
4.150000000000000e-01 5.282109743299990e-01 2.339639136159625e-01
4.200000000000000e-01 5.420057583547735e-01 2.267840309687660e-01
4.250000000000000e-01 5.561393136223041e-01 2.191487837316990e-01
4.300000000000000e-01 5.706204740647189e-01 2.110092808298864e-01
4.350000000000000e-01 5.854582908786964e-01 2.023057815205484e-01
4.400000000000000e-01 6.006620381827575e-01 1.929638135690770e-01
4.450000000000000e-01 6.162412188138907e-01 1.828884048125103e-01
4.500000000000000e-01 6.322055702671360e-01 1.719552487655258e-01
4.550000000000000e-01 6.485650707818353e-01 1.599967323475273e-01
4.600000000000000e-01 6.653299455783577e-01 1.467791672024007e-01
4.650000000000000e-01 6.825106732491932e-01 1.319652046445399e-01
4.700000000000000e-01 7.001179923084168e-01 1.150553919831673e-01
4.750000000000000e-01 7.181629079036070e-01 9.533204878611498e-02
4.800000000000000e-01 7.366566986944229e-01 7.205167484030660e-02
4.850000000000000e-01 7.556109239021327e-01 4.610196953224741e-02
4.900000000000000e-01 7.750374305345038e-01 2.431297338788521e-02
4.950000000000000e-01 7.949483607905672e-01 1.538803341786543e-02
5.000000000000000e-01 8.153561596498893e-01 1.369172259156509e-02
5.050000000000000e-01 8.362735826510871e-01 1.112498984187476e-02
5.100000000000000e-01 8.577137038644561e-01 9.847909797164630e-03
5.150000000000000e-01 8.796899240636907e-01 9.325776469982575e-03
5.200000000000000e-01 9.022159791018011e-01 8.652697999823237e-03
5.250000000000000e-01 9.253059484964714e-01 8.511795547235562e-03
5.300000000000000e-01 9.489742642302165e-01 8.378246140665187e-03
5.350000000000000e-01 9.732357197708378e-01 8.385593519573650e-03
5.400000000000000e-01 9.981054793178262e-01 8.517671596108061e-03
5.450000000000000e-01 1.023599087280478e+00 8.676849522807588e-03
5.500000000000000e-01 1.049732477993657e+00 8.928700004323326e-03
5.550000000000000e-01 1.076521985677273e+00 9.210465695652627e-03
5.600000000000001e-01 1.103984354645701e+00 9.537568950356907e-03
5.650000000000001e-01 1.132136749773522e+00 9.899573555561472e-03
5.700000000000001e-01 1.160996767224129e+00 1.028639278804684e-02
5.750000000000001e-01 1.190582445447902e+00 1.070062255992918e-02
5.800000000000000e-01 1.220912276456826e+00 1.113378481198478e-02
5.850000000000000e-01 1.252005217382601e+00 1.158565853210215e-02
5.900000000000000e-01 1.283880702325469e+00 1.205300369486635e-02
5.950000000000000e-01 1.316558654501151e+00 1.253360665700980e-02
6.000000000000000e-01 1.350059498693518e+00 1.302604645663644e-02
6.050000000000000e-01 1.384404174020732e+00 1.352836508228502e-02
6.100000000000000e-01 1.419614147022888e+00 1.403929304184565e-02
6.150000000000000e-01 1.455711425079295e+00 1.455742522843422e-02
6.200000000000000e-01 1.492718570163803e+00 1.508151652050326e-02
6.250000000000000e-01 1.530658712946775e+00 1.561039680820880e-02
6.300000000000000e-01 1.569555567252506e+00 1.614290403938877e-02
6.350000000000000e-01 1.609433444881138e+00 1.667791768034691e-02
6.400000000000000e-01 1.650317270804325e+00 1.721430560317917e-02
6.450000000000000e-01 1.692232598744148e+00 1.775092017729094e-02
6.500000000000000e-01 1.735205627145031e+00 1.828657768216189e-02
6.550000000000000e-01 1.779263215548615e+00 1.882003966470399e-02
6.600000000000000e-01 1.824432901381847e+00 1.934999637009687e-02
6.650000000000000e-01 1.870742917168772e+00 1.987504715605584e-02
6.700000000000000e-01 1.918222208176775e+00 2.039368119538442e-02
6.750000000000000e-01 1.966900450508319e+00 2.090425671987753e-02
6.800000000000000e-01 2.016808069649473e+00 2.140497919890364e-02
6.850000000000001e-01 2.067976259486829e+00 2.189387848312480e-02
6.900000000000001e-01 2.120437001804702e+00 2.236878498317948e-02
6.950000000000001e-01 2.174223086274785e+00 2.282730520286480e-02
7.000000000000001e-01 2.229368130950753e+00 2.326679701025885e-02
7.050000000000000e-01 2.285906603280654e+00 2.368434521654833e-02
7.100000000000000e-01 2.343873841650178e+00 2.407673821261327e-02
7.150000000000000e-01 2.403306077470301e+00 2.444044663141083e-02
7.200000000000000e-01 2.464240457823092e+00 2.477160526359482e-02
7.250000000000000e-01 2.526715068679855e+00 2.506599975728929e-02
7.300000000000000e-01 2.590768958706095e+00 2.531905998613457e-02
7.350000000000000e-01 2.656442163668210e+00 2.552586236808817e-02
7.400000000000000e-01 2.723775731457148e+00 2.568114384646476e-02
7.450000000000000e-01 2.792811747744667e+00 2.577933067274750e-02
7.500000000000000e-01 2.863593362288260e+00 2.581458550279314e-02
7.550000000000000e-01 2.936164815901156e+00 2.578087655208395e-02
7.600000000000000e-01 3.010571468104263e+00 2.567207254523737e-02
7.650000000000000e-01 3.086859825477351e+00 2.548206681936456e-02
7.700000000000000e-01 3.165077570727174e+00 2.520493308509009e-02
7.750000000000000e-01 3.245273592490716e+00 2.483511394450950e-02
7.800000000000000e-01 3.327498015892184e+00 2.436764134191809e-02
7.850000000000000e-01 3.411802233872832e+00 2.379838583527276e-02
7.900000000000000e-01 3.498238939313234e+00 2.312432918875545e-02
7.950000000000000e-01 3.586862157968046e+00 2.234385264967511e-02
8.000000000000000e-01 3.677727282233856e+00 2.145703176208159e-02
8.050000000000000e-01 3.770891105771243e+00 2.046592789226444e-02
8.100000000000001e-01 3.866411859002656e+00 1.937486657235866e-02
8.150000000000001e-01 3.964349245508326e+00 1.819069265313585e-02
8.200000000000001e-01 4.064764479342956e+00 1.692299138529058e-02
8.250000000000001e-01 4.167720323296481e+00 1.558426223976996e-02
8.300000000000001e-01 4.273281128122877e+00 1.419002701061137e-02
8.350000000000000e-01 4.381512872761445e+00 1.275884229297898e-02
8.400000000000000e-01 4.492483205575838e+00 1.131216560294762e-02
8.450000000000000e-01 4.606261486636447e+00 9.873996548062387e-03
8.500000000000000e-01 4.722918831072739e+00 8.470193201821115e-03
8.550000000000000e-01 4.842528153522501e+00 7.127373171084098e-03
8.600000000000000e-01 4.965164213705875e+00 5.871371394991388e-03
8.650000000000000e-01 5.090903663152626e+00 4.725345656377556e-03
8.700000000000000e-01 5.219825093111814e+00 3.707767401387997e-03
8.750000000000000e-01 5.352009083673925e+00 2.830653676945358e-03
8.800000000000000e-01 5.487538254136007e+00 2.098425677161501e-03
8.850000000000000e-01 5.626497314641444e+00 1.507687573612476e-03
8.900000000000000e-01 5.768973119126561e+00 1.048021689129967e-03
8.950000000000000e-01 5.915054719607133e+00 7.036551120374716e-04
9.000000000000000e-01 6.064833421838831e+00 4.556517031247791e-04
9.050000000000000e-01 6.218402842386253e+00 2.841891588035050e-04
9.100000000000000e-01 6.375858967136348e+00 1.705161125732427e-04
9.150000000000000e-01 6.537300211292723e+00 9.832205466340115e-05
9.200000000000000e-01 6.702827480888332e+00 5.443362527191406e-05
9.250000000000000e-01 6.872544235855034e+00 2.891163862521661e-05
9.300000000000000e-01 7.046556554689444e+00 1.472233096881555e-05
9.350000000000001e-01 7.224973200755413e+00 7.183477290255914e-06
9.400000000000001e-01 7.407905690264673e+00 3.356952369495414e-06
9.450000000000001e-01 7.595468361978146e+00 1.501909901327338e-06
9.500000000000001e-01 7.787778448671316e+00 6.431326821733951e-07
9.550000000000001e-01 7.984956150408610e+00 2.635208691777389e-07
9.600000000000000e-01 8.187124709672272e+00 1.033030988814033e-07
9.650000000000000e-01 8.394410488393007e+00 3.873869257055656e-08
9.700000000000000e-01 8.606943046930221e+00 1.389566118036385e-08
9.750000000000000e-01 8.824855225051540e+00 4.767662646057024e-09
9.800000000000000e-01 9.048283224961922e+00 1.564612016448487e-09
9.850000000000000e-01 9.277366696434507e+00 4.913972927349019e-10
9.900000000000000e-01 9.512248824096272e+00 1.469656195656390e-10
9.950000000000000e-01 9.753076416923058e+00 4.466803332167254e-11
1.000000000000000e+00 1.000000000000000e+01 4.700587335566914e-12
