0.000000000000000e+00 0.000000000000000e+00 4.186793557334923e-01
5.000000000000000e-03 3.369477419287315e-03 4.186730175850605e-01
1.000000000000000e-02 6.741060871647481e-03 4.186694625966635e-01
1.500000000000000e-02 1.011685770649257e-02 4.186454694961577e-01
2.000000000000000e-02 1.349897790673588e-02 4.186141773026759e-01
2.500000000000000e-02 1.688953540759990e-02 4.185699434973760e-01
3.000000000000000e-02 2.029064941789469e-02 4.185177376466863e-01
3.500000000000000e-02 2.370444574459234e-02 4.184525069292683e-01
4.000000000000000e-02 2.713305812152553e-02 4.183782291454179e-01
4.500000000000000e-02 3.057862954304063e-02 4.182918506735790e-01
5.000000000000000e-02 3.404331360343898e-02 4.181957656848991e-01
5.500000000000000e-02 3.752927584304335e-02 4.180870210957969e-01
6.000000000000000e-02 4.103869510173117e-02 4.179678719424125e-01
6.500000000000000e-02 4.457376488078044e-02 4.178360977437085e-01
7.000000000000001e-02 4.813669471387935e-02 4.176930630229376e-01
7.500000000000000e-02 5.172971154815675e-02 4.175365961793038e-01
8.000000000000000e-02 5.535506113609672e-02 4.173681549040115e-01
8.500000000000001e-02 5.901500943920686e-02 4.171858444939359e-01
9.000000000000000e-02 6.271184404431801e-02 4.169904405179183e-01
9.500000000000000e-02 6.644787559340060e-02 4.167801391351021e-01
1.000000000000000e-01 7.022543922779090e-02 4.165558753579033e-01
1.050000000000000e-01 7.404689604773053e-02 4.163158912592260e-01
1.100000000000000e-01 7.791463458813094e-02 4.160605510527177e-01
1.150000000000000e-01 8.183107231148547e-02 4.157881993643978e-01
1.200000000000000e-01 8.579865711886202e-02 4.154993617697824e-01
1.250000000000000e-01 8.981986887992111e-02 4.151923340373336e-01
1.300000000000000e-01 9.389722098291493e-02 4.148671438729715e-01
1.350000000000000e-01 9.803326190563690e-02 4.145221372838163e-01
1.400000000000000e-01 1.022305768083033e-01 4.141574780380606e-01
1.450000000000000e-01 1.064917891493625e-01 4.137714711087813e-01
1.500000000000000e-01 1.108195623252418e-01 4.133638445636406e-01
1.550000000000000e-01 1.152166013350572e-01 4.129328298929613e-01
1.600000000000000e-01 1.196856544713255e-01 4.124782241660961e-01
1.650000000000000e-01 1.242295150377370e-01 4.119983106922232e-01
1.700000000000000e-01 1.288510230950609e-01 4.114925576403151e-01
1.750000000000000e-01 1.335530672362758e-01 4.109589923669161e-01
1.800000000000000e-01 1.383385863920344e-01 4.103969867095541e-01
1.850000000000000e-01 1.432105716675912e-01 4.098047401071508e-01
1.900000000000000e-01 1.481720682123397e-01 4.091815000532007e-01
1.950000000000000e-01 1.532261771231311e-01 4.085250847809848e-01
2.000000000000000e-01 1.583760573825595e-01 4.078344041674273e-01
2.050000000000000e-01 1.636249278334301e-01 4.071073882045775e-01
2.100000000000000e-01 1.689760691906397e-01 4.063429577534741e-01
2.150000000000000e-01 1.744328260917313e-01 4.055388457536224e-01
2.200000000000000e-01 1.799986091874004e-01 4.046936710889355e-01
2.250000000000000e-01 1.856768972732633e-01 4.038048971327775e-01
2.300000000000000e-01 1.914712394642179e-01 4.028708558011043e-01
2.350000000000000e-01 1.973852574127551e-01 4.018890652914482e-01
2.400000000000000e-01 2.034226475726105e-01 4.008577953196071e-01
2.450000000000000e-01 2.095871835091678e-01 3.997743221651411e-01
2.500000000000000e-01 2.158827182580599e-01 3.986367214754372e-01
2.550000000000000e-01 2.223131867334419e-01 3.974419326729451e-01
2.600000000000000e-01 2.288826081874405e-01 3.961876599799091e-01
2.650000000000000e-01 2.355950887223172e-01 3.948707488521014e-01
2.700000000000000e-01 2.424548238569160e-01 3.934885067824693e-01
2.750000000000000e-01 2.494661011489995e-01 3.920377584701200e-01
2.800000000000000e-01 2.566333028751116e-01 3.905154601984756e-01
2.850000000000000e-01 2.639609087696434e-01 3.889183121764062e-01
2.900000000000000e-01 2.714534988248126e-01 3.872429623124173e-01
2.950000000000000e-01 2.791157561533084e-01 3.854858902981864e-01
3.000000000000000e-01 2.869524699153886e-01 3.836434580231050e-01
3.050000000000000e-01 2.949685383122613e-01 3.817118833329700e-01
3.100000000000000e-01 3.031689716476197e-01 3.796872495434989e-01
3.150000000000000e-01 3.115588954592450e-01 3.775655009302933e-01
3.200000000000000e-01 3.201435537226349e-01 3.753424445678142e-01
3.250000000000000e-01 3.289283121286580e-01 3.730137506258126e-01
3.300000000000000e-01 3.379186614372866e-01 3.705749541804100e-01
3.350000000000000e-01 3.471202209094989e-01 3.680214576627088e-01
3.400000000000000e-01 3.565387418195016e-01 3.653485344457400e-01
3.450000000000000e-01 3.661801110494620e-01 3.625513336369886e-01
3.500000000000000e-01 3.760503547690021e-01 3.596248863007346e-01
3.550000000000000e-01 3.861556422017504e-01 3.565641133159334e-01
3.600000000000000e-01 3.965022894813072e-01 3.533638351158749e-01
3.650000000000000e-01 4.070967635990345e-01 3.500187835879813e-01
3.700000000000000e-01 4.179456864461349e-01 3.465236164559093e-01
3.750000000000000e-01 4.290558389525505e-01 3.428729345181542e-01
3.800000000000000e-01 4.404341653252637e-01 3.390613021812663e-01
3.850000000000000e-01 4.520877773886537e-01 3.350832718038680e-01
3.900000000000000e-01 4.640239590296172e-01 3.309334124640700e-01
3.950000000000000e-01 4.762501707502353e-01 3.266063438816750e-01
4.000000000000000e-01 4.887740543308307e-01 3.220967763739038e-01
4.050000000000000e-01 5.016034376063282e-01 3.173995579056872e-01
4.100000000000000e-01 5.147463393589066e-01 3.125097295213116e-01
4.150000000000000e-01 5.282109743299990e-01 3.074225907222927e-01
4.200000000000000e-01 5.420057583547735e-01 3.021337766971951e-01
4.250000000000000e-01 5.561393136223041e-01 2.966393497222222e-01
4.300000000000000e-01 5.706204740647189e-01 2.909359075448783e-01
4.350000000000000e-01 5.854582908786964e-01 2.850207121393304e-01
4.400000000000000e-01 6.006620381827575e-01 2.788918428729198e-01
4.450000000000000e-01 6.162412188138907e-01 2.725483788197802e-01
4.500000000000000e-01 6.322055702671360e-01 2.659906156363909e-01
4.550000000000000e-01 6.485650707818353e-01 2.592203229547940e-01
4.600000000000000e-01 6.653299455783577e-01 2.522410484441271e-01
4.650000000000000e-01 6.825106732491932e-01 2.450584742030006e-01
4.700000000000000e-01 7.001179923084168e-01 2.376808294587679e-01
4.750000000000000e-01 7.181629079036070e-01 2.301193599266650e-01
4.800000000000000e-01 7.366566986944229e-01 2.223888476427926e-01
4.850000000000000e-01 7.556109239021327e-01 2.145081644733953e-01
4.900000000000000e-01 7.750374305345038e-01 2.065008267090340e-01
4.950000000000000e-01 7.949483607905672e-01 1.983954966125183e-01
5.000000000000000e-01 8.153561596498893e-01 1.902263503609134e-01
5.050000000000000e-01 8.362735826510871e-01 1.820332040132837e-01
5.100000000000000e-01 8.577137038644561e-01 1.738612673762115e-01
5.150000000000000e-01 8.796899240636907e-01 1.657603917387274e-01
5.200000000000000e-01 9.022159791018011e-01 1.577837058778003e-01
5.250000000000000e-01 9.253059484964714e-01 1.499856073805551e-01
5.300000000000000e-01 9.489742642302165e-01 1.424191938495018e-01
5.350000000000000e-01 9.732357197708378e-01 1.351333617135595e-01
5.400000000000000e-01 9.981054793178262e-01 1.281699281158049e-01
5.450000000000000e-01 1.023599087280478e+00 1.215611922483834e-01
5.500000000000000e-01 1.049732477993657e+00 1.153283087597842e-01
5.550000000000000e-01 1.076521985677273e+00 1.094806977192137e-01
5.600000000000001e-01 1.103984354645701e+00 1.040165081716468e-01
5.650000000000001e-01 1.132136749773522e+00 9.892395593259140e-02
5.700000000000001e-01 1.160996767224129e+00 9.418323163967272e-02
5.750000000000001e-01 1.190582445447902e+00 8.976864605439036e-02
5.800000000000000e-01 1.220912276456826e+00 8.565073008289163e-02
5.850000000000000e-01 1.252005217382601e+00 8.179809868253958e-02
5.900000000000000e-01 1.283880702325469e+00 7.817898297266918e-02
5.950000000000000e-01 1.316558654501151e+00 7.476240996793054e-02
6.000000000000000e-01 1.350059498693518e+00 7.151905689914137e-02
6.050000000000000e-01 1.384404174020732e+00 6.842183021735827e-02
6.100000000000000e-01 1.419614147022888e+00 6.544622544885791e-02
6.150000000000000e-01 1.455711425079295e+00 6.257052037186331e-02
6.200000000000000e-01 1.492718570163803e+00 5.977584594151976e-02
6.250000000000000e-01 1.530658712946775e+00 5.704617034097093e-02
6.300000000000000e-01 1.569555567252506e+00 5.436822320612426e-02
6.350000000000000e-01 1.609433444881138e+00 5.173138013444102e-02
6.400000000000000e-01 1.650317270804325e+00 4.912752213363897e-02
6.450000000000000e-01 1.692232598744148e+00 4.655088050820957e-02
6.500000000000000e-01 1.735205627145031e+00 4.399787453915145e-02
6.550000000000000e-01 1.779263215548615e+00 4.146694690413771e-02
6.600000000000000e-01 1.824432901381847e+00 3.895839987279914e-02
6.650000000000000e-01 1.870742917168772e+00 3.647423371325149e-02
6.700000000000000e-01 1.918222208176775e+00 3.401798733829094e-02
6.750000000000000e-01 1.966900450508319e+00 3.159457993465976e-02
6.800000000000000e-01 2.016808069649473e+00 2.921015113923947e-02
6.850000000000001e-01 2.067976259486829e+00 2.687189628256893e-02
6.900000000000001e-01 2.120437001804702e+00 2.458789238889927e-02
6.950000000000001e-01 2.174223086274785e+00 2.236691012176990e-02
7.000000000000001e-01 2.229368130950753e+00 2.021820684918461e-02
7.050000000000000e-01 2.285906603280654e+00 1.815129664855754e-02
7.100000000000000e-01 2.343873841650178e+00 1.617569454959362e-02
7.150000000000000e-01 2.403306077470301e+00 1.430063474881758e-02
7.200000000000000e-01 2.464240457823092e+00 1.253476594902958e-02
7.250000000000000e-01 2.526715068679855e+00 1.088583124738941e-02
7.300000000000000e-01 2.590768958706095e+00 9.360344772605328e-03
7.350000000000000e-01 2.656442163668210e+00 7.963281977593080e-03
7.400000000000000e-01 2.723775731457148e+00 6.697804351555634e-03
7.450000000000000e-01 2.792811747744667e+00 5.565041448890759e-03
7.500000000000000e-01 2.863593362288260e+00 4.563952735037877e-03
7.550000000000000e-01 2.936164815901156e+00 3.691288287889907e-03
7.600000000000000e-01 3.010571468104263e+00 2.941660795560964e-03
7.650000000000000e-01 3.086859825477351e+00 2.307732057675022e-03
7.700000000000000e-01 3.165077570727174e+00 1.780506389039321e-03
7.750000000000000e-01 3.245273592490716e+00 1.349712414139118e-03
7.800000000000000e-01 3.327498015892184e+00 1.004245353972504e-03
7.850000000000000e-01 3.411802233872832e+00 7.326355146946947e-04
7.900000000000000e-01 3.498238939313234e+00 5.235063232353412e-04
7.950000000000000e-01 3.586862157968046e+00 3.659873140934904e-04
8.000000000000000e-01 3.677727282233856e+00 2.500536369657684e-04
8.050000000000000e-01 3.770891105771243e+00 1.667729557092524e-04
8.100000000000001e-01 3.866411859002656e+00 1.084515981766261e-04
8.150000000000001e-01 3.964349245508326e+00 6.868283388521099e-05
8.200000000000001e-01 4.064764479342956e+00 4.230963039091942e-05
8.250000000000001e-01 4.167720323296481e+00 2.532096460728335e-05
8.300000000000001e-01 4.273281128122877e+00 1.470410297710355e-05
8.350000000000000e-01 4.381512872761445e+00 8.275215784727383e-06
8.400000000000000e-01 4.492483205575838e+00 4.507832808147002e-06
8.450000000000000e-01 4.606261486636447e+00 2.373948023869345e-06
8.500000000000000e-01 4.722918831072739e+00 1.207149567223168e-06
8.550000000000000e-01 4.842528153522501e+00 5.919915752923331e-07
8.600000000000000e-01 4.965164213705875e+00 2.796542941353345e-07
8.650000000000000e-01 5.090903663152626e+00 1.271092334473545e-07
8.700000000000000e-01 5.219825093111814e+00 5.552568084313362e-08
8.750000000000000e-01 5.352009083673925e+00 2.328622203742224e-08
8.800000000000000e-01 5.487538254136007e+00 9.365638566725570e-09
8.850000000000000e-01 5.626497314641444e+00 3.608888730695914e-09
8.900000000000000e-01 5.768973119126561e+00 1.331046652646225e-09
8.950000000000000e-01 5.915054719607133e+00 4.694676821440299e-10
9.000000000000000e-01 6.064833421838831e+00 1.582136928248326e-10
9.050000000000000e-01 6.218402842386253e+00 5.090578557763679e-11
9.100000000000000e-01 6.375858967136348e+00 1.562643868238418e-11
9.150000000000000e-01 6.537300211292723e+00 4.573352287214898e-12
9.200000000000000e-01 6.702827480888332e+00 1.275352645403255e-12
9.250000000000000e-01 6.872544235855034e+00 3.386986018098098e-13
9.300000000000000e-01 7.046556554689444e+00 8.562047017119151e-14
9.350000000000001e-01 7.224973200755413e+00 2.059411752057046e-14
9.400000000000001e-01 7.407905690264673e+00 4.711470488226786e-15
9.450000000000001e-01 7.595468361978146e+00 1.024917804397189e-15
9.500000000000001e-01 7.787778448671316e+00 2.119515902103870e-16
9.550000000000001e-01 7.984956150408610e+00 4.165990968209766e-17
9.600000000000000e-01 8.187124709672272e+00 7.781705353610259e-18
9.650000000000000e-01 8.394410488393007e+00 1.381234572586610e-18
9.700000000000000e-01 8.606943046930221e+00 2.329576028906296e-19
9.750000000000000e-01 8.824855225051540e+00 3.733374286136896e-20
9.800000000000000e-01 9.048283224961922e+00 5.685334298281717e-21
9.850000000000000e-01 9.277366696434507e+00 8.227725003892069e-22
9.900000000000000e-01 9.512248824096272e+00 1.130480822553831e-22
9.950000000000000e-01 9.753076416923058e+00 1.574807363078253e-23
1.000000000000000e+00 1.000000000000000e+01 -4.899668985945137e-24
