0.000000000000000e+00 0.000000000000000e+00 3.684043217180263e-01
5.000000000000000e-03 3.369477419287315e-03 3.683969440633475e-01
1.000000000000000e-02 6.741060871647481e-03 3.683902006196598e-01
1.500000000000000e-02 1.011685770649257e-02 3.683647559538021e-01
2.000000000000000e-02 1.349897790673588e-02 3.683321881118714e-01
2.500000000000000e-02 1.688953540759990e-02 3.682849750171832e-01
3.000000000000000e-02 2.029064941789469e-02 3.682293391224892e-01
3.500000000000000e-02 2.370444574459234e-02 3.681600909572207e-01
4.000000000000000e-02 2.713305812152553e-02 3.680811233630536e-01
4.500000000000000e-02 3.057862954304063e-02 3.679892363396445e-01
5.000000000000000e-02 3.404331360343898e-02 3.678870757052527e-01
5.500000000000000e-02 3.752927584304335e-02 3.677714509746892e-01
6.000000000000000e-02 4.103869510173117e-02 3.676447375720305e-01
6.500000000000000e-02 4.457376488078044e-02 3.675046126872729e-01
7.000000000000001e-02 4.813669471387935e-02 3.673524013294506e-01
7.500000000000000e-02 5.172971154815675e-02 3.671859433357093e-01
8.000000000000000e-02 5.535506113609672e-02 3.670067945808526e-01
8.500000000000001e-02 5.901500943920686e-02 3.668128051631108e-01
9.000000000000000e-02 6.271184404431801e-02 3.666047168419150e-01
9.500000000000000e-02 6.644787559340060e-02 3.663809066831719e-01
1.000000000000000e-01 7.022543922779090e-02 3.661422290339294e-01
1.050000000000000e-01 7.404689604773053e-02 3.658866221558140e-01
1.100000000000000e-01 7.791463458813094e-02 3.656145480658552e-01
1.150000000000000e-01 8.183107231148547e-02 3.653245228978416e-01
1.200000000000000e-01 8.579865711886202e-02 3.650167963571021e-01
1.250000000000000e-01 8.981986887992111e-02 3.646894351543546e-01
1.300000000000000e-01 9.389722098291493e-02 3.643426631507958e-01
1.350000000000000e-01 9.803326190563690e-02 3.639748909420701e-01
1.400000000000000e-01 1.022305768083033e-01 3.635858982659142e-01
1.450000000000000e-01 1.064917891493625e-01 3.631738443474039e-01
1.500000000000000e-01 1.108195623252418e-01 3.627386505870039e-01
1.550000000000000e-01 1.152166013350572e-01 3.622785323287384e-01
1.600000000000000e-01 1.196856544713255e-01 3.617928959471784e-01
1.650000000000000e-01 1.242295150377370e-01 3.612798777184566e-01
1.700000000000000e-01 1.288510230950609e-01 3.607390370502720e-01
1.750000000000000e-01 1.335530672362758e-01 3.601683752527512e-01
1.800000000000000e-01 1.383385863920344e-01 3.595669468720584e-01
1.850000000000000e-01 1.432105716675912e-01 3.589327306411223e-01
1.900000000000000e-01 1.481720682123397e-01 3.582648889489083e-01
1.950000000000000e-01 1.532261771231311e-01 3.575611939077818e-01
2.000000000000000e-01 1.583760573825595e-01 3.568203186379129e-01
2.050000000000000e-01 1.636249278334301e-01 3.560399553425459e-01
2.100000000000000e-01 1.689760691906397e-01 3.552188260221417e-01
2.150000000000000e-01 1.744328260917313e-01 3.543544466519240e-01
2.200000000000000e-01 1.799986091874004e-01 3.534450747017295e-01
2.250000000000000e-01 1.856768972732633e-01 3.524879859930733e-01
2.300000000000000e-01 1.914712394642179e-01 3.514813641299853e-01
2.350000000000000e-01 1.973852574127551e-01 3.504224180306775e-01
2.400000000000000e-01 2.034226475726105e-01 3.493089857301940e-01
2.450000000000000e-01 2.095871835091678e-01 3.481378307830174e-01
2.500000000000000e-01 2.158827182580599e-01 3.469064509517686e-01
2.550000000000000e-01 2.223131867334419e-01 3.456115807877892e-01
2.600000000000000e-01 2.288826081874405e-01 3.442505608568230e-01
2.650000000000000e-01 2.355950887223172e-01 3.428196858002324e-01
2.700000000000000e-01 2.424548238569160e-01 3.413157909245217e-01
2.750000000000000e-01 2.494661011489995e-01 3.397348255313443e-01
2.800000000000000e-01 2.566333028751116e-01 3.380732590906492e-01
2.850000000000000e-01 2.639609087696434e-01 3.363268424198004e-01
2.900000000000000e-01 2.714534988248126e-01 3.344917635662391e-01
2.950000000000000e-01 2.791157561533084e-01 3.325632572350743e-01
3.000000000000000e-01 2.869524699153886e-01 3.305370213264405e-01
3.050000000000000e-01 2.949685383122613e-01 3.284077519364519e-01
3.100000000000000e-01 3.031689716476197e-01 3.261705127229602e-01
3.150000000000000e-01 3.115588954592450e-01 3.238196044887833e-01
3.200000000000000e-01 3.201435537226349e-01 3.213494165785512e-01
3.250000000000000e-01 3.289283121286580e-01 3.187538082221142e-01
3.300000000000000e-01 3.379186614372866e-01 3.160264616410328e-01
3.350000000000000e-01 3.471202209094989e-01 3.131606272660085e-01
3.400000000000000e-01 3.565387418195016e-01 3.101492154154413e-01
3.450000000000000e-01 3.661801110494620e-01 3.069846998156364e-01
3.500000000000000e-01 3.760503547690021e-01 3.036591113013560e-01
3.550000000000000e-01 3.861556422017504e-01 3.001639825116869e-01
3.600000000000000e-01 3.965022894813072e-01 2.964903056307271e-01
3.650000000000000e-01 4.070967635990345e-01 2.926284735627288e-01
3.700000000000000e-01 4.179456864461349e-01 2.885682141121402e-01
3.750000000000000e-01 4.290558389525505e-01 2.842985101993926e-01
3.800000000000000e-01 4.404341653252637e-01 2.798075047809773e-01
3.850000000000000e-01 4.520877773886537e-01 2.750823859920697e-01
3.900000000000000e-01 4.640239590296172e-01 2.701092477594089e-01
3.950000000000000e-01 4.762501707502353e-01 2.648729194271734e-01
4.000000000000000e-01 4.887740543308307e-01 2.593567561577197e-01
4.050000000000000e-01 5.016034376063282e-01 2.535423793812577e-01
4.100000000000000e-01 5.147463393589066e-01 2.474093533450946e-01
4.150000000000000e-01 5.282109743299990e-01 2.409347795867242e-01
4.200000000000000e-01 5.420057583547735e-01 2.340927857147464e-01
4.250000000000000e-01 5.561393136223041e-01 2.268538780932222e-01
4.300000000000000e-01 5.706204740647189e-01 2.191841201373356e-01
4.350000000000000e-01 5.854582908786964e-01 2.110440903064213e-01
4.400000000000000e-01 6.006620381827575e-01 2.023875709033331e-01
4.450000000000000e-01 6.162412188138907e-01 1.931599326825701e-01
4.500000000000000e-01 6.322055702671360e-01 1.832962434995265e-01
4.550000000000000e-01 6.485650707818353e-01 1.727193264677491e-01
4.600000000000000e-01 6.653299455783577e-01 1.613385433175046e-01
4.650000000000000e-01 6.825106732491932e-01 1.490515391413860e-01
4.700000000000000e-01 7.001179923084168e-01 1.357549023111797e-01
4.750000000000000e-01 7.181629079036070e-01 1.213784531426288e-01
4.800000000000000e-01 7.366566986944229e-01 1.059747832021596e-01
4.850000000000000e-01 7.556109239021327e-01 8.991052481047250e-02
4.900000000000000e-01 7.750374305345038e-01 7.414531295330187e-02
4.950000000000000e-01 7.949483607905672e-01 6.029739335963061e-02
5.000000000000000e-01 8.153561596498893e-01 4.991842546762961e-02
5.050000000000000e-01 8.362735826510871e-01 4.327050510554403e-02
5.100000000000000e-01 8.577137038644561e-01 3.927056509362001e-02
5.150000000000000e-01 8.796899240636907e-01 3.675517626250283e-02
5.200000000000000e-01 9.022159791018011e-01 3.513257724553345e-02
5.250000000000000e-01 9.253059484964714e-01 3.409743520730779e-02
5.300000000000000e-01 9.489742642302165e-01 3.343696134281194e-02
5.350000000000000e-01 9.732357197708378e-01 3.302871055075842e-02
5.400000000000000e-01 9.981054793178262e-01 3.279908835824095e-02
5.450000000000000e-01 1.023599087280478e+00 3.269650060889862e-02
5.500000000000000e-01 1.049732477993657e+00 3.268753112272534e-02
5.550000000000000e-01 1.076521985677273e+00 3.274904319108151e-02
5.600000000000001e-01 1.103984354645701e+00 3.286407300954708e-02
5.650000000000001e-01 1.132136749773522e+00 3.302027654714761e-02
5.700000000000001e-01 1.160996767224129e+00 3.320818446669635e-02
5.750000000000001e-01 1.190582445447902e+00 3.342032423508306e-02
5.800000000000000e-01 1.220912276456826e+00 3.365065869223410e-02
5.850000000000000e-01 1.252005217382601e+00 3.389413646371951e-02
5.900000000000000e-01 1.283880702325469e+00 3.414642096560519e-02
5.950000000000000e-01 1.316558654501151e+00 3.440368922266800e-02
6.000000000000000e-01 1.350059498693518e+00 3.466248415240435e-02
6.050000000000000e-01 1.384404174020732e+00 3.491960901149788e-02
6.100000000000000e-01 1.419614147022888e+00 3.517204604222831e-02
6.150000000000000e-01 1.455711425079295e+00 3.541689396264417e-02
6.200000000000000e-01 1.492718570163803e+00 3.565131876103151e-02
6.250000000000000e-01 1.530658712946775e+00 3.587251392711396e-02
6.300000000000000e-01 1.569555567252506e+00 3.607766788221436e-02
6.350000000000000e-01 1.609433444881138e+00 3.626393687512391e-02
6.400000000000000e-01 1.650317270804325e+00 3.642842224430685e-02
6.450000000000000e-01 1.692232598744148e+00 3.656815136662418e-02
6.500000000000000e-01 1.735205627145031e+00 3.668006192409660e-02
6.550000000000000e-01 1.779263215548615e+00 3.676098939544815e-02
6.600000000000000e-01 1.824432901381847e+00 3.680765791277074e-02
6.650000000000000e-01 1.870742917168772e+00 3.681667483848652e-02
6.700000000000000e-01 1.918222208176775e+00 3.678452961961749e-02
6.750000000000000e-01 1.966900450508319e+00 3.670759766525132e-02
6.800000000000000e-01 2.016808069649473e+00 3.658215016512713e-02
6.850000000000001e-01 2.067976259486829e+00 3.640437091295411e-02
6.900000000000001e-01 2.120437001804702e+00 3.617038130373463e-02
6.950000000000001e-01 2.174223086274785e+00 3.587627472273108e-02
7.000000000000001e-01 2.229368130950753e+00 3.551816151553957e-02
7.050000000000000e-01 2.285906603280654e+00 3.509222560516208e-02
7.100000000000000e-01 2.343873841650178e+00 3.459479358799216e-02
7.150000000000000e-01 2.403306077470301e+00 3.402241678912845e-02
7.200000000000000e-01 2.464240457823092e+00 3.337196629368726e-02
7.250000000000000e-01 2.526715068679855e+00 3.264074041593244e-02
7.300000000000000e-01 2.590768958706095e+00 3.182658346036576e-02
7.350000000000000e-01 2.656442163668210e+00 3.092801402128006e-02
7.400000000000000e-01 2.723775731457148e+00 2.994436051922987e-02
7.450000000000000e-01 2.792811747744667e+00 2.887590123731536e-02
7.500000000000000e-01 2.863593362288260e+00 2.772400582500743e-02
7.550000000000000e-01 2.936164815901156e+00 2.649127506599884e-02
7.600000000000000e-01 3.010571468104263e+00 2.518167558149025e-02
7.650000000000000e-01 3.086859825477351e+00 2.380066591198359e-02
7.700000000000000e-01 3.165077570727174e+00 2.235530986706786e-02
7.750000000000000e-01 3.245273592490716e+00 2.085437187360122e-02
7.800000000000000e-01 3.327498015892184e+00 1.930838698237807e-02
7.850000000000000e-01 3.411802233872832e+00 1.772969492979449e-02
7.900000000000000e-01 3.498238939313234e+00 1.613242301305737e-02
7.950000000000000e-01 3.586862157968046e+00 1.453239661486138e-02
8.000000000000000e-01 3.677727282233856e+00 1.294694973455802e-02
8.050000000000000e-01 3.770891105771243e+00 1.139460277648894e-02
8.100000000000001e-01 3.866411859002656e+00 9.894574668041547e-03
8.150000000000001e-01 3.964349245508326e+00 8.466105936903556e-03
8.200000000000001e-01 4.064764479342956e+00 7.127592968355612e-03
8.250000000000001e-01 4.167720323296481e+00 5.895572137413361e-03
8.300000000000001e-01 4.273281128122877e+00 4.783640474070275e-03
8.350000000000000e-01 4.381512872761445e+00 3.801444684638461e-03
8.400000000000000e-01 4.492483205575838e+00 2.953896393220614e-03
8.450000000000000e-01 4.606261486636447e+00 2.240763980370363e-03
8.500000000000000e-01 4.722918831072739e+00 1.656744569352988e-03
8.550000000000000e-01 4.842528153522501e+00 1.192040449763607e-03
8.600000000000000e-01 4.965164213705875e+00 8.333713605868665e-04
8.650000000000000e-01 5.090903663152626e+00 5.652724867924666e-04
8.700000000000000e-01 5.219825093111814e+00 3.714801315633350e-04
8.750000000000000e-01 5.352009083673925e+00 2.362048564762640e-04
8.800000000000000e-01 5.487538254136007e+00 1.451333385622750e-04
8.850000000000000e-01 5.626497314641444e+00 8.607057418363100e-05
8.900000000000000e-01 5.768973119126561e+00 4.921199385847038e-05
8.950000000000000e-01 5.915054719607133e+00 2.710015666470470e-05
9.000000000000000e-01 6.064833421838831e+00 1.435983522288491e-05
9.050000000000000e-01 6.218402842386253e+00 7.315302097108785e-06
9.100000000000000e-01 6.375858967136348e+00 3.580007724660909e-06
9.150000000000000e-01 6.537300211292723e+00 1.681909468880991e-06
9.200000000000000e-01 6.702827480888332e+00 7.580873722987081e-07
9.250000000000000e-01 6.872544235855034e+00 3.276395664315970e-07
9.300000000000000e-01 7.046556554689444e+00 1.357144057239209e-07
9.350000000000001e-01 7.224973200755413e+00 5.385524263634042e-08
9.400000000000001e-01 7.407905690264673e+00 2.046672110104329e-08
9.450000000000001e-01 7.595468361978146e+00 7.446575942541120e-09
9.500000000000001e-01 7.787778448671316e+00 2.593253544871502e-09
9.550000000000001e-01 7.984956150408610e+00 8.642224999618907e-10
9.600000000000000e-01 8.187124709672272e+00 2.755682257446703e-10
9.650000000000000e-01 8.394410488393007e+00 8.406269271153295e-11
9.700000000000000e-01 8.606943046930221e+00 2.453075338885724e-11
9.750000000000000e-01 8.824855225051540e+00 6.847452355205353e-12
9.800000000000000e-01 9.048283224961922e+00 1.828272292697668e-12
9.850000000000000e-01 9.277366696434507e+00 4.670406321782163e-13
9.900000000000000e-01 9.512248824096272e+00 1.137484478990887e-13
9.950000000000000e-01 9.753076416923058e+00 2.830313365368240e-14
1.000000000000000e+00 1.000000000000000e+01 -3.154211955511052e-16
