0.000000000000000e+00 0.000000000000000e+00 4.618832523638858e-01
5.000000000000000e-03 3.369477419287315e-03 4.618774260517479e-01
1.000000000000000e-02 6.741060871647481e-03 4.618746285999265e-01
1.500000000000000e-02 1.011685770649257e-02 4.618504981933018e-01
2.000000000000000e-02 1.349897790673588e-02 4.618180842627975e-01
2.500000000000000e-02 1.688953540759990e-02 4.617718961532610e-01
3.000000000000000e-02 2.029064941789469e-02 4.617175336744103e-01
3.500000000000000e-02 2.370444574459234e-02 4.616502325227256e-01
4.000000000000000e-02 2.713305812152553e-02 4.615734442132441e-01
4.500000000000000e-02 3.057862954304063e-02 4.614837115343666e-01
5.000000000000000e-02 3.404331360343898e-02 4.613839224225676e-01
5.500000000000000e-02 3.752927584304335e-02 4.612714200002203e-01
6.000000000000000e-02 4.103869510173117e-02 4.611480946696185e-01
6.500000000000000e-02 4.457376488078044e-02 4.610113750510713e-01
7.000000000000001e-02 4.813669471387935e-02 4.608629958022504e-01
7.500000000000000e-02 5.172971154815675e-02 4.607010000737830e-01
8.000000000000000e-02 5.535506113609672e-02 4.605265984296801e-01
8.500000000000001e-02 5.901500943920686e-02 4.603375970842268e-01
9.000000000000000e-02 6.271184404431801e-02 4.601350100051869e-01
9.500000000000000e-02 6.644787559340060e-02 4.599172040420886e-01
1.000000000000000e-01 7.022543922779090e-02 4.596850000202576e-01
1.050000000000000e-01 7.404689604773053e-02 4.594363861724070e-01
1.100000000000000e-01 7.791463458813094e-02 4.591718238915179e-01
1.150000000000000e-01 8.183107231148547e-02 4.588897477157945e-01
1.200000000000000e-01 8.579865711886202e-02 4.585906597028219e-01
1.250000000000000e-01 8.981986887992111e-02 4.582727447577789e-01
1.300000000000000e-01 9.389722098291493e-02 4.579361037307080e-01
1.350000000000000e-01 9.803326190563690e-02 4.575789707111086e-01
1.400000000000000e-01 1.022305768083033e-01 4.572013833379580e-01
1.450000000000000e-01 1.064917891493625e-01 4.568017402609069e-01
1.500000000000000e-01 1.108195623252418e-01 4.563799940866720e-01
1.550000000000000e-01 1.152166013350572e-01 4.559341978784561e-01
1.600000000000000e-01 1.196856544713255e-01 4.554639467670979e-01
1.650000000000000e-01 1.242295150377370e-01 4.549674337109069e-01
1.700000000000000e-01 1.288510230950609e-01 4.544441509659568e-01
1.750000000000000e-01 1.335530672362758e-01 4.538923324437918e-01
1.800000000000000e-01 1.383385863920344e-01 4.533114665467619e-01
1.850000000000000e-01 1.432105716675912e-01 4.526994561942889e-01
1.900000000000000e-01 1.481720682123397e-01 4.520555572501520e-01
1.950000000000000e-01 1.532261771231311e-01 4.513775730960621e-01
2.000000000000000e-01 1.583760573825595e-01 4.506643653720785e-01
2.050000000000000e-01 1.636249278334301e-01 4.499138968697837e-01
2.100000000000000e-01 1.689760691906397e-01 4.491246537516177e-01
2.150000000000000e-01 1.744328260917313e-01 4.482946963205862e-01
2.200000000000000e-01 1.799986091874004e-01 4.474222197563892e-01
2.250000000000000e-01 1.856768972732633e-01 4.465052237614852e-01
2.300000000000000e-01 1.914712394642179e-01 4.455416739904137e-01
2.350000000000000e-01 1.973852574127551e-01 4.445294161371151e-01
2.400000000000000e-01 2.034226475726105e-01 4.434662101349952e-01
2.450000000000000e-01 2.095871835091678e-01 4.423497117862747e-01
2.500000000000000e-01 2.158827182580599e-01 4.411774768154418e-01
2.550000000000000e-01 2.223131867334419e-01 4.399469561225871e-01
2.600000000000000e-01 2.288826081874405e-01 4.386554943127852e-01
2.650000000000000e-01 2.355950887223172e-01 4.373003271049435e-01
2.700000000000000e-01 2.424548238569160e-01 4.358785792204688e-01
2.750000000000000e-01 2.494661011489995e-01 4.343872623010343e-01
2.800000000000000e-01 2.566333028751116e-01 4.328232730695813e-01
2.850000000000000e-01 2.639609087696434e-01 4.311833917420248e-01
2.900000000000000e-01 2.714534988248126e-01 4.294642807592167e-01
2.950000000000000e-01 2.791157561533084e-01 4.276624838952078e-01
3.000000000000000e-01 2.869524699153886e-01 4.257744258071469e-01
3.050000000000000e-01 2.949685383122613e-01 4.237964120966953e-01
3.100000000000000e-01 3.031689716476197e-01 4.217246299597252e-01
3.150000000000000e-01 3.115588954592450e-01 4.195551495081850e-01
3.200000000000000e-01 3.201435537226349e-01 4.172839258558975e-01
3.250000000000000e-01 3.289283121286580e-01 4.149068020684765e-01
3.300000000000000e-01 3.379186614372866e-01 4.124195130866026e-01
3.350000000000000e-01 3.471202209094989e-01 4.098176907414385e-01
3.400000000000000e-01 3.565387418195016e-01 4.070968699911839e-01
3.450000000000000e-01 3.661801110494620e-01 4.042524965183730e-01
3.500000000000000e-01 3.760503547690021e-01 4.012799358388442e-01
3.550000000000000e-01 3.861556422017504e-01 3.981744840850122e-01
3.600000000000000e-01 3.965022894813072e-01 3.949313806383651e-01
3.650000000000000e-01 4.070967635990345e-01 3.915458227988906e-01
3.700000000000000e-01 4.179456864461349e-01 3.880129826924124e-01
3.750000000000000e-01 4.290558389525505e-01 3.843280266305715e-01
3.800000000000000e-01 4.404341653252637e-01 3.804861371524879e-01
3.850000000000000e-01 4.520877773886537e-01 3.764825379918618e-01
3.900000000000000e-01 4.640239590296172e-01 3.723125222286498e-01
3.950000000000000e-01 4.762501707502353e-01 3.679714839002274e-01
4.000000000000000e-01 4.887740543308307e-01 3.634549533634206e-01
4.050000000000000e-01 5.016034376063282e-01 3.587586367157021e-01
4.100000000000000e-01 5.147463393589066e-01 3.538784596013322e-01
4.150000000000000e-01 5.282109743299990e-01 3.488106157458933e-01
4.200000000000000e-01 5.420057583547735e-01 3.435516205803836e-01
4.250000000000000e-01 5.561393136223041e-01 3.380983703328886e-01
4.300000000000000e-01 5.706204740647189e-01 3.324482069808138e-01
4.350000000000000e-01 5.854582908786964e-01 3.265989894676730e-01
4.400000000000000e-01 6.006620381827575e-01 3.205491715925063e-01
4.450000000000000e-01 6.162412188138907e-01 3.142978869722822e-01
4.500000000000000e-01 6.322055702671360e-01 3.078450414511411e-01
4.550000000000000e-01 6.485650707818353e-01 3.011914132747389e-01
4.600000000000000e-01 6.653299455783577e-01 2.943387612485820e-01
4.650000000000000e-01 6.825106732491932e-01 2.872899409360301e-01
4.700000000000000e-01 7.001179923084168e-01 2.800490286971798e-01
4.750000000000000e-01 7.181629079036070e-01 2.726214529890906e-01
4.800000000000000e-01 7.366566986944229e-01 2.650141317963228e-01
4.850000000000000e-01 7.556109239021327e-01 2.572356142865629e-01
4.900000000000000e-01 7.750374305345038e-01 2.492962237320004e-01
4.950000000000000e-01 7.949483607905672e-01 2.412081973483148e-01
5.000000000000000e-01 8.153561596498893e-01 2.329858169407292e-01
5.050000000000000e-01 8.362735826510871e-01 2.246455221081989e-01
5.100000000000000e-01 8.577137038644561e-01 2.162059953082645e-01
5.150000000000000e-01 8.796899240636907e-01 2.076882054980133e-01
5.200000000000000e-01 9.022159791018011e-01 1.991153946609008e-01
5.250000000000000e-01 9.253059484964714e-01 1.905129898040842e-01
5.300000000000000e-01 9.489742642302165e-01 1.819084226463183e-01
5.350000000000000e-01 9.732357197708378e-01 1.733308410149996e-01
5.400000000000000e-01 9.981054793178262e-01 1.648107007155053e-01
5.450000000000000e-01 1.023599087280478e+00 1.563792348510496e-01
5.500000000000000e-01 1.049732477993657e+00 1.480678092179117e-01
5.550000000000000e-01 1.076521985677273e+00 1.399071865882816e-01
5.600000000000001e-01 1.103984354645701e+00 1.319267375430396e-01
5.650000000000001e-01 1.132136749773522e+00 1.241536483269432e-01
5.700000000000001e-01 1.160996767224129e+00 1.166121839779852e-01
5.750000000000001e-01 1.190582445447902e+00 1.093230652825809e-01
5.800000000000000e-01 1.220912276456826e+00 1.023030098864760e-01
5.850000000000000e-01 1.252005217382601e+00 9.556447204741637e-02
5.900000000000000e-01 1.283880702325469e+00 8.911559480843868e-02
5.950000000000000e-01 1.316558654501151e+00 8.296036668138689e-02
6.000000000000000e-01 1.350059498693518e+00 7.709895614005212e-02
6.050000000000000e-01 1.384404174020732e+00 7.152818415310275e-02
6.100000000000000e-01 1.419614147022888e+00 6.624208880300590e-02
6.150000000000000e-01 1.455711425079295e+00 6.123253625873026e-02
6.200000000000000e-01 1.492718570163803e+00 5.648983737221451e-02
6.250000000000000e-01 1.530658712946775e+00 5.200333687594776e-02
6.300000000000000e-01 1.569555567252506e+00 4.776195065524186e-02
6.350000000000000e-01 1.609433444881138e+00 4.375463446235305e-02
6.400000000000000e-01 1.650317270804325e+00 3.997077396889322e-02
6.450000000000000e-01 1.692232598744148e+00 3.640049100405364e-02
6.500000000000000e-01 1.735205627145031e+00 3.303486436355714e-02
6.550000000000000e-01 1.779263215548615e+00 2.986606606278930e-02
6.600000000000000e-01 1.824432901381847e+00 2.688741576908817e-02
6.650000000000000e-01 1.870742917168772e+00 2.409335776521184e-02
6.700000000000000e-01 1.918222208176775e+00 2.147936645695930e-02
6.750000000000000e-01 1.966900450508319e+00 1.904178831161470e-02
6.800000000000000e-01 2.016808069649473e+00 1.677763024259492e-02
6.850000000000001e-01 2.067976259486829e+00 1.468430675939568e-02
6.900000000000001e-01 2.120437001804702e+00 1.275936049164018e-02
6.950000000000001e-01 2.174223086274785e+00 1.100017269647472e-02
7.000000000000001e-01 2.229368130950753e+00 9.403681742399701e-03
7.050000000000000e-01 2.285906603280654e+00 7.966127996635205e-03
7.100000000000000e-01 2.343873841650178e+00 6.682842743635166e-03
7.150000000000000e-01 2.403306077470301e+00 5.548096553439743e-03
7.200000000000000e-01 2.464240457823092e+00 4.555018882336538e-03
7.250000000000000e-01 2.526715068679855e+00 3.695595795972254e-03
7.300000000000000e-01 2.590768958706095e+00 2.960746918634666e-03
7.350000000000000e-01 2.656442163668210e+00 2.340476553088736e-03
7.400000000000000e-01 2.723775731457148e+00 1.824088001264790e-03
7.450000000000000e-01 2.792811747744667e+00 1.400445079736319e-03
7.500000000000000e-01 2.863593362288260e+00 1.058261223388285e-03
7.550000000000000e-01 2.936164815901156e+00 7.863948101563226e-04
7.600000000000000e-01 3.010571468104263e+00 5.741296116521730e-04
7.650000000000000e-01 3.086859825477351e+00 4.114215312285355e-04
7.700000000000000e-01 3.165077570727174e+00 2.890967489718769e-04
7.750000000000000e-01 3.245273592490716e+00 1.989915682280391e-04
7.800000000000000e-01 3.327498015892184e+00 1.340300288309361e-04
7.850000000000000e-01 3.411802233872832e+00 8.824104145756761e-05
7.900000000000000e-01 3.498238939313234e+00 5.672176606201299e-05
7.950000000000000e-01 3.586862157968046e+00 3.555769189761787e-05
8.000000000000000e-01 3.677727282233856e+00 2.171206053021167e-05
8.050000000000000e-01 3.770891105771243e+00 1.289782480023590e-05
8.100000000000001e-01 3.866411859002656e+00 7.444407252382788e-06
8.150000000000001e-01 3.964349245508326e+00 4.169452708813687e-06
8.200000000000001e-01 4.064764479342956e+00 2.263018683892824e-06
8.250000000000001e-01 4.167720323296481e+00 1.188697409278089e-06
8.300000000000001e-01 4.273281128122877e+00 6.034384968726861e-07
8.350000000000000e-01 4.381512872761445e+00 2.956445210734040e-07
8.400000000000000e-01 4.492483205575838e+00 1.395958367114860e-07
8.450000000000000e-01 4.606261486636447e+00 6.343483331091966e-08
8.500000000000000e-01 4.722918831072739e+00 2.770265009608081e-08
8.550000000000000e-01 4.842528153522501e+00 1.161019813342479e-08
8.600000000000000e-01 4.965164213705875e+00 4.663084714179919e-09
8.650000000000000e-01 5.090903663152626e+00 1.792337502404007e-09
8.700000000000000e-01 5.219825093111814e+00 6.583950361122270e-10
8.750000000000000e-01 5.352009083673925e+00 2.308310640136460e-10
8.800000000000000e-01 5.487538254136007e+00 7.714008177542538e-11
8.850000000000000e-01 5.626497314641444e+00 2.454149727907554e-11
8.900000000000000e-01 5.768973119126561e+00 7.423986133169845e-12
8.950000000000000e-01 5.915054719607133e+00 2.133018140059754e-12
9.000000000000000e-01 6.064833421838831e+00 5.814447847965488e-13
9.050000000000000e-01 6.218402842386253e+00 1.502262762106290e-13
9.100000000000000e-01 6.375858967136348e+00 3.675427181546189e-14
9.150000000000000e-01 6.537300211292723e+00 8.508073339245752e-15
9.200000000000000e-01 6.702827480888332e+00 1.862046642644904e-15
9.250000000000000e-01 6.872544235855034e+00 3.850336939622546e-16
9.300000000000000e-01 7.046556554689444e+00 7.518092717646815e-17
9.350000000000001e-01 7.224973200755413e+00 1.385505661230164e-17
9.400000000000001e-01 7.407905690264673e+00 2.408962860437356e-18
9.450000000000001e-01 7.595468361978146e+00 3.950392354320792e-19
9.500000000000001e-01 7.787778448671316e+00 6.108607502965886e-20
9.550000000000001e-01 7.984956150408610e+00 8.905828967037405e-21
9.600000000000000e-01 8.187124709672272e+00 1.224074143771278e-21
9.650000000000000e-01 8.394410488393007e+00 1.586149555067780e-22
9.700000000000000e-01 8.606943046930221e+00 1.937821423395676e-23
9.750000000000000e-01 8.824855225051540e+00 2.232403718129109e-24
9.800000000000000e-01 9.048283224961922e+00 2.425497084493971e-25
9.850000000000000e-01 9.277366696434507e+00 2.485996373731626e-26
9.900000000000000e-01 9.512248824096272e+00 2.403271744511096e-27
9.950000000000000e-01 9.753076416923058e+00 2.319329007304839e-28
1.000000000000000e+00 1.000000000000000e+01 -1.087766554023312e-28
