0.000000000000000e+00 0.000000000000000e+00 3.727578357880227e-01
5.000000000000000e-03 3.369477419287315e-03 3.727505671319551e-01
1.000000000000000e-02 6.741060871647481e-03 3.727512580029897e-01
1.500000000000000e-02 1.011685770649257e-02 3.727258997727633e-01
2.000000000000000e-02 1.349897790673588e-02 3.726921259535382e-01
2.500000000000000e-02 1.688953540759990e-02 3.726456498145125e-01
3.000000000000000e-02 2.029064941789469e-02 3.725907843726134e-01
3.500000000000000e-02 2.370444574459234e-02 3.725219662883409e-01
4.000000000000000e-02 2.713305812152553e-02 3.724438830812700e-01
4.500000000000000e-02 3.057862954304063e-02 3.723530023254901e-01
5.000000000000000e-02 3.404331360343898e-02 3.722515982870522e-01
5.500000000000000e-02 3.752927584304335e-02 3.721370478360614e-01
6.000000000000000e-02 4.103869510173117e-02 3.720117575344775e-01
6.500000000000000e-02 4.457376488078044e-02 3.718729274667250e-01
7.000000000000001e-02 4.813669471387935e-02 3.717220372725588e-01
7.500000000000000e-02 5.172971154815675e-02 3.715572830799713e-01
8.000000000000000e-02 5.535506113609672e-02 3.713799311765144e-01
8.500000000000001e-02 5.901500943920686e-02 3.711876882003071e-01
9.000000000000000e-02 6.271184404431801e-02 3.709816274710487e-01
9.500000000000000e-02 6.644787559340060e-02 3.707601166273862e-01
1.000000000000000e-01 7.022543922779090e-02 3.705236980977615e-01
1.050000000000000e-01 7.404689604773053e-02 3.702704784917705e-01
1.100000000000000e-01 7.791463458813094e-02 3.700011761688372e-01
1.150000000000000e-01 8.183107231148547e-02 3.697140747915915e-01
1.200000000000000e-01 8.579865711886202e-02 3.694092633775112e-01
1.250000000000000e-01 8.981986887992111e-02 3.690850965771442e-01
1.300000000000000e-01 9.389722098291493e-02 3.687418899007245e-01
1.350000000000000e-01 9.803326190563690e-02 3.683777937793650e-01
1.400000000000000e-01 1.022305768083033e-01 3.679925891348636e-01
1.450000000000000e-01 1.064917891493625e-01 3.675846899236717e-01
1.500000000000000e-01 1.108195623252418e-01 3.671539887802974e-01
1.550000000000000e-01 1.152166013350572e-01 3.666985116817052e-01
1.600000000000000e-01 1.196856544713255e-01 3.662177562578094e-01
1.650000000000000e-01 1.242295150377370e-01 3.657100414131065e-01
1.700000000000000e-01 1.288510230950609e-01 3.651748553744805e-01
1.750000000000000e-01 1.335530672362758e-01 3.646100790595153e-01
1.800000000000000e-01 1.383385863920344e-01 3.640148805296362e-01
1.850000000000000e-01 1.432105716675912e-01 3.633873817084874e-01
1.900000000000000e-01 1.481720682123397e-01 3.627266887431465e-01
1.950000000000000e-01 1.532261771231311e-01 3.620304816787342e-01
2.000000000000000e-01 1.583760573825595e-01 3.612975255469158e-01
2.050000000000000e-01 1.636249278334301e-01 3.605256613182929e-01
2.100000000000000e-01 1.689760691906397e-01 3.597136123626349e-01
2.150000000000000e-01 1.744328260917313e-01 3.588588020799629e-01
2.200000000000000e-01 1.799986091874004e-01 3.579595228007360e-01
2.250000000000000e-01 1.856768972732633e-01 3.570132184472120e-01
2.300000000000000e-01 1.914712394642179e-01 3.560181669437387e-01
2.350000000000000e-01 1.973852574127551e-01 3.549715123514244e-01
2.400000000000000e-01 2.034226475726105e-01 3.538710675095201e-01
2.450000000000000e-01 2.095871835091678e-01 3.527137230013854e-01
2.500000000000000e-01 2.158827182580599e-01 3.514971239025438e-01
2.550000000000000e-01 2.223131867334419e-01 3.502180707318360e-01
2.600000000000000e-01 2.288826081874405e-01 3.488739446331118e-01
2.650000000000000e-01 2.355950887223172e-01 3.474610602282622e-01
2.700000000000000e-01 2.424548238569160e-01 3.459763125999653e-01
2.750000000000000e-01 2.494661011489995e-01 3.444158252994114e-01
2.800000000000000e-01 2.566333028751116e-01 3.427762351933024e-01
2.850000000000000e-01 2.639609087696434e-01 3.410534038380643e-01
2.900000000000000e-01 2.714534988248126e-01 3.392436674398401e-01
2.950000000000000e-01 2.791157561533084e-01 3.373423561497991e-01
3.000000000000000e-01 2.869524699153886e-01 3.353452963554845e-01
3.050000000000000e-01 2.949685383122613e-01 3.332473946356355e-01
3.100000000000000e-01 3.031689716476197e-01 3.310438817799472e-01
3.150000000000000e-01 3.115588954592450e-01 3.287293500679961e-01
3.200000000000000e-01 3.201435537226349e-01 3.262984231116681e-01
3.250000000000000e-01 3.289283121286580e-01 3.237452894445362e-01
3.300000000000000e-01 3.379186614372866e-01 3.210639479320025e-01
3.350000000000000e-01 3.471202209094989e-01 3.182480347839706e-01
3.400000000000000e-01 3.565387418195016e-01 3.152908786773970e-01
3.450000000000000e-01 3.661801110494620e-01 3.121854387326173e-01
3.500000000000000e-01 3.760503547690021e-01 3.089242960783888e-01
3.550000000000000e-01 3.861556422017504e-01 3.054996172270872e-01
3.600000000000000e-01 3.965022894813072e-01 3.019031240429146e-01
3.650000000000000e-01 4.070967635990345e-01 2.981260543823021e-01
3.700000000000000e-01 4.179456864461349e-01 2.941591183240884e-01
3.750000000000000e-01 4.290558389525505e-01 2.899924465145034e-01
3.800000000000000e-01 4.404341653252637e-01 2.856155299559777e-01
3.850000000000000e-01 4.520877773886537e-01 2.810171491614059e-01
3.900000000000000e-01 4.640239590296172e-01 2.761852905947056e-01
3.950000000000000e-01 4.762501707502353e-01 2.711070477776619e-01
4.000000000000000e-01 4.887740543308307e-01 2.657685040305182e-01
4.050000000000000e-01 5.016034376063282e-01 2.601545933663458e-01
4.100000000000000e-01 5.147463393589066e-01 2.542489357389656e-01
4.150000000000000e-01 5.282109743299990e-01 2.480336428337074e-01
4.200000000000000e-01 5.420057583547735e-01 2.414890912940142e-01
4.250000000000000e-01 5.561393136223041e-01 2.345936624692679e-01
4.300000000000000e-01 5.706204740647189e-01 2.273234529503899e-01
4.350000000000000e-01 5.854582908786964e-01 2.196519712258998e-01
4.400000000000000e-01 6.006620381827575e-01 2.115498583449119e-01
4.450000000000000e-01 6.162412188138907e-01 2.029847153739010e-01
4.500000000000000e-01 6.322055702671360e-01 1.939212086852831e-01
4.550000000000000e-01 6.485650707818353e-01 1.843217958791604e-01
4.600000000000000e-01 6.653299455783577e-01 1.741487447673041e-01
4.650000000000000e-01 6.825106732491932e-01 1.633687325969915e-01
4.700000000000000e-01 7.001179923084168e-01 1.519623897128864e-01
4.750000000000000e-01 7.181629079036070e-01 1.399427829257993e-01
4.800000000000000e-01 7.366566986944229e-01 1.273884166207990e-01
4.850000000000000e-01 7.556109239021327e-01 1.144948269388924e-01
4.900000000000000e-01 7.750374305345038e-01 1.016361398884846e-01
4.950000000000000e-01 7.949483607905672e-01 8.939418304288532e-02
5.000000000000000e-01 8.153561596498893e-01 7.847414960276121e-02
5.050000000000000e-01 8.362735826510871e-01 6.946396743036647e-02
5.100000000000000e-01 8.577137038644561e-01 6.256863577718193e-02
5.150000000000000e-01 8.796899240636907e-01 5.756577252061912e-02
5.200000000000000e-01 9.022159791018011e-01 5.402060628245492e-02
5.250000000000000e-01 9.253059484964714e-01 5.152045119996079e-02
5.300000000000000e-01 9.489742642302165e-01 4.975803861789504e-02
5.350000000000000e-01 9.732357197708378e-01 4.851616539272183e-02
5.400000000000000e-01 9.981054793178262e-01 4.764185565176930e-02
5.450000000000000e-01 1.023599087280478e+00 4.702846849836898e-02
5.500000000000000e-01 1.049732477993657e+00 4.660134939748568e-02
5.550000000000000e-01 1.076521985677273e+00 4.630752995392091e-02
5.600000000000001e-01 1.103984354645701e+00 4.610901306764054e-02
5.650000000000001e-01 1.132136749773522e+00 4.597816320017069e-02
5.700000000000001e-01 1.160996767224129e+00 4.589453927838928e-02
5.750000000000001e-01 1.190582445447902e+00 4.584274549928881e-02
5.800000000000000e-01 1.220912276456826e+00 4.581094200484053e-02
5.850000000000000e-01 1.252005217382601e+00 4.578980491410169e-02
5.900000000000000e-01 1.283880702325469e+00 4.577179676587360e-02
5.950000000000000e-01 1.316558654501151e+00 4.575064925270927e-02
6.000000000000000e-01 1.350059498693518e+00 4.572099398968998e-02
6.050000000000000e-01 1.384404174020732e+00 4.567809747600672e-02
6.100000000000000e-01 1.419614147022888e+00 4.561766987995042e-02
6.150000000000000e-01 1.455711425079295e+00 4.553572679139883e-02
6.200000000000000e-01 1.492718570163803e+00 4.542848943417779e-02
6.250000000000000e-01 1.530658712946775e+00 4.529231321704068e-02
6.300000000000000e-01 1.569555567252506e+00 4.512363757841110e-02
6.350000000000000e-01 1.609433444881138e+00 4.491895223826263e-02
6.400000000000000e-01 1.650317270804325e+00 4.467477650666540e-02
6.450000000000000e-01 1.692232598744148e+00 4.438764940051165e-02
6.500000000000000e-01 1.735205627145031e+00 4.405412911349851e-02
6.550000000000000e-01 1.779263215548615e+00 4.367080095505044e-02
6.600000000000000e-01 1.824432901381847e+00 4.323429327777765e-02
6.650000000000000e-01 1.870742917168772e+00 4.274130118712741e-02
6.700000000000000e-01 1.918222208176775e+00 4.218861799497066e-02
6.750000000000000e-01 1.966900450508319e+00 4.157317445636131e-02
6.800000000000000e-01 2.016808069649473e+00 4.089208582640794e-02
6.850000000000001e-01 2.067976259486829e+00 4.014270670121607e-02
6.900000000000001e-01 2.120437001804702e+00 3.932269347318527e-02
6.950000000000001e-01 2.174223086274785e+00 3.843007404921457e-02
7.000000000000001e-01 2.229368130950753e+00 3.746332426670977e-02
7.050000000000000e-01 2.285906603280654e+00 3.642145021584851e-02
7.100000000000000e-01 2.343873841650178e+00 3.530407545748069e-02
7.150000000000000e-01 2.403306077470301e+00 3.411153193152316e-02
7.200000000000000e-01 2.464240457823092e+00 3.284495318968914e-02
7.250000000000000e-01 2.526715068679855e+00 3.150636845311021e-02
7.300000000000000e-01 2.590768958706095e+00 3.009879586303619e-02
7.350000000000000e-01 2.656442163668210e+00 2.862633310841380e-02
7.400000000000000e-01 2.723775731457148e+00 2.709424329641542e-02
7.450000000000000e-01 2.792811747744667e+00 2.550903337281661e-02
7.500000000000000e-01 2.863593362288260e+00 2.387852147054569e-02
7.550000000000000e-01 2.936164815901156e+00 2.221188813345969e-02
7.600000000000000e-01 3.010571468104263e+00 2.051970431577878e-02
7.650000000000000e-01 3.086859825477351e+00 1.881392634783455e-02
7.700000000000000e-01 3.165077570727174e+00 1.710784477570551e-02
7.750000000000000e-01 3.245273592490716e+00 1.541597046906545e-02
7.800000000000000e-01 3.327498015892184e+00 1.375383840556712e-02
7.850000000000000e-01 3.411802233872832e+00 1.213770841327795e-02
7.900000000000000e-01 3.498238939313234e+00 1.058414481513497e-02
7.950000000000000e-01 3.586862157968046e+00 9.109465575684341e-03
8.000000000000000e-01 3.677727282233856e+00 7.729067851642795e-03
8.050000000000000e-01 3.770891105771243e+00 6.456660661261556e-03
8.100000000000001e-01 3.866411859002656e+00 5.303463654580065e-03
8.150000000000001e-01 3.964349245508326e+00 4.277457403624582e-03
8.200000000000001e-01 4.064764479342956e+00 3.382786877036224e-03
8.250000000000001e-01 4.167720323296481e+00 2.619417954409779e-03
8.300000000000001e-01 4.273281128122877e+00 1.983122773799007e-03
8.350000000000000e-01 4.381512872761445e+00 1.465825256480190e-03
8.400000000000000e-01 4.492483205575838e+00 1.056281657636601e-03
8.450000000000000e-01 4.606261486636447e+00 7.410152741356449e-04
8.500000000000000e-01 4.722918831072739e+00 5.053830248477530e-04
8.550000000000000e-01 4.842528153522501e+00 3.346345393772125e-04
8.600000000000000e-01 4.965164213705875e+00 2.148351286749044e-04
8.650000000000000e-01 5.090903663152626e+00 1.335586152992887e-04
8.700000000000000e-01 5.219825093111814e+00 8.030461700765548e-05
8.750000000000000e-01 5.352009083673925e+00 4.664503226858869e-05
8.800000000000000e-01 5.487538254136007e+00 2.614490062837694e-05
8.850000000000000e-01 5.626497314641444e+00 1.412646048009795e-05
8.900000000000000e-01 5.768973119126561e+00 7.350573588734593e-06
8.950000000000000e-01 5.915054719607133e+00 3.680075624695369e-06
9.000000000000000e-01 6.064833421838831e+00 1.771233262215041e-06
9.050000000000000e-01 6.218402842386253e+00 8.189244619457261e-07
9.100000000000000e-01 6.375858967136348e+00 3.634594268965562e-07
9.150000000000000e-01 6.537300211292723e+00 1.547518114213542e-07
9.200000000000000e-01 6.702827480888332e+00 6.317349055984609e-08
9.250000000000000e-01 6.872544235855034e+00 2.471336219692040e-08
9.300000000000000e-01 7.046556554689444e+00 9.260422844528749e-09
9.350000000000001e-01 7.224973200755413e+00 3.322465063036894e-09
9.400000000000001e-01 7.407905690264673e+00 1.140964902217934e-09
9.450000000000001e-01 7.595468361978146e+00 3.749209140277848e-10
9.500000000000001e-01 7.787778448671316e+00 1.178571770670636e-10
9.550000000000001e-01 7.984956150408610e+00 3.543509791065182e-11
9.600000000000000e-01 8.187124709672272e+00 1.018830913188316e-11
9.650000000000000e-01 8.394410488393007e+00 2.800961489853662e-12
9.700000000000000e-01 8.606943046930221e+00 7.362225218321047e-13
9.750000000000000e-01 8.824855225051540e+00 1.850044019425066e-13
9.800000000000000e-01 9.048283224961922e+00 4.444358489432582e-14
9.850000000000000e-01 9.277366696434507e+00 1.020841354488377e-14
9.900000000000000e-01 9.512248824096272e+00 2.235550802108394e-15
9.950000000000000e-01 9.753076416923058e+00 5.005953866183067e-16
1.000000000000000e+00 1.000000000000000e+01 -3.500611940916766e-17
