0.000000000000000e+00 0.000000000000000e+00 4.167428179457038e-01
5.000000000000000e-03 3.369477419287315e-03 4.167364485306350e-01
1.000000000000000e-02 6.741060871647481e-03 4.167360929451608e-01
1.500000000000000e-02 1.011685770649257e-02 4.167125812081134e-01
2.000000000000000e-02 1.349897790673588e-02 4.166806563250974e-01
2.500000000000000e-02 1.688953540759990e-02 4.166361253018393e-01
3.000000000000000e-02 2.029064941789469e-02 4.165840830336500e-01
3.500000000000000e-02 2.370444574459234e-02 4.165190134624176e-01
4.000000000000000e-02 2.713305812152553e-02 4.164446217935175e-01
4.500000000000000e-02 3.057862954304063e-02 4.163580846351064e-01
5.000000000000000e-02 3.404331360343898e-02 4.162620487320449e-01
5.500000000000000e-02 3.752927584304335e-02 4.161533679361255e-01
6.000000000000000e-02 4.103869510173117e-02 4.160340964794309e-01
6.500000000000000e-02 4.457376488078044e-02 4.159022028194664e-01
7.000000000000001e-02 4.813669471387935e-02 4.157592087190023e-01
7.500000000000000e-02 5.172971154815675e-02 4.156027505260516e-01
8.000000000000000e-02 5.535506113609672e-02 4.154341644867091e-01
8.500000000000001e-02 5.901500943920686e-02 4.152517455746487e-01
9.000000000000000e-02 6.271184404431801e-02 4.150563616329934e-01
9.500000000000000e-02 6.644787559340060e-02 4.148460268946440e-01
1.000000000000000e-01 7.022543922779090e-02 4.146216023396395e-01
1.050000000000000e-01 7.404689604773053e-02 4.143815022672728e-01
1.100000000000000e-01 7.791463458813094e-02 4.141261494688456e-01
1.150000000000000e-01 8.183107231148547e-02 4.138537296121299e-01
1.200000000000000e-01 8.579865711886202e-02 4.135647131665343e-01
1.250000000000000e-01 8.981986887992111e-02 4.132575431864900e-01
1.300000000000000e-01 9.389722098291493e-02 4.129322988860916e-01
1.350000000000000e-01 9.803326190563690e-02 4.125871932343710e-01
1.400000000000000e-01 1.022305768083033e-01 4.122223305012567e-01
1.450000000000000e-01 1.064917891493625e-01 4.118361349164891e-01
1.500000000000000e-01 1.108195623252418e-01 4.114283979352295e-01
1.550000000000000e-01 1.152166013350572e-01 4.109972505043450e-01
1.600000000000000e-01 1.196856544713255e-01 4.105424143134521e-01
1.650000000000000e-01 1.242295150377370e-01 4.100622490952631e-01
1.700000000000000e-01 1.288510230950609e-01 4.095562976750850e-01
1.750000000000000e-01 1.335530672362758e-01 4.090225435905430e-01
1.800000000000000e-01 1.383385863920344e-01 4.084602862728495e-01
1.850000000000000e-01 1.432105716675912e-01 4.078677272174192e-01
1.900000000000000e-01 1.481720682123397e-01 4.072441579444206e-01
1.950000000000000e-01 1.532261771231311e-01 4.065874353179729e-01
2.000000000000000e-01 1.583760573825595e-01 4.058964590063445e-01
2.050000000000000e-01 1.636249278334301e-01 4.051690897799549e-01
2.100000000000000e-01 1.689760691906397e-01 4.044042115969034e-01
2.150000000000000e-01 1.744328260917313e-01 4.035996173293458e-01
2.200000000000000e-01 1.799986091874004e-01 4.027539685145578e-01
2.250000000000000e-01 1.856768972732633e-01 4.018647097766919e-01
2.300000000000000e-01 1.914712394642179e-01 4.009301578477039e-01
2.350000000000000e-01 1.973852574127551e-01 3.999477884904031e-01
2.400000000000000e-01 2.034226475726105e-01 3.989158323262657e-01
2.450000000000000e-01 2.095871835091678e-01 3.978316033671366e-01
2.500000000000000e-01 2.158827182580599e-01 3.966931819856590e-01
2.550000000000000e-01 2.223131867334419e-01 3.954975160358141e-01
2.600000000000000e-01 2.288826081874405e-01 3.942423371255968e-01
2.650000000000000e-01 2.355950887223172e-01 3.929244427198713e-01
2.700000000000000e-01 2.424548238569160e-01 3.915411613133595e-01
2.750000000000000e-01 2.494661011489995e-01 3.900892690236780e-01
2.800000000000000e-01 2.566333028751116e-01 3.885657295158244e-01
2.850000000000000e-01 2.639609087696434e-01 3.869672151965062e-01
2.900000000000000e-01 2.714534988248126e-01 3.852903702505924e-01
2.950000000000000e-01 2.791157561533084e-01 3.835316575904565e-01
3.000000000000000e-01 2.869524699153886e-01 3.816874281024731e-01
3.050000000000000e-01 2.949685383122613e-01 3.797538839558899e-01
3.100000000000000e-01 3.031689716476197e-01 3.777270924836390e-01
3.150000000000000e-01 3.115588954592450e-01 3.756029794561148e-01
3.200000000000000e-01 3.201435537226349e-01 3.733773316028117e-01
3.250000000000000e-01 3.289283121286580e-01 3.710457964238882e-01
3.300000000000000e-01 3.379186614372866e-01 3.686038839292171e-01
3.350000000000000e-01 3.471202209094989e-01 3.660469688296700e-01
3.400000000000000e-01 3.565387418195016e-01 3.633702938929799e-01
3.450000000000000e-01 3.661801110494620e-01 3.605689744631399e-01
3.500000000000000e-01 3.760503547690021e-01 3.576380043918791e-01
3.550000000000000e-01 3.861556422017504e-01 3.545722635833202e-01
3.600000000000000e-01 3.965022894813072e-01 3.513665274027549e-01
3.650000000000000e-01 4.070967635990345e-01 3.480154782313975e-01
3.700000000000000e-01 4.179456864461349e-01 3.445137194954183e-01
3.750000000000000e-01 4.290558389525505e-01 3.408557925522596e-01
3.800000000000000e-01 4.404341653252637e-01 3.370361968851299e-01
3.850000000000000e-01 4.520877773886537e-01 3.330494141400245e-01
3.900000000000000e-01 4.640239590296172e-01 3.288899366433325e-01
3.950000000000000e-01 4.762501707502353e-01 3.245523011666963e-01
4.000000000000000e-01 4.887740543308307e-01 3.200311288663095e-01
4.050000000000000e-01 5.016034376063282e-01 3.153211725237094e-01
4.100000000000000e-01 5.147463393589066e-01 3.104173724641738e-01
4.150000000000000e-01 5.282109743299990e-01 3.053149228376686e-01
4.200000000000000e-01 5.420057583547735e-01 3.000093503283752e-01
4.250000000000000e-01 5.561393136223041e-01 2.944966078240739e-01
4.300000000000000e-01 5.706204740647189e-01 2.887731861367897e-01
4.350000000000000e-01 5.854582908786964e-01 2.828362475260356e-01
4.400000000000000e-01 6.006620381827575e-01 2.766837855289986e-01
4.450000000000000e-01 6.162412188138907e-01 2.703148164185238e-01
4.500000000000000e-01 6.322055702671360e-01 2.637296084211196e-01
4.550000000000000e-01 6.485650707818353e-01 2.569299554988632e-01
4.600000000000000e-01 6.653299455783577e-01 2.499195027938710e-01
4.650000000000000e-01 6.825106732491932e-01 2.427041303615270e-01
4.700000000000000e-01 7.001179923084168e-01 2.352923999746770e-01
4.750000000000000e-01 7.181629079036070e-01 2.276960656905392e-01
4.800000000000000e-01 7.366566986944229e-01 2.199306413649826e-01
4.850000000000000e-01 7.556109239021327e-01 2.120160059862872e-01
4.900000000000000e-01 7.750374305345038e-01 2.039770092540585e-01
4.950000000000000e-01 7.949483607905672e-01 1.958440146092267e-01
5.000000000000000e-01 8.153561596498893e-01 1.876532860815345e-01
5.050000000000000e-01 8.362735826510871e-01 1.794470933522669e-01
5.100000000000000e-01 8.577137038644561e-01 1.712733856992231e-01
5.150000000000000e-01 8.796899240636907e-01 1.631848846329879e-01
5.200000000000000e-01 9.022159791018011e-01 1.552374843954414e-01
5.250000000000000e-01 9.253059484964714e-01 1.474879420229817e-01
5.300000000000000e-01 9.489742642302165e-01 1.399909818756835e-01
5.350000000000000e-01 9.732357197708378e-01 1.327961054768737e-01
5.400000000000000e-01 9.981054793178262e-01 1.259445330576183e-01
5.450000000000000e-01 1.023599087280478e+00 1.194667477180440e-01
5.500000000000000e-01 1.049732477993657e+00 1.133810299591556e-01
5.550000000000000e-01 1.076521985677273e+00 1.076931737705025e-01
5.600000000000001e-01 1.103984354645701e+00 1.023973310242007e-01
5.650000000000001e-01 1.132136749773522e+00 9.747772389730797e-02
5.700000000000001e-01 1.160996767224129e+00 9.291085691398562e-02
5.750000000000001e-01 1.190582445447902e+00 8.866786292987203e-02
5.800000000000000e-01 1.220912276456826e+00 8.471669932847681e-02
5.850000000000000e-01 1.252005217382601e+00 8.102402321836032e-02
5.900000000000000e-01 1.283880702325469e+00 7.755667748752026e-02
5.950000000000000e-01 1.316558654501151e+00 7.428279306124264e-02
6.000000000000000e-01 1.350059498693518e+00 7.117255405982829e-02
6.050000000000000e-01 1.384404174020732e+00 6.819868871766874e-02
6.100000000000000e-01 1.419614147022888e+00 6.533674923760636e-02
6.150000000000000e-01 1.455711425079295e+00 6.256523606245132e-02
6.200000000000000e-01 1.492718570163803e+00 5.986561158584772e-02
6.250000000000000e-01 1.530658712946775e+00 5.722223801080562e-02
6.300000000000000e-01 1.569555567252506e+00 5.462226519986758e-02
6.350000000000000e-01 1.609433444881138e+00 5.205548730292012e-02
6.400000000000000e-01 1.650317270804325e+00 4.951418157776507e-02
6.450000000000000e-01 1.692232598744148e+00 4.699293882512055e-02
6.500000000000000e-01 1.735205627145031e+00 4.448849189771788e-02
6.550000000000000e-01 1.779263215548615e+00 4.199954650179417e-02
6.600000000000000e-01 1.824432901381847e+00 3.952661673944232e-02
6.650000000000000e-01 1.870742917168772e+00 3.707186635855039e-02
6.700000000000000e-01 1.918222208176775e+00 3.463895536090984e-02
6.750000000000000e-01 1.966900450508319e+00 3.223289039971969e-02
6.800000000000000e-01 2.016808069649473e+00 2.985987625444453e-02
6.850000000000001e-01 2.067976259486829e+00 2.752716462763906e-02
6.900000000000001e-01 2.120437001804702e+00 2.524289563190639e-02
6.950000000000001e-01 2.174223086274785e+00 2.301592673469282e-02
7.000000000000001e-01 2.229368130950753e+00 2.085564375192132e-02
7.050000000000000e-01 2.285906603280654e+00 1.877174890538973e-02
7.100000000000000e-01 2.343873841650178e+00 1.677402216888939e-02
7.150000000000000e-01 2.403306077470301e+00 1.487205428300236e-02
7.200000000000000e-01 2.464240457823092e+00 1.307495299962116e-02
7.250000000000000e-01 2.526715068679855e+00 1.139102826490947e-02
7.300000000000000e-01 2.590768958706095e+00 9.827466901642686e-03
7.350000000000000e-01 2.656442163668210e+00 8.390012403844547e-03
7.400000000000000e-01 2.723775731457148e+00 7.082669968310388e-03
7.450000000000000e-01 2.792811747744667e+00 5.907459960647321e-03
7.500000000000000e-01 2.863593362288260e+00 4.864243743875896e-03
7.550000000000000e-01 2.936164815901156e+00 3.950643483750902e-03
7.600000000000000e-01 3.010571468104263e+00 3.162071902787468e-03
7.650000000000000e-01 3.086859825477351e+00 2.491879276167407e-03
7.700000000000000e-01 3.165077570727174e+00 1.931614155612783e-03
7.750000000000000e-01 3.245273592490716e+00 1.471382791260404e-03
7.800000000000000e-01 3.327498015892184e+00 1.100281687823626e-03
7.850000000000000e-01 3.411802233872832e+00 8.068698252159462e-04
7.900000000000000e-01 3.498238939313234e+00 5.796430740925666e-04
7.950000000000000e-01 3.586862157968046e+00 4.074739057118402e-04
8.000000000000000e-01 3.677727282233856e+00 2.799845510848573e-04
8.050000000000000e-01 3.770891105771243e+00 1.878304957530193e-04
8.100000000000001e-01 3.866411859002656e+00 1.228822157474189e-04
8.150000000000001e-01 3.964349245508326e+00 7.830465950295022e-05
8.200000000000001e-01 4.064764479342956e+00 4.854444647424246e-05
8.250000000000001e-01 4.167720323296481e+00 2.924267792790599e-05
8.300000000000001e-01 4.273281128122877e+00 1.709577850813847e-05
8.350000000000000e-01 4.381512872761445e+00 9.687716480458044e-06
8.400000000000000e-01 4.492483205575838e+00 5.314734064129068e-06
8.450000000000000e-01 4.606261486636447e+00 2.819280492089952e-06
8.500000000000000e-01 4.722918831072739e+00 1.444325862980330e-06
8.550000000000000e-01 4.842528153522501e+00 7.137440610273548e-07
8.600000000000000e-01 4.965164213705875e+00 3.398282960329115e-07
8.650000000000000e-01 5.090903663152626e+00 1.557101355686856e-07
8.700000000000000e-01 5.219825093111814e+00 6.858492942791335e-08
8.750000000000000e-01 5.352009083673925e+00 2.900847132404112e-08
8.800000000000000e-01 5.487538254136007e+00 1.176936283768981e-08
8.850000000000000e-01 5.626497314641444e+00 4.575939981046203e-09
8.900000000000000e-01 5.768973119126561e+00 1.703317640935444e-09
8.950000000000000e-01 5.915054719607133e+00 6.064717232839140e-10
9.000000000000000e-01 6.064833421838831e+00 2.063768243559131e-10
9.050000000000000e-01 6.218402842386253e+00 6.706685208444105e-11
9.100000000000000e-01 6.375858967136348e+00 2.079882655339704e-11
9.150000000000000e-01 6.537300211292723e+00 6.151309919107629e-12
9.200000000000000e-01 6.702827480888332e+00 1.733944345089140e-12
9.250000000000000e-01 6.872544235855034e+00 4.655961347896358e-13
9.300000000000000e-01 7.046556554689444e+00 1.190378101477409e-13
9.350000000000001e-01 7.224973200755413e+00 2.896562312599722e-14
9.400000000000001e-01 7.407905690264673e+00 6.705790063409314e-15
9.450000000000001e-01 7.595468361978146e+00 1.476582765079099e-15
9.500000000000001e-01 7.787778448671316e+00 3.091732730365088e-16
9.550000000000001e-01 7.984956150408610e+00 6.154612806665270e-17
9.600000000000000e-01 8.187124709672272e+00 1.164646402809770e-17
9.650000000000000e-01 8.394410488393007e+00 2.094798273741418e-18
9.700000000000000e-01 8.606943046930221e+00 3.581164195485784e-19
9.750000000000000e-01 8.824855225051540e+00 5.818846287009349e-20
9.800000000000000e-01 9.048283224961922e+00 8.986547575599933e-21
9.850000000000000e-01 9.277366696434507e+00 1.319259485286451e-21
9.900000000000000e-01 9.512248824096272e+00 1.839167161708588e-22
9.950000000000000e-01 9.753076416923058e+00 2.600842406246013e-23
1.000000000000000e+00 1.000000000000000e+01 -7.909462817661913e-24
