0.000000000000000e+00 0.000000000000000e+00 4.382653962956234e-01
5.000000000000000e-03 3.369477419287315e-03 4.382593339130280e-01
1.000000000000000e-02 6.741060871647481e-03 4.382556375978240e-01
1.500000000000000e-02 1.011685770649257e-02 4.382319634824391e-01
2.000000000000000e-02 1.349897790673588e-02 4.382007718481232e-01
2.500000000000000e-02 1.688953540759990e-02 4.381560225156681e-01
3.000000000000000e-02 2.029064941789469e-02 4.381031695053932e-01
3.500000000000000e-02 2.370444574459234e-02 4.380377413497803e-01
4.000000000000000e-02 2.713305812152553e-02 4.379632807342864e-01
4.500000000000000e-02 3.057862954304063e-02 4.378762200954558e-01
5.000000000000000e-02 3.404331360343898e-02 4.377793152471153e-01
5.500000000000000e-02 3.752927584304335e-02 4.376700595851689e-01
6.000000000000000e-02 4.103869510173117e-02 4.375503707768954e-01
6.500000000000000e-02 4.457376488078044e-02 4.374176571726504e-01
7.000000000000001e-02 4.813669471387935e-02 4.372736127390727e-01
7.500000000000000e-02 5.172971154815675e-02 4.371163423246082e-01
8.000000000000000e-02 5.535506113609672e-02 4.369470093300695e-01
8.500000000000001e-02 5.901500943920686e-02 4.367634795965477e-01
9.000000000000000e-02 6.271184404431801e-02 4.365668187276419e-01
9.500000000000000e-02 6.644787559340060e-02 4.363553931352561e-01
1.000000000000000e-01 7.022543922779090e-02 4.361299011681182e-01
1.050000000000000e-01 7.404689604773053e-02 4.358884074326594e-01
1.100000000000000e-01 7.791463458813094e-02 4.356314993803915e-01
1.150000000000000e-01 8.183107231148547e-02 4.353576614760058e-01
1.200000000000000e-01 8.579865711886202e-02 4.350672641906126e-01
1.250000000000000e-01 8.981986887992111e-02 4.347584283033278e-01
1.300000000000000e-01 9.389722098291493e-02 4.344313115140321e-01
1.350000000000000e-01 9.803326190563690e-02 4.340844111133928e-01
1.400000000000000e-01 1.022305768083033e-01 4.337178375953881e-01
1.450000000000000e-01 1.064917891493625e-01 4.333297148881793e-01
1.500000000000000e-01 1.108195623252418e-01 4.329197991095701e-01
1.550000000000000e-01 1.152166013350572e-01 4.324864580567745e-01
1.600000000000000e-01 1.196856544713255e-01 4.320295167496032e-01
1.650000000000000e-01 1.242295150377370e-01 4.315471372165162e-01
1.700000000000000e-01 1.288510230950609e-01 4.310387787261653e-01
1.750000000000000e-01 1.335530672362758e-01 4.305025112067361e-01
1.800000000000000e-01 1.383385863920344e-01 4.299377110649585e-01
1.850000000000000e-01 1.432105716675912e-01 4.293425613412822e-01
1.900000000000000e-01 1.481720682123397e-01 4.287163520558148e-01
1.950000000000000e-01 1.532261771231311e-01 4.280569121517623e-01
2.000000000000000e-01 1.583760573825595e-01 4.273631730284127e-01
2.050000000000000e-01 1.636249278334301e-01 4.266329844314410e-01
2.100000000000000e-01 1.689760691906397e-01 4.258651589494115e-01
2.150000000000000e-01 1.744328260917313e-01 4.250575365690272e-01
2.200000000000000e-01 1.799986091874004e-01 4.242088774924622e-01
2.250000000000000e-01 1.856768972732633e-01 4.233166827961901e-01
2.300000000000000e-01 1.914712394642179e-01 4.223794478872251e-01
2.350000000000000e-01 1.973852574127551e-01 4.213945014288155e-01
2.400000000000000e-01 2.034226475726105e-01 4.203599522012340e-01
2.450000000000000e-01 2.095871835091678e-01 4.192731742071852e-01
2.500000000000000e-01 2.158827182580599e-01 4.181319106189083e-01
2.550000000000000e-01 2.223131867334419e-01 4.169335351935360e-01
2.600000000000000e-01 2.288826081874405e-01 4.156754858264851e-01
2.650000000000000e-01 2.355950887223172e-01 4.143550064811760e-01
2.700000000000000e-01 2.424548238569160e-01 4.129692713678720e-01
2.750000000000000e-01 2.494661011489995e-01 4.115153177086960e-01
2.800000000000000e-01 2.566333028751116e-01 4.099900720356938e-01
2.850000000000000e-01 2.639609087696434e-01 4.083903360267577e-01
2.900000000000000e-01 2.714534988248126e-01 4.067127899921417e-01
2.950000000000000e-01 2.791157561533084e-01 4.049539898091818e-01
3.000000000000000e-01 2.869524699153886e-01 4.031103667070537e-01
3.050000000000000e-01 2.949685383122613e-01 4.011782265330576e-01
3.100000000000000e-01 3.031689716476197e-01 3.991537497978601e-01
3.150000000000000e-01 3.115588954592450e-01 3.970329922057051e-01
3.200000000000000e-01 3.201435537226349e-01 3.948118858994414e-01
3.250000000000000e-01 3.289283121286580e-01 3.924862414942289e-01
3.300000000000000e-01 3.379186614372866e-01 3.900517510292671e-01
3.350000000000000e-01 3.471202209094989e-01 3.875039919637942e-01
3.400000000000000e-01 3.565387418195016e-01 3.848384323595715e-01
3.450000000000000e-01 3.661801110494620e-01 3.820504374052877e-01
3.500000000000000e-01 3.760503547690021e-01 3.791352774546598e-01
3.550000000000000e-01 3.861556422017504e-01 3.760881377679482e-01
3.600000000000000e-01 3.965022894813072e-01 3.729041301668606e-01
3.650000000000000e-01 4.070967635990345e-01 3.695783068356019e-01
3.700000000000000e-01 4.179456864461349e-01 3.661056765265820e-01
3.750000000000000e-01 4.290558389525505e-01 3.624812234584912e-01
3.800000000000000e-01 4.404341653252637e-01 3.586999292279828e-01
3.850000000000000e-01 4.520877773886537e-01 3.547567980945392e-01
3.900000000000000e-01 4.640239590296172e-01 3.506468860426731e-01
3.950000000000000e-01 4.762501707502353e-01 3.463653340771578e-01
4.000000000000000e-01 4.887740543308307e-01 3.419074062672652e-01
4.050000000000000e-01 5.016034376063282e-01 3.372685331261970e-01
4.100000000000000e-01 5.147463393589066e-01 3.324443609938988e-01
4.150000000000000e-01 5.282109743299990e-01 3.274308081865359e-01
4.200000000000000e-01 5.420057583547735e-01 3.222241287855984e-01
4.250000000000000e-01 5.561393136223041e-01 3.168209850641326e-01
4.300000000000000e-01 5.706204740647189e-01 3.112185296861379e-01
4.350000000000000e-01 5.854582908786964e-01 3.054144989642518e-01
4.400000000000000e-01 6.006620381827575e-01 2.994073186128012e-01
4.450000000000000e-01 6.162412188138907e-01 2.931962235739887e-01
4.500000000000000e-01 6.322055702671360e-01 2.867813936003598e-01
4.550000000000000e-01 6.485650707818353e-01 2.801641063083130e-01
4.600000000000000e-01 6.653299455783577e-01 2.733469093162243e-01
4.650000000000000e-01 6.825106732491932e-01 2.663338127604023e-01
4.700000000000000e-01 7.001179923084168e-01 2.591305028204851e-01
4.750000000000000e-01 7.181629079036070e-01 2.517445757195008e-01
4.800000000000000e-01 7.366566986944229e-01 2.441857897847996e-01
4.850000000000000e-01 7.556109239021327e-01 2.364663303223151e-01
4.900000000000000e-01 7.750374305345038e-01 2.286010780207667e-01
4.950000000000000e-01 7.949483607905672e-01 2.206078661751578e-01
5.000000000000000e-01 8.153561596498893e-01 2.125077051803136e-01
5.050000000000000e-01 8.362735826510871e-01 2.043249448106182e-01
5.100000000000000e-01 8.577137038644561e-01 1.960873366352314e-01
5.150000000000000e-01 8.796899240636907e-01 1.878259521377624e-01
5.200000000000000e-01 9.022159791018011e-01 1.795749091855183e-01
5.250000000000000e-01 9.253059484964714e-01 1.713708635589622e-01
5.300000000000000e-01 9.489742642302165e-01 1.632522364459446e-01
5.350000000000000e-01 9.732357197708378e-01 1.552581750587264e-01
5.400000000000000e-01 9.981054793178262e-01 1.474272809904509e-01
5.450000000000000e-01 1.023599087280478e+00 1.397961846204480e-01
5.500000000000000e-01 1.049732477993657e+00 1.323980845785128e-01
5.550000000000000e-01 1.076521985677273e+00 1.252613973812564e-01
5.600000000000001e-01 1.103984354645701e+00 1.184086637341758e-01
5.650000000000001e-01 1.132136749773522e+00 1.118558304884731e-01
5.700000000000001e-01 1.160996767224129e+00 1.056119754317214e-01
5.750000000000001e-01 1.190582445447902e+00 9.967947846355411e-02
5.800000000000000e-01 1.220912276456826e+00 9.405458317575642e-02
5.850000000000000e-01 1.252005217382601e+00 8.872825080706935e-02
5.900000000000000e-01 1.283880702325469e+00 8.368719044733844e-02
5.950000000000000e-01 1.316558654501151e+00 7.891495387131474e-02
6.000000000000000e-01 1.350059498693518e+00 7.439300363440600e-02
6.050000000000000e-01 1.384404174020732e+00 7.010169040212454e-02
6.100000000000000e-01 1.419614147022888e+00 6.602110255586065e-02
6.150000000000000e-01 1.455711425079295e+00 6.213177337550908e-02
6.200000000000000e-01 1.492718570163803e+00 5.841524681968928e-02
6.250000000000000e-01 1.530658712946775e+00 5.485451238097245e-02
6.300000000000000e-01 1.569555567252506e+00 5.143432397841634e-02
6.350000000000000e-01 1.609433444881138e+00 4.814141891349553e-02
6.400000000000000e-01 1.650317270804325e+00 4.496465193336220e-02
6.450000000000000e-01 1.692232598744148e+00 4.189505744780034e-02
6.500000000000000e-01 1.735205627145031e+00 3.892585061299768e-02
6.550000000000000e-01 1.779263215548615e+00 3.605237572393210e-02
6.600000000000000e-01 1.824432901381847e+00 3.327200835138231e-02
6.650000000000000e-01 1.870742917168772e+00 3.058401600888202e-02
6.700000000000000e-01 1.918222208176775e+00 2.798938087618024e-02
6.750000000000000e-01 1.966900450508319e+00 2.549058726393074e-02
6.800000000000000e-01 2.016808069649473e+00 2.309137611466516e-02
6.850000000000001e-01 2.067976259486829e+00 2.079646894838733e-02
6.900000000000001e-01 2.120437001804702e+00 1.861126433415026e-02
6.950000000000001e-01 2.174223086274785e+00 1.654151124231295e-02
7.000000000000001e-01 2.229368130950753e+00 1.459296549862292e-02
7.050000000000000e-01 2.285906603280654e+00 1.277103793075759e-02
7.100000000000000e-01 2.343873841650178e+00 1.108044546737803e-02
7.150000000000000e-01 2.403306077470301e+00 9.524879088859199e-03
7.200000000000000e-01 2.464240457823092e+00 8.106704693451643e-03
7.250000000000000e-01 2.526715068679855e+00 6.826714122680852e-03
7.300000000000000e-01 2.590768958706095e+00 5.683943292396380e-03
7.350000000000000e-01 2.656442163668210e+00 4.675572231402970e-03
7.400000000000000e-01 2.723775731457148e+00 3.796917698471912e-03
7.450000000000000e-01 2.792811747744667e+00 3.041523099726597e-03
7.500000000000000e-01 2.863593362288260e+00 2.401343163169930e-03
7.550000000000000e-01 2.936164815901156e+00 1.867013033305615e-03
7.600000000000000e-01 3.010571468104263e+00 1.428184089392750e-03
7.650000000000000e-01 3.086859825477351e+00 1.073902848361541e-03
7.700000000000000e-01 3.165077570727174e+00 7.930056228124737e-04
7.750000000000000e-01 3.245273592490716e+00 5.745007092767740e-04
7.800000000000000e-01 3.327498015892184e+00 4.079119396659279e-04
7.850000000000000e-01 3.411802233872832e+00 2.835621817568377e-04
7.900000000000000e-01 3.498238939313234e+00 1.927821870540032e-04
7.950000000000000e-01 3.586862157968046e+00 1.280381409150804e-04
8.000000000000000e-01 3.677727282233856e+00 8.297931794131243e-05
8.050000000000000e-01 3.770891105771243e+00 5.241436225744476e-05
8.100000000000001e-01 3.866411859002656e+00 3.223006613669660e-05
8.150000000000001e-01 3.964349245508326e+00 1.926960030017306e-05
8.200000000000001e-01 4.064764479342956e+00 1.118783204954620e-05
8.250000000000001e-01 4.167720323296481e+00 6.299910344562641e-06
8.300000000000001e-01 4.273281128122877e+00 3.436255730792173e-06
8.350000000000000e-01 4.381512872761445e+00 1.813186798489368e-06
8.400000000000000e-01 4.492483205575838e+00 9.243717214951001e-07
8.450000000000000e-01 4.606261486636447e+00 4.547144644081936e-07
8.500000000000000e-01 4.722918831072739e+00 2.155569736422904e-07
8.550000000000000e-01 4.842528153522501e+00 9.834772892042946e-08
8.600000000000000e-01 4.965164213705875e+00 4.313207753040381e-08
8.650000000000000e-01 5.090903663152626e+00 1.816078703630756e-08
8.700000000000000e-01 5.219825093111814e+00 7.332361633744180e-09
8.750000000000000e-01 5.352009083673925e+00 2.835433534240807e-09
8.800000000000000e-01 5.487538254136007e+00 1.048987283438809e-09
8.850000000000000e-01 5.626497314641444e+00 3.708725102537271e-10
8.900000000000000e-01 5.768973119126561e+00 1.251795172964226e-10
8.950000000000000e-01 5.915054719607133e+00 4.029682088438494e-11
9.000000000000000e-01 6.064833421838831e+00 1.236055228164912e-11
9.050000000000000e-01 6.218402842386253e+00 3.609631640538712e-12
9.100000000000000e-01 6.375858967136348e+00 1.002774153510511e-12
9.150000000000000e-01 6.537300211292723e+00 2.648170480416868e-13
9.200000000000000e-01 6.702827480888332e+00 6.643689659002269e-14
9.250000000000000e-01 6.872544235855034e+00 1.582495266046190e-14
9.300000000000000e-01 7.046556554689444e+00 3.577053128803579e-15
9.350000000000001e-01 7.224973200755413e+00 7.669539462329857e-16
9.400000000000001e-01 7.407905690264673e+00 1.559248737549253e-16
9.450000000000001e-01 7.595468361978146e+00 3.004930596355522e-17
9.500000000000001e-01 7.787778448671316e+00 5.488143620056315e-18
9.550000000000001e-01 7.984956150408610e+00 9.497615196602217e-19
9.600000000000000e-01 8.187124709672272e+00 1.557232504357721e-19
9.650000000000000e-01 8.394410488393007e+00 2.418899810765750e-20
9.700000000000000e-01 8.606943046930221e+00 3.559638865373632e-21
9.750000000000000e-01 8.824855225051540e+00 4.962909971507571e-22
9.800000000000000e-01 9.048283224961922e+00 6.556119399142498e-23
9.850000000000000e-01 9.277366696434507e+00 8.207239155704458e-24
9.900000000000000e-01 9.512248824096272e+00 9.730622322429507e-25
9.950000000000000e-01 9.753076416923058e+00 1.162884784250172e-25
1.000000000000000e+00 1.000000000000000e+01 -4.421586063997062e-26
