0.000000000000000e+00 0.000000000000000e+00 3.632755206989725e-01
5.000000000000000e-03 3.369477419287315e-03 3.632680096565548e-01
1.000000000000000e-02 6.741060871647481e-03 3.632554371240626e-01
1.500000000000000e-02 1.011685770649257e-02 3.632298010154468e-01
2.000000000000000e-02 1.349897790673588e-02 3.631982901541569e-01
2.500000000000000e-02 1.688953540759990e-02 3.631502596076140e-01
3.000000000000000e-02 2.029064941789469e-02 3.630934017679254e-01
3.500000000000000e-02 2.370444574459234e-02 3.630235551385781e-01
4.000000000000000e-02 2.713305812152553e-02 3.629438132982076e-01
4.500000000000000e-02 3.057862954304063e-02 3.628505351220553e-01
5.000000000000000e-02 3.404331360343898e-02 3.627470800270069e-01
5.500000000000000e-02 3.752927584304335e-02 3.626302541915777e-01
6.000000000000000e-02 4.103869510173117e-02 3.625018688339125e-01
6.500000000000000e-02 4.457376488078044e-02 3.623598159670455e-01
7.000000000000001e-02 4.813669471387935e-02 3.622058742068698e-01
7.500000000000000e-02 5.172971154815675e-02 3.620374606259290e-01
8.000000000000000e-02 5.535506113609672e-02 3.618558680207594e-01
8.500000000000001e-02 5.901500943920686e-02 3.616594002890835e-01
9.000000000000000e-02 6.271184404431801e-02 3.614488813250821e-01
9.500000000000000e-02 6.644787559340060e-02 3.612222336780991e-01
1.000000000000000e-01 7.022543922779090e-02 3.609803932859184e-01
1.050000000000000e-01 7.404689604773053e-02 3.607216234692086e-01
1.100000000000000e-01 7.791463458813094e-02 3.604461767592197e-01
1.150000000000000e-01 8.183107231148547e-02 3.601523528294442e-01
1.200000000000000e-01 8.579865711886202e-02 3.598406600935143e-01
1.250000000000000e-01 8.981986887992111e-02 3.595092152166041e-01
1.300000000000000e-01 9.389722098291493e-02 3.591579495607580e-01
1.350000000000000e-01 9.803326190563690e-02 3.587853095179258e-01
1.400000000000000e-01 1.022305768083033e-01 3.583913188393779e-01
1.450000000000000e-01 1.064917891493625e-01 3.579739872137150e-01
1.500000000000000e-01 1.108195623252418e-01 3.575330005367985e-01
1.550000000000000e-01 1.152166013350572e-01 3.570667357744738e-01
1.600000000000000e-01 1.196856544713255e-01 3.565747523956130e-01
1.650000000000000e-01 1.242295150377370e-01 3.560549647545457e-01
1.700000000000000e-01 1.288510230950609e-01 3.555067710283102e-01
1.750000000000000e-01 1.335530672362758e-01 3.549283510226580e-01
1.800000000000000e-01 1.383385863920344e-01 3.543188422870246e-01
1.850000000000000e-01 1.432105716675912e-01 3.536760013523818e-01
1.900000000000000e-01 1.481720682123397e-01 3.529988577393095e-01
1.950000000000000e-01 1.532261771231311e-01 3.522853302855881e-01
2.000000000000000e-01 1.583760573825595e-01 3.515341533770359e-01
2.050000000000000e-01 1.636249278334301e-01 3.507428215657850e-01
2.100000000000000e-01 1.689760691906397e-01 3.499099032978043e-01
2.150000000000000e-01 1.744328260917313e-01 3.490330011924679e-01
2.200000000000000e-01 1.799986091874004e-01 3.481104392947991e-01
2.250000000000000e-01 1.856768972732633e-01 3.471393482903594e-01
2.300000000000000e-01 1.914712394642179e-01 3.461177289871873e-01
2.350000000000000e-01 1.973852574127551e-01 3.450427635463829e-01
2.400000000000000e-01 2.034226475726105e-01 3.439123177093587e-01
2.450000000000000e-01 2.095871835091678e-01 3.427231084534432e-01
2.500000000000000e-01 2.158827182580599e-01 3.414724991393354e-01
2.550000000000000e-01 2.223131867334419e-01 3.401570468071651e-01
2.600000000000000e-01 2.288826081874405e-01 3.387739629541359e-01
2.650000000000000e-01 2.355950887223172e-01 3.373195321379649e-01
2.700000000000000e-01 2.424548238569160e-01 3.357905391389727e-01
2.750000000000000e-01 2.494661011489995e-01 3.341827524555553e-01
2.800000000000000e-01 2.566333028751116e-01 3.324924493748185e-01
2.850000000000000e-01 2.639609087696434e-01 3.307151740501122e-01
2.900000000000000e-01 2.714534988248126e-01 3.288468875308283e-01
2.950000000000000e-01 2.791157561533084e-01 3.268826883215666e-01
3.000000000000000e-01 2.869524699153886e-01 3.248180760338118e-01
3.050000000000000e-01 2.949685383122613e-01 3.226475013564793e-01
3.100000000000000e-01 3.031689716476197e-01 3.203657922326530e-01
3.150000000000000e-01 3.115588954592450e-01 3.179668671586683e-01
3.200000000000000e-01 3.201435537226349e-01 3.154447910154719e-01
3.250000000000000e-01 3.289283121286580e-01 3.127929623181482e-01
3.300000000000000e-01 3.379186614372866e-01 3.100046221307381e-01
3.350000000000000e-01 3.471202209094989e-01 3.070724738734011e-01
3.400000000000000e-01 3.565387418195016e-01 3.039888379603716e-01
3.450000000000000e-01 3.661801110494620e-01 3.007454957649773e-01
3.500000000000000e-01 3.760503547690021e-01 2.973336905931304e-01
3.550000000000000e-01 3.861556422017504e-01 2.937440395666033e-01
3.600000000000000e-01 3.965022894813072e-01 2.899664725608027e-01
3.650000000000000e-01 4.070967635990345e-01 2.859901401817585e-01
3.700000000000000e-01 4.179456864461349e-01 2.818033107769551e-01
3.750000000000000e-01 4.290558389525505e-01 2.773932417432416e-01
3.800000000000000e-01 4.404341653252637e-01 2.727460226657424e-01
3.850000000000000e-01 4.520877773886537e-01 2.678463804031102e-01
3.900000000000000e-01 4.640239590296172e-01 2.626774352809010e-01
3.950000000000000e-01 4.762501707502353e-01 2.572203927033946e-01
4.000000000000000e-01 4.887740543308307e-01 2.514541487641991e-01
4.050000000000000e-01 5.016034376063282e-01 2.453547796195769e-01
4.100000000000000e-01 5.147463393589066e-01 2.388948713546823e-01
4.150000000000000e-01 5.282109743299990e-01 2.320426271030986e-01
4.200000000000000e-01 5.420057583547735e-01 2.247606568790904e-01
4.250000000000000e-01 5.561393136223041e-01 2.170043050645584e-01
4.300000000000000e-01 5.706204740647189e-01 2.087192862653233e-01
4.350000000000000e-01 5.854582908786964e-01 1.998382544684570e-01
4.400000000000000e-01 6.006620381827575e-01 1.902756669712158e-01
4.450000000000000e-01 6.162412188138907e-01 1.799198038427427e-01
4.500000000000000e-01 6.322055702671360e-01 1.686197941559153e-01
4.550000000000000e-01 6.485650707818353e-01 1.561633182628271e-01
4.600000000000000e-01 6.653299455783577e-01 1.422355429073037e-01
4.650000000000000e-01 6.825106732491932e-01 1.263367767847624e-01
4.700000000000000e-01 7.001179923084168e-01 1.076007740519443e-01
4.750000000000000e-01 7.181629079036070e-01 8.437325693237172e-02
4.800000000000000e-01 7.366566986944229e-01 5.362308108410474e-02
4.850000000000000e-01 7.556109239021327e-01 1.604676504266601e-02
4.900000000000000e-01 7.750374305345038e-01 -2.898796024511570e-03
4.950000000000000e-01 7.949483607905672e-01 1.071215572653441e-03
5.000000000000000e-01 8.153561596498893e-01 -4.935790359412698e-03
5.050000000000000e-01 8.362735826510871e-01 -4.876060078409821e-03
5.100000000000000e-01 8.577137038644561e-01 -5.020750580331119e-03
5.150000000000000e-01 8.796899240636907e-01 -6.551003198243708e-03
5.200000000000000e-01 9.022159791018011e-01 -5.326804383395872e-03
5.250000000000000e-01 9.253059484964714e-01 -6.481543835409852e-03
5.300000000000000e-01 9.489742642302165e-01 -5.513632639057594e-03
5.350000000000000e-01 9.732357197708378e-01 -5.852791963497129e-03
5.400000000000000e-01 9.981054793178262e-01 -5.358097969380595e-03
5.450000000000000e-01 1.023599087280478e+00 -5.115765052850090e-03
5.500000000000000e-01 1.049732477993657e+00 -4.863774550235052e-03
5.550000000000000e-01 1.076521985677273e+00 -4.375289472282091e-03
5.600000000000001e-01 1.103984354645701e+00 -4.135154921476527e-03
5.650000000000001e-01 1.132136749773522e+00 -3.611702701177995e-03
5.700000000000001e-01 1.160996767224129e+00 -3.279856481120824e-03
5.750000000000001e-01 1.190582445447902e+00 -2.790448376929809e-03
5.800000000000000e-01 1.220912276456826e+00 -2.365946703904124e-03
5.850000000000000e-01 1.252005217382601e+00 -1.899714227261281e-03
5.900000000000000e-01 1.283880702325469e+00 -1.420307889983640e-03
5.950000000000000e-01 1.316558654501151e+00 -9.488452678578698e-04
6.000000000000000e-01 1.350059498693518e+00 -4.460404749041189e-04
6.050000000000000e-01 1.384404174020732e+00 4.618564659017619e-05
6.100000000000000e-01 1.419614147022888e+00 5.598330867467945e-04
6.150000000000000e-01 1.455711425079295e+00 1.073670074409472e-03
6.200000000000000e-01 1.492718570163803e+00 1.597675920456855e-03
6.250000000000000e-01 1.530658712946775e+00 2.128452042757639e-03
6.300000000000000e-01 1.569555567252506e+00 2.664901399384010e-03
6.350000000000000e-01 1.609433444881138e+00 3.209040038916310e-03
6.400000000000000e-01 1.650317270804325e+00 3.758512073890819e-03
6.450000000000000e-01 1.692232598744148e+00 4.314637341860700e-03
6.500000000000000e-01 1.735205627145031e+00 4.876459584522974e-03
6.550000000000000e-01 1.779263215548615e+00 5.444106560997940e-03
6.600000000000000e-01 1.824432901381847e+00 6.017381111129271e-03
6.650000000000000e-01 1.870742917168772e+00 6.596025464942716e-03
6.700000000000000e-01 1.918222208176775e+00 7.179896346856780e-03
6.750000000000000e-01 1.966900450508319e+00 7.768687398351870e-03
6.800000000000000e-01 2.016808069649473e+00 8.362111055329679e-03
6.850000000000001e-01 2.067976259486829e+00 8.959781178242887e-03
6.900000000000001e-01 2.120437001804702e+00 9.561236450042230e-03
6.950000000000001e-01 2.174223086274785e+00 1.016591601772286e-02
7.000000000000001e-01 2.229368130950753e+00 1.077313752145365e-02
7.050000000000000e-01 2.285906603280654e+00 1.138208165271744e-02
7.100000000000000e-01 2.343873841650178e+00 1.199176780310752e-02
7.150000000000000e-01 2.403306077470301e+00 1.260103227418472e-02
7.200000000000000e-01 2.464240457823092e+00 1.320850319646848e-02
7.250000000000000e-01 2.526715068679855e+00 1.381257411897669e-02
7.300000000000000e-01 2.590768958706095e+00 1.441137571769669e-02
7.350000000000000e-01 2.656442163668210e+00 1.500274542509601e-02
7.400000000000000e-01 2.723775731457148e+00 1.558419501817443e-02
7.450000000000000e-01 2.792811747744667e+00 1.615287610003320e-02
7.500000000000000e-01 2.863593362288260e+00 1.670554368752804e-02
7.550000000000000e-01 2.936164815901156e+00 1.723851836237043e-02
7.600000000000000e-01 3.010571468104263e+00 1.774764787510839e-02
7.650000000000000e-01 3.086859825477351e+00 1.822826968018030e-02
7.700000000000000e-01 3.165077570727174e+00 1.867517666417598e-02
7.750000000000000e-01 3.245273592490716e+00 1.908258934855693e-02
7.800000000000000e-01 3.327498015892184e+00 1.944413910567990e-02
7.850000000000000e-01 3.411802233872832e+00 1.975286837599897e-02
7.900000000000000e-01 3.498238939313234e+00 2.000125545624728e-02
7.950000000000000e-01 3.586862157968046e+00 2.018127301692536e-02
8.000000000000000e-01 3.677727282233856e+00 2.028449072991370e-02
8.050000000000000e-01 3.770891105771243e+00 2.030223268648547e-02
8.100000000000001e-01 3.866411859002656e+00 2.022579922256461e-02
8.150000000000001e-01 3.964349245508326e+00 2.004675996409403e-02
8.200000000000001e-01 4.064764479342956e+00 1.975731981200537e-02
8.250000000000001e-01 4.167720323296481e+00 1.935075221963253e-02
8.300000000000001e-01 4.273281128122877e+00 1.882188626194785e-02
8.350000000000000e-01 4.381512872761445e+00 1.816762826437361e-02
8.400000000000000e-01 4.492483205575838e+00 1.738749552506159e-02
8.450000000000000e-01 4.606261486636447e+00 1.648413680914983e-02
8.500000000000000e-01 4.722918831072739e+00 1.546381197083537e-02
8.550000000000000e-01 4.842528153522501e+00 1.433680608316087e-02
8.600000000000000e-01 4.965164213705875e+00 1.311776280450585e-02
8.650000000000000e-01 5.090903663152626e+00 1.182592191083739e-02
8.700000000000000e-01 5.219825093111814e+00 1.048520878411335e-02
8.750000000000000e-01 5.352009083673925e+00 9.124037467737428e-03
8.800000000000000e-01 5.487538254136007e+00 7.774591344149833e-03
8.850000000000000e-01 5.626497314641444e+00 6.471322145222182e-03
8.900000000000000e-01 5.768973119126561e+00 5.248541075316238e-03
8.950000000000000e-01 5.915054719607133e+00 4.137272613937249e-03
9.000000000000000e-01 6.064833421838831e+00 3.161899020311576e-03
9.050000000000000e-01 6.218402842386253e+00 2.337366414976083e-03
9.100000000000000e-01 6.375858967136348e+00 1.667701075806359e-03
9.150000000000000e-01 6.537300211292723e+00 1.146266611775616e-03
9.200000000000000e-01 6.702827480888332e+00 7.576965555732867e-04
9.250000000000000e-01 6.872544235855034e+00 4.809687491083571e-04
9.300000000000000e-01 7.046556554689444e+00 2.928324838059183e-04
9.350000000000001e-01 7.224973200755413e+00 1.708297989172455e-04
9.400000000000001e-01 7.407905690264673e+00 9.541012694882402e-05
9.450000000000001e-01 7.595468361978146e+00 5.098355887323501e-05
9.500000000000001e-01 7.787778448671316e+00 2.605274755327700e-05
9.550000000000001e-01 7.984956150408610e+00 1.272632967997200e-05
9.600000000000000e-01 8.187124709672272e+00 5.941076324844641e-06
9.650000000000000e-01 8.394410488393007e+00 2.650122668688305e-06
9.700000000000000e-01 8.606943046930221e+00 1.129444617181775e-06
9.750000000000000e-01 8.824855225051540e+00 4.598948396766891e-07
9.800000000000000e-01 9.048283224961922e+00 1.788994031622477e-07
9.850000000000000e-01 9.277366696434507e+00 6.655327717773094e-08
9.900000000000000e-01 9.512248824096272e+00 2.352698981196314e-08
9.950000000000000e-01 9.753076416923058e+00 8.384850635749643e-09
1.000000000000000e+00 1.000000000000000e+01 1.695655738894282e-09
