0.000000000000000e+00 0.000000000000000e+00 4.994246350387097e-01
5.000000000000000e-03 3.369477419287315e-03 4.994189583489459e-01
1.000000000000000e-02 6.741060871647481e-03 4.994066958438622e-01
1.500000000000000e-02 1.011685770649257e-02 4.993797032644543e-01
2.000000000000000e-02 1.349897790673588e-02 4.993469396450708e-01
2.500000000000000e-02 1.688953540759990e-02 4.992981577752552e-01
3.000000000000000e-02 2.029064941789469e-02 4.992386479969415e-01
3.500000000000000e-02 2.370444574459234e-02 4.991653321119464e-01
4.000000000000000e-02 2.713305812152553e-02 4.990796629294775e-01
4.500000000000000e-02 3.057862954304063e-02 4.989812368161740e-01
5.000000000000000e-02 3.404331360343898e-02 4.988701295495455e-01
5.500000000000000e-02 3.752927584304335e-02 4.987461282696228e-01
6.000000000000000e-02 4.103869510173117e-02 4.986089958952071e-01
6.500000000000000e-02 4.457376488078044e-02 4.984584290540700e-01
7.000000000000001e-02 4.813669471387935e-02 4.982940826124305e-01
7.500000000000000e-02 5.172971154815675e-02 4.981155712126861e-01
8.000000000000000e-02 5.535506113609672e-02 4.979224718471431e-01
8.500000000000001e-02 5.901500943920686e-02 4.977143243523779e-01
9.000000000000000e-02 6.271184404431801e-02 4.974906313141351e-01
9.500000000000000e-02 6.644787559340060e-02 4.972508575339097e-01
1.000000000000000e-01 7.022543922779090e-02 4.969944292314890e-01
1.050000000000000e-01 7.404689604773053e-02 4.967207330585264e-01
1.100000000000000e-01 7.791463458813094e-02 4.964291149673981e-01
1.150000000000000e-01 8.183107231148547e-02 4.961188789606241e-01
1.200000000000000e-01 8.579865711886202e-02 4.957892857360693e-01
1.250000000000000e-01 8.981986887992111e-02 4.954395512373146e-01
1.300000000000000e-01 9.389722098291493e-02 4.950688451151795e-01
1.350000000000000e-01 9.803326190563690e-02 4.946762891043295e-01
1.400000000000000e-01 1.022305768083033e-01 4.942609553177126e-01
1.450000000000000e-01 1.064917891493625e-01 4.938218644608841e-01
1.500000000000000e-01 1.108195623252418e-01 4.933579839679359e-01
1.550000000000000e-01 1.152166013350572e-01 4.928682260606640e-01
1.600000000000000e-01 1.196856544713255e-01 4.923514457326584e-01
1.650000000000000e-01 1.242295150377370e-01 4.918064386602305e-01
1.700000000000000e-01 1.288510230950609e-01 4.912319390423937e-01
1.750000000000000e-01 1.335530672362758e-01 4.906266173725495e-01
1.800000000000000e-01 1.383385863920344e-01 4.899890781450402e-01
1.850000000000000e-01 1.432105716675912e-01 4.893178575003444e-01
1.900000000000000e-01 1.481720682123397e-01 4.886114208133995e-01
1.950000000000000e-01 1.532261771231311e-01 4.878681602303361e-01
2.000000000000000e-01 1.583760573825595e-01 4.870863921598332e-01
2.050000000000000e-01 1.636249278334301e-01 4.862643547263131e-01
2.100000000000000e-01 1.689760691906397e-01 4.854002051933568e-01
2.150000000000000e-01 1.744328260917313e-01 4.844920173669796e-01
2.200000000000000e-01 1.799986091874004e-01 4.835377789898370e-01
2.250000000000000e-01 1.856768972732633e-01 4.825353891389800e-01
2.300000000000000e-01 1.914712394642179e-01 4.814826556415158e-01
2.350000000000000e-01 1.973852574127551e-01 4.803772925244274e-01
2.400000000000000e-01 2.034226475726105e-01 4.792169175168724e-01
2.450000000000000e-01 2.095871835091678e-01 4.779990496255920e-01
2.500000000000000e-01 2.158827182580599e-01 4.767211068065189e-01
2.550000000000000e-01 2.223131867334419e-01 4.753804037584061e-01
2.600000000000000e-01 2.288826081874405e-01 4.739741498672446e-01
2.650000000000000e-01 2.355950887223172e-01 4.724994473334251e-01
2.700000000000000e-01 2.424548238569160e-01 4.709532895170603e-01
2.750000000000000e-01 2.494661011489995e-01 4.693325595406112e-01
2.800000000000000e-01 2.566333028751116e-01 4.676340291919514e-01
2.850000000000000e-01 2.639609087696434e-01 4.658543581753087e-01
2.900000000000000e-01 2.714534988248126e-01 4.639900937620871e-01
2.950000000000000e-01 2.791157561533084e-01 4.620376708984510e-01
3.000000000000000e-01 2.869524699153886e-01 4.599934128317206e-01
3.050000000000000e-01 2.949685383122613e-01 4.578535323230507e-01
3.100000000000000e-01 3.031689716476197e-01 4.556141335196129e-01
3.150000000000000e-01 3.115588954592450e-01 4.532712145654338e-01
3.200000000000000e-01 3.201435537226349e-01 4.508206710362592e-01
3.250000000000000e-01 3.289283121286580e-01 4.482583002901723e-01
3.300000000000000e-01 3.379186614372866e-01 4.455798068322233e-01
3.350000000000000e-01 3.471202209094989e-01 4.427808087979101e-01
3.400000000000000e-01 3.565387418195016e-01 4.398568456669488e-01
3.450000000000000e-01 3.661801110494620e-01 4.368033873252797e-01
3.500000000000000e-01 3.760503547690021e-01 4.336158445995357e-01
3.550000000000000e-01 3.861556422017504e-01 4.302895813941835e-01
3.600000000000000e-01 3.965022894813072e-01 4.268199285669873e-01
3.650000000000000e-01 4.070967635990345e-01 4.232021996832286e-01
3.700000000000000e-01 4.179456864461349e-01 4.194317087930020e-01
3.750000000000000e-01 4.290558389525505e-01 4.155037903786157e-01
3.800000000000000e-01 4.404341653252637e-01 4.114138216204313e-01
3.850000000000000e-01 4.520877773886537e-01 4.071572471289984e-01
3.900000000000000e-01 4.640239590296172e-01 4.027296062887551e-01
3.950000000000000e-01 4.762501707502353e-01 3.981265633534403e-01
4.000000000000000e-01 4.887740543308307e-01 3.933439404252465e-01
4.050000000000000e-01 5.016034376063282e-01 3.883777534381828e-01
4.100000000000000e-01 5.147463393589066e-01 3.832242512504815e-01
4.150000000000000e-01 5.282109743299990e-01 3.778799579307047e-01
4.200000000000000e-01 5.420057583547735e-01 3.723417182967668e-01
4.250000000000000e-01 5.561393136223041e-01 3.666067467358031e-01
4.300000000000000e-01 5.706204740647189e-01 3.606726792949682e-01
4.350000000000000e-01 5.854582908786964e-01 3.545376289881738e-01
4.400000000000000e-01 6.006620381827575e-01 3.482002442107939e-01
4.450000000000000e-01 6.162412188138907e-01 3.416597700928017e-01
4.500000000000000e-01 6.322055702671360e-01 3.349161125500568e-01
4.550000000000000e-01 6.485650707818353e-01 3.279699047130089e-01
4.600000000000000e-01 6.653299455783577e-01 3.208225753214802e-01
4.650000000000000e-01 6.825106732491932e-01 3.134764185731932e-01
4.700000000000000e-01 7.001179923084168e-01 3.059346648022429e-01
4.750000000000000e-01 7.181629079036070e-01 2.982015512419752e-01
4.800000000000000e-01 7.366566986944229e-01 2.902823919952539e-01
4.850000000000000e-01 7.556109239021327e-01 2.821836461947830e-01
4.900000000000000e-01 7.750374305345038e-01 2.739129831884239e-01
4.950000000000000e-01 7.949483607905672e-01 2.654793434312727e-01
5.000000000000000e-01 8.153561596498893e-01 2.568929936103210e-01
5.050000000000000e-01 8.362735826510871e-01 2.481655743723255e-01
5.100000000000000e-01 8.577137038644561e-01 2.393101388754658e-01
5.150000000000000e-01 8.796899240636907e-01 2.303411802460923e-01
5.200000000000000e-01 9.022159791018011e-01 2.212746459001724e-01
5.250000000000000e-01 9.253059484964714e-01 2.121279365932663e-01
5.300000000000000e-01 9.489742642302165e-01 2.029198880029242e-01
5.350000000000000e-01 9.732357197708378e-01 1.936707326348714e-01
5.400000000000000e-01 9.981054793178262e-01 1.844020398925048e-01
5.450000000000000e-01 1.023599087280478e+00 1.751366322726713e-01
5.500000000000000e-01 1.049732477993657e+00 1.658984758648744e-01
5.550000000000000e-01 1.076521985677273e+00 1.567125436512286e-01
5.600000000000001e-01 1.103984354645701e+00 1.476046505442067e-01
5.650000000000001e-01 1.132136749773522e+00 1.386012596683903e-01
5.700000000000001e-01 1.160996767224129e+00 1.297292600947540e-01
5.750000000000001e-01 1.190582445447902e+00 1.210157170665097e-01
5.800000000000000e-01 1.220912276456826e+00 1.124875966982418e-01
5.850000000000000e-01 1.252005217382601e+00 1.041714681567612e-01
5.900000000000000e-01 1.283880702325469e+00 9.609318740243980e-02
5.950000000000000e-01 1.316558654501151e+00 8.827756763359652e-02
6.000000000000000e-01 1.350059498693518e+00 8.074804257796471e-02
6.050000000000000e-01 1.384404174020732e+00 7.352632965859740e-02
6.100000000000000e-01 1.419614147022888e+00 6.663210077709136e-02
6.150000000000000e-01 1.455711425079295e+00 6.008266896598388e-02
6.200000000000000e-01 1.492718570163803e+00 5.389269943895520e-02
6.250000000000000e-01 1.530658712946775e+00 4.807395359833413e-02
6.300000000000000e-01 1.569555567252506e+00 4.263507433805960e-02
6.350000000000000e-01 1.609433444881138e+00 3.758142050163489e-02
6.400000000000000e-01 1.650317270804325e+00 3.291495760927156e-02
6.450000000000000e-01 1.692232598744148e+00 2.863421093977326e-02
6.500000000000000e-01 1.735205627145031e+00 2.473428571913194e-02
6.550000000000000e-01 1.779263215548615e+00 2.120695750976630e-02
6.600000000000000e-01 1.824432901381847e+00 1.804083390545727e-02
6.650000000000000e-01 1.870742917168772e+00 1.522158633660227e-02
6.700000000000000e-01 1.918222208176775e+00 1.273224823420231e-02
6.750000000000000e-01 1.966900450508319e+00 1.055357308756269e-02
6.800000000000000e-01 2.016808069649473e+00 8.664443201233267e-03
6.850000000000001e-01 2.067976259486829e+00 7.042317387645654e-03
6.900000000000001e-01 2.120437001804702e+00 5.663703620833101e-03
6.950000000000001e-01 2.174223086274785e+00 4.504641023245945e-03
7.000000000000001e-01 2.229368130950753e+00 3.541174641910505e-03
7.050000000000000e-01 2.285906603280654e+00 2.749806430118745e-03
7.100000000000000e-01 2.343873841650178e+00 2.107906763190880e-03
7.150000000000000e-01 2.403306077470301e+00 1.594072682353322e-03
7.200000000000000e-01 2.464240457823092e+00 1.188421796603781e-03
7.250000000000000e-01 2.526715068679855e+00 8.728142132060251e-04
7.300000000000000e-01 2.590768958706095e+00 6.309987754833060e-04
7.350000000000000e-01 2.656442163668210e+00 4.486839712016954e-04
7.400000000000000e-01 2.723775731457148e+00 3.135378194119301e-04
7.450000000000000e-01 2.792811747744667e+00 2.151245376282905e-04
7.500000000000000e-01 2.863593362288260e+00 1.447885638348575e-04
7.550000000000000e-01 2.936164815901156e+00 9.549835857719406e-05
7.600000000000000e-01 3.010571468104263e+00 6.166323460526280e-05
7.650000000000000e-01 3.086859825477351e+00 3.893625433785067e-05
7.700000000000000e-01 3.165077570727174e+00 2.401510235665017e-05
7.750000000000000e-01 3.245273592490716e+00 1.445097363204536e-05
7.800000000000000e-01 3.327498015892184e+00 8.473172048781126e-06
7.850000000000000e-01 3.411802233872832e+00 4.834567966885364e-06
7.900000000000000e-01 3.498238939313234e+00 2.680586723531141e-06
7.950000000000000e-01 3.586862157968046e+00 1.442216394444641e-06
8.000000000000000e-01 3.677727282233856e+00 7.517887648922542e-07
8.050000000000000e-01 3.770891105771243e+00 3.790790287539093e-07
8.100000000000001e-01 3.866411859002656e+00 1.845872402655083e-07
8.150000000000001e-01 3.964349245508326e+00 8.664536697606472e-08
8.200000000000001e-01 4.064764479342956e+00 3.913427763733951e-08
8.250000000000001e-01 4.167720323296481e+00 1.697443940397236e-08
8.300000000000001e-01 4.273281128122877e+00 7.056304192483094e-09
8.350000000000000e-01 4.381512872761445e+00 2.805296269404017e-09
8.400000000000000e-01 4.492483205575838e+00 1.064222397128673e-09
8.450000000000000e-01 4.606261486636447e+00 3.843494765336733e-10
8.500000000000000e-01 4.722918831072739e+00 1.318264408070961e-10
8.550000000000000e-01 4.842528153522501e+00 4.283079215663662e-11
8.600000000000000e-01 4.965164213705875e+00 1.314722269301371e-11
8.650000000000000e-01 5.090903663152626e+00 3.802196566408220e-12
8.700000000000000e-01 5.219825093111814e+00 1.033016144997431e-12
8.750000000000000e-01 5.352009083673925e+00 2.628768690690203e-13
8.800000000000000e-01 5.487538254136007e+00 6.246309217498519e-14
8.850000000000000e-01 5.626497314641444e+00 1.381427172012368e-14
8.900000000000000e-01 5.768973119126561e+00 2.834205485854651e-15
8.950000000000000e-01 5.915054719607133e+00 5.376033994239785e-16
9.000000000000000e-01 6.064833421838831e+00 9.395487033617234e-17
9.050000000000000e-01 6.218402842386253e+00 1.507593463836306e-17
9.100000000000000e-01 6.375858967136348e+00 2.213272678203157e-18
9.150000000000000e-01 6.537300211292723e+00 2.962560989025885e-19
9.200000000000000e-01 6.702827480888332e+00 3.603488283395619e-20
9.250000000000000e-01 6.872544235855034e+00 3.970325246838152e-21
9.300000000000000e-01 7.046556554689444e+00 3.951183874995855e-22
9.350000000000001e-01 7.224973200755413e+00 3.542897556003300e-23
9.400000000000001e-01 7.407905690264673e+00 2.856875923878259e-24
9.450000000000001e-01 7.595468361978146e+00 2.069141213564661e-25
9.500000000000001e-01 7.787778448671316e+00 1.345388610893736e-26
9.550000000000001e-01 7.984956150408610e+00 7.855644897296974e-28
9.600000000000000e-01 8.187124709672272e+00 4.122637105270574e-29
9.650000000000000e-01 8.394410488393007e+00 1.946965279793776e-30
9.700000000000000e-01 8.606943046930221e+00 8.284442716994833e-32
9.750000000000000e-01 8.824855225051540e+00 3.179099138034936e-33
9.800000000000000e-01 9.048283224961922e+00 1.100875501142381e-34
9.850000000000000e-01 9.277366696434507e+00 3.441341117922508e-36
9.900000000000000e-01 9.512248824096272e+00 9.715186332638714e-38
9.950000000000000e-01 9.753076416923058e+00 2.536786847737164e-39
1.000000000000000e+00 1.000000000000000e+01 -2.119648608940645e-39
