0.000000000000000e+00 0.000000000000000e+00 3.750019293879670e-01
5.000000000000000e-03 3.369477419287315e-03 3.749947157178783e-01
1.000000000000000e-02 6.741060871647481e-03 3.749928429784167e-01
1.500000000000000e-02 1.011685770649257e-02 3.749675506326347e-01
2.000000000000000e-02 1.349897790673588e-02 3.749345905822772e-01
2.500000000000000e-02 1.688953540759990e-02 3.748883065954923e-01
3.000000000000000e-02 2.029064941789469e-02 3.748334190397953e-01
3.500000000000000e-02 2.370444574459234e-02 3.747649762102840e-01
4.000000000000000e-02 2.713305812152553e-02 3.746873999702353e-01
4.500000000000000e-02 3.057862954304063e-02 3.745968574078973e-01
5.000000000000000e-02 3.404331360343898e-02 3.744958505308619e-01
5.500000000000000e-02 3.752927584304335e-02 3.743819223425976e-01
6.000000000000000e-02 4.103869510173117e-02 3.742572272931399e-01
6.500000000000000e-02 4.457376488078044e-02 3.741189478823122e-01
7.000000000000001e-02 4.813669471387935e-02 3.739687927927776e-01
7.500000000000000e-02 5.172971154815675e-02 3.738048849392379e-01
8.000000000000000e-02 5.535506113609672e-02 3.736282958214916e-01
8.500000000000001e-02 5.901500943920686e-02 3.734368916479240e-01
9.000000000000000e-02 6.271184404431801e-02 3.732318787355049e-01
9.500000000000000e-02 6.644787559340060e-02 3.730114396314182e-01
1.000000000000000e-01 7.022543922779090e-02 3.727760520402740e-01
1.050000000000000e-01 7.404689604773053e-02 3.725240196114879e-01
1.100000000000000e-01 7.791463458813094e-02 3.722560661140403e-01
1.150000000000000e-01 8.183107231148547e-02 3.719703124145725e-01
1.200000000000000e-01 8.579865711886202e-02 3.716668975380288e-01
1.250000000000000e-01 8.981986887992111e-02 3.713443099271236e-01
1.300000000000000e-01 9.389722098291493e-02 3.710027898437288e-01
1.350000000000000e-01 9.803326190563690e-02 3.706404069994139e-01
1.400000000000000e-01 1.022305768083033e-01 3.702570450630672e-01
1.450000000000000e-01 1.064917891493625e-01 3.698511717209115e-01
1.500000000000000e-01 1.108195623252418e-01 3.694225836319336e-01
1.550000000000000e-01 1.152166013350572e-01 3.689692950154707e-01
1.600000000000000e-01 1.196856544713255e-01 3.684909117577511e-01
1.650000000000000e-01 1.242295150377370e-01 3.679857593110644e-01
1.700000000000000e-01 1.288510230950609e-01 3.674532406157563e-01
1.750000000000000e-01 1.335530672362758e-01 3.668912556449868e-01
1.800000000000000e-01 1.383385863920344e-01 3.662990701350962e-01
1.850000000000000e-01 1.432105716675912e-01 3.656748045388868e-01
1.900000000000000e-01 1.481720682123397e-01 3.650174980097138e-01
1.950000000000000e-01 1.532261771231311e-01 3.643248471891471e-01
2.000000000000000e-01 1.583760573825595e-01 3.635957013412087e-01
2.050000000000000e-01 1.636249278334301e-01 3.628279227701665e-01
2.100000000000000e-01 1.689760691906397e-01 3.620201938237547e-01
2.150000000000000e-01 1.744328260917313e-01 3.611699287768108e-01
2.200000000000000e-01 1.799986091874004e-01 3.602754776225080e-01
2.250000000000000e-01 1.856768972732633e-01 3.593343470403337e-01
2.300000000000000e-01 1.914712394642179e-01 3.583448249415702e-01
2.350000000000000e-01 1.973852574127551e-01 3.573040208210561e-01
2.400000000000000e-01 2.034226475726105e-01 3.562097558445373e-01
2.450000000000000e-01 2.095871835091678e-01 3.550590026151146e-01
2.500000000000000e-01 2.158827182580599e-01 3.538494761096535e-01
2.550000000000000e-01 2.223131867334419e-01 3.525779782558762e-01
2.600000000000000e-01 2.288826081874405e-01 3.512418927374715e-01
2.650000000000000e-01 2.355950887223172e-01 3.498375630096694e-01
2.700000000000000e-01 2.424548238569160e-01 3.483619271334174e-01
2.750000000000000e-01 2.494661011489995e-01 3.468111933638454e-01
2.800000000000000e-01 2.566333028751116e-01 3.451820798689846e-01
2.850000000000000e-01 2.639609087696434e-01 3.434704834970551e-01
2.900000000000000e-01 2.714534988248126e-01 3.416728005702340e-01
2.950000000000000e-01 2.791157561533084e-01 3.397844109707513e-01
3.000000000000000e-01 2.869524699153886e-01 3.378011959230764e-01
3.050000000000000e-01 2.949685383122613e-01 3.357181707622254e-01
3.100000000000000e-01 3.031689716476197e-01 3.335306425589618e-01
3.150000000000000e-01 3.115588954592450e-01 3.312333405554364e-01
3.200000000000000e-01 3.201435537226349e-01 3.288209962068926e-01
3.250000000000000e-01 3.289283121286580e-01 3.262879474088531e-01
3.300000000000000e-01 3.379186614372866e-01 3.236283380837772e-01
3.350000000000000e-01 3.471202209094989e-01 3.208359788790847e-01
3.400000000000000e-01 3.565387418195016e-01 3.179043885205476e-01
3.450000000000000e-01 3.661801110494620e-01 3.148267449860415e-01
3.500000000000000e-01 3.760503547690021e-01 3.115958769514992e-01
3.550000000000000e-01 3.861556422017504e-01 3.082042344107583e-01
3.600000000000000e-01 3.965022894813072e-01 3.046438638658236e-01
3.650000000000000e-01 4.070967635990345e-01 3.009063767430407e-01
3.700000000000000e-01 4.179456864461349e-01 2.969829144939422e-01
3.750000000000000e-01 4.290558389525505e-01 2.928641080312808e-01
3.800000000000000e-01 4.404341653252637e-01 2.885400310901484e-01
3.850000000000000e-01 4.520877773886537e-01 2.840001462175186e-01
3.900000000000000e-01 4.640239590296172e-01 2.792332421753015e-01
3.950000000000000e-01 4.762501707502353e-01 2.742273613273573e-01
4.000000000000000e-01 4.887740543308307e-01 2.689697155328050e-01
4.050000000000000e-01 5.016034376063282e-01 2.634465891315953e-01
4.100000000000000e-01 5.147463393589066e-01 2.576432279623865e-01
4.150000000000000e-01 5.282109743299990e-01 2.515437142341068e-01
4.200000000000000e-01 5.420057583547735e-01 2.451308289265763e-01
4.250000000000000e-01 5.561393136223041e-01 2.383859070072065e-01
4.300000000000000e-01 5.706204740647189e-01 2.312886975211206e-01
4.350000000000000e-01 5.854582908786964e-01 2.238172530438000e-01
4.400000000000000e-01 6.006620381827575e-01 2.159478955559306e-01
4.450000000000000e-01 6.162412188138907e-01 2.076553464991469e-01
4.500000000000000e-01 6.322055702671360e-01 1.989131817056155e-01
4.550000000000000e-01 6.485650707818353e-01 1.896949013196145e-01
4.600000000000000e-01 6.653299455783577e-01 1.799761300542418e-01
4.650000000000000e-01 6.825106732491932e-01 1.697388396095405e-01
4.700000000000000e-01 7.001179923084168e-01 1.589790632154927e-01
4.750000000000000e-01 7.181629079036070e-01 1.477202981088250e-01
4.800000000000000e-01 7.366566986944229e-01 1.360352021593857e-01
4.850000000000000e-01 7.556109239021327e-01 1.240767485304495e-01
4.900000000000000e-01 7.750374305345038e-01 1.121134084657276e-01
4.950000000000000e-01 7.949483607905672e-01 1.005478787440037e-01
5.000000000000000e-01 8.153561596498893e-01 8.988147334677198e-02
5.050000000000000e-01 8.362735826510871e-01 8.059533462369109e-02
5.100000000000000e-01 8.577137038644561e-01 7.298555310829105e-02
5.150000000000000e-01 8.796899240636907e-01 6.706570763529945e-02
5.200000000000000e-01 9.022159791018011e-01 6.261719149985974e-02
5.250000000000000e-01 9.253059484964714e-01 5.933009460390803e-02
5.300000000000000e-01 9.489742642302165e-01 5.691512440658412e-02
5.350000000000000e-01 9.732357197708378e-01 5.514233533799557e-02
5.400000000000000e-01 9.981054793178262e-01 5.383851252634476e-02
5.450000000000000e-01 1.023599087280478e+00 5.287573447811374e-02
5.500000000000000e-01 1.049732477993657e+00 5.216046433662738e-02
5.550000000000000e-01 1.076521985677273e+00 5.162431873488495e-02
5.600000000000001e-01 1.103984354645701e+00 5.121703348466214e-02
5.650000000000001e-01 1.132136749773522e+00 5.090139027424316e-02
5.700000000000001e-01 1.160996767224129e+00 5.064956324279537e-02
5.750000000000001e-01 1.190582445447902e+00 5.044049803349670e-02
5.800000000000000e-01 1.220912276456826e+00 5.025803695670437e-02
5.850000000000000e-01 1.252005217382601e+00 5.008957106102072e-02
5.900000000000000e-01 1.283880702325469e+00 4.992506678049113e-02
5.950000000000000e-01 1.316558654501151e+00 4.975636053263105e-02
6.000000000000000e-01 1.350059498693518e+00 4.957664553159490e-02
6.050000000000000e-01 1.384404174020732e+00 4.938009753500069e-02
6.100000000000000e-01 1.419614147022888e+00 4.916160180517699e-02
6.150000000000000e-01 1.455711425079295e+00 4.891655440271300e-02
6.200000000000000e-01 1.492718570163803e+00 4.864071860810933e-02
6.250000000000000e-01 1.530658712946775e+00 4.833012270364378e-02
6.300000000000000e-01 1.569555567252506e+00 4.798098922472607e-02
6.350000000000000e-01 1.609433444881138e+00 4.758968857619051e-02
6.400000000000000e-01 1.650317270804325e+00 4.715271191928969e-02
6.450000000000000e-01 1.692232598744148e+00 4.666665968908030e-02
6.500000000000000e-01 1.735205627145031e+00 4.612824315115334e-02
6.550000000000000e-01 1.779263215548615e+00 4.553429715638982e-02
6.600000000000000e-01 1.824432901381847e+00 4.488180277632365e-02
6.650000000000000e-01 1.870742917168772e+00 4.416791885203802e-02
6.700000000000000e-01 1.918222208176775e+00 4.339002170462697e-02
6.750000000000000e-01 1.966900450508319e+00 4.254575236458141e-02
6.800000000000000e-01 2.016808069649473e+00 4.163307070549132e-02
6.850000000000001e-01 2.067976259486829e+00 4.065031583607380e-02
6.900000000000001e-01 2.120437001804702e+00 3.959627203432647e-02
6.950000000000001e-01 2.174223086274785e+00 3.847023941787826e-02
7.000000000000001e-01 2.229368130950753e+00 3.727210845211769e-02
7.050000000000000e-01 2.285906603280654e+00 3.600243731415202e-02
7.100000000000000e-01 2.343873841650178e+00 3.466253105939058e-02
7.150000000000000e-01 2.403306077470301e+00 3.325452146940096e-02
7.200000000000000e-01 2.464240457823092e+00 3.178144636933661e-02
7.250000000000000e-01 2.526715068679855e+00 3.024732704635709e-02
7.300000000000000e-01 2.590768958706095e+00 2.865724211283350e-02
7.350000000000000e-01 2.656442163668210e+00 2.701739565746326e-02
7.400000000000000e-01 2.723775731457148e+00 2.533517671885833e-02
7.450000000000000e-01 2.792811747744667e+00 2.361920590300958e-02
7.500000000000000e-01 2.863593362288260e+00 2.187936326837629e-02
7.550000000000000e-01 2.936164815901156e+00 2.012678938844014e-02
7.600000000000000e-01 3.010571468104263e+00 1.837384883804483e-02
7.650000000000000e-01 3.086859825477351e+00 1.663404247834197e-02
7.700000000000000e-01 3.165077570727174e+00 1.492185235615616e-02
7.750000000000000e-01 3.245273592490716e+00 1.325250169593726e-02
7.800000000000000e-01 3.327498015892184e+00 1.164161368957645e-02
7.850000000000000e-01 3.411802233872832e+00 1.010475821871163e-02
7.900000000000000e-01 3.498238939313234e+00 8.656886751817163e-03
7.950000000000000e-01 3.586862157968046e+00 7.311672969032740e-03
8.000000000000000e-01 3.677727282233856e+00 6.080798842979010e-03
8.050000000000000e-01 3.770891105771243e+00 4.973249167414501e-03
8.100000000000001e-01 3.866411859002656e+00 3.994695947503152e-03
8.150000000000001e-01 3.964349245508326e+00 3.147060965293009e-03
8.200000000000001e-01 4.064764479342956e+00 2.428335026720446e-03
8.250000000000001e-01 4.167720323296481e+00 1.832704466978016e-03
8.300000000000001e-01 4.273281128122877e+00 1.350993084432598e-03
8.350000000000000e-01 4.381512872761445e+00 9.713790934855475e-04
8.400000000000000e-01 4.492483205575838e+00 6.803027830176600e-04
8.450000000000000e-01 4.606261486636447e+00 4.634516034689665e-04
8.500000000000000e-01 4.722918831072739e+00 3.067020182315211e-04
8.550000000000000e-01 4.842528153522501e+00 1.969127444044680e-04
8.600000000000000e-01 4.965164213705875e+00 1.224973730674767e-04
8.650000000000000e-01 5.090903663152626e+00 7.374705923994079e-05
8.700000000000000e-01 5.219825093111814e+00 4.291582890610337e-05
8.750000000000000e-01 5.352009083673925e+00 2.411336051887228e-05
8.800000000000000e-01 5.487538254136007e+00 1.306779761990973e-05
8.850000000000000e-01 5.626497314641444e+00 6.823611924632082e-06
8.900000000000000e-01 5.768973119126561e+00 3.429914167828565e-06
8.950000000000000e-01 5.915054719607133e+00 1.658160661826895e-06
9.000000000000000e-01 6.064833421838831e+00 7.703531207215508e-07
9.050000000000000e-01 6.218402842386253e+00 3.436739011280997e-07
9.100000000000000e-01 6.375858967136348e+00 1.471289786737702e-07
9.150000000000000e-01 6.537300211292723e+00 6.040512320508730e-08
9.200000000000000e-01 6.702827480888332e+00 2.376998328694234e-08
9.250000000000000e-01 6.872544235855034e+00 8.960764020089392e-09
9.300000000000000e-01 7.046556554689444e+00 3.234659754167775e-09
9.350000000000001e-01 7.224973200755413e+00 1.117659695049570e-09
9.400000000000001e-01 7.407905690264673e+00 3.695221450707044e-10
9.450000000000001e-01 7.595468361978146e+00 1.168678087367604e-10
9.500000000000001e-01 7.787778448671316e+00 3.534812711660509e-11
9.550000000000001e-01 7.984956150408610e+00 1.022273433310620e-11
9.600000000000000e-01 8.187124709672272e+00 2.826351921547620e-12
9.650000000000000e-01 8.394410488393007e+00 7.469459979279954e-13
9.700000000000000e-01 8.606943046930221e+00 1.886757178240652e-13
9.750000000000000e-01 8.824855225051540e+00 4.554915877599333e-14
9.800000000000000e-01 9.048283224961922e+00 1.050910623348585e-14
9.850000000000000e-01 9.277366696434507e+00 2.317551904216441e-15
9.900000000000000e-01 9.512248824096272e+00 4.872189201436339e-16
9.950000000000000e-01 9.753076416923058e+00 1.047375627364018e-16
1.000000000000000e+00 1.000000000000000e+01 -9.656664629708941e-18
