0.000000000000000e+00 0.000000000000000e+00 4.347572543676685e-01
5.000000000000000e-03 3.369477419287315e-03 4.347511480694677e-01
1.000000000000000e-02 6.741060871647481e-03 4.347396320013318e-01
1.500000000000000e-02 1.011685770649257e-02 4.347150418519642e-01
2.000000000000000e-02 1.349897790673588e-02 4.346853803760869e-01
2.500000000000000e-02 1.688953540759990e-02 4.346412227362081e-01
3.000000000000000e-02 2.029064941789469e-02 4.345882187032007e-01
3.500000000000000e-02 2.370444574459234e-02 4.345226434727775e-01
4.000000000000000e-02 2.713305812152553e-02 4.344483686313873e-01
4.500000000000000e-02 3.057862954304063e-02 4.343617251143890e-01
5.000000000000000e-02 3.404331360343898e-02 4.342650886868396e-01
5.500000000000000e-02 3.752927584304335e-02 4.341559125312525e-01
6.000000000000000e-02 4.103869510173117e-02 4.340364631046258e-01
6.500000000000000e-02 4.457376488078044e-02 4.339042108880294e-01
7.000000000000001e-02 4.813669471387935e-02 4.337605327350345e-01
7.500000000000000e-02 5.172971154815675e-02 4.336034891104730e-01
8.000000000000000e-02 5.535506113609672e-02 4.334345232797633e-01
8.500000000000001e-02 5.901500943920686e-02 4.332515453895829e-01
9.000000000000000e-02 6.271184404431801e-02 4.330553664074752e-01
9.500000000000000e-02 6.644787559340060e-02 4.328443122057512e-01
1.000000000000000e-01 7.022543922779090e-02 4.326193020086029e-01
1.050000000000000e-01 7.404689604773053e-02 4.323784662157834e-01
1.100000000000000e-01 7.791463458813094e-02 4.321221995986553e-01
1.150000000000000e-01 8.183107231148547e-02 4.318488999047255e-01
1.200000000000000e-01 8.579865711886202e-02 4.315590875715807e-01
1.250000000000000e-01 8.981986887992111e-02 4.312510160684060e-01
1.300000000000000e-01 9.389722098291493e-02 4.309247392394961e-01
1.350000000000000e-01 9.803326190563690e-02 4.305785892577105e-01
1.400000000000000e-01 1.022305768083033e-01 4.302127161478521e-01
1.450000000000000e-01 1.064917891493625e-01 4.298254495328494e-01
1.500000000000000e-01 1.108195623252418e-01 4.294165738482609e-01
1.550000000000000e-01 1.152166013350572e-01 4.289842500031317e-01
1.600000000000000e-01 1.196856544713255e-01 4.285282078809552e-01
1.650000000000000e-01 1.242295150377370e-01 4.280467905740094e-01
1.700000000000000e-01 1.288510230950609e-01 4.275395853679340e-01
1.750000000000000e-01 1.335530672362758e-01 4.270045740423328e-01
1.800000000000000e-01 1.383385863920344e-01 4.264410307385640e-01
1.850000000000000e-01 1.432105716675912e-01 4.258471115411936e-01
1.900000000000000e-01 1.481720682123397e-01 4.252221177117453e-01
1.950000000000000e-01 1.532261771231311e-01 4.245640084077753e-01
2.000000000000000e-01 1.583760573825595e-01 4.238717970479940e-01
2.050000000000000e-01 1.636249278334301e-01 4.231432162506032e-01
2.100000000000000e-01 1.689760691906397e-01 4.223770101405599e-01
2.150000000000000e-01 1.744328260917313e-01 4.215710140051719e-01
2.200000000000000e-01 1.799986091874004e-01 4.207239367136970e-01
2.250000000000000e-01 1.856768972732633e-01 4.198333884984181e-01
2.300000000000000e-01 1.914712394642179e-01 4.188979173659206e-01
2.350000000000000e-01 1.973852574127551e-01 4.179148238942705e-01
2.400000000000000e-01 2.034226475726105e-01 4.168823033674530e-01
2.450000000000000e-01 2.095871835091678e-01 4.157976142130566e-01
2.500000000000000e-01 2.158827182580599e-01 4.146585641017470e-01
2.550000000000000e-01 2.223131867334419e-01 4.134624462382416e-01
2.600000000000000e-01 2.288826081874405e-01 4.122067319246068e-01
2.650000000000000e-01 2.355950887223172e-01 4.108886350267431e-01
2.700000000000000e-01 2.424548238569160e-01 4.095053420685209e-01
2.750000000000000e-01 2.494661011489995e-01 4.080538820746751e-01
2.800000000000000e-01 2.566333028751116e-01 4.065311832211650e-01
2.850000000000000e-01 2.639609087696434e-01 4.049340429980586e-01
2.900000000000000e-01 2.714534988248126e-01 4.032591382518627e-01
2.950000000000000e-01 2.791157561533084e-01 4.015030192363373e-01
3.000000000000000e-01 2.869524699153886e-01 3.996621104652587e-01
3.050000000000000e-01 2.949685383122613e-01 3.977327095092730e-01
3.100000000000000e-01 3.031689716476197e-01 3.957109870897944e-01
3.150000000000000e-01 3.115588954592450e-01 3.935929874388636e-01
3.200000000000000e-01 3.201435537226349e-01 3.913746294108291e-01
3.250000000000000e-01 3.289283121286580e-01 3.890517083439544e-01
3.300000000000000e-01 3.379186614372866e-01 3.866198988292240e-01
3.350000000000000e-01 3.471202209094989e-01 3.840747585081710e-01
3.400000000000000e-01 3.565387418195016e-01 3.814117330463593e-01
3.450000000000000e-01 3.661801110494620e-01 3.786261624402114e-01
3.500000000000000e-01 3.760503547690021e-01 3.757132888325581e-01
3.550000000000000e-01 3.861556422017504e-01 3.726682660311830e-01
3.600000000000000e-01 3.965022894813072e-01 3.694861709464296e-01
3.650000000000000e-01 4.070967635990345e-01 3.661620171887298e-01
3.700000000000000e-01 4.179456864461349e-01 3.626907710952518e-01
3.750000000000000e-01 4.290558389525505e-01 3.590673704873936e-01
3.800000000000000e-01 4.404341653252637e-01 3.552867464986131e-01
3.850000000000000e-01 4.520877773886537e-01 3.513438488558152e-01
3.900000000000000e-01 4.640239590296172e-01 3.472336750489058e-01
3.950000000000000e-01 4.762501707502353e-01 3.429513038832724e-01
4.000000000000000e-01 4.887740543308307e-01 3.384919339810494e-01
4.050000000000000e-01 5.016034376063282e-01 3.338509278807577e-01
4.100000000000000e-01 5.147463393589066e-01 3.290238624837374e-01
4.150000000000000e-01 5.282109743299990e-01 3.240065867116435e-01
4.200000000000000e-01 5.420057583547735e-01 3.187952873743348e-01
4.250000000000000e-01 5.561393136223041e-01 3.133865644026194e-01
4.300000000000000e-01 5.706204740647189e-01 3.077775167751042e-01
4.350000000000000e-01 5.854582908786964e-01 3.019658406593475e-01
4.400000000000000e-01 6.006620381827575e-01 2.959499414860828e-01
4.450000000000000e-01 6.162412188138907e-01 2.897290618649729e-01
4.500000000000000e-01 6.322055702671360e-01 2.833034274023395e-01
4.550000000000000e-01 6.485650707818353e-01 2.766744125485519e-01
4.600000000000000e-01 6.653299455783577e-01 2.698447285119465e-01
4.650000000000000e-01 6.825106732491932e-01 2.628186349186339e-01
4.700000000000000e-01 7.001179923084168e-01 2.556021761182979e-01
4.750000000000000e-01 7.181629079036070e-01 2.482034416256574e-01
4.800000000000000e-01 7.366566986944229e-01 2.406328478784709e-01
4.850000000000000e-01 7.556109239021327e-01 2.329034349747130e-01
4.900000000000000e-01 7.750374305345038e-01 2.250311670100568e-01
4.950000000000000e-01 7.949483607905672e-01 2.170352178447377e-01
5.000000000000000e-01 8.153561596498893e-01 2.089382156016867e-01
5.050000000000000e-01 8.362735826510871e-01 2.007664094244933e-01
5.100000000000000e-01 8.577137038644561e-01 1.925497122546835e-01
5.150000000000000e-01 8.796899240636907e-01 1.843215658947240e-01
5.200000000000000e-01 9.022159791018011e-01 1.761185727667873e-01
5.250000000000000e-01 9.253059484964714e-01 1.679798466313357e-01
5.300000000000000e-01 9.489742642302165e-01 1.599460558191911e-01
5.350000000000000e-01 9.732357197708378e-01 1.520581688425359e-01
5.400000000000000e-01 9.981054793178262e-01 1.443559609362204e-01
5.450000000000000e-01 1.023599087280478e+00 1.368763928760440e-01
5.500000000000000e-01 1.049732477993657e+00 1.296520171185367e-01
5.550000000000000e-01 1.076521985677273e+00 1.227095863181458e-01
5.600000000000001e-01 1.103984354645701e+00 1.160690253695158e-01
5.650000000000001e-01 1.132136749773522e+00 1.097428797771505e-01
5.700000000000001e-01 1.160996767224129e+00 1.037362813143019e-01
5.750000000000001e-01 1.190582445447902e+00 9.804739545027240e-02
5.800000000000000e-01 1.220912276456826e+00 9.266825328691730e-02
5.850000000000000e-01 1.252005217382601e+00 8.758583638560814e-02
5.900000000000000e-01 1.283880702325469e+00 8.278327829040301e-02
5.950000000000000e-01 1.316558654501151e+00 7.824106535483681e-02
6.000000000000000e-01 1.350059498693518e+00 7.393815095636504e-02
6.050000000000000e-01 1.384404174020732e+00 6.985293103461702e-02
6.100000000000000e-01 1.419614147022888e+00 6.596405806495843e-02
6.150000000000000e-01 1.455711425079295e+00 6.225109187830665e-02
6.200000000000000e-01 1.492718570163803e+00 5.869499894939516e-02
6.250000000000000e-01 1.530658712946775e+00 5.527851834291403e-02
6.300000000000000e-01 1.569555567252506e+00 5.198641440833659e-02
6.350000000000000e-01 1.609433444881138e+00 4.880563538030486e-02
6.400000000000000e-01 1.650317270804325e+00 4.572539466812959e-02
6.450000000000000e-01 1.692232598744148e+00 4.273718872966337e-02
6.500000000000000e-01 1.735205627145031e+00 3.983476255668671e-02
6.550000000000000e-01 1.779263215548615e+00 3.701403121268218e-02
6.600000000000000e-01 1.824432901381847e+00 3.427296365474287e-02
6.650000000000000e-01 1.870742917168772e+00 3.161143325128717e-02
6.700000000000000e-01 1.918222208176775e+00 2.903103796250912e-02
6.750000000000000e-01 1.966900450508319e+00 2.653489207747753e-02
6.800000000000000e-01 2.016808069649473e+00 2.412739072525761e-02
6.850000000000001e-01 2.067976259486829e+00 2.181394815397112e-02
6.900000000000001e-01 2.120437001804702e+00 1.960071108051267e-02
6.950000000000001e-01 2.174223086274785e+00 1.749424933519463e-02
7.000000000000001e-01 2.229368130950753e+00 1.550122761014229e-02
7.050000000000000e-01 2.285906603280654e+00 1.362806434932622e-02
7.100000000000000e-01 2.343873841650178e+00 1.188058656565620e-02
7.150000000000000e-01 2.403306077470301e+00 1.026369237397215e-02
7.200000000000000e-01 2.464240457823092e+00 8.781035882268902e-03
7.250000000000000e-01 2.526715068679855e+00 7.434751265700049e-03
7.300000000000000e-01 2.590768958706095e+00 6.225233789908280e-03
7.350000000000000e-01 2.656442163668210e+00 5.150994739752166e-03
7.400000000000000e-01 2.723775731457148e+00 4.208604313465023e-03
7.450000000000000e-01 2.792811747744667e+00 3.392731518564252e-03
7.500000000000000e-01 2.863593362288260e+00 2.696283271131411e-03
7.550000000000000e-01 2.936164815901156e+00 2.110636927774542e-03
7.600000000000000e-01 3.010571468104263e+00 1.625952318555213e-03
7.650000000000000e-01 3.086859825477351e+00 1.231542076317801e-03
7.700000000000000e-01 3.165077570727174e+00 9.162736951429723e-04
7.750000000000000e-01 3.245273592490716e+00 6.689740859691357e-04
7.800000000000000e-01 3.327498015892184e+00 4.788078457793469e-04
7.850000000000000e-01 3.411802233872832e+00 3.356039864512656e-04
7.900000000000000e-01 3.498238939313234e+00 2.301120038977476e-04
7.950000000000000e-01 3.586862157968046e+00 1.541760610921990e-04
8.000000000000000e-01 3.677727282233856e+00 1.008246289710374e-04
8.050000000000000e-01 3.770891105771243e+00 6.428103585069943e-05
8.100000000000001e-01 3.866411859002656e+00 3.990700280855999e-05
8.150000000000001e-01 3.964349245508326e+00 2.409566155751970e-05
8.200000000000001e-01 4.064764479342956e+00 1.413243141793922e-05
8.250000000000001e-01 4.167720323296481e+00 8.041568550211669e-06
8.300000000000001e-01 4.273281128122877e+00 4.433660920985174e-06
8.350000000000000e-01 4.381512872761445e+00 2.365539575024998e-06
8.400000000000000e-01 4.492483205575838e+00 1.219805023892313e-06
8.450000000000000e-01 4.606261486636447e+00 6.071413895222291e-07
8.500000000000000e-01 4.722918831072739e+00 2.913250661222083e-07
8.550000000000000e-01 4.842528153522501e+00 1.345887615918180e-07
8.600000000000000e-01 4.965164213705875e+00 5.979218584680113e-08
8.650000000000000e-01 5.090903663152626e+00 2.551270085905488e-08
8.700000000000000e-01 5.219825093111814e+00 1.044308806962372e-08
8.750000000000000e-01 5.352009083673925e+00 4.096009946930500e-09
8.800000000000000e-01 5.487538254136007e+00 1.537690940973997e-09
8.850000000000000e-01 5.626497314641444e+00 5.519366512162793e-10
8.900000000000000e-01 5.768973119126561e+00 1.892254548249761e-10
8.950000000000000e-01 5.915054719607133e+00 6.190445865025455e-11
9.000000000000000e-01 6.064833421838831e+00 1.930740529750867e-11
9.050000000000000e-01 6.218402842386253e+00 5.736146666361664e-12
9.100000000000000e-01 6.375858967136348e+00 1.622086782661371e-12
9.150000000000000e-01 6.537300211292723e+00 4.362926844942562e-13
9.200000000000000e-01 6.702827480888332e+00 1.115460656877997e-13
9.250000000000000e-01 6.872544235855034e+00 2.709291985710916e-14
9.300000000000000e-01 7.046556554689444e+00 6.248353841329929e-15
9.350000000000001e-01 7.224973200755413e+00 1.367718274636413e-15
9.400000000000001e-01 7.407905690264673e+00 2.840477020985088e-16
9.450000000000001e-01 7.595468361978146e+00 5.595261878519645e-17
9.500000000000001e-01 7.787778448671316e+00 1.045159232443781e-17
9.550000000000001e-01 7.984956150408610e+00 1.850981379363374e-18
9.600000000000000e-01 8.187124709672272e+00 3.107625409643452e-19
9.650000000000000e-01 8.394410488393007e+00 4.945783558937179e-20
9.700000000000000e-01 8.606943046930221e+00 7.461324077536611e-21
9.750000000000000e-01 8.824855225051540e+00 1.067052172249009e-21
9.800000000000000e-01 9.048283224961922e+00 1.446696007567993e-22
9.850000000000000e-01 9.277366696434507e+00 1.859713823996315e-23
9.900000000000000e-01 9.512248824096272e+00 2.265261688248541e-24
9.950000000000000e-01 9.753076416923058e+00 2.784467226174435e-25
1.000000000000000e+00 1.000000000000000e+01 -1.024322874765166e-25
