0.000000000000000e+00 0.000000000000000e+00 3.628671253172450e-01
5.000000000000000e-03 3.369477419287315e-03 3.628596033836140e-01
1.000000000000000e-02 6.741060871647481e-03 3.628475439918794e-01
1.500000000000000e-02 1.011685770649257e-02 3.628218824673388e-01
2.000000000000000e-02 1.349897790673588e-02 3.627902438716326e-01
2.500000000000000e-02 1.688953540759990e-02 3.627421748056742e-01
3.000000000000000e-02 2.029064941789469e-02 3.626852630122697e-01
3.500000000000000e-02 2.370444574459234e-02 3.626153390006245e-01
4.000000000000000e-02 2.713305812152553e-02 3.625355333464448e-01
4.500000000000000e-02 3.057862954304063e-02 3.624421572408668e-01
5.000000000000000e-02 3.404331360343898e-02 3.623385772900067e-01
5.500000000000000e-02 3.752927584304335e-02 3.622216415256457e-01
6.000000000000000e-02 4.103869510173117e-02 3.620931349957054e-01
6.500000000000000e-02 4.457376488078044e-02 3.619509216632206e-01
7.000000000000001e-02 4.813669471387935e-02 3.617968192796956e-01
7.500000000000000e-02 5.172971154815675e-02 3.616282469237209e-01
8.000000000000000e-02 5.535506113609672e-02 3.614464592235306e-01
8.500000000000001e-02 5.901500943920686e-02 3.612497750027512e-01
9.000000000000000e-02 6.271184404431801e-02 3.610390491405258e-01
9.500000000000000e-02 6.644787559340060e-02 3.608121737023069e-01
1.000000000000000e-01 7.022543922779090e-02 3.605700658149281e-01
1.050000000000000e-01 7.404689604773053e-02 3.603110216992339e-01
1.100000000000000e-01 7.791463458813094e-02 3.600352986531690e-01
1.150000000000000e-01 8.183107231148547e-02 3.597411633510799e-01
1.200000000000000e-01 8.579865711886202e-02 3.594291297569089e-01
1.250000000000000e-01 8.981986887992111e-02 3.590973381424269e-01
1.300000000000000e-01 9.389722098291493e-02 3.587457045531488e-01
1.350000000000000e-01 9.803326190563690e-02 3.583726581985275e-01
1.400000000000000e-01 1.022305768083033e-01 3.579782403172952e-01
1.450000000000000e-01 1.064917891493625e-01 3.575604663733536e-01
1.500000000000000e-01 1.108195623252418e-01 3.571190008343250e-01
1.550000000000000e-01 1.152166013350572e-01 3.566522188811520e-01
1.600000000000000e-01 1.196856544713255e-01 3.561596974717810e-01
1.650000000000000e-01 1.242295150377370e-01 3.556393445103353e-01
1.700000000000000e-01 1.288510230950609e-01 3.550905385552618e-01
1.750000000000000e-01 1.335530672362758e-01 3.545114647527760e-01
1.800000000000000e-01 1.383385863920344e-01 3.539012740360412e-01
1.850000000000000e-01 1.432105716675912e-01 3.532577121213963e-01
1.900000000000000e-01 1.481720682123397e-01 3.525797914478408e-01
1.950000000000000e-01 1.532261771231311e-01 3.518654361767423e-01
2.000000000000000e-01 1.583760573825595e-01 3.511133906602994e-01
2.050000000000000e-01 1.636249278334301e-01 3.503211395619726e-01
2.100000000000000e-01 1.689760691906397e-01 3.494872351926974e-01
2.150000000000000e-01 1.744328260917313e-01 3.486092804864639e-01
2.200000000000000e-01 1.799986091874004e-01 3.476856062193615e-01
2.250000000000000e-01 1.856768972732633e-01 3.467133378728007e-01
2.300000000000000e-01 1.914712394642179e-01 3.456904620076297e-01
2.350000000000000e-01 1.973852574127551e-01 3.446141519201634e-01
2.400000000000000e-01 2.034226475726105e-01 3.434822724131633e-01
2.450000000000000e-01 2.095871835091678e-01 3.422915413367846e-01
2.500000000000000e-01 2.158827182580599e-01 3.410393147570370e-01
2.550000000000000e-01 2.223131867334419e-01 3.397221327843653e-01
2.600000000000000e-01 2.288826081874405e-01 3.383371930226688e-01
2.650000000000000e-01 2.355950887223172e-01 3.368807775230812e-01
2.700000000000000e-01 2.424548238569160e-01 3.353496666932390e-01
2.750000000000000e-01 2.494661011489995e-01 3.337396168994625e-01
2.800000000000000e-01 2.566333028751116e-01 3.320468910431805e-01
2.850000000000000e-01 2.639609087696434e-01 3.302670137219533e-01
2.900000000000000e-01 2.714534988248126e-01 3.283959257257373e-01
2.950000000000000e-01 2.791157561533084e-01 3.264287125348458e-01
3.000000000000000e-01 2.869524699153886e-01 3.243608554289408e-01
3.050000000000000e-01 2.949685383122613e-01 3.221867854931481e-01
3.100000000000000e-01 3.031689716476197e-01 3.199013097985787e-01
3.150000000000000e-01 3.115588954592450e-01 3.174983147808121e-01
3.200000000000000e-01 3.201435537226349e-01 3.149718369607205e-01
3.250000000000000e-01 3.289283121286580e-01 3.123152345897245e-01
3.300000000000000e-01 3.379186614372866e-01 3.095217100605990e-01
3.350000000000000e-01 3.471202209094989e-01 3.065839184099469e-01
3.400000000000000e-01 3.565387418195016e-01 3.034941279882858e-01
3.450000000000000e-01 3.661801110494620e-01 3.002440586473795e-01
3.500000000000000e-01 3.760503547690021e-01 2.968248835768273e-01
3.550000000000000e-01 3.861556422017504e-01 2.932271379319339e-01
3.600000000000000e-01 3.965022894813072e-01 2.894406560277425e-01
3.650000000000000e-01 4.070967635990345e-01 2.854544760514018e-01
3.700000000000000e-01 4.179456864461349e-01 2.812567334407326e-01
3.750000000000000e-01 4.290558389525505e-01 2.768345273270009e-01
3.800000000000000e-01 4.404341653252637e-01 2.721737574623152e-01
3.850000000000000e-01 4.520877773886537e-01 2.672589211345667e-01
3.900000000000000e-01 4.640239590296172e-01 2.620728585347714e-01
3.950000000000000e-01 4.762501707502353e-01 2.565964298004319e-01
4.000000000000000e-01 4.887740543308307e-01 2.508081007222914e-01
4.050000000000000e-01 5.016034376063282e-01 2.446834044468665e-01
4.100000000000000e-01 5.147463393589066e-01 2.381942321209701e-01
4.150000000000000e-01 5.282109743299990e-01 2.313078831854121e-01
4.200000000000000e-01 5.420057583547735e-01 2.239857707991998e-01
4.250000000000000e-01 5.561393136223041e-01 2.161816203113745e-01
4.300000000000000e-01 5.706204740647189e-01 2.078389012691494e-01
4.350000000000000e-01 5.854582908786964e-01 1.988870616827522e-01
4.400000000000000e-01 6.006620381827575e-01 1.892358155800437e-01
4.450000000000000e-01 6.162412188138907e-01 1.787661128085684e-01
4.500000000000000e-01 6.322055702671360e-01 1.673151146045989e-01
4.550000000000000e-01 6.485650707818353e-01 1.546495133615707e-01
4.600000000000000e-01 6.653299455783577e-01 1.404139205220977e-01
4.650000000000000e-01 6.825106732491932e-01 1.240186237327181e-01
4.700000000000000e-01 7.001179923084168e-01 1.043508520182182e-01
4.750000000000000e-01 7.181629079036070e-01 7.882581924943456e-02
4.800000000000000e-01 7.366566986944229e-01 3.949221405961722e-02
4.850000000000000e-01 7.556109239021327e-01 -1.697110531239382e-02
4.900000000000000e-01 7.750374305345038e-01 -1.462394853015978e-02
4.950000000000000e-01 7.949483607905672e-01 -1.507730134257090e-02
5.000000000000000e-01 8.153561596498893e-01 -1.988427774538939e-02
5.050000000000000e-01 8.362735826510871e-01 -1.358156388791289e-02
5.100000000000000e-01 8.577137038644561e-01 -2.074457284343571e-02
5.150000000000000e-01 8.796899240636907e-01 -1.294022992857508e-02
5.200000000000000e-01 9.022159791018011e-01 -2.005821062489565e-02
5.250000000000000e-01 9.253059484964714e-01 -1.282609496232058e-02
5.300000000000000e-01 9.489742642302165e-01 -1.869912003913023e-02
5.350000000000000e-01 9.732357197708378e-01 -1.295431807731421e-02
5.400000000000000e-01 9.981054793178262e-01 -1.709253778123263e-02
5.450000000000000e-01 1.023599087280478e+00 -1.311429736753702e-02
5.500000000000000e-01 1.049732477993657e+00 -1.548326092498090e-02
5.550000000000000e-01 1.076521985677273e+00 -1.316265011545269e-02
5.600000000000001e-01 1.103984354645701e+00 -1.401299833598352e-02
5.650000000000001e-01 1.132136749773522e+00 -1.301549368637688e-02
5.700000000000001e-01 1.160996767224129e+00 -1.275063603889376e-02
5.750000000000001e-01 1.190582445447902e+00 -1.264125548912950e-02
5.800000000000000e-01 1.220912276456826e+00 -1.170885419959520e-02
5.850000000000000e-01 1.252005217382601e+00 -1.205214892274636e-02
5.900000000000000e-01 1.283880702325469e+00 -1.085783864587455e-02
5.950000000000000e-01 1.316558654501151e+00 -1.129286640909188e-02
6.000000000000000e-01 1.350059498693518e+00 -1.014002250646909e-02
6.050000000000000e-01 1.384404174020732e+00 -1.042615442821215e-02
6.100000000000000e-01 1.419614147022888e+00 -9.486610965960538e-03
6.150000000000000e-01 1.455711425079295e+00 -9.516448539958772e-03
6.200000000000000e-01 1.492718570163803e+00 -8.834355167291993e-03
6.250000000000000e-01 1.530658712946775e+00 -8.614395675488190e-03
6.300000000000000e-01 1.569555567252506e+00 -8.139283323196656e-03
6.350000000000000e-01 1.609433444881138e+00 -7.746242551273822e-03
6.400000000000000e-01 1.650317270804325e+00 -7.383445226531196e-03
6.450000000000000e-01 1.692232598744148e+00 -6.911749078600889e-03
6.500000000000000e-01 1.735205627145031e+00 -6.572086975054401e-03
6.550000000000000e-01 1.779263215548615e+00 -6.091671099034488e-03
6.600000000000000e-01 1.824432901381847e+00 -5.722397108187313e-03
6.650000000000000e-01 1.870742917168772e+00 -5.261311766929534e-03
6.700000000000000e-01 1.918222208176775e+00 -4.849647874375787e-03
6.750000000000000e-01 1.966900450508319e+00 -4.402720874328295e-03
6.800000000000000e-01 2.016808069649473e+00 -3.958626243431940e-03
6.850000000000001e-01 2.067976259486829e+00 -3.508796328629659e-03
6.900000000000001e-01 2.120437001804702e+00 -3.044412536756078e-03
6.950000000000001e-01 2.174223086274785e+00 -2.579022731274722e-03
7.000000000000001e-01 2.229368130950753e+00 -2.098903139374685e-03
7.050000000000000e-01 2.285906603280654e+00 -1.613225198944718e-03
7.100000000000000e-01 2.343873841650178e+00 -1.115899402747450e-03
7.150000000000000e-01 2.403306077470301e+00 -6.091292576275873e-04
7.200000000000000e-01 2.464240457823092e+00 -9.181150605582240e-05
7.250000000000000e-01 2.526715068679855e+00 4.364663538860662e-04
7.300000000000000e-01 2.590768958706095e+00 9.756041216190206e-04
7.350000000000000e-01 2.656442163668210e+00 1.526090001363746e-03
7.400000000000000e-01 2.723775731457148e+00 2.087838139309748e-03
7.450000000000000e-01 2.792811747744667e+00 2.660954019708500e-03
7.500000000000000e-01 2.863593362288260e+00 3.245317401096652e-03
7.550000000000000e-01 2.936164815901156e+00 3.840725942812268e-03
7.600000000000000e-01 3.010571468104263e+00 4.446835076831256e-03
7.650000000000000e-01 3.086859825477351e+00 5.063132017207302e-03
7.700000000000000e-01 3.165077570727174e+00 5.688919304423382e-03
7.750000000000000e-01 3.245273592490716e+00 6.323274097940039e-03
7.800000000000000e-01 3.327498015892184e+00 6.965014265011997e-03
7.850000000000000e-01 3.411802233872832e+00 7.612652515670938e-03
7.900000000000000e-01 3.498238939313234e+00 8.264345767528856e-03
7.950000000000000e-01 3.586862157968046e+00 8.917836484928316e-03
8.000000000000000e-01 3.677727282233856e+00 9.570386167529983e-03
8.050000000000000e-01 3.770891105771243e+00 1.021870073810106e-02
8.100000000000001e-01 3.866411859002656e+00 1.085884740452575e-02
8.150000000000001e-01 3.964349245508326e+00 1.148616368642744e-02
8.200000000000001e-01 4.064764479342956e+00 1.209516063423833e-02
8.250000000000001e-01 4.167720323296481e+00 1.267942291993291e-02
8.300000000000001e-01 4.273281128122877e+00 1.323151030204537e-02
8.350000000000000e-01 4.381512872761445e+00 1.374287011911989e-02
8.400000000000000e-01 4.492483205575838e+00 1.420377547019602e-02
8.450000000000000e-01 4.606261486636447e+00 1.460330656939917e-02
8.500000000000000e-01 4.722918831072739e+00 1.492940055221610e-02
8.550000000000000e-01 4.842528153522501e+00 1.516901019536006e-02
8.600000000000000e-01 4.965164213705875e+00 1.530841812373938e-02
8.650000000000000e-01 5.090903663152626e+00 1.533373620301911e-02
8.700000000000000e-01 5.219825093111814e+00 1.523159653908190e-02
8.750000000000000e-01 5.352009083673925e+00 1.499003334351105e-02
8.800000000000000e-01 5.487538254136007e+00 1.459954394585725e-02
8.850000000000000e-01 5.626497314641444e+00 1.405426204370640e-02
8.900000000000000e-01 5.768973119126561e+00 1.335310237132738e-02
8.950000000000000e-01 5.915054719607133e+00 1.250074651831974e-02
9.000000000000000e-01 6.064833421838831e+00 1.150848212405102e-02
9.050000000000000e-01 6.218402842386253e+00 1.039504336791051e-02
9.100000000000000e-01 6.375858967136348e+00 9.187486729266076e-03
9.150000000000000e-01 6.537300211292723e+00 7.921701132643472e-03
9.200000000000000e-01 6.702827480888332e+00 6.641680191568932e-03
9.250000000000000e-01 6.872544235855034e+00 5.396658313015210e-03
9.300000000000000e-01 7.046556554689444e+00 4.235896098075449e-03
9.350000000000001e-01 7.224973200755413e+00 3.202039233472839e-03
9.400000000000001e-01 7.407905690264673e+00 2.324907228895081e-03
9.450000000000001e-01 7.595468361978146e+00 1.617686164638797e-03
9.500000000000001e-01 7.787778448671316e+00 1.076680401848454e-03
9.550000000000001e-01 7.984956150408610e+00 6.844666196275517e-04
9.600000000000000e-01 8.187124709672272e+00 4.151610174216755e-04
9.650000000000000e-01 8.394410488393007e+00 2.400741557743993e-04
9.700000000000000e-01 8.606943046930221e+00 1.322835450080666e-04
9.750000000000000e-01 8.824855225051540e+00 6.944075367241419e-05
9.800000000000000e-01 9.048283224961922e+00 3.470836456274736e-05
9.850000000000000e-01 9.277366696434507e+00 1.655299253444359e-05
9.900000000000000e-01 9.512248824096272e+00 7.468912109447568e-06
9.950000000000000e-01 9.753076416923058e+00 3.339641132623975e-06
1.000000000000000e+00 1.000000000000000e+01 1.159325544220315e-06
