0.000000000000000e+00 0.000000000000000e+00 3.837429639058009e-01
5.000000000000000e-03 3.369477419287315e-03 3.837359548778274e-01
1.000000000000000e-02 6.741060871647481e-03 3.837278129451573e-01
1.500000000000000e-02 1.011685770649257e-02 3.837033602366697e-01
2.000000000000000e-02 1.349897790673588e-02 3.836721990798202e-01
2.500000000000000e-02 1.688953540759990e-02 3.836261918736174e-01
3.000000000000000e-02 2.029064941789469e-02 3.835720514059534e-01
3.500000000000000e-02 2.370444574459234e-02 3.835050413182222e-01
4.000000000000000e-02 2.713305812152553e-02 3.834284624644873e-01
4.500000000000000e-02 3.057862954304063e-02 3.833391481053437e-01
5.000000000000000e-02 3.404331360343898e-02 3.832400831909975e-01
5.500000000000000e-02 3.752927584304335e-02 3.831280438008014e-01
6.000000000000000e-02 4.103869510173117e-02 3.830050199468867e-01
6.500000000000000e-02 4.457376488078044e-02 3.828689772423382e-01
7.000000000000001e-02 4.813669471387935e-02 3.827214757772588e-01
7.500000000000000e-02 5.172971154815675e-02 3.825600752961051e-01
8.000000000000000e-02 5.535506113609672e-02 3.823861679430837e-01
8.500000000000001e-02 5.901500943920686e-02 3.821980034005337e-01
9.000000000000000e-02 6.271184404431801e-02 3.819963538075449e-01
9.500000000000000e-02 6.644787559340060e-02 3.817792847498611e-01
1.000000000000000e-01 7.022543922779090e-02 3.815477435114319e-01
1.050000000000000e-01 7.404689604773053e-02 3.812999821866029e-01
1.100000000000000e-01 7.791463458813094e-02 3.810362967404617e-01
1.150000000000000e-01 8.183107231148547e-02 3.807550461833017e-01
1.200000000000000e-01 8.579865711886202e-02 3.804567506167851e-01
1.250000000000000e-01 8.981986887992111e-02 3.801395938891801e-01
1.300000000000000e-01 9.389722098291493e-02 3.798035475167588e-01
1.350000000000000e-01 9.803326190563690e-02 3.794470694524498e-01
1.400000000000000e-01 1.022305768083033e-01 3.790702658283657e-01
1.450000000000000e-01 1.064917891493625e-01 3.786712411512199e-01
1.500000000000000e-01 1.108195623252418e-01 3.782496799918212e-01
1.550000000000000e-01 1.152166013350572e-01 3.778039900540749e-01
1.600000000000000e-01 1.196856544713255e-01 3.773338938416913e-01
1.650000000000000e-01 1.242295150377370e-01 3.768373909824382e-01
1.700000000000000e-01 1.288510230950609e-01 3.763138504475967e-01
1.750000000000000e-01 1.335530672362758e-01 3.757615284373250e-01
1.800000000000000e-01 1.383385863920344e-01 3.751797919270088e-01
1.850000000000000e-01 1.432105716675912e-01 3.745664885023082e-01
1.900000000000000e-01 1.481720682123397e-01 3.739206165713835e-01
1.950000000000000e-01 1.532261771231311e-01 3.732401952420262e-01
2.000000000000000e-01 1.583760573825595e-01 3.725242393442103e-01
2.050000000000000e-01 1.636249278334301e-01 3.717704039891309e-01
2.100000000000000e-01 1.689760691906397e-01 3.709772706522974e-01
2.150000000000000e-01 1.744328260917313e-01 3.701425091711152e-01
2.200000000000000e-01 1.799986091874004e-01 3.692647213893241e-01
2.250000000000000e-01 1.856768972732633e-01 3.683413584369212e-01
2.300000000000000e-01 1.914712394642179e-01 3.673706042746963e-01
2.350000000000000e-01 1.973852574127551e-01 3.663496487907491e-01
2.400000000000000e-01 2.034226475726105e-01 3.652765120702057e-01
2.450000000000000e-01 2.095871835091678e-01 3.641483705165232e-01
2.500000000000000e-01 2.158827182580599e-01 3.629630578352107e-01
2.550000000000000e-01 2.223131867334419e-01 3.617173107923159e-01
2.600000000000000e-01 2.288826081874405e-01 3.604085161947909e-01
2.650000000000000e-01 2.355950887223172e-01 3.590332559638609e-01
2.700000000000000e-01 2.424548238569160e-01 3.575887015777803e-01
2.750000000000000e-01 2.494661011489995e-01 3.560712666979697e-01
2.800000000000000e-01 2.566333028751116e-01 3.544779102618628e-01
2.850000000000000e-01 2.639609087696434e-01 3.528045927423507e-01
2.900000000000000e-01 2.714534988248126e-01 3.510478571554396e-01
2.950000000000000e-01 2.791157561533084e-01 3.492033199608708e-01
3.000000000000000e-01 2.869524699153886e-01 3.472670248469115e-01
3.050000000000000e-01 2.949685383122613e-01 3.452343945591773e-01
3.100000000000000e-01 3.031689716476197e-01 3.431009839887145e-01
3.150000000000000e-01 3.115588954592450e-01 3.408619681672689e-01
3.200000000000000e-01 3.201435537226349e-01 3.385124311134730e-01
3.250000000000000e-01 3.289283121286580e-01 3.360471825879329e-01
3.300000000000000e-01 3.379186614372866e-01 3.334608362099414e-01
3.350000000000000e-01 3.471202209094989e-01 3.307477562494729e-01
3.400000000000000e-01 3.565387418195016e-01 3.279020686871485e-01
3.450000000000000e-01 3.661801110494620e-01 3.249176436320256e-01
3.500000000000000e-01 3.760503547690021e-01 3.217880896170690e-01
3.550000000000000e-01 3.861556422017504e-01 3.185067425206846e-01
3.600000000000000e-01 3.965022894813072e-01 3.150666558242644e-01
3.650000000000000e-01 4.070967635990345e-01 3.114605896563426e-01
3.700000000000000e-01 4.179456864461349e-01 3.076809995581365e-01
3.750000000000000e-01 4.290558389525505e-01 3.037200247255388e-01
3.800000000000000e-01 4.404341653252637e-01 2.995694759581840e-01
3.850000000000000e-01 4.520877773886537e-01 2.952208235237581e-01
3.900000000000000e-01 4.640239590296172e-01 2.906651853641108e-01
3.950000000000000e-01 4.762501707502353e-01 2.858933163375894e-01
4.000000000000000e-01 4.887740543308307e-01 2.808955996293737e-01
4.050000000000000e-01 5.016034376063282e-01 2.756620421269302e-01
4.100000000000000e-01 5.147463393589066e-01 2.701822765752644e-01
4.150000000000000e-01 5.282109743299990e-01 2.644455748744363e-01
4.200000000000000e-01 5.420057583547735e-01 2.584408792322561e-01
4.250000000000000e-01 5.561393136223041e-01 2.521568614480222e-01
4.300000000000000e-01 5.706204740647189e-01 2.455820259942657e-01
4.350000000000000e-01 5.854582908786964e-01 2.387048806958245e-01
4.400000000000000e-01 6.006620381827575e-01 2.315142110062276e-01
4.450000000000000e-01 6.162412188138907e-01 2.239995120076129e-01
4.500000000000000e-01 6.322055702671360e-01 2.161516587350877e-01
4.550000000000000e-01 6.485650707818353e-01 2.079639329651219e-01
4.600000000000000e-01 6.653299455783577e-01 1.994335750974990e-01
4.650000000000000e-01 6.825106732491932e-01 1.905640911250656e-01
4.700000000000000e-01 7.001179923084168e-01 1.813686035451161e-01
4.750000000000000e-01 7.181629079036070e-01 1.718745519786546e-01
4.800000000000000e-01 7.366566986944229e-01 1.621299345460333e-01
4.850000000000000e-01 7.556109239021327e-01 1.522108695888574e-01
4.900000000000000e-01 7.750374305345038e-01 1.422293238319698e-01
4.950000000000000e-01 7.949483607905672e-01 1.323382705195895e-01
5.000000000000000e-01 8.153561596498893e-01 1.227297081908377e-01
5.050000000000000e-01 8.362735826510871e-01 1.136203801704569e-01
5.100000000000000e-01 8.577137038644561e-01 1.052230883349483e-01
5.150000000000000e-01 8.796899240636907e-01 9.770919055244745e-02
5.200000000000000e-01 9.022159791018011e-01 9.117624059551106e-02
5.250000000000000e-01 9.253059484964714e-01 8.563560125234182e-02
5.300000000000000e-01 9.489742642302165e-01 8.102456179201592e-02
5.350000000000000e-01 9.732357197708378e-01 7.723382838983468e-02
5.400000000000000e-01 9.981054793178262e-01 7.413596760855987e-02
5.450000000000000e-01 1.023599087280478e+00 7.160555329462344e-02
5.500000000000000e-01 1.049732477993657e+00 6.952968557672613e-02
5.550000000000000e-01 1.076521985677273e+00 6.781171522701963e-02
5.600000000000001e-01 1.103984354645701e+00 6.637128169908392e-02
5.650000000000001e-01 1.132136749773522e+00 6.514270095491990e-02
5.700000000000001e-01 1.160996767224129e+00 6.407280624860649e-02
5.750000000000001e-01 1.190582445447902e+00 6.311878168097805e-02
5.800000000000000e-01 1.220912276456826e+00 6.224621722574041e-02
5.850000000000000e-01 1.252005217382601e+00 6.142745535078672e-02
5.900000000000000e-01 1.283880702325469e+00 6.064022713127017e-02
5.950000000000000e-01 1.316558654501151e+00 5.986654709900658e-02
6.000000000000000e-01 1.350059498693518e+00 5.909182793166330e-02
6.050000000000000e-01 1.384404174020732e+00 5.830417706639330e-02
6.100000000000000e-01 1.419614147022888e+00 5.749384179684251e-02
6.150000000000000e-01 1.455711425079295e+00 5.665277473890112e-02
6.200000000000000e-01 1.492718570163803e+00 5.577429660903328e-02
6.250000000000000e-01 1.530658712946775e+00 5.485283764364806e-02
6.300000000000000e-01 1.569555567252506e+00 5.388374261670800e-02
6.350000000000000e-01 1.609433444881138e+00 5.286312734035328e-02
6.400000000000000e-01 1.650317270804325e+00 5.178777686190889e-02
6.450000000000000e-01 1.692232598744148e+00 5.065507740943707e-02
6.500000000000000e-01 1.735205627145031e+00 4.946297558727527e-02
6.550000000000000e-01 1.779263215548615e+00 4.820995946866093e-02
6.600000000000000e-01 1.824432901381847e+00 4.689505714545144e-02
6.650000000000000e-01 1.870742917168772e+00 4.551784903172326e-02
6.700000000000000e-01 1.918222208176775e+00 4.407849082229577e-02
6.750000000000000e-01 1.966900450508319e+00 4.257774451022617e-02
6.800000000000000e-01 2.016808069649473e+00 4.101701528842329e-02
6.850000000000001e-01 2.067976259486829e+00 3.939839250710141e-02
6.900000000000001e-01 2.120437001804702e+00 3.772469312623148e-02
6.950000000000001e-01 2.174223086274785e+00 3.599950627402571e-02
7.000000000000001e-01 2.229368130950753e+00 3.422723757133178e-02
7.050000000000000e-01 2.285906603280654e+00 3.241315177084458e-02
7.100000000000000e-01 2.343873841650178e+00 3.056341194634940e-02
7.150000000000000e-01 2.403306077470301e+00 2.868511290669026e-02
7.200000000000000e-01 2.464240457823092e+00 2.678630566439104e-02
7.250000000000000e-01 2.526715068679855e+00 2.487600864074116e-02
7.300000000000000e-01 2.590768958706095e+00 2.296419985430816e-02
7.350000000000000e-01 2.656442163668210e+00 2.106178269539963e-02
7.400000000000000e-01 2.723775731457148e+00 1.918051620550376e-02
7.450000000000000e-01 2.792811747744667e+00 1.733289936044044e-02
7.500000000000000e-01 2.863593362288260e+00 1.553199816641773e-02
7.550000000000000e-01 2.936164815901156e+00 1.379120505979538e-02
7.600000000000000e-01 3.010571468104263e+00 1.212392291379149e-02
7.650000000000000e-01 3.086859825477351e+00 1.054317162369634e-02
7.700000000000000e-01 3.165077570727174e+00 9.061124181596001e-03
7.750000000000000e-01 3.245273592490716e+00 7.688591105272677e-03
7.800000000000000e-01 3.327498015892184e+00 6.434485791620546e-03
7.850000000000000e-01 3.411802233872832e+00 5.305316435566508e-03
7.900000000000000e-01 3.498238939313234e+00 4.304759353480694e-03
7.950000000000000e-01 3.586862157968046e+00 3.433370517289530e-03
8.000000000000000e-01 3.677727282233856e+00 2.688484405760623e-03
8.050000000000000e-01 3.770891105771243e+00 2.064331410968858e-03
8.100000000000001e-01 3.866411859002656e+00 1.552379002699159e-03
8.150000000000001e-01 3.964349245508326e+00 1.141871988736001e-03
8.200000000000001e-01 4.064764479342956e+00 8.205192555702009e-04
8.250000000000001e-01 4.167720323296481e+00 5.752540470377088e-04
8.300000000000001e-01 4.273281128122877e+00 3.929863448612131e-04
8.350000000000000e-01 4.381512872761445e+00 2.612708704613150e-04
8.400000000000000e-01 4.492483205575838e+00 1.688312754399081e-04
8.450000000000000e-01 4.606261486636447e+00 1.059063077250093e-04
8.500000000000000e-01 4.722918831072739e+00 6.441170103570707e-05
8.550000000000000e-01 4.842528153522501e+00 3.793669076669915e-05
8.600000000000000e-01 4.965164213705875e+00 2.161208269071907e-05
8.650000000000000e-01 5.090903663152626e+00 1.189549010685791e-05
8.700000000000000e-01 5.219825093111814e+00 6.318878600456817e-06
8.750000000000000e-01 5.352009083673925e+00 3.236028246479232e-06
8.800000000000000e-01 5.487538254136007e+00 1.596109982825509e-06
8.850000000000000e-01 5.626497314641444e+00 7.574910127585472e-07
8.900000000000000e-01 5.768973119126561e+00 3.455936484295171e-07
8.950000000000000e-01 5.915054719607133e+00 1.514472603683634e-07
9.000000000000000e-01 6.064833421838831e+00 6.369762925031492e-08
9.050000000000000e-01 6.218402842386253e+00 2.569421657017415e-08
9.100000000000000e-01 6.375858967136348e+00 9.933613180279052e-09
9.150000000000000e-01 6.537300211292723e+00 3.678524142833535e-09
9.200000000000000e-01 6.702827480888332e+00 1.304049703348311e-09
9.250000000000000e-01 6.872544235855034e+00 4.423366203272371e-10
9.300000000000000e-01 7.046556554689444e+00 1.435018851643867e-10
9.350000000000001e-01 7.224973200755413e+00 4.450808326870595e-11
9.400000000000001e-01 7.407905690264673e+00 1.319317443259548e-11
9.450000000000001e-01 7.595468361978146e+00 3.736477032882440e-12
9.500000000000001e-01 7.787778448671316e+00 1.010813985237025e-12
9.550000000000001e-01 7.984956150408610e+00 2.611488431728307e-13
9.600000000000000e-01 8.187124709672272e+00 6.442323113482222e-14
9.650000000000000e-01 8.394410488393007e+00 1.517331355661955e-14
9.700000000000000e-01 8.606943046930221e+00 3.411639617818966e-15
9.750000000000000e-01 8.824855225051540e+00 7.322612915121092e-16
9.800000000000000e-01 9.048283224961922e+00 1.500294281893470e-16
9.850000000000000e-01 9.277366696434507e+00 2.934478628612553e-17
9.900000000000000e-01 9.512248824096272e+00 5.468155364677752e-18
9.950000000000000e-01 9.753076416923058e+00 1.040983049881060e-18
1.000000000000000e+00 1.000000000000000e+01 -1.632871560355967e-19
