0.000000000000000e+00 0.000000000000000e+00 3.716099845094946e-01
5.000000000000000e-03 3.369477419287315e-03 3.716026874220456e-01
1.000000000000000e-02 6.741060871647481e-03 3.716027903190848e-01
1.500000000000000e-02 1.011685770649257e-02 3.715774098645324e-01
2.000000000000000e-02 1.349897790673588e-02 3.715436353478176e-01
2.500000000000000e-02 1.688953540759990e-02 3.714970024908357e-01
3.000000000000000e-02 2.029064941789469e-02 3.714420395505086e-01
3.500000000000000e-02 2.370444574459234e-02 3.713730755244473e-01
4.000000000000000e-02 2.713305812152553e-02 3.712947349766086e-01
4.500000000000000e-02 3.057862954304063e-02 3.712036330539920e-01
5.000000000000000e-02 3.404331360343898e-02 3.711020395522648e-01
5.500000000000000e-02 3.752927584304335e-02 3.709871853554417e-01
6.000000000000000e-02 4.103869510173117e-02 3.708615459238567e-01
6.500000000000000e-02 4.457376488078044e-02 3.707224097781131e-01
7.000000000000001e-02 4.813669471387935e-02 3.705711615377502e-01
7.500000000000000e-02 5.172971154815675e-02 3.704059587196157e-01
8.000000000000000e-02 5.535506113609672e-02 3.702281743110190e-01
8.500000000000001e-02 5.901500943920686e-02 3.700354931779714e-01
9.000000000000000e-02 6.271184404431801e-02 3.698288934369320e-01
9.500000000000000e-02 6.644787559340060e-02 3.696067990042744e-01
1.000000000000000e-01 7.022543922779090e-02 3.693698237065090e-01
1.050000000000000e-01 7.404689604773053e-02 3.691159892194147e-01
1.100000000000000e-01 7.791463458813094e-02 3.688459698618069e-01
1.150000000000000e-01 8.183107231148547e-02 3.685581355224937e-01
1.200000000000000e-01 8.579865711886202e-02 3.682525877165522e-01
1.250000000000000e-01 8.981986887992111e-02 3.679275956639492e-01
1.300000000000000e-01 9.389722098291493e-02 3.675834818066992e-01
1.350000000000000e-01 9.803326190563690e-02 3.672184627371972e-01
1.400000000000000e-01 1.022305768083033e-01 3.668322905004011e-01
1.450000000000000e-01 1.064917891493625e-01 3.664233229847005e-01
1.500000000000000e-01 1.108195623252418e-01 3.659914851133171e-01
1.550000000000000e-01 1.152166013350572e-01 3.655348372668240e-01
1.600000000000000e-01 1.196856544713255e-01 3.650528328106066e-01
1.650000000000000e-01 1.242295150377370e-01 3.645437602578104e-01
1.700000000000000e-01 1.288510230950609e-01 3.640071435363262e-01
1.750000000000000e-01 1.335530672362758e-01 3.634408780096420e-01
1.800000000000000e-01 1.383385863920344e-01 3.628440877111024e-01
1.850000000000000e-01 1.432105716675912e-01 3.622148732266305e-01
1.900000000000000e-01 1.481720682123397e-01 3.615523686560755e-01
1.950000000000000e-01 1.532261771231311e-01 3.608542645940083e-01
2.000000000000000e-01 1.583760573825595e-01 3.601192898484181e-01
2.050000000000000e-01 1.636249278334301e-01 3.593452575463711e-01
2.100000000000000e-01 1.689760691906397e-01 3.585309029201654e-01
2.150000000000000e-01 1.744328260917313e-01 3.576736668652561e-01
2.200000000000000e-01 1.799986091874004e-01 3.567718219233308e-01
2.250000000000000e-01 1.856768972732633e-01 3.558227708104321e-01
2.300000000000000e-01 1.914712394642179e-01 3.548247758168816e-01
2.350000000000000e-01 1.973852574127551e-01 3.537750009879223e-01
2.400000000000000e-01 2.034226475726105e-01 3.526712617334678e-01
2.450000000000000e-01 2.095871835091678e-01 3.515104092693742e-01
2.500000000000000e-01 2.158827182580599e-01 3.502900499423696e-01
2.550000000000000e-01 2.223131867334419e-01 3.490069754904424e-01
2.600000000000000e-01 2.288826081874405e-01 3.476585617200371e-01
2.650000000000000e-01 2.355950887223172e-01 3.462411140955125e-01
2.700000000000000e-01 2.424548238569160e-01 3.447515091270813e-01
2.750000000000000e-01 2.494661011489995e-01 3.431858247108124e-01
2.800000000000000e-01 2.566333028751116e-01 3.415406543426736e-01
2.850000000000000e-01 2.639609087696434e-01 3.398118361441292e-01
2.900000000000000e-01 2.714534988248126e-01 3.379956713675887e-01
2.950000000000000e-01 2.791157561533084e-01 3.360874653637533e-01
3.000000000000000e-01 2.869524699153886e-01 3.340830136867603e-01
3.050000000000000e-01 2.949685383122613e-01 3.319771672466211e-01
3.100000000000000e-01 3.031689716476197e-01 3.297651153537773e-01
3.150000000000000e-01 3.115588954592450e-01 3.274413766669075e-01
3.200000000000000e-01 3.201435537226349e-01 3.250005163767853e-01
3.250000000000000e-01 3.289283121286580e-01 3.224366414189260e-01
3.300000000000000e-01 3.379186614372866e-01 3.197436718763171e-01
3.350000000000000e-01 3.471202209094989e-01 3.169151485912863e-01
3.400000000000000e-01 3.565387418195016e-01 3.139442965842026e-01
3.450000000000000e-01 3.661801110494620e-01 3.108239551669221e-01
3.500000000000000e-01 3.760503547690021e-01 3.075465697954321e-01
3.550000000000000e-01 3.861556422017504e-01 3.041041511701906e-01
3.600000000000000e-01 3.965022894813072e-01 3.004882422657315e-01
3.650000000000000e-01 4.070967635990345e-01 2.966898744529836e-01
3.700000000000000e-01 4.179456864461349e-01 2.926995185916383e-01
3.750000000000000e-01 4.290558389525505e-01 2.885070268889561e-01
3.800000000000000e-01 4.404341653252637e-01 2.841015647011370e-01
3.850000000000000e-01 4.520877773886537e-01 2.794715296962098e-01
3.900000000000000e-01 4.640239590296172e-01 2.746044557419433e-01
3.950000000000000e-01 4.762501707502353e-01 2.694868981155866e-01
4.000000000000000e-01 4.887740543308307e-01 2.641042959609578e-01
4.050000000000000e-01 5.016034376063282e-01 2.584408070969136e-01
4.100000000000000e-01 5.147463393589066e-01 2.524791094483362e-01
4.150000000000000e-01 5.282109743299990e-01 2.462001626492383e-01
4.200000000000000e-01 5.420057583547735e-01 2.395829230937858e-01
4.250000000000000e-01 5.561393136223041e-01 2.326040065808423e-01
4.300000000000000e-01 5.706204740647189e-01 2.252372961539579e-01
4.350000000000000e-01 5.854582908786964e-01 2.174535017319611e-01
4.400000000000000e-01 6.006620381827575e-01 2.092196986761435e-01
4.450000000000000e-01 6.162412188138907e-01 2.004989168499084e-01
4.500000000000000e-01 6.322055702671360e-01 1.912499451444070e-01
4.550000000000000e-01 6.485650707818353e-01 1.814277099967238e-01
4.600000000000000e-01 6.653299455783577e-01 1.709849818816671e-01
4.650000000000000e-01 6.825106732491932e-01 1.598769525178289e-01
4.700000000000000e-01 7.001179923084168e-01 1.480717183057228e-01
4.750000000000000e-01 7.181629079036070e-01 1.355722034280525e-01
4.800000000000000e-01 7.366566986944229e-01 1.224579990464646e-01
4.850000000000000e-01 7.556109239021327e-01 1.089546325156904e-01
4.900000000000000e-01 7.750374305345038e-01 9.551936742215622e-02
4.950000000000000e-01 7.949483607905672e-01 8.287830904624566e-02
5.000000000000000e-01 8.153561596498893e-01 7.188844453675794e-02
5.050000000000000e-01 8.362735826510871e-01 6.317949340467992e-02
5.100000000000000e-01 8.577137038644561e-01 5.682724313419511e-02
5.150000000000000e-01 8.796899240636907e-01 5.241162941087639e-02
5.200000000000000e-01 9.022159791018011e-01 4.937717221529366e-02
5.250000000000000e-01 9.253059484964714e-01 4.728766951435348e-02
5.300000000000000e-01 9.489742642302165e-01 4.584904463764535e-02
5.350000000000000e-01 9.732357197708378e-01 4.486051366929688e-02
5.400000000000000e-01 9.981054793178262e-01 4.418524725275569e-02
5.450000000000000e-01 1.023599087280478e+00 4.373083558726139e-02
5.500000000000000e-01 1.049732477993657e+00 4.343357341017394e-02
5.550000000000000e-01 1.076521985677273e+00 4.324881159637409e-02
5.600000000000001e-01 1.103984354645701e+00 4.314485917123342e-02
5.650000000000001e-01 1.132136749773522e+00 4.309876183738040e-02
5.700000000000001e-01 1.160996767224129e+00 4.309355161430355e-02
5.750000000000001e-01 1.190582445447902e+00 4.311641277358830e-02
5.800000000000000e-01 1.220912276456826e+00 4.315741900583864e-02
5.850000000000000e-01 1.252005217382601e+00 4.320867073207104e-02
5.900000000000000e-01 1.283880702325469e+00 4.326369606402147e-02
5.950000000000000e-01 1.316558654501151e+00 4.331702914212815e-02
6.000000000000000e-01 1.350059498693518e+00 4.336391162859456e-02
6.050000000000000e-01 1.384404174020732e+00 4.340007908839431e-02
6.100000000000000e-01 1.419614147022888e+00 4.342160684221628e-02
6.150000000000000e-01 1.455711425079295e+00 4.342479807745115e-02
6.200000000000000e-01 1.492718570163803e+00 4.340610230257019e-02
6.250000000000000e-01 1.530658712946775e+00 4.336205599339365e-02
6.300000000000000e-01 1.569555567252506e+00 4.328923983333076e-02
6.350000000000000e-01 1.609433444881138e+00 4.318424872841833e-02
6.400000000000000e-01 1.650317270804325e+00 4.304367204384302e-02
6.450000000000000e-01 1.692232598744148e+00 4.286408241373199e-02
6.500000000000000e-01 1.735205627145031e+00 4.264203213356203e-02
6.550000000000000e-01 1.779263215548615e+00 4.237405662620884e-02
6.600000000000000e-01 1.824432901381847e+00 4.205668482455589e-02
6.650000000000000e-01 1.870742917168772e+00 4.168645656478783e-02
6.700000000000000e-01 1.918222208176775e+00 4.125994725180240e-02
6.750000000000000e-01 1.966900450508319e+00 4.077380015003721e-02
6.800000000000000e-01 2.016808069649473e+00 4.022476667288492e-02
6.850000000000001e-01 2.067976259486829e+00 3.960975499285643e-02
6.900000000000001e-01 2.120437001804702e+00 3.892588717424474e-02
6.950000000000001e-01 2.174223086274785e+00 3.817056484456437e-02
7.000000000000001e-01 2.229368130950753e+00 3.734154317969997e-02
7.050000000000000e-01 2.285906603280654e+00 3.643701269574408e-02
7.100000000000000e-01 2.343873841650178e+00 3.545568803910387e-02
7.150000000000000e-01 2.403306077470301e+00 3.439690267043452e-02
7.200000000000000e-01 2.464240457823092e+00 3.326070807148543e-02
7.250000000000000e-01 2.526715068679855e+00 3.204797588393402e-02
7.300000000000000e-01 2.590768958706095e+00 3.076050121719618e-02
7.350000000000000e-01 2.656442163668210e+00 2.940110521560360e-02
7.400000000000000e-01 2.723775731457148e+00 2.797373480066710e-02
7.450000000000000e-01 2.792811747744667e+00 2.648355721279285e-02
7.500000000000000e-01 2.863593362288260e+00 2.493704644577267e-02
7.550000000000000e-01 2.936164815901156e+00 2.334205774625195e-02
7.600000000000000e-01 3.010571468104263e+00 2.170788487723043e-02
7.650000000000000e-01 3.086859825477351e+00 2.004529267499395e-02
7.700000000000000e-01 3.165077570727174e+00 1.836651448479208e-02
7.750000000000000e-01 3.245273592490716e+00 1.668520041369203e-02
7.800000000000000e-01 3.327498015892184e+00 1.501629834872090e-02
7.850000000000000e-01 3.411802233872832e+00 1.337584620472480e-02
7.900000000000000e-01 3.498238939313234e+00 1.178065244076481e-02
7.950000000000000e-01 3.586862157968046e+00 1.024784480679409e-02
8.000000000000000e-01 3.677727282233856e+00 8.794277172081911e-03
8.050000000000000e-01 3.770891105771243e+00 7.435803040780159e-03
8.100000000000001e-01 3.866411859002656e+00 6.186451637618188e-03
8.150000000000001e-01 3.964349245508326e+00 5.057574347265549e-03
8.200000000000001e-01 4.064764479342956e+00 4.057058167106654e-03
8.250000000000001e-01 4.167720323296481e+00 3.188718905526086e-03
8.300000000000001e-01 4.273281128122877e+00 2.451981455494438e-03
8.350000000000000e-01 4.381512872761445e+00 1.841923743510476e-03
8.400000000000000e-01 4.492483205575838e+00 1.349708366531017e-03
8.450000000000000e-01 4.606261486636447e+00 9.633622393159372e-04
8.500000000000000e-01 4.722918831072739e+00 6.688049715550136e-04
8.550000000000000e-01 4.842528153522501e+00 4.509861127623131e-04
8.600000000000000e-01 4.965164213705875e+00 2.949797611943913e-04
8.650000000000000e-01 5.090903663152626e+00 1.869041775913554e-04
8.700000000000000e-01 5.219825093111814e+00 1.145774633838372e-04
8.750000000000000e-01 5.352009083673925e+00 6.787564475526821e-05
8.800000000000000e-01 5.487538254136007e+00 3.881251748708163e-05
8.850000000000000e-01 5.626497314641444e+00 2.139981763554966e-05
8.900000000000000e-01 5.768973119126561e+00 1.136569475931547e-05
8.950000000000000e-01 5.915054719607133e+00 5.809348076676111e-06
9.000000000000000e-01 6.064833421838831e+00 2.855176965867376e-06
9.050000000000000e-01 6.218402842386253e+00 1.348256212052393e-06
9.100000000000000e-01 6.375858967136348e+00 6.112734710158823e-07
9.150000000000000e-01 6.537300211292723e+00 2.659145189684098e-07
9.200000000000000e-01 6.702827480888332e+00 1.109277931768250e-07
9.250000000000000e-01 6.872544235855034e+00 4.435132359016206e-08
9.300000000000000e-01 7.046556554689444e+00 1.698803327143870e-08
9.350000000000001e-01 7.224973200755413e+00 6.231280422967947e-09
9.400000000000001e-01 7.407905690264673e+00 2.188064021112482e-09
9.450000000000001e-01 7.595468361978146e+00 7.352992834743061e-10
9.500000000000001e-01 7.787778448671316e+00 2.364193334981671e-10
9.550000000000001e-01 7.984956150408610e+00 7.271581850104249e-11
9.600000000000000e-01 8.187124709672272e+00 2.139103207731225e-11
9.650000000000000e-01 8.394410488393007e+00 6.017796716374496e-12
9.700000000000000e-01 8.606943046930221e+00 1.618851373820121e-12
9.750000000000000e-01 8.824855225051540e+00 4.164037390800058e-13
9.800000000000000e-01 9.048283224961922e+00 1.024102376551642e-13
9.850000000000000e-01 9.277366696434507e+00 2.408622434644846e-14
9.900000000000000e-01 9.512248824096272e+00 5.401152581745236e-15
9.950000000000000e-01 9.753076416923058e+00 1.238344497040594e-15
1.000000000000000e+00 1.000000000000000e+01 -7.048890230630258e-17
