0.000000000000000e+00 0.000000000000000e+00 3.629102654230298e-01
5.000000000000000e-03 3.369477419287315e-03 3.629027446417502e-01
1.000000000000000e-02 6.741060871647481e-03 3.628906245404370e-01
1.500000000000000e-02 1.011685770649257e-02 3.628649658094595e-01
2.000000000000000e-02 1.349897790673588e-02 3.628333421951915e-01
2.500000000000000e-02 1.688953540759990e-02 3.627852769899175e-01
3.000000000000000e-02 2.029064941789469e-02 3.627283705206789e-01
3.500000000000000e-02 2.370444574459234e-02 3.626584549239533e-01
4.000000000000000e-02 2.713305812152553e-02 3.625786560964112e-01
4.500000000000000e-02 3.057862954304063e-02 3.624852901971789e-01
5.000000000000000e-02 3.404331360343898e-02 3.623817235441816e-01
5.500000000000000e-02 3.752927584304335e-02 3.622647995506605e-01
6.000000000000000e-02 4.103869510173117e-02 3.621363057460038e-01
6.500000000000000e-02 4.457376488078044e-02 3.619941093540271e-01
7.000000000000001e-02 4.813669471387935e-02 3.618400241191986e-01
7.500000000000000e-02 5.172971154815675e-02 3.616714686055951e-01
8.000000000000000e-02 5.535506113609672e-02 3.614897014756952e-01
8.500000000000001e-02 5.901500943920686e-02 3.612930402250854e-01
9.000000000000000e-02 6.271184404431801e-02 3.610823363614928e-01
9.500000000000000e-02 6.644787559340060e-02 3.608554850125957e-01
1.000000000000000e-01 7.022543922779090e-02 3.606134054449207e-01
1.050000000000000e-01 7.404689604773053e-02 3.603543904645263e-01
1.100000000000000e-01 7.791463458813094e-02 3.600786966996012e-01
1.150000000000000e-01 8.183107231148547e-02 3.597845943362604e-01
1.200000000000000e-01 8.579865711886202e-02 3.594725969009644e-01
1.250000000000000e-01 8.981986887992111e-02 3.591408420868006e-01
1.300000000000000e-01 9.389722098291493e-02 3.587892474446535e-01
1.350000000000000e-01 9.803326190563690e-02 3.584162441172331e-01
1.400000000000000e-01 1.022305768083033e-01 3.580218715683289e-01
1.450000000000000e-01 1.064917891493625e-01 3.576041445263249e-01
1.500000000000000e-01 1.108195623252418e-01 3.571627296875285e-01
1.550000000000000e-01 1.152166013350572e-01 3.566960025412354e-01
1.600000000000000e-01 1.196856544713255e-01 3.562035382063274e-01
1.650000000000000e-01 1.242295150377370e-01 3.556832451643679e-01
1.700000000000000e-01 1.288510230950609e-01 3.551345040564444e-01
1.750000000000000e-01 1.335530672362758e-01 3.545554995547801e-01
1.800000000000000e-01 1.383385863920344e-01 3.539453811618491e-01
1.850000000000000e-01 1.432105716675912e-01 3.533018956612444e-01
1.900000000000000e-01 1.481720682123397e-01 3.526240573161317e-01
1.950000000000000e-01 1.532261771231311e-01 3.519097897937953e-01
2.000000000000000e-01 1.583760573825595e-01 3.511578363807960e-01
2.050000000000000e-01 1.636249278334301e-01 3.503656827252967e-01
2.100000000000000e-01 1.689760691906397e-01 3.495318828493575e-01
2.150000000000000e-01 1.744328260917313e-01 3.486540397128668e-01
2.200000000000000e-01 1.799986091874004e-01 3.477304833893857e-01
2.250000000000000e-01 1.856768972732633e-01 3.467583398595901e-01
2.300000000000000e-01 1.914712394642179e-01 3.457355971722452e-01
2.350000000000000e-01 1.973852574127551e-01 3.446594296059827e-01
2.400000000000000e-01 2.034226475726105e-01 3.435277020942016e-01
2.450000000000000e-01 2.095871835091678e-01 3.423371323705366e-01
2.500000000000000e-01 2.158827182580599e-01 3.410850772455731e-01
2.550000000000000e-01 2.223131867334419e-01 3.397680786270812e-01
2.600000000000000e-01 2.288826081874405e-01 3.383833356080404e-01
2.650000000000000e-01 2.355950887223172e-01 3.369271305249800e-01
2.700000000000000e-01 2.424548238569160e-01 3.353962442556844e-01
2.750000000000000e-01 2.494661011489995e-01 3.337864344304147e-01
2.800000000000000e-01 2.566333028751116e-01 3.320939654622123e-01
2.850000000000000e-01 2.639609087696434e-01 3.303143640326126e-01
2.900000000000000e-01 2.714534988248126e-01 3.284435730853540e-01
2.950000000000000e-01 2.791157561533084e-01 3.264766794957416e-01
3.000000000000000e-01 2.869524699153886e-01 3.244091664989838e-01
3.050000000000000e-01 2.949685383122613e-01 3.222354672531361e-01
3.100000000000000e-01 3.031689716476197e-01 3.199503910501768e-01
3.150000000000000e-01 3.115588954592450e-01 3.175478277232266e-01
3.200000000000000e-01 3.201435537226349e-01 3.150218168078597e-01
3.250000000000000e-01 3.289283121286580e-01 3.123657208345268e-01
3.300000000000000e-01 3.379186614372866e-01 3.095727463075220e-01
3.350000000000000e-01 3.471202209094989e-01 3.066355534104651e-01
3.400000000000000e-01 3.565387418195016e-01 3.035464160318458e-01
3.450000000000000e-01 3.661801110494620e-01 3.002970605704886e-01
3.500000000000000e-01 3.760503547690021e-01 2.968786676787450e-01
3.550000000000000e-01 3.861556422017504e-01 2.932817812393667e-01
3.600000000000000e-01 3.965022894813072e-01 2.894962457456637e-01
3.650000000000000e-01 4.070967635990345e-01 2.855111113637517e-01
3.700000000000000e-01 4.179456864461349e-01 2.813145277002447e-01
3.750000000000000e-01 4.290558389525505e-01 2.768936107668947e-01
3.800000000000000e-01 4.404341653252637e-01 2.722342805747959e-01
3.850000000000000e-01 4.520877773886537e-01 2.673210589273620e-01
3.900000000000000e-01 4.640239590296172e-01 2.621368159524610e-01
3.950000000000000e-01 4.762501707502353e-01 2.566624487153057e-01
4.000000000000000e-01 4.887740543308307e-01 2.508764690727839e-01
4.050000000000000e-01 5.016034376063282e-01 2.447544683667671e-01
4.100000000000000e-01 5.147463393589066e-01 2.382684123163745e-01
4.150000000000000e-01 5.282109743299990e-01 2.313856974803436e-01
4.200000000000000e-01 5.420057583547735e-01 2.240678658693904e-01
4.250000000000000e-01 5.561393136223041e-01 2.162688175083619e-01
4.300000000000000e-01 5.706204740647189e-01 2.079322647972809e-01
4.350000000000000e-01 5.854582908786964e-01 1.989880036825121e-01
4.400000000000000e-01 6.006620381827575e-01 1.893462651343503e-01
4.450000000000000e-01 6.162412188138907e-01 1.788888023352116e-01
4.500000000000000e-01 6.322055702671360e-01 1.674540982043373e-01
4.550000000000000e-01 6.485650707818353e-01 1.548111891143382e-01
4.600000000000000e-01 6.653299455783577e-01 1.406092974370432e-01
4.650000000000000e-01 6.825106732491932e-01 1.242692832947816e-01
4.700000000000000e-01 7.001179923084168e-01 1.047094823445762e-01
4.750000000000000e-01 7.181629079036070e-01 7.948708671042166e-02
4.800000000000000e-01 7.366566986944229e-01 4.180425157815047e-02
4.850000000000000e-01 7.556109239021327e-01 -1.016467462692066e-02
4.900000000000000e-01 7.750374305345038e-01 -1.390697986901914e-02
4.950000000000000e-01 7.949483607905672e-01 -1.097081557364546e-02
5.000000000000000e-01 8.153561596498893e-01 -1.903600703866496e-02
5.050000000000000e-01 8.362735826510871e-01 -1.120765450834430e-02
5.100000000000000e-01 8.577137038644561e-01 -1.912024840135253e-02
5.150000000000000e-01 8.796899240636907e-01 -1.187146317921425e-02
5.200000000000000e-01 9.022159791018011e-01 -1.774661716351965e-02
5.250000000000000e-01 9.253059484964714e-01 -1.257451320328048e-02
5.300000000000000e-01 9.489742642302165e-01 -1.601206994775653e-02
5.350000000000000e-01 9.732357197708378e-01 -1.304603632995379e-02
5.400000000000000e-01 9.981054793178262e-01 -1.436433736388731e-02
5.450000000000000e-01 1.023599087280478e+00 -1.316182102645977e-02
5.500000000000000e-01 1.049732477993657e+00 -1.297514557641447e-02
5.550000000000000e-01 1.076521985677273e+00 -1.290483211318771e-02
5.600000000000001e-01 1.103984354645701e+00 -1.187173183128876e-02
5.650000000000001e-01 1.132136749773522e+00 -1.232796868035617e-02
5.700000000000001e-01 1.160996767224129e+00 -1.100286946778267e-02
5.750000000000001e-01 1.190582445447902e+00 -1.152201323156579e-02
5.800000000000000e-01 1.220912276456826e+00 -1.028156490886033e-02
5.850000000000000e-01 1.252005217382601e+00 -1.058777909429034e-02
5.900000000000000e-01 1.283880702325469e+00 -9.616459061699481e-03
5.950000000000000e-01 1.316558654501151e+00 -9.613155997893705e-03
6.000000000000000e-01 1.350059498693518e+00 -8.934370508110395e-03
6.050000000000000e-01 1.384404174020732e+00 -8.657306642716444e-03
6.100000000000000e-01 1.419614147022888e+00 -8.192973702036029e-03
6.150000000000000e-01 1.455711425079295e+00 -7.744536795792136e-03
6.200000000000000e-01 1.492718570163803e+00 -7.382305907161072e-03
6.250000000000000e-01 1.530658712946775e+00 -6.868834144312174e-03
6.300000000000000e-01 1.569555567252506e+00 -6.515878896940780e-03
6.350000000000000e-01 1.609433444881138e+00 -6.006861557023230e-03
6.400000000000000e-01 1.650317270804325e+00 -5.615669893097388e-03
6.450000000000000e-01 1.692232598744148e+00 -5.133589178176978e-03
6.500000000000000e-01 1.735205627145031e+00 -4.698095971140917e-03
6.550000000000000e-01 1.779263215548615e+00 -4.233259641772838e-03
6.600000000000000e-01 1.824432901381847e+00 -3.767513927270561e-03
6.650000000000000e-01 1.870742917168772e+00 -3.301239213587593e-03
6.700000000000000e-01 1.918222208176775e+00 -2.818776343616783e-03
6.750000000000000e-01 1.966900450508319e+00 -2.338616946546209e-03
6.800000000000000e-01 2.016808069649473e+00 -1.844098453072943e-03
6.850000000000001e-01 2.067976259486829e+00 -1.346036676170347e-03
6.900000000000001e-01 2.120437001804702e+00 -8.377750671136593e-04
6.950000000000001e-01 2.174223086274785e+00 -3.215867044922047e-04
7.000000000000001e-01 2.229368130950753e+00 2.033902101638579e-04
7.050000000000000e-01 2.285906603280654e+00 7.378478692832418e-04
7.100000000000000e-01 2.343873841650178e+00 1.281455498060943e-03
7.150000000000000e-01 2.403306077470301e+00 1.834875390282193e-03
7.200000000000000e-01 2.464240457823092e+00 2.397968241914474e-03
7.250000000000000e-01 2.526715068679855e+00 2.970912192457879e-03
7.300000000000000e-01 2.590768958706095e+00 3.553634043421014e-03
7.350000000000000e-01 2.656442163668210e+00 4.145997129247922e-03
7.400000000000000e-01 2.723775731457148e+00 4.747751659348818e-03
7.450000000000000e-01 2.792811747744667e+00 5.358497387989655e-03
7.500000000000000e-01 2.863593362288260e+00 5.977689136157954e-03
7.550000000000000e-01 2.936164815901156e+00 6.604597589535373e-03
7.600000000000000e-01 3.010571468104263e+00 7.238290369892926e-03
7.650000000000000e-01 3.086859825477351e+00 7.877598268578451e-03
7.700000000000000e-01 3.165077570727174e+00 8.521079801432846e-03
7.750000000000000e-01 3.245273592490716e+00 9.166979596764871e-03
7.800000000000000e-01 3.327498015892184e+00 9.813180495197095e-03
7.850000000000000e-01 3.411802233872832e+00 1.045714927900935e-02
7.900000000000000e-01 3.498238939313234e+00 1.109587550420609e-02
7.950000000000000e-01 3.586862157968046e+00 1.172580370059848e-02
8.000000000000000e-01 3.677727282233856e+00 1.234275926535298e-02
8.050000000000000e-01 3.770891105771243e+00 1.294186921628605e-02
8.100000000000001e-01 3.866411859002656e+00 1.351748028064167e-02
8.150000000000001e-01 3.964349245508326e+00 1.406307811519121e-02
8.200000000000001e-01 4.064764479342956e+00 1.457121329688549e-02
8.250000000000001e-01 4.167720323296481e+00 1.503344342270563e-02
8.300000000000001e-01 4.273281128122877e+00 1.544030530644948e-02
8.350000000000000e-01 4.381512872761445e+00 1.578133503999703e-02
8.400000000000000e-01 4.492483205575838e+00 1.604515847049224e-02
8.450000000000000e-01 4.606261486636447e+00 1.621968212158882e-02
8.500000000000000e-01 4.722918831072739e+00 1.629241754366625e-02
8.550000000000000e-01 4.842528153522501e+00 1.625096085081236e-02
8.600000000000000e-01 4.965164213705875e+00 1.608362902624214e-02
8.650000000000000e-01 5.090903663152626e+00 1.578024100637468e-02
8.700000000000000e-01 5.219825093111814e+00 1.533302245955721e-02
8.750000000000000e-01 5.352009083673925e+00 1.473758649685791e-02
8.800000000000000e-01 5.487538254136007e+00 1.399390022855645e-02
8.850000000000000e-01 5.626497314641444e+00 1.310714081228432e-02
8.900000000000000e-01 5.768973119126561e+00 1.208841731276611e-02
8.950000000000000e-01 5.915054719607133e+00 1.095542827130165e-02
9.000000000000000e-01 6.064833421838831e+00 9.733088307883360e-03
9.050000000000000e-01 6.218402842386253e+00 8.453897962468027e-03
9.100000000000000e-01 6.375858967136348e+00 7.157474410810565e-03
9.150000000000000e-01 6.537300211292723e+00 5.888524159873175e-03
9.200000000000000e-01 6.702827480888332e+00 4.692892060794223e-03
9.250000000000000e-01 6.872544235855034e+00 3.612121007338570e-03
9.300000000000000e-01 7.046556554689444e+00 2.677803146848801e-03
9.350000000000001e-01 7.224973200755413e+00 1.907382339362733e-03
9.400000000000001e-01 7.407905690264673e+00 1.302704895174908e-03
9.450000000000001e-01 7.595468361978146e+00 8.516686820380055e-04
9.500000000000001e-01 7.787778448671316e+00 5.322689913360385e-04
9.550000000000001e-01 7.984956150408610e+00 3.176760755838035e-04
9.600000000000000e-01 8.187124709672272e+00 1.809283599329348e-04
9.650000000000000e-01 8.394410488393007e+00 9.828244917719433e-05
9.700000000000000e-01 8.606943046930221e+00 5.090338905921875e-05
9.750000000000000e-01 8.824855225051540e+00 2.513489629279142e-05
9.800000000000000e-01 9.048283224961922e+00 1.182807814469654e-05
9.850000000000000e-01 9.277366696434507e+00 5.314307746104964e-06
9.900000000000000e-01 9.512248824096272e+00 2.261521946202847e-06
9.950000000000000e-01 9.753076416923058e+00 9.581690516530758e-07
1.000000000000000e+00 1.000000000000000e+01 2.989336592612335e-07
