0.000000000000000e+00 0.000000000000000e+00 3.709175280732523e-01
5.000000000000000e-03 3.369477419287315e-03 3.709102137332266e-01
1.000000000000000e-02 6.741060871647481e-03 3.709093581101255e-01
1.500000000000000e-02 1.011685770649257e-02 3.708839650563167e-01
2.000000000000000e-02 1.349897790673588e-02 3.708503266573503e-01
2.500000000000000e-02 1.688953540759990e-02 3.708035825792392e-01
3.000000000000000e-02 2.029064941789469e-02 3.707485199480188e-01
3.500000000000000e-02 2.370444574459234e-02 3.706794821460671e-01
4.000000000000000e-02 2.713305812152553e-02 3.706009929067576e-01
4.500000000000000e-02 3.057862954304063e-02 3.705097407221806e-01
5.000000000000000e-02 3.404331360343898e-02 3.704080326287841e-01
5.500000000000000e-02 3.752927584304335e-02 3.702930024128052e-01
6.000000000000000e-02 4.103869510173117e-02 3.701671404910379e-01
6.500000000000000e-02 4.457376488078044e-02 3.700278083965718e-01
7.000000000000001e-02 4.813669471387935e-02 3.698763493279372e-01
7.500000000000000e-02 5.172971154815675e-02 3.697108740796914e-01
8.000000000000000e-02 5.535506113609672e-02 3.695328137780760e-01
8.500000000000001e-02 5.901500943920686e-02 3.693398623483301e-01
9.000000000000000e-02 6.271184404431801e-02 3.691329386395891e-01
9.500000000000000e-02 6.644787559340060e-02 3.689104826577139e-01
1.000000000000000e-01 7.022543922779090e-02 3.686731590061351e-01
1.050000000000000e-01 7.404689604773053e-02 3.684189497945748e-01
1.100000000000000e-01 7.791463458813094e-02 3.681484917173603e-01
1.150000000000000e-01 8.183107231148547e-02 3.678602012299363e-01
1.200000000000000e-01 8.579865711886202e-02 3.675541994570143e-01
1.250000000000000e-01 8.981986887992111e-02 3.672287040454078e-01
1.300000000000000e-01 9.389722098291493e-02 3.668840301757745e-01
1.350000000000000e-01 9.803326190563690e-02 3.665184382256460e-01
1.400000000000000e-01 1.022305768083033e-01 3.661316725926031e-01
1.450000000000000e-01 1.064917891493625e-01 3.657220509864208e-01
1.500000000000000e-01 1.108195623252418e-01 3.652895098777436e-01
1.550000000000000e-01 1.152166013350572e-01 3.648321377417545e-01
1.600000000000000e-01 1.196856544713255e-01 3.643493673605713e-01
1.650000000000000e-01 1.242295150377370e-01 3.638394612678454e-01
1.700000000000000e-01 1.288510230950609e-01 3.633019600070489e-01
1.750000000000000e-01 1.335530672362758e-01 3.627347748037615e-01
1.800000000000000e-01 1.383385863920344e-01 3.621370071316828e-01
1.850000000000000e-01 1.432105716675912e-01 3.615067380671023e-01
1.900000000000000e-01 1.481720682123397e-01 3.608431147673660e-01
1.950000000000000e-01 1.532261771231311e-01 3.601438398040233e-01
2.000000000000000e-01 1.583760573825595e-01 3.594076237460308e-01
2.050000000000000e-01 1.636249278334301e-01 3.586322581460927e-01
2.100000000000000e-01 1.689760691906397e-01 3.578164814570660e-01
2.150000000000000e-01 1.744328260917313e-01 3.569577483597232e-01
2.200000000000000e-01 1.799986091874004e-01 3.560543230997859e-01
2.250000000000000e-01 1.856768972732633e-01 3.551035816618393e-01
2.300000000000000e-01 1.914712394642179e-01 3.541037734862962e-01
2.350000000000000e-01 1.973852574127551e-01 3.530520743344847e-01
2.400000000000000e-01 2.034226475726105e-01 3.519463029619068e-01
2.450000000000000e-01 2.095871835091678e-01 3.507832884822676e-01
2.500000000000000e-01 2.158827182580599e-01 3.495606134742449e-01
2.550000000000000e-01 2.223131867334419e-01 3.482750614429132e-01
2.600000000000000e-01 2.288826081874405e-01 3.469240032878821e-01
2.650000000000000e-01 2.355950887223172e-01 3.455037405331333e-01
2.700000000000000e-01 2.424548238569160e-01 3.440111395438244e-01
2.750000000000000e-01 2.494661011489995e-01 3.424422503191037e-01
2.800000000000000e-01 2.566333028751116e-01 3.407936397993048e-01
2.850000000000000e-01 2.639609087696434e-01 3.390611300327984e-01
2.900000000000000e-01 2.714534988248126e-01 3.372409997692817e-01
2.950000000000000e-01 2.791157561533084e-01 3.353285394103850e-01
3.000000000000000e-01 2.869524699153886e-01 3.333195249097603e-01
3.050000000000000e-01 2.949685383122613e-01 3.312087736325187e-01
3.100000000000000e-01 3.031689716476197e-01 3.289914490045751e-01
3.150000000000000e-01 3.115588954592450e-01 3.266620241284242e-01
3.200000000000000e-01 3.201435537226349e-01 3.242150278261278e-01
3.250000000000000e-01 3.289283121286580e-01 3.216445160338371e-01
3.300000000000000e-01 3.379186614372866e-01 3.189443597255323e-01
3.350000000000000e-01 3.471202209094989e-01 3.161080400823624e-01
3.400000000000000e-01 3.565387418195016e-01 3.131287173610589e-01
3.450000000000000e-01 3.661801110494620e-01 3.099991558634279e-01
3.500000000000000e-01 3.760503547690021e-01 3.067117160494232e-01
3.550000000000000e-01 3.861556422017504e-01 3.032583108491292e-01
3.600000000000000e-01 3.965022894813072e-01 2.996303708252168e-01
3.650000000000000e-01 4.070967635990345e-01 2.958187973715500e-01
3.700000000000000e-01 4.179456864461349e-01 2.918139104873064e-01
3.750000000000000e-01 4.290558389525505e-01 2.876053864237716e-01
3.800000000000000e-01 4.404341653252637e-01 2.831821842807816e-01
3.850000000000000e-01 4.520877773886537e-01 2.785324586282010e-01
3.900000000000000e-01 4.640239590296172e-01 2.736434551344732e-01
3.950000000000000e-01 4.762501707502353e-01 2.685013852571619e-01
4.000000000000000e-01 4.887740543308307e-01 2.630912751929628e-01
4.050000000000000e-01 5.016034376063282e-01 2.573967831898910e-01
4.100000000000000e-01 5.147463393589066e-01 2.513999781098132e-01
4.150000000000000e-01 5.282109743299990e-01 2.450810708664294e-01
4.200000000000000e-01 5.420057583547735e-01 2.384180893235426e-01
4.250000000000000e-01 5.561393136223041e-01 2.313864870302005e-01
4.300000000000000e-01 5.706204740647189e-01 2.239586781385497e-01
4.350000000000000e-01 5.854582908786964e-01 2.161034978827029e-01
4.400000000000000e-01 6.006620381827575e-01 2.077856062278939e-01
4.450000000000000e-01 6.162412188138907e-01 1.989648947526489e-01
4.500000000000000e-01 6.322055702671360e-01 1.895960511692809e-01
4.550000000000000e-01 6.485650707818353e-01 1.796286407218477e-01
4.600000000000000e-01 6.653299455783577e-01 1.690085012634487e-01
4.650000000000000e-01 6.825106732491932e-01 1.576821627894716e-01
4.700000000000000e-01 7.001179923084168e-01 1.456078234429960e-01
4.750000000000000e-01 7.181629079036070e-01 1.327796620782117e-01
4.800000000000000e-01 7.366566986944229e-01 1.192765272115767e-01
4.850000000000000e-01 7.556109239021327e-01 1.053459154667220e-01
4.900000000000000e-01 7.750374305345038e-01 9.151081093857283e-02
4.950000000000000e-01 7.949483607905672e-01 7.861273086190862e-02
5.000000000000000e-01 8.153561596498893e-01 6.762199573844588e-02
5.050000000000000e-01 8.362735826510871e-01 5.917671503317220e-02
5.100000000000000e-01 8.577137038644561e-01 5.322572601737965e-02
5.150000000000000e-01 8.796899240636907e-01 4.920015022554025e-02
5.200000000000000e-01 9.022159791018011e-01 4.648099136733879e-02
5.250000000000000e-01 9.253059484964714e-01 4.463538332639309e-02
5.300000000000000e-01 9.489742642302165e-01 4.338422071097633e-02
5.350000000000000e-01 9.732357197708378e-01 4.253911110682163e-02
5.400000000000000e-01 9.981054793178262e-01 4.197493926088697e-02
5.450000000000000e-01 1.023599087280478e+00 4.160862711454311e-02
5.500000000000000e-01 1.049732477993657e+00 4.138315728703647e-02
5.550000000000000e-01 1.076521985677273e+00 4.125888686531493e-02
5.600000000000001e-01 1.103984354645701e+00 4.120779893523632e-02
5.650000000000001e-01 1.132136749773522e+00 4.120958527061439e-02
5.700000000000001e-01 1.160996767224129e+00 4.124921114447108e-02
5.750000000000001e-01 1.190582445447902e+00 4.131527086459635e-02
5.800000000000000e-01 1.220912276456826e+00 4.139886819691324e-02
5.850000000000000e-01 1.252005217382601e+00 4.149286362915258e-02
5.900000000000000e-01 1.283880702325469e+00 4.159135094606978e-02
5.950000000000000e-01 1.316558654501151e+00 4.168929084000090e-02
6.000000000000000e-01 1.350059498693518e+00 4.178225235408673e-02
6.050000000000000e-01 1.384404174020732e+00 4.186622747346667e-02
6.100000000000000e-01 1.419614147022888e+00 4.193749698038281e-02
6.150000000000000e-01 1.455711425079295e+00 4.199253245195798e-02
6.200000000000000e-01 1.492718570163803e+00 4.202792405882618e-02
6.250000000000000e-01 1.530658712946775e+00 4.204032718459318e-02
6.300000000000000e-01 1.569555567252506e+00 4.202642308012777e-02
6.350000000000000e-01 1.609433444881138e+00 4.198289032330134e-02
6.400000000000000e-01 1.650317270804325e+00 4.190638495443503e-02
6.450000000000000e-01 1.692232598744148e+00 4.179352794376665e-02
6.500000000000000e-01 1.735205627145031e+00 4.164089922529308e-02
6.550000000000000e-01 1.779263215548615e+00 4.144503796173492e-02
6.600000000000000e-01 1.824432901381847e+00 4.120244902914985e-02
6.650000000000000e-01 1.870742917168772e+00 4.090961595160508e-02
6.700000000000000e-01 1.918222208176775e+00 4.056302068941495e-02
6.750000000000000e-01 1.966900450508319e+00 4.015917079381767e-02
6.800000000000000e-01 2.016808069649473e+00 3.969463448631588e-02
6.850000000000001e-01 2.067976259486829e+00 3.916608419889662e-02
6.900000000000001e-01 2.120437001804702e+00 3.857034901820265e-02
6.950000000000001e-01 2.174223086274785e+00 3.790447631079834e-02
7.000000000000001e-01 2.229368130950753e+00 3.716580257099614e-02
7.050000000000000e-01 2.285906603280654e+00 3.635203323714033e-02
7.100000000000000e-01 2.343873841650178e+00 3.546133088464035e-02
7.150000000000000e-01 2.403306077470301e+00 3.449241084957513e-02
7.200000000000000e-01 2.464240457823092e+00 3.344464299495479e-02
7.250000000000000e-01 2.526715068679855e+00 3.231815803105959e-02
7.300000000000000e-01 2.590768958706095e+00 3.111395656051354e-02
7.350000000000000e-01 2.656442163668210e+00 2.983401883739131e-02
7.400000000000000e-01 2.723775731457148e+00 2.848141307787373e-02
7.450000000000000e-01 2.792811747744667e+00 2.706039997085360e-02
7.500000000000000e-01 2.863593362288260e+00 2.557653070271692e-02
7.550000000000000e-01 2.936164815901156e+00 2.403673518493035e-02
7.600000000000000e-01 3.010571468104263e+00 2.244939608098980e-02
7.650000000000000e-01 3.086859825477351e+00 2.082440248828987e-02
7.700000000000000e-01 3.165077570727174e+00 1.917317458796673e-02
7.750000000000000e-01 3.245273592490716e+00 1.750864717173269e-02
7.800000000000000e-01 3.327498015892184e+00 1.584519583037424e-02
7.850000000000000e-01 3.411802233872832e+00 1.419848527029977e-02
7.900000000000000e-01 3.498238939313234e+00 1.258521588040469e-02
7.950000000000000e-01 3.586862157968046e+00 1.102274432668473e-02
8.000000000000000e-01 3.677727282233856e+00 9.528559391815411e-03
8.050000000000000e-01 3.770891105771243e+00 8.119608314893273e-03
8.100000000000001e-01 3.866411859002656e+00 6.811492905539129e-03
8.150000000000001e-01 3.964349245508326e+00 5.617586904699554e-03
8.200000000000001e-01 4.064764479342956e+00 4.548160363616905e-03
8.250000000000001e-01 4.167720323296481e+00 3.609623461333653e-03
8.300000000000001e-01 4.273281128122877e+00 2.804010450924850e-03
8.350000000000000e-01 4.381512872761445e+00 2.128806676823349e-03
8.400000000000000e-01 4.492483205575838e+00 1.577177052023842e-03
8.450000000000000e-01 4.606261486636447e+00 1.138590697925078e-03
8.500000000000000e-01 4.722918831072739e+00 7.997682067132482e-04
8.550000000000000e-01 4.842528153522501e+00 5.458223136330686e-04
8.600000000000000e-01 4.965164213705875e+00 3.614338268583234e-04
8.650000000000000e-01 5.090903663152626e+00 2.319090947099111e-04
8.700000000000000e-01 5.219825093111814e+00 1.440002975125373e-04
8.750000000000000e-01 5.352009083673925e+00 8.642453993386748e-05
8.800000000000000e-01 5.487538254136007e+00 5.007702198636336e-05
8.850000000000000e-01 5.626497314641444e+00 2.798317547319291e-05
8.900000000000000e-01 5.768973119126561e+00 1.506512458820530e-05
8.950000000000000e-01 5.915054719607133e+00 7.806516918038853e-06
9.000000000000000e-01 6.064833421838831e+00 3.890219301637648e-06
9.050000000000000e-01 6.218402842386253e+00 1.862850697511555e-06
9.100000000000000e-01 6.375858967136348e+00 8.565551947584193e-07
9.150000000000000e-01 6.537300211292723e+00 3.779397450181567e-07
9.200000000000000e-01 6.702827480888332e+00 1.599284243344111e-07
9.250000000000000e-01 6.872544235855034e+00 6.486923855376472e-08
9.300000000000000e-01 7.046556554689444e+00 2.520942826307247e-08
9.350000000000001e-01 7.224973200755413e+00 9.382630713033665e-09
9.400000000000001e-01 7.407905690264673e+00 3.343288839502312e-09
9.450000000000001e-01 7.595468361978146e+00 1.140205982940801e-09
9.500000000000001e-01 7.787778448671316e+00 3.720883566054777e-10
9.550000000000001e-01 7.984956150408610e+00 1.161648047334114e-10
9.600000000000000e-01 8.187124709672272e+00 3.468956164898357e-11
9.650000000000000e-01 8.394410488393007e+00 9.907522477769187e-12
9.700000000000000e-01 8.606943046930221e+00 2.706041112984535e-12
9.750000000000000e-01 8.824855225051540e+00 7.067757311904269e-13
9.800000000000000e-01 9.048283224961922e+00 1.765182805606374e-13
9.850000000000000e-01 9.277366696434507e+00 4.216376143828689e-14
9.900000000000000e-01 9.512248824096272e+00 9.602552176400732e-15
9.950000000000000e-01 9.753076416923058e+00 2.235795682358432e-15
1.000000000000000e+00 1.000000000000000e+01 -1.081794583595703e-16
