0.000000000000000e+00 0.000000000000000e+00 3.783429899701216e-01
5.000000000000000e-03 3.369477419287315e-03 3.783358565069199e-01
1.000000000000000e-02 6.741060871647481e-03 3.783257823574431e-01
1.500000000000000e-02 1.011685770649257e-02 3.783007219796478e-01
2.000000000000000e-02 1.349897790673588e-02 3.782698371653583e-01
2.500000000000000e-02 1.688953540759990e-02 3.782236135988725e-01
3.000000000000000e-02 2.029064941789469e-02 3.781685658209309e-01
3.500000000000000e-02 2.370444574459234e-02 3.781008085491111e-01
4.000000000000000e-02 2.713305812152553e-02 3.780238337159709e-01
4.500000000000000e-02 3.057862954304063e-02 3.779336724469900e-01
5.000000000000000e-02 3.404331360343898e-02 3.778333823338164e-01
5.500000000000000e-02 3.752927584304335e-02 3.777203449609669e-01
6.000000000000000e-02 4.103869510173117e-02 3.775963305829648e-01
6.500000000000000e-02 4.457376488078044e-02 3.774588506519628e-01
7.000000000000001e-02 4.813669471387935e-02 3.773098281117164e-01
7.500000000000000e-02 5.172971154815675e-02 3.771470335896457e-01
8.000000000000000e-02 5.535506113609672e-02 3.769714537222307e-01
8.500000000000001e-02 5.901500943920686e-02 3.767813045119394e-01
9.000000000000000e-02 6.271184404431801e-02 3.765777588170761e-01
9.500000000000000e-02 6.644787559340060e-02 3.763587284083583e-01
1.000000000000000e-01 7.022543922779090e-02 3.761248123339684e-01
1.050000000000000e-01 7.404689604773053e-02 3.758745116191377e-01
1.100000000000000e-01 7.791463458813094e-02 3.756083805362808e-01
1.150000000000000e-01 8.183107231148547e-02 3.753244479442862e-01
1.200000000000000e-01 8.579865711886202e-02 3.750230525858420e-01
1.250000000000000e-01 8.981986887992111e-02 3.747027070171485e-01
1.300000000000000e-01 9.389722098291493e-02 3.743634651262753e-01
1.350000000000000e-01 9.803326190563690e-02 3.740034495301104e-01
1.400000000000000e-01 1.022305768083033e-01 3.736227276657005e-01
1.450000000000000e-01 1.064917891493625e-01 3.732196879465054e-01
1.500000000000000e-01 1.108195623252418e-01 3.727939831753402e-01
1.550000000000000e-01 1.152166013350572e-01 3.723437469612527e-01
1.600000000000000e-01 1.196856544713255e-01 3.718687277699978e-01
1.650000000000000e-01 1.242295150377370e-01 3.713671425123250e-01
1.700000000000000e-01 1.288510230950609e-01 3.708382921280005e-01
1.750000000000000e-01 1.335530672362758e-01 3.702802052207173e-01
1.800000000000000e-01 1.383385863920344e-01 3.696922670551678e-01
1.850000000000000e-01 1.432105716675912e-01 3.690725045803401e-01
1.900000000000000e-01 1.481720682123397e-01 3.684198736393599e-01
1.950000000000000e-01 1.532261771231311e-01 3.677321776887469e-01
2.000000000000000e-01 1.583760573825595e-01 3.670083852376029e-01
2.050000000000000e-01 1.636249278334301e-01 3.662463104169489e-01
2.100000000000000e-01 1.689760691906397e-01 3.654445615585931e-01
2.150000000000000e-01 1.744328260917313e-01 3.646006092677015e-01
2.200000000000000e-01 1.799986091874004e-01 3.637129157130218e-01
2.250000000000000e-01 1.856768972732633e-01 3.627790202673499e-01
2.300000000000000e-01 1.914712394642179e-01 3.617971833386626e-01
2.350000000000000e-01 1.973852574127551e-01 3.607644967036923e-01
2.400000000000000e-01 2.034226475726105e-01 3.596788310366207e-01
2.450000000000000e-01 2.095871835091678e-01 3.585372725120294e-01
2.500000000000000e-01 2.158827182580599e-01 3.573376145599926e-01
2.550000000000000e-01 2.223131867334419e-01 3.560766345710649e-01
2.600000000000000e-01 2.288826081874405e-01 3.547517107570857e-01
2.650000000000000e-01 2.355950887223172e-01 3.533592579926425e-01
2.700000000000000e-01 2.424548238569160e-01 3.518962939803598e-01
2.750000000000000e-01 2.494661011489995e-01 3.503591332521889e-01
2.800000000000000e-01 2.566333028751116e-01 3.487446024697317e-01
2.850000000000000e-01 2.639609087696434e-01 3.470486309728111e-01
2.900000000000000e-01 2.714534988248126e-01 3.452676859823399e-01
2.950000000000000e-01 2.791157561533084e-01 3.433972282319006e-01
3.000000000000000e-01 2.869524699153886e-01 3.414332092872879e-01
3.050000000000000e-01 2.949685383122613e-01 3.393708047245453e-01
3.100000000000000e-01 3.031689716476197e-01 3.372054247112168e-01
3.150000000000000e-01 3.115588954592450e-01 3.349319851873878e-01
3.200000000000000e-01 3.201435537226349e-01 3.325453640210273e-01
3.250000000000000e-01 3.289283121286580e-01 3.300400985648321e-01
3.300000000000000e-01 3.379186614372866e-01 3.274105287642275e-01
3.350000000000000e-01 3.471202209094989e-01 3.246506984662054e-01
3.400000000000000e-01 3.565387418195016e-01 3.217543814308385e-01
3.450000000000000e-01 3.661801110494620e-01 3.187150476608683e-01
3.500000000000000e-01 3.760503547690021e-01 3.155258554849001e-01
3.550000000000000e-01 3.861556422017504e-01 3.121796307291038e-01
3.600000000000000e-01 3.965022894813072e-01 3.086688485544497e-01
3.650000000000000e-01 4.070967635990345e-01 3.049856113012399e-01
3.700000000000000e-01 4.179456864461349e-01 3.011216243897566e-01
3.750000000000000e-01 4.290558389525505e-01 2.970681690569065e-01
3.800000000000000e-01 4.404341653252637e-01 2.928160718261990e-01
3.850000000000000e-01 4.520877773886537e-01 2.883556702112476e-01
3.900000000000000e-01 4.640239590296172e-01 2.836767743138898e-01
3.950000000000000e-01 4.762501707502353e-01 2.787686240529293e-01
4.000000000000000e-01 4.887740543308307e-01 2.736198420188976e-01
4.050000000000000e-01 5.016034376063282e-01 2.682183824192009e-01
4.100000000000000e-01 5.147463393589066e-01 2.625514774241048e-01
4.150000000000000e-01 5.282109743299990e-01 2.566055836849055e-01
4.200000000000000e-01 5.420057583547735e-01 2.503663342723056e-01
4.250000000000000e-01 5.561393136223041e-01 2.438185054316048e-01
4.300000000000000e-01 5.706204740647189e-01 2.369460144536946e-01
4.350000000000000e-01 5.854582908786964e-01 2.297319763969405e-01
4.400000000000000e-01 6.006620381827575e-01 2.221588662778013e-01
4.450000000000000e-01 6.162412188138907e-01 2.142088643817711e-01
4.500000000000000e-01 6.322055702671360e-01 2.058645129195830e-01
4.550000000000000e-01 6.485650707818353e-01 1.971098933354817e-01
4.600000000000000e-01 6.653299455783577e-01 1.879326595778269e-01
4.650000000000000e-01 6.825106732491932e-01 1.783274469840716e-01
4.700000000000000e-01 7.001179923084168e-01 1.683014141547132e-01
4.750000000000000e-01 7.181629079036070e-01 1.578828937737440e-01
4.800000000000000e-01 7.366566986944229e-01 1.471340771708378e-01
4.850000000000000e-01 7.556109239021327e-01 1.361677300680895e-01
4.900000000000000e-01 7.750374305345038e-01 1.251650910753936e-01
4.950000000000000e-01 7.949483607905672e-01 1.143865208662183e-01
5.000000000000000e-01 8.153561596498893e-01 1.041600015396269e-01
5.050000000000000e-01 8.362735826510871e-01 9.483311929873557e-02
5.100000000000000e-01 8.577137038644561e-01 8.669242302508939e-02
5.150000000000000e-01 8.796899240636907e-01 7.988564269429155e-02
5.200000000000000e-01 9.022159791018011e-01 7.439470935480565e-02
5.250000000000000e-01 9.253059484964714e-01 7.007442321251110e-02
5.300000000000000e-01 9.489742642302165e-01 6.672266667203167e-02
5.350000000000000e-01 9.732357197708378e-01 6.413731159044651e-02
5.400000000000000e-01 9.981054793178262e-01 6.214330969420461e-02
5.450000000000000e-01 1.023599087280478e+00 6.059877178835005e-02
5.500000000000000e-01 1.049732477993657e+00 5.939228226435726e-02
5.550000000000000e-01 1.076521985677273e+00 5.843775173479451e-02
5.600000000000001e-01 1.103984354645701e+00 5.766911845350656e-02
5.650000000000001e-01 1.132136749773522e+00 5.703575073869657e-02
5.700000000000001e-01 1.160996767224129e+00 5.649875845878795e-02
5.750000000000001e-01 1.190582445447902e+00 5.602813167096523e-02
5.800000000000000e-01 1.220912276456826e+00 5.560055594131597e-02
5.850000000000000e-01 1.252005217382601e+00 5.519775858001768e-02
5.900000000000000e-01 1.283880702325469e+00 5.480526127721393e-02
5.950000000000000e-01 1.316558654501151e+00 5.441144047855498e-02
6.000000000000000e-01 1.350059498693518e+00 5.400682014349639e-02
6.050000000000000e-01 1.384404174020732e+00 5.358354006099277e-02
6.100000000000000e-01 1.419614147022888e+00 5.313495718503852e-02
6.150000000000000e-01 1.455711425079295e+00 5.265534824167547e-02
6.200000000000000e-01 1.492718570163803e+00 5.213968989917236e-02
6.250000000000000e-01 1.530658712946775e+00 5.158349876519895e-02
6.300000000000000e-01 1.569555567252506e+00 5.098271790705129e-02
6.350000000000000e-01 1.609433444881138e+00 5.033363988030687e-02
6.400000000000000e-01 1.650317270804325e+00 4.963285869333182e-02
6.450000000000000e-01 1.692232598744148e+00 4.887724494655266e-02
6.500000000000000e-01 1.735205627145031e+00 4.806393972523529e-02
6.550000000000000e-01 1.779263215548615e+00 4.719036380982074e-02
6.600000000000000e-01 1.824432901381847e+00 4.625423948609422e-02
6.650000000000000e-01 1.870742917168772e+00 4.525362275505869e-02
6.700000000000000e-01 1.918222208176775e+00 4.418694411117797e-02
6.750000000000000e-01 1.966900450508319e+00 4.305305631884184e-02
6.800000000000000e-01 2.016808069649473e+00 4.185128780359627e-02
6.850000000000001e-01 2.067976259486829e+00 4.058150041273108e-02
6.900000000000001e-01 2.120437001804702e+00 3.924415040762973e-02
6.950000000000001e-01 2.174223086274785e+00 3.784035163758254e-02
7.000000000000001e-01 2.229368130950753e+00 3.637193991081550e-02
7.050000000000000e-01 2.285906603280654e+00 3.484153761023533e-02
7.100000000000000e-01 2.343873841650178e+00 3.325261757204691e-02
7.150000000000000e-01 2.403306077470301e+00 3.160956511385048e-02
7.200000000000000e-01 2.464240457823092e+00 2.991773681079296e-02
7.250000000000000e-01 2.526715068679855e+00 2.818351410946104e-02
7.300000000000000e-01 2.590768958706095e+00 2.641434907105508e-02
7.350000000000000e-01 2.656442163668210e+00 2.461879838564191e-02
7.400000000000000e-01 2.723775731457148e+00 2.280654025808885e-02
7.450000000000000e-01 2.792811747744667e+00 2.098836684215057e-02
7.500000000000000e-01 2.863593362288260e+00 1.917614268834394e-02
7.550000000000000e-01 2.936164815901156e+00 1.738271741297972e-02
7.600000000000000e-01 3.010571468104263e+00 1.562177894009763e-02
7.650000000000000e-01 3.086859825477351e+00 1.390763293737815e-02
7.700000000000000e-01 3.165077570727174e+00 1.225489546536563e-02
7.750000000000000e-01 3.245273592490716e+00 1.067809055663033e-02
7.800000000000000e-01 3.327498015892184e+00 9.191153459218672e-03
7.850000000000000e-01 3.411802233872832e+00 7.806853964071715e-03
7.900000000000000e-01 3.498238939313234e+00 6.536171649078886e-03
7.950000000000000e-01 3.586862157968046e+00 5.387673364042868e-03
8.000000000000000e-01 3.677727282233856e+00 4.366958604654474e-03
8.050000000000000e-01 3.770891105771243e+00 3.476245595807169e-03
8.100000000000001e-01 3.866411859002656e+00 2.714165705988905e-03
8.150000000000001e-01 3.964349245508326e+00 2.075814456540935e-03
8.200000000000001e-01 4.064764479342956e+00 1.553075662483214e-03
8.250000000000001e-01 4.167720323296481e+00 1.135196576724838e-03
8.300000000000001e-01 4.273281128122877e+00 8.095541948765144e-04
8.350000000000000e-01 4.381512872761445e+00 5.625243673937790e-04
8.400000000000000e-01 4.492483205575838e+00 3.803523765498609e-04
8.450000000000000e-01 4.606261486636447e+00 2.499287938360842e-04
8.500000000000000e-01 4.722918831072739e+00 1.593960117559476e-04
8.550000000000000e-01 4.842528153522501e+00 9.854336017001264e-05
8.600000000000000e-01 4.965164213705875e+00 5.898456134987583e-05
8.650000000000000e-01 5.090903663152626e+00 3.414283646986047e-05
8.700000000000000e-01 5.219825093111814e+00 1.909058868397503e-05
8.750000000000000e-01 5.352009083673925e+00 1.029975108200572e-05
8.800000000000000e-01 5.487538254136007e+00 5.356408701200648e-06
8.850000000000000e-01 5.626497314641444e+00 2.682478297681386e-06
8.900000000000000e-01 5.768973119126561e+00 1.292454901843811e-06
8.950000000000000e-01 5.915054719607133e+00 5.986022539293765e-07
9.000000000000000e-01 6.064833421838831e+00 2.662922960519225e-07
9.050000000000000e-01 6.218402842386253e+00 1.136989158601989e-07
9.100000000000000e-01 6.375858967136348e+00 4.656270682886304e-08
9.150000000000000e-01 6.537300211292723e+00 1.827835969958175e-08
9.200000000000000e-01 6.702827480888332e+00 6.874038238755714e-09
9.250000000000000e-01 6.872544235855034e+00 2.475403400959085e-09
9.300000000000000e-01 7.046556554689444e+00 8.531925138272671e-10
9.350000000000001e-01 7.224973200755413e+00 2.813493519745487e-10
9.400000000000001e-01 7.407905690264673e+00 8.873510925760697e-11
9.450000000000001e-01 7.595468361978146e+00 2.675897611907791e-11
9.500000000000001e-01 7.787778448671316e+00 7.713675761768107e-12
9.550000000000001e-01 7.984956150408610e+00 2.125118189259382e-12
9.600000000000000e-01 8.187124709672272e+00 5.594532776420056e-13
9.650000000000000e-01 8.394410488393007e+00 1.407177370778426e-13
9.700000000000000e-01 8.606943046930221e+00 3.381413421314719e-14
9.750000000000000e-01 8.824855225051540e+00 7.762221604846282e-15
9.800000000000000e-01 9.048283224961922e+00 1.702145973774527e-15
9.850000000000000e-01 9.277366696434507e+00 3.565964532055062e-16
9.900000000000000e-01 9.512248824096272e+00 7.120250488383487e-17
9.950000000000000e-01 9.753076416923058e+00 1.453461824558128e-17
1.000000000000000e+00 1.000000000000000e+01 -1.744645207154573e-18
