0.000000000000000e+00 0.000000000000000e+00 3.632975228321888e-01
5.000000000000000e-03 3.369477419287315e-03 3.632900123753978e-01
1.000000000000000e-02 6.741060871647481e-03 3.632774162192136e-01
1.500000000000000e-02 1.011685770649257e-02 3.632517814161804e-01
2.000000000000000e-02 1.349897790673588e-02 3.632202765208046e-01
2.500000000000000e-02 1.688953540759990e-02 3.631722481758830e-01
3.000000000000000e-02 2.029064941789469e-02 3.631153934706617e-01
3.500000000000000e-02 2.370444574459234e-02 3.630455508647553e-01
4.000000000000000e-02 2.713305812152553e-02 3.629658124131993e-01
4.500000000000000e-02 3.057862954304063e-02 3.628725395956372e-01
5.000000000000000e-02 3.404331360343898e-02 3.627690911589274e-01
5.500000000000000e-02 3.752927584304335e-02 3.626522711520815e-01
6.000000000000000e-02 4.103869510173117e-02 3.625238923690459e-01
6.500000000000000e-02 4.457376488078044e-02 3.623818481510816e-01
7.000000000000001e-02 4.813669471387935e-02 3.622279149351028e-01
7.500000000000000e-02 5.172971154815675e-02 3.620595098680379e-01
8.000000000000000e-02 5.535506113609672e-02 3.618779277956145e-01
8.500000000000001e-02 5.901500943920686e-02 3.616814716642898e-01
9.000000000000000e-02 6.271184404431801e-02 3.614709637624833e-01
9.500000000000000e-02 6.644787559340060e-02 3.612443283726782e-01
1.000000000000000e-01 7.022543922779090e-02 3.610025023517676e-01
1.050000000000000e-01 7.404689604773053e-02 3.607437472161447e-01
1.100000000000000e-01 7.791463458813094e-02 3.604683153409031e-01
1.150000000000000e-01 8.183107231148547e-02 3.601745081575695e-01
1.200000000000000e-01 8.579865711886202e-02 3.598628336920709e-01
1.250000000000000e-01 8.981986887992111e-02 3.595314073920650e-01
1.300000000000000e-01 9.389722098291493e-02 3.591801615107059e-01
1.350000000000000e-01 9.803326190563690e-02 3.588075432926202e-01
1.400000000000000e-01 1.022305768083033e-01 3.584135755056436e-01
1.450000000000000e-01 1.064917891493625e-01 3.579962676035324e-01
1.500000000000000e-01 1.108195623252418e-01 3.575553066553245e-01
1.550000000000000e-01 1.152166013350572e-01 3.570890696509356e-01
1.600000000000000e-01 1.196856544713255e-01 3.565971151140239e-01
1.650000000000000e-01 1.242295150377370e-01 3.560773578084483e-01
1.700000000000000e-01 1.288510230950609e-01 3.555291969602615e-01
1.750000000000000e-01 1.335530672362758e-01 3.549508120340117e-01
1.800000000000000e-01 1.383385863920344e-01 3.543413398697589e-01
1.850000000000000e-01 1.432105716675912e-01 3.536985376255158e-01
1.900000000000000e-01 1.481720682123397e-01 3.530214357289645e-01
1.950000000000000e-01 1.532261771231311e-01 3.523079526907311e-01
2.000000000000000e-01 1.583760573825595e-01 3.515568223685283e-01
2.050000000000000e-01 1.636249278334301e-01 3.507655398827030e-01
2.100000000000000e-01 1.689760691906397e-01 3.499326745435002e-01
2.150000000000000e-01 1.744328260917313e-01 3.490558289181004e-01
2.200000000000000e-01 1.799986091874004e-01 3.481333266845823e-01
2.250000000000000e-01 1.856768972732633e-01 3.471622988391865e-01
2.300000000000000e-01 1.914712394642179e-01 3.461407469671857e-01
2.350000000000000e-01 1.973852574127551e-01 3.450658536794450e-01
2.400000000000000e-01 2.034226475726105e-01 3.439354847493379e-01
2.450000000000000e-01 2.095871835091678e-01 3.427463571222329e-01
2.500000000000000e-01 2.158827182580599e-01 3.414958345674490e-01
2.550000000000000e-01 2.223131867334419e-01 3.401804750313153e-01
2.600000000000000e-01 2.288826081874405e-01 3.387974907464033e-01
2.650000000000000e-01 2.355950887223172e-01 3.373431663934169e-01
2.700000000000000e-01 2.424548238569160e-01 3.358142869835477e-01
2.750000000000000e-01 2.494661011489995e-01 3.342066216793725e-01
2.800000000000000e-01 2.566333028751116e-01 3.325164485477853e-01
2.850000000000000e-01 2.639609087696434e-01 3.307393127845676e-01
2.900000000000000e-01 2.714534988248126e-01 3.288711765222679e-01
2.950000000000000e-01 2.791157561533084e-01 3.269071389557890e-01
3.000000000000000e-01 2.869524699153886e-01 3.248427006728161e-01
3.050000000000000e-01 2.949685383122613e-01 3.226723134172313e-01
3.100000000000000e-01 3.031689716476197e-01 3.203908062469847e-01
3.150000000000000e-01 3.115588954592450e-01 3.179920993791377e-01
3.200000000000000e-01 3.201435537226349e-01 3.154702592112121e-01
3.250000000000000e-01 3.289283121286580e-01 3.128186864119901e-01
3.300000000000000e-01 3.379186614372866e-01 3.100306241130477e-01
3.350000000000000e-01 3.471202209094989e-01 3.070987783196079e-01
3.400000000000000e-01 3.565387418195016e-01 3.040154722279291e-01
3.450000000000000e-01 3.661801110494620e-01 3.007724904969212e-01
3.500000000000000e-01 3.760503547690021e-01 2.973610801764632e-01
3.550000000000000e-01 3.861556422017504e-01 2.937718627630152e-01
3.600000000000000e-01 3.965022894813072e-01 2.899947732301864e-01
3.650000000000000e-01 4.070967635990345e-01 2.860189681786173e-01
3.700000000000000e-01 4.179456864461349e-01 2.818327230392645e-01
3.750000000000000e-01 4.290558389525505e-01 2.774233036387010e-01
3.800000000000000e-01 4.404341653252637e-01 2.727768096663419e-01
3.850000000000000e-01 4.520877773886537e-01 2.678779801909880e-01
3.900000000000000e-01 4.640239590296172e-01 2.627099504248914e-01
3.950000000000000e-01 4.762501707502353e-01 2.572539441023292e-01
4.000000000000000e-01 4.887740543308307e-01 2.514888801358891e-01
4.050000000000000e-01 5.016034376063282e-01 2.453908634405232e-01
4.100000000000000e-01 5.147463393589066e-01 2.389325168511979e-01
4.150000000000000e-01 5.282109743299990e-01 2.320820912062929e-01
4.200000000000000e-01 5.420057583547735e-01 2.248022595677868e-01
4.250000000000000e-01 5.561393136223041e-01 2.170484513884814e-01
4.300000000000000e-01 5.706204740647189e-01 2.087664988724104e-01
4.350000000000000e-01 5.854582908786964e-01 1.998892232854238e-01
4.400000000000000e-01 6.006620381827575e-01 1.903313281806676e-01
4.450000000000000e-01 6.162412188138907e-01 1.799814716782428e-01
4.500000000000000e-01 6.322055702671360e-01 1.686893944684316e-01
4.550000000000000e-01 6.485650707818353e-01 1.562438352690959e-01
4.600000000000000e-01 6.653299455783577e-01 1.423319630994346e-01
4.650000000000000e-01 6.825106732491932e-01 1.264583663259043e-01
4.700000000000000e-01 7.001179923084168e-01 1.077676231104709e-01
4.750000000000000e-01 7.181629079036070e-01 8.463904810443576e-02
4.800000000000000e-01 7.366566986944229e-01 5.415201160389701e-02
4.850000000000000e-01 7.556109239021327e-01 1.703641214771807e-02
4.900000000000000e-01 7.750374305345038e-01 -2.226652854990195e-03
4.950000000000000e-01 7.949483607905672e-01 1.419294188370363e-03
5.000000000000000e-01 8.153561596498893e-01 -4.237344625023538e-03
5.050000000000000e-01 8.362735826510871e-01 -4.542917370757213e-03
5.100000000000000e-01 8.577137038644561e-01 -4.496376680211243e-03
5.150000000000000e-01 8.796899240636907e-01 -6.130203248492354e-03
5.200000000000000e-01 9.022159791018011e-01 -4.926353478713704e-03
5.250000000000000e-01 9.253059484964714e-01 -6.023594511608106e-03
5.300000000000000e-01 9.489742642302165e-01 -5.154973116658797e-03
5.350000000000000e-01 9.732357197708378e-01 -5.407897785168821e-03
5.400000000000000e-01 9.981054793178262e-01 -4.993685681787981e-03
5.450000000000000e-01 1.023599087280478e+00 -4.701145035083576e-03
5.500000000000000e-01 1.049732477993657e+00 -4.481741924257839e-03
5.550000000000000e-01 1.076521985677273e+00 -3.984142982701964e-03
5.600000000000001e-01 1.103984354645701e+00 -3.741880285486680e-03
5.650000000000001e-01 1.132136749773522e+00 -3.229828267590708e-03
5.700000000000001e-01 1.160996767224129e+00 -2.884285234183634e-03
5.750000000000001e-01 1.190582445447902e+00 -2.407268321866730e-03
5.800000000000000e-01 1.220912276456826e+00 -1.972186326885485e-03
5.850000000000000e-01 1.252005217382601e+00 -1.511190440862387e-03
5.900000000000000e-01 1.283880702325469e+00 -1.027520865426894e-03
5.950000000000000e-01 1.316558654501151e+00 -5.551812866503256e-04
6.000000000000000e-01 1.350059498693518e+00 -5.151898845304094e-05
6.050000000000000e-01 1.384404174020732e+00 4.438447114655755e-04
6.100000000000000e-01 1.419614147022888e+00 9.581268460166176e-04
6.150000000000000e-01 1.455711425079295e+00 1.474929530769487e-03
6.200000000000000e-01 1.492718570163803e+00 2.000473687111350e-03
6.250000000000000e-01 1.530658712946775e+00 2.533600543964364e-03
6.300000000000000e-01 1.569555567252506e+00 3.072183459786378e-03
6.350000000000000e-01 1.609433444881138e+00 3.618396481399551e-03
6.400000000000000e-01 1.650317270804325e+00 4.170074351028602e-03
6.450000000000000e-01 1.692232598744148e+00 4.728199693079214e-03
6.500000000000000e-01 1.735205627145031e+00 5.292044298733744e-03
6.550000000000000e-01 1.779263215548615e+00 5.861556251231438e-03
6.600000000000000e-01 1.824432901381847e+00 6.436575702206159e-03
6.650000000000000e-01 1.870742917168772e+00 7.016799415739253e-03
6.700000000000000e-01 1.918222208176775e+00 7.602044099679013e-03
6.750000000000000e-01 1.966900450508319e+00 8.191979200595022e-03
6.800000000000000e-01 2.016808069649473e+00 8.786270726125372e-03
6.850000000000001e-01 2.067976259486829e+00 9.384495389668410e-03
6.900000000000001e-01 2.120437001804702e+00 9.986145459052598e-03
6.950000000000001e-01 2.174223086274785e+00 1.059061142350172e-02
7.000000000000001e-01 2.229368130950753e+00 1.119715788125659e-02
7.050000000000000e-01 2.285906603280654e+00 1.180490728484841e-02
7.100000000000000e-01 2.343873841650178e+00 1.241281581765981e-02
7.150000000000000e-01 2.403306077470301e+00 1.301965066766653e-02
7.200000000000000e-01 2.464240457823092e+00 1.362396467961139e-02
7.250000000000000e-01 2.526715068679855e+00 1.422406941828258e-02
7.300000000000000e-01 2.590768958706095e+00 1.481800646177752e-02
7.350000000000000e-01 2.656442163668210e+00 1.540351668576760e-02
7.400000000000000e-01 2.723775731457148e+00 1.597800761528424e-02
7.450000000000000e-01 2.792811747744667e+00 1.653851886314627e-02
7.500000000000000e-01 2.863593362288260e+00 1.708168594447515e-02
7.550000000000000e-01 2.936164815901156e+00 1.760370304631043e-02
7.600000000000000e-01 3.010571468104263e+00 1.810028579201531e-02
7.650000000000000e-01 3.086859825477351e+00 1.856663566875628e-02
7.700000000000000e-01 3.165077570727174e+00 1.899740861393251e-02
7.750000000000000e-01 3.245273592490716e+00 1.938669131764186e-02
7.800000000000000e-01 3.327498015892184e+00 1.972799008108924e-02
7.850000000000000e-01 3.411802233872832e+00 2.001423851884325e-02
7.900000000000000e-01 3.498238939313234e+00 2.023783193410221e-02
7.950000000000000e-01 3.586862157968046e+00 2.039069765557971e-02
8.000000000000000e-01 3.677727282233856e+00 2.046441158089287e-02
8.050000000000000e-01 3.770891105771243e+00 2.045037108881744e-02
8.100000000000001e-01 3.866411859002656e+00 2.034003297130009e-02
8.150000000000001e-01 3.964349245508326e+00 2.012522172437593e-02
8.200000000000001e-01 4.064764479342956e+00 1.979850798135804e-02
8.250000000000001e-01 4.167720323296481e+00 1.935364944223923e-02
8.300000000000001e-01 4.273281128122877e+00 1.878607939454630e-02
8.350000000000000e-01 4.381512872761445e+00 1.809342306950369e-02
8.400000000000000e-01 4.492483205575838e+00 1.727601934193206e-02
8.450000000000000e-01 4.606261486636447e+00 1.633742267351081e-02
8.500000000000000e-01 4.722918831072739e+00 1.528485878206709e-02
8.550000000000000e-01 4.842528153522501e+00 1.412961183814737e-02
8.600000000000000e-01 4.965164213705875e+00 1.288732921330337e-02
8.650000000000000e-01 5.090903663152626e+00 1.157822359311147e-02
8.700000000000000e-01 5.219825093111814e+00 1.022710559050894e-02
8.750000000000000e-01 5.352009083673925e+00 8.863090069259141e-03
8.800000000000000e-01 5.487538254136007e+00 7.518733769630185e-03
8.850000000000000e-01 5.626497314641444e+00 6.228367047093194e-03
8.900000000000000e-01 5.768973119126561e+00 5.025547659833047e-03
8.950000000000000e-01 5.915054719607133e+00 3.939875547650733e-03
9.000000000000000e-01 6.064833421838831e+00 2.993745972055484e-03
9.050000000000000e-01 6.218402842386253e+00 2.199811756319046e-03
9.100000000000000e-01 6.375858967136348e+00 1.559845102528855e-03
9.150000000000000e-01 6.537300211292723e+00 1.065333928784913e-03
9.200000000000000e-01 6.702827480888332e+00 6.996533455065288e-04
9.250000000000000e-01 6.872544235855034e+00 4.412238474785648e-04
9.300000000000000e-01 7.046556554689444e+00 2.668683128338483e-04
9.350000000000001e-01 7.224973200755413e+00 1.546571002245574e-04
9.400000000000001e-01 7.407905690264673e+00 8.580872527424632e-05
9.450000000000001e-01 7.595468361978146e+00 4.555200701307433e-05
9.500000000000001e-01 7.787778448671316e+00 2.312525530592378e-05
9.550000000000001e-01 7.984956150408610e+00 1.122305630717953e-05
9.600000000000000e-01 8.187124709672272e+00 5.205593461018296e-06
9.650000000000000e-01 8.394410488393007e+00 2.307237154949533e-06
9.700000000000000e-01 8.606943046930221e+00 9.770964371667300e-07
9.750000000000000e-01 8.824855225051540e+00 3.953687928626143e-07
9.800000000000000e-01 9.048283224961922e+00 1.528448398404627e-07
9.850000000000000e-01 9.277366696434507e+00 5.651021894031247e-08
9.900000000000000e-01 9.512248824096272e+00 1.985546592958138e-08
9.950000000000000e-01 9.753076416923058e+00 7.035845495722865e-09
1.000000000000000e+00 1.000000000000000e+01 1.397775940606934e-09
