0.000000000000000e+00 0.000000000000000e+00 3.629647204646900e-01
5.000000000000000e-03 3.369477419287315e-03 3.629572011373732e-01
1.000000000000000e-02 6.741060871647481e-03 3.629450065441965e-01
1.500000000000000e-02 1.011685770649257e-02 3.629193513020382e-01
2.000000000000000e-02 1.349897790673588e-02 3.628877461066968e-01
2.500000000000000e-02 1.688953540759990e-02 3.628396858443060e-01
3.000000000000000e-02 2.029064941789469e-02 3.627827862210148e-01
3.500000000000000e-02 2.370444574459234e-02 3.627128811655181e-01
4.000000000000000e-02 2.713305812152553e-02 3.626330909251310e-01
4.500000000000000e-02 3.057862954304063e-02 3.625397379559563e-01
5.000000000000000e-02 3.404331360343898e-02 3.624361880531395e-01
5.500000000000000e-02 3.752927584304335e-02 3.623192788635541e-01
6.000000000000000e-02 4.103869510173117e-02 3.621908011461347e-01
6.500000000000000e-02 4.457376488078044e-02 3.620486261421826e-01
7.000000000000001e-02 4.813669471387935e-02 3.618945624927742e-01
7.500000000000000e-02 5.172971154815675e-02 3.617260282142293e-01
8.000000000000000e-02 5.535506113609672e-02 3.615442870631248e-01
8.500000000000001e-02 5.901500943920686e-02 3.613476547738699e-01
9.000000000000000e-02 6.271184404431801e-02 3.611369786296728e-01
9.500000000000000e-02 6.644787559340060e-02 3.609101576786412e-01
1.000000000000000e-01 7.022543922779090e-02 3.606681138379272e-01
1.050000000000000e-01 7.404689604773053e-02 3.604091355806801e-01
1.100000000000000e-01 7.791463458813094e-02 3.601334787453558e-01
1.150000000000000e-01 8.183107231148547e-02 3.598394179440452e-01
1.200000000000000e-01 8.579865711886202e-02 3.595274661004905e-01
1.250000000000000e-01 8.981986887992111e-02 3.591957576799849e-01
1.300000000000000e-01 9.389722098291493e-02 3.588442121723260e-01
1.350000000000000e-01 9.803326190563690e-02 3.584712631215868e-01
1.400000000000000e-01 1.022305768083033e-01 3.580769477257343e-01
1.450000000000000e-01 1.064917891493625e-01 3.576592798265990e-01
1.500000000000000e-01 1.108195623252418e-01 3.572179289464588e-01
1.550000000000000e-01 1.152166013350572e-01 3.567512709234941e-01
1.600000000000000e-01 1.196856544713255e-01 3.562588785514352e-01
1.650000000000000e-01 1.242295150377370e-01 3.557386610759568e-01
1.700000000000000e-01 1.288510230950609e-01 3.551900017643591e-01
1.750000000000000e-01 1.335530672362758e-01 3.546110846598615e-01
1.800000000000000e-01 1.383385863920344e-01 3.540010574640345e-01
1.850000000000000e-01 1.432105716675912e-01 3.533576683333083e-01
1.900000000000000e-01 1.481720682123397e-01 3.526799338273665e-01
1.950000000000000e-01 1.532261771231311e-01 3.519657769665019e-01
2.000000000000000e-01 1.583760573825595e-01 3.512139396959773e-01
2.050000000000000e-01 1.636249278334301e-01 3.504219089273428e-01
2.100000000000000e-01 1.689760691906397e-01 3.495882408407405e-01
2.150000000000000e-01 1.744328260917313e-01 3.487105384086822e-01
2.200000000000000e-01 1.799986091874004e-01 3.477871308147175e-01
2.250000000000000e-01 1.856768972732633e-01 3.468151446867593e-01
2.300000000000000e-01 1.914712394642179e-01 3.457925699577582e-01
2.350000000000000e-01 1.973852574127551e-01 3.447165821309388e-01
2.400000000000000e-01 2.034226475726105e-01 3.435850462938432e-01
2.450000000000000e-01 2.095871835091678e-01 3.423946800410240e-01
2.500000000000000e-01 2.158827182580599e-01 3.411428411316919e-01
2.550000000000000e-01 2.223131867334419e-01 3.398260737395338e-01
2.600000000000000e-01 2.288826081874405e-01 3.384415788300235e-01
2.650000000000000e-01 2.355950887223172e-01 3.369856390928356e-01
2.700000000000000e-01 2.424548238569160e-01 3.354550359963206e-01
2.750000000000000e-01 2.494661011489995e-01 3.338455287721339e-01
2.800000000000000e-01 2.566333028751116e-01 3.321533837441111e-01
2.850000000000000e-01 2.639609087696434e-01 3.303741302182828e-01
2.900000000000000e-01 2.714534988248126e-01 3.285037138524777e-01
2.950000000000000e-01 2.791157561533084e-01 3.265372232763291e-01
3.000000000000000e-01 2.869524699153886e-01 3.244701441870332e-01
3.050000000000000e-01 2.949685383122613e-01 3.222969123585119e-01
3.100000000000000e-01 3.031689716476197e-01 3.200123398806473e-01
3.150000000000000e-01 3.115588954592450e-01 3.176103208715602e-01
3.200000000000000e-01 3.201435537226349e-01 3.150848986658141e-01
3.250000000000000e-01 3.289283121286580e-01 3.124294411864702e-01
3.300000000000000e-01 3.379186614372866e-01 3.096371601187281e-01
3.350000000000000e-01 3.471202209094989e-01 3.067007221309691e-01
3.400000000000000e-01 3.565387418195016e-01 3.036124080891872e-01
3.450000000000000e-01 3.661801110494620e-01 3.003639526400635e-01
3.500000000000000e-01 3.760503547690021e-01 2.969465458370235e-01
3.550000000000000e-01 3.861556422017504e-01 2.933507425559061e-01
3.600000000000000e-01 3.965022894813072e-01 2.895664001094088e-01
3.650000000000000e-01 4.070967635990345e-01 2.855825837492753e-01
3.700000000000000e-01 4.179456864461349e-01 2.813874609233210e-01
3.750000000000000e-01 4.290558389525505e-01 2.769681688961136e-01
3.800000000000000e-01 4.404341653252637e-01 2.723106531812379e-01
3.850000000000000e-01 4.520877773886537e-01 2.673994664375007e-01
3.900000000000000e-01 4.640239590296172e-01 2.622175164641264e-01
3.950000000000000e-01 4.762501707502353e-01 2.567457467843807e-01
4.000000000000000e-01 4.887740543308307e-01 2.509627271953439e-01
4.050000000000000e-01 5.016034376063282e-01 2.448441222132189e-01
4.100000000000000e-01 5.147463393589066e-01 2.383619912915888e-01
4.150000000000000e-01 5.282109743299990e-01 2.314838530134437e-01
4.200000000000000e-01 5.420057583547735e-01 2.241714112081287e-01
4.250000000000000e-01 5.561393136223041e-01 2.163787851402793e-01
4.300000000000000e-01 5.706204740647189e-01 2.080499918033716e-01
4.350000000000000e-01 5.854582908786964e-01 1.991152631466337e-01
4.400000000000000e-01 6.006620381827575e-01 1.894854771837922e-01
4.450000000000000e-01 6.162412188138907e-01 1.790433910777113e-01
4.500000000000000e-01 6.322055702671360e-01 1.676291360456362e-01
4.550000000000000e-01 6.485650707818353e-01 1.550146625470957e-01
4.600000000000000e-01 6.653299455783577e-01 1.408548962971859e-01
4.650000000000000e-01 6.825106732491932e-01 1.245836492053652e-01
4.700000000000000e-01 7.001179923084168e-01 1.051564700466620e-01
4.750000000000000e-01 7.181629079036070e-01 8.028766430581162e-02
4.800000000000000e-01 7.366566986944229e-01 4.419140707602066e-02
4.850000000000000e-01 7.556109239021327e-01 -3.979171623681252e-03
4.900000000000000e-01 7.750374305345038e-01 -1.248423795832690e-02
4.950000000000000e-01 7.949483607905672e-01 -7.502078561763673e-03
5.000000000000000e-01 8.153561596498893e-01 -1.706880784589375e-02
5.050000000000000e-01 8.362735826510871e-01 -9.562278737331655e-03
5.100000000000000e-01 8.577137038644561e-01 -1.643768540226920e-02
5.150000000000000e-01 8.796899240636907e-01 -1.123855653078417e-02
5.200000000000000e-01 9.022159791018011e-01 -1.478321063827012e-02
5.250000000000000e-01 9.253059484964714e-01 -1.226175059553779e-02
5.300000000000000e-01 9.489742642302165e-01 -1.318749681313307e-02
5.350000000000000e-01 9.732357197708378e-01 -1.258778807684332e-02
5.400000000000000e-01 9.981054793178262e-01 -1.192857958281485e-02
5.450000000000000e-01 1.023599087280478e+00 -1.232698194281501e-02
5.500000000000000e-01 1.049732477993657e+00 -1.099521800187327e-02
5.550000000000000e-01 1.076521985677273e+00 -1.165341777071819e-02
5.600000000000001e-01 1.103984354645701e+00 -1.027391505556355e-02
5.650000000000001e-01 1.132136749773522e+00 -1.074493636176654e-02
5.700000000000001e-01 1.160996767224129e+00 -9.635669688811081e-03
5.750000000000001e-01 1.190582445447902e+00 -9.746504502779191e-03
5.800000000000000e-01 1.220912276456826e+00 -8.979198949995895e-03
5.850000000000000e-01 1.252005217382601e+00 -8.752033775854959e-03
5.900000000000000e-01 1.283880702325469e+00 -8.248308295563543e-03
5.950000000000000e-01 1.316558654501151e+00 -7.802237382378815e-03
6.000000000000000e-01 1.350059498693518e+00 -7.430695790184003e-03
6.050000000000000e-01 1.384404174020732e+00 -6.895699843905313e-03
6.100000000000000e-01 1.419614147022888e+00 -6.544007258201402e-03
6.150000000000000e-01 1.455711425079295e+00 -6.008040023587649e-03
6.200000000000000e-01 1.492718570163803e+00 -5.616413232505645e-03
6.250000000000000e-01 1.530658712946775e+00 -5.111762644729684e-03
6.300000000000000e-01 1.569555567252506e+00 -4.669950067777755e-03
6.350000000000000e-01 1.609433444881138e+00 -4.189380288789441e-03
6.400000000000000e-01 1.650317270804325e+00 -3.712892697711349e-03
6.450000000000000e-01 1.692232598744148e+00 -3.236058478598095e-03
6.500000000000000e-01 1.735205627145031e+00 -2.742079936681730e-03
6.550000000000000e-01 1.779263215548615e+00 -2.254127810672575e-03
6.600000000000000e-01 1.824432901381847e+00 -1.750258742685455e-03
6.650000000000000e-01 1.870742917168772e+00 -1.246085217186674e-03
6.700000000000000e-01 1.918222208176775e+00 -7.317666118398010e-04
6.750000000000000e-01 1.966900450508319e+00 -2.114540773486063e-04
6.800000000000000e-01 2.016808069649473e+00 3.163429880739079e-04
6.850000000000001e-01 2.067976259486829e+00 8.522774697428629e-04
6.900000000000001e-01 2.120437001804702e+00 1.395737459904584e-03
6.950000000000001e-01 2.174223086274785e+00 1.947698950618533e-03
7.000000000000001e-01 2.229368130950753e+00 2.507835944108295e-03
7.050000000000000e-01 2.285906603280654e+00 3.076504861400087e-03
7.100000000000000e-01 2.343873841650178e+00 3.653662234698732e-03
7.150000000000000e-01 2.403306077470301e+00 4.239282869888535e-03
7.200000000000000e-01 2.464240457823092e+00 4.833249272645762e-03
7.250000000000000e-01 2.526715068679855e+00 5.435307341404551e-03
7.300000000000000e-01 2.590768958706095e+00 6.045101585964812e-03
7.350000000000000e-01 2.656442163668210e+00 6.662120336008446e-03
7.400000000000000e-01 2.723775731457148e+00 7.285695046296362e-03
7.450000000000000e-01 2.792811747744667e+00 7.914970677602259e-03
7.500000000000000e-01 2.863593362288260e+00 8.548882239268510e-03
7.550000000000000e-01 2.936164815901156e+00 9.186125927120524e-03
7.600000000000000e-01 3.010571468104263e+00 9.825125661992571e-03
7.650000000000000e-01 3.086859825477351e+00 1.046399551106161e-02
7.700000000000000e-01 3.165077570727174e+00 1.110049651864271e-02
7.750000000000000e-01 3.245273592490716e+00 1.173198813493036e-02
7.800000000000000e-01 3.327498015892184e+00 1.235537390845893e-02
7.850000000000000e-01 3.411802233872832e+00 1.296704174850217e-02
7.900000000000000e-01 3.498238939313234e+00 1.356279943665227e-02
7.950000000000000e-01 3.586862157968046e+00 1.413780674242331e-02
8.000000000000000e-01 3.677727282233856e+00 1.468650663574473e-02
8.050000000000000e-01 3.770891105771243e+00 1.520255954667053e-02
8.100000000000001e-01 3.866411859002656e+00 1.567878635576689e-02
8.150000000000001e-01 3.964349245508326e+00 1.610712843196304e-02
8.200000000000001e-01 4.064764479342956e+00 1.647863675796750e-02
8.250000000000001e-01 4.167720323296481e+00 1.678350585924127e-02
8.300000000000001e-01 4.273281128122877e+00 1.701117139507670e-02
8.350000000000000e-01 4.381512872761445e+00 1.715049372775974e-02
8.400000000000000e-01 4.492483205575838e+00 1.719005154520940e-02
8.450000000000000e-01 4.606261486636447e+00 1.711856367857518e-02
8.500000000000000e-01 4.722918831072739e+00 1.692544222635726e-02
8.550000000000000e-01 4.842528153522501e+00 1.660146453327763e-02
8.600000000000000e-01 4.965164213705875e+00 1.613954208796504e-02
8.650000000000000e-01 5.090903663152626e+00 1.553555280149971e-02
8.700000000000000e-01 5.219825093111814e+00 1.478918041571178e-02
8.750000000000000e-01 5.352009083673925e+00 1.390468853421397e-02
8.800000000000000e-01 5.487538254136007e+00 1.289158174427609e-02
8.850000000000000e-01 5.626497314641444e+00 1.176516810007223e-02
8.900000000000000e-01 5.768973119126561e+00 1.054705680095278e-02
8.950000000000000e-01 5.915054719607133e+00 9.265505729671832e-03
9.000000000000000e-01 6.064833421838831e+00 7.955282924524807e-03
9.050000000000000e-01 6.218402842386253e+00 6.656495818592128e-03
9.100000000000000e-01 6.375858967136348e+00 5.411914266356149e-03
9.150000000000000e-01 6.537300211292723e+00 4.262780221128272e-03
9.200000000000000e-01 6.702827480888332e+00 3.243800321046332e-03
9.250000000000000e-01 6.872544235855034e+00 2.378584909695423e-03
9.300000000000000e-01 7.046556554689444e+00 1.676872993859446e-03
9.350000000000001e-01 7.224973200755413e+00 1.134370636747735e-03
9.400000000000001e-01 7.407905690264673e+00 7.351628626729768e-04
9.450000000000001e-01 7.595468361978146e+00 4.558513302185020e-04
9.500000000000001e-01 7.787778448671316e+00 2.701688936075279e-04
9.550000000000001e-01 7.984956150408610e+00 1.529290774958888e-04
9.600000000000000e-01 8.187124709672272e+00 8.263237252068217e-05
9.650000000000000e-01 8.394410488393007e+00 4.260468469551613e-05
9.700000000000000e-01 8.606943046930221e+00 2.095619901850855e-05
9.750000000000000e-01 8.824855225051540e+00 9.833185850410308e-06
9.800000000000000e-01 9.048283224961922e+00 4.400451633238693e-06
9.850000000000000e-01 9.277366696434507e+00 1.881100392202448e-06
9.900000000000000e-01 9.512248824096272e+00 7.623362262129068e-07
9.950000000000000e-01 9.753076416923058e+00 3.087120079346276e-07
1.000000000000000e+00 1.000000000000000e+01 8.731761515379766e-08
