0.000000000000000e+00 0.000000000000000e+00 3.845834463642955e-01
5.000000000000000e-03 3.369477419287315e-03 3.845764561242146e-01
1.000000000000000e-02 6.741060871647481e-03 3.845705367833713e-01
1.500000000000000e-02 1.011685770649257e-02 3.845461359950966e-01
2.000000000000000e-02 1.349897790673588e-02 3.845145035753669e-01
2.500000000000000e-02 1.688953540759990e-02 3.844685983655398e-01
3.000000000000000e-02 2.029064941789469e-02 3.844146932508847e-01
3.500000000000000e-02 2.370444574459234e-02 3.843477253619719e-01
4.000000000000000e-02 2.713305812152553e-02 3.842711975503577e-01
4.500000000000000e-02 3.057862954304063e-02 3.841820540171321e-01
5.000000000000000e-02 3.404331360343898e-02 3.840831354184885e-01
5.500000000000000e-02 3.752927584304335e-02 3.839712064690240e-01
6.000000000000000e-02 4.103869510173117e-02 3.838483654144937e-01
6.500000000000000e-02 4.457376488078044e-02 3.837125460095406e-01
7.000000000000001e-02 4.813669471387935e-02 3.835652216301970e-01
7.500000000000000e-02 5.172971154815675e-02 3.834040171397773e-01
8.000000000000000e-02 5.535506113609672e-02 3.832303848299274e-01
8.500000000000001e-02 5.901500943920686e-02 3.830424982888931e-01
9.000000000000000e-02 6.271184404431801e-02 3.828410943768288e-01
9.500000000000000e-02 6.644787559340060e-02 3.826243204681565e-01
1.000000000000000e-01 7.022543922779090e-02 3.823931360979879e-01
1.050000000000000e-01 7.404689604773053e-02 3.821457208180664e-01
1.100000000000000e-01 7.791463458813094e-02 3.818823789724020e-01
1.150000000000000e-01 8.183107231148547e-02 3.816015326273944e-01
1.200000000000000e-01 8.579865711886202e-02 3.813036812296968e-01
1.250000000000000e-01 8.981986887992111e-02 3.809869625434567e-01
1.300000000000000e-01 9.389722098291493e-02 3.806513801320420e-01
1.350000000000000e-01 9.803326190563690e-02 3.802954271064483e-01
1.400000000000000e-01 1.022305768083033e-01 3.799191763679236e-01
1.450000000000000e-01 1.064917891493625e-01 3.795207115346917e-01
1.500000000000000e-01 1.108195623252418e-01 3.790997552259501e-01
1.550000000000000e-01 1.152166013350572e-01 3.786547314664405e-01
1.600000000000000e-01 1.196856544713255e-01 3.781853303041114e-01
1.650000000000000e-01 1.242295150377370e-01 3.776895432795540e-01
1.700000000000000e-01 1.288510230950609e-01 3.771667744695884e-01
1.750000000000000e-01 1.335530672362758e-01 3.766152914358210e-01
1.800000000000000e-01 1.383385863920344e-01 3.760344355583792e-01
1.850000000000000e-01 1.432105716675912e-01 3.754220464310450e-01
1.900000000000000e-01 1.481720682123397e-01 3.747771500424296e-01
1.950000000000000e-01 1.532261771231311e-01 3.740977834862622e-01
2.000000000000000e-01 1.583760573825595e-01 3.733829484909117e-01
2.050000000000000e-01 1.636249278334301e-01 3.726302839700403e-01
2.100000000000000e-01 1.689760691906397e-01 3.718383844919811e-01
2.150000000000000e-01 1.744328260917313e-01 3.710049491020945e-01
2.200000000000000e-01 1.799986091874004e-01 3.701285878669288e-01
2.250000000000000e-01 1.856768972732633e-01 3.692067312397964e-01
2.300000000000000e-01 1.914712394642179e-01 3.682375564932394e-01
2.350000000000000e-01 1.973852574127551e-01 3.672182804965372e-01
2.400000000000000e-01 2.034226475726105e-01 3.661469486613966e-01
2.450000000000000e-01 2.095871835091678e-01 3.650207376319380e-01
2.500000000000000e-01 2.158827182580599e-01 3.638374784935240e-01
2.550000000000000e-01 2.223131867334419e-01 3.625939078966145e-01
2.600000000000000e-01 2.288826081874405e-01 3.612874189860223e-01
2.650000000000000e-01 2.355950887223172e-01 3.599146213054186e-01
2.700000000000000e-01 2.424548238569160e-01 3.584727108271822e-01
2.750000000000000e-01 2.494661011489995e-01 3.569581080230632e-01
2.800000000000000e-01 2.566333028751116e-01 3.553677870486587e-01
2.850000000000000e-01 2.639609087696434e-01 3.536977137724907e-01
2.900000000000000e-01 2.714534988248126e-01 3.519444395446238e-01
2.950000000000000e-01 2.791157561533084e-01 3.501036078191647e-01
3.000000000000000e-01 2.869524699153886e-01 3.481712747404991e-01
3.050000000000000e-01 2.949685383122613e-01 3.461428993536035e-01
3.100000000000000e-01 3.031689716476197e-01 3.440140569560845e-01
3.150000000000000e-01 3.115588954592450e-01 3.417799582752803e-01
3.200000000000000e-01 3.201435537226349e-01 3.394357163879588e-01
3.250000000000000e-01 3.289283121286580e-01 3.369761785242947e-01
3.300000000000000e-01 3.379186614372866e-01 3.343959966048953e-01
3.350000000000000e-01 3.471202209094989e-01 3.316895792527927e-01
3.400000000000000e-01 3.565387418195016e-01 3.288511013522368e-01
3.450000000000000e-01 3.661801110494620e-01 3.258744882695997e-01
3.500000000000000e-01 3.760503547690021e-01 3.227534105593193e-01
3.550000000000000e-01 3.861556422017504e-01 3.194812740641165e-01
3.600000000000000e-01 3.965022894813072e-01 3.160512112649412e-01
3.650000000000000e-01 4.070967635990345e-01 3.124560717185869e-01
3.700000000000000e-01 4.179456864461349e-01 3.086884124232606e-01
3.750000000000000e-01 4.290558389525505e-01 3.047404879590737e-01
3.800000000000000e-01 4.404341653252637e-01 3.006042406711223e-01
3.850000000000000e-01 4.520877773886537e-01 2.962712911713540e-01
3.900000000000000e-01 4.640239590296172e-01 2.917329296574893e-01
3.950000000000000e-01 4.762501707502353e-01 2.869801088276017e-01
4.000000000000000e-01 4.887740543308307e-01 2.820034396143756e-01
4.050000000000000e-01 5.016034376063282e-01 2.767931916323590e-01
4.100000000000000e-01 5.147463393589066e-01 2.713393012420783e-01
4.150000000000000e-01 5.282109743299990e-01 2.656313916544984e-01
4.200000000000000e-01 5.420057583547735e-01 2.596588117817148e-01
4.250000000000000e-01 5.561393136223041e-01 2.534107039624760e-01
4.300000000000000e-01 5.706204740647189e-01 2.468761158139945e-01
4.350000000000000e-01 5.854582908786964e-01 2.400441791028434e-01
4.400000000000000e-01 6.006620381827575e-01 2.329043898562002e-01
4.450000000000000e-01 6.162412188138907e-01 2.254470405498692e-01
4.500000000000000e-01 6.322055702671360e-01 2.176638791323323e-01
4.550000000000000e-01 6.485650707818353e-01 2.095491030096703e-01
4.600000000000000e-01 6.653299455783577e-01 2.011008400962699e-01
4.650000000000000e-01 6.825106732491932e-01 1.923233210101968e-01
4.700000000000000e-01 7.001179923084168e-01 1.832299937011248e-01
4.750000000000000e-01 7.181629079036070e-01 1.738478390505378e-01
4.800000000000000e-01 7.366566986944229e-01 1.642230363014203e-01
4.850000000000000e-01 7.556109239021327e-01 1.544277630363886e-01
4.900000000000000e-01 7.750374305345038e-01 1.445671132358101e-01
4.950000000000000e-01 7.949483607905672e-01 1.347837804269122e-01
5.000000000000000e-01 8.153561596498893e-01 1.252566045381092e-01
5.050000000000000e-01 8.362735826510871e-01 1.161885128322257e-01
5.100000000000000e-01 8.577137038644561e-01 1.077817451551209e-01
5.150000000000000e-01 8.796899240636907e-01 1.002045117212311e-01
5.200000000000000e-01 9.022159791018011e-01 9.356052992656816e-02
5.250000000000000e-01 9.253059484964714e-01 8.787466182605840e-02
5.300000000000000e-01 9.489742642302165e-01 8.310026763885135e-02
5.350000000000000e-01 9.732357197708378e-01 7.914210452740215e-02
5.400000000000000e-01 9.981054793178262e-01 7.588249889087638e-02
5.450000000000000e-01 1.023599087280478e+00 7.320151423560700e-02
5.500000000000000e-01 1.049732477993657e+00 7.098856066887332e-02
5.550000000000000e-01 1.076521985677273e+00 6.914728405525657e-02
5.600000000000001e-01 1.103984354645701e+00 6.759648036435516e-02
5.650000000000001e-01 1.132136749773522e+00 6.626906067772040e-02
5.700000000000001e-01 1.160996767224129e+00 6.511024584423074e-02
5.750000000000001e-01 1.190582445447902e+00 6.407560379982825e-02
5.800000000000000e-01 1.220912276456826e+00 6.312921392577855e-02
5.850000000000000e-01 1.252005217382601e+00 6.224206626255376e-02
5.900000000000000e-01 1.283880702325469e+00 6.139071713049395e-02
5.950000000000000e-01 1.316558654501151e+00 6.055618482514308e-02
6.000000000000000e-01 1.350059498693518e+00 5.972305517089548e-02
6.050000000000000e-01 1.384404174020732e+00 5.887876416368375e-02
6.100000000000000e-01 1.419614147022888e+00 5.801302726616533e-02
6.150000000000000e-01 1.455711425079295e+00 5.711738895690201e-02
6.200000000000000e-01 1.492718570163803e+00 5.618487041653940e-02
6.250000000000000e-01 1.530658712946775e+00 5.520969714938009e-02
6.300000000000000e-01 1.569555567252506e+00 5.418709168443972e-02
6.350000000000000e-01 1.609433444881138e+00 5.311311925813300e-02
6.400000000000000e-01 1.650317270804325e+00 5.198457661004441e-02
6.450000000000000e-01 1.692232598744148e+00 5.079891580714669e-02
6.500000000000000e-01 1.735205627145031e+00 4.955419643498783e-02
6.550000000000000e-01 1.779263215548615e+00 4.824906063299767e-02
6.600000000000000e-01 1.824432901381847e+00 4.688272636969473e-02
6.650000000000000e-01 1.870742917168772e+00 4.545499510423763e-02
6.700000000000000e-01 1.918222208176775e+00 4.396627060327754e-02
6.750000000000000e-01 1.966900450508319e+00 4.241758620411425e-02
6.800000000000000e-01 2.016808069649473e+00 4.081063825251908e-02
6.850000000000001e-01 2.067976259486829e+00 3.914782380001756e-02
6.900000000000001e-01 2.120437001804702e+00 3.743228091282307e-02
6.950000000000001e-01 2.174223086274785e+00 3.566793010350659e-02
7.000000000000001e-01 2.229368130950753e+00 3.385951541718944e-02
7.050000000000000e-01 2.285906603280654e+00 3.201264354897149e-02
7.100000000000000e-01 2.343873841650178e+00 3.013381899674240e-02
7.150000000000000e-01 2.403306077470301e+00 2.823047262341640e-02
7.200000000000000e-01 2.464240457823092e+00 2.631098008556000e-02
7.250000000000000e-01 2.526715068679855e+00 2.438466537563687e-02
7.300000000000000e-01 2.590768958706095e+00 2.246178325988565e-02
7.350000000000000e-01 2.656442163668210e+00 2.055347277975669e-02
7.400000000000000e-01 2.723775731457148e+00 1.867167243114391e-02
7.450000000000000e-01 2.792811747744667e+00 1.682898648974942e-02
7.500000000000000e-01 2.863593362288260e+00 1.503849172261357e-02
7.550000000000000e-01 2.936164815901156e+00 1.331347507603297e-02
7.600000000000000e-01 3.010571468104263e+00 1.166709658866089e-02
7.650000000000000e-01 3.086859825477351e+00 1.011197835867383e-02
7.700000000000000e-01 3.165077570727174e+00 8.659730097839442e-03
7.750000000000000e-01 3.245273592490716e+00 7.320434079356542e-03
7.800000000000000e-01 3.327498015892184e+00 6.102125557230538e-03
7.850000000000000e-01 3.411802233872832e+00 5.010316408538240e-03
7.900000000000000e-01 3.498238939313234e+00 4.047616614039320e-03
7.950000000000000e-01 3.586862157968046e+00 3.213507225274849e-03
8.000000000000000e-01 3.677727282233856e+00 2.504307849796376e-03
8.050000000000000e-01 3.770891105771243e+00 1.913361668816565e-03
8.100000000000001e-01 3.866411859002656e+00 1.431434236944287e-03
8.150000000000001e-01 3.964349245508326e+00 1.047293469207750e-03
8.200000000000001e-01 4.064764479342956e+00 7.484129188918329e-04
8.250000000000001e-01 4.167720323296481e+00 5.217238569622792e-04
8.300000000000001e-01 4.273281128122877e+00 3.543371606886478e-04
8.350000000000000e-01 4.381512872761445e+00 2.341643474328105e-04
8.400000000000000e-01 4.492483205575838e+00 1.503862040543486e-04
8.450000000000000e-01 4.606261486636447e+00 9.374310373150535e-05
8.500000000000000e-01 4.722918831072739e+00 5.664791344575223e-05
8.550000000000000e-01 4.842528153522501e+00 3.314526282953549e-05
8.600000000000000e-01 4.965164213705875e+00 1.875618652649211e-05
8.650000000000000e-01 5.090903663152626e+00 1.025323236582566e-05
8.700000000000000e-01 5.219825093111814e+00 5.408726962952894e-06
8.750000000000000e-01 5.352009083673925e+00 2.750370484252606e-06
8.800000000000000e-01 5.487538254136007e+00 1.346833244608444e-06
8.850000000000000e-01 5.626497314641444e+00 6.345264091007637e-07
8.900000000000000e-01 5.768973119126561e+00 2.873484686431171e-07
8.950000000000000e-01 5.915054719607133e+00 1.249757192725593e-07
9.000000000000000e-01 6.064833421838831e+00 5.216257928905200e-08
9.050000000000000e-01 6.218402842386253e+00 2.087821606287759e-08
9.100000000000000e-01 6.375858967136348e+00 8.008260469588402e-09
9.150000000000000e-01 6.537300211292723e+00 2.941901991467370e-09
9.200000000000000e-01 6.702827480888332e+00 1.034482167733568e-09
9.250000000000000e-01 6.872544235855034e+00 3.480218849012198e-10
9.300000000000000e-01 7.046556554689444e+00 1.119660759265512e-10
9.350000000000001e-01 7.224973200755413e+00 3.443445493802457e-11
9.400000000000001e-01 7.407905690264673e+00 1.011997120336271e-11
9.450000000000001e-01 7.595468361978146e+00 2.841306356755473e-12
9.500000000000001e-01 7.787778448671316e+00 7.619085967127610e-13
9.550000000000001e-01 7.984956150408610e+00 1.950948405979879e-13
9.600000000000000e-01 8.187124709672272e+00 4.769540053631972e-14
9.650000000000000e-01 8.394410488393007e+00 1.113117995361289e-14
9.700000000000000e-01 8.606943046930221e+00 2.479712904203864e-15
9.750000000000000e-01 8.824855225051540e+00 5.272697306517250e-16
9.800000000000000e-01 9.048283224961922e+00 1.070097173481664e-16
9.850000000000000e-01 9.277366696434507e+00 2.073042538375787e-17
9.900000000000000e-01 9.512248824096272e+00 3.825762115744783e-18
9.950000000000000e-01 9.753076416923058e+00 7.212137927448461e-19
1.000000000000000e+00 1.000000000000000e+01 -1.168108213973329e-19
