0.000000000000000e+00 0.000000000000000e+00 3.628897067628331e-01
5.000000000000000e-03 3.369477419287315e-03 3.628821854324488e-01
1.000000000000000e-02 6.741060871647481e-03 3.628700940767989e-01
1.500000000000000e-02 1.011685770649257e-02 3.628444340178201e-01
2.000000000000000e-02 1.349897790673588e-02 3.628128033068050e-01
2.500000000000000e-02 1.688953540759990e-02 3.627647362556347e-01
3.000000000000000e-02 2.029064941789469e-02 3.627078272382148e-01
3.500000000000000e-02 2.370444574459234e-02 3.626379076383581e-01
4.000000000000000e-02 2.713305812152553e-02 3.625581055601855e-01
4.500000000000000e-02 3.057862954304063e-02 3.624647347929759e-01
5.000000000000000e-02 3.404331360343898e-02 3.623611618058809e-01
5.500000000000000e-02 3.752927584304335e-02 3.622442322076479e-01
6.000000000000000e-02 4.103869510173117e-02 3.621157323365789e-01
6.500000000000000e-02 4.457376488078044e-02 3.619735278711127e-01
7.000000000000001e-02 4.813669471387935e-02 3.618194344693098e-01
7.500000000000000e-02 5.172971154815675e-02 3.616508709315662e-01
8.000000000000000e-02 5.535506113609672e-02 3.614690939976136e-01
8.500000000000001e-02 5.901500943920686e-02 3.612724218033502e-01
9.000000000000000e-02 6.271184404431801e-02 3.610617074604918e-01
9.500000000000000e-02 6.644787559340060e-02 3.608348446325514e-01
1.000000000000000e-01 7.022543922779090e-02 3.605927515707384e-01
1.050000000000000e-01 7.404689604773053e-02 3.603337227104538e-01
1.100000000000000e-01 7.791463458813094e-02 3.600580149942060e-01
1.150000000000000e-01 8.183107231148547e-02 3.597638969351177e-01
1.200000000000000e-01 8.579865711886202e-02 3.594518822725500e-01
1.250000000000000e-01 8.981986887992111e-02 3.591201099261280e-01
1.300000000000000e-01 9.389722098291493e-02 3.587684967259475e-01
1.350000000000000e-01 9.803326190563690e-02 3.583954728967971e-01
1.400000000000000e-01 1.022305768083033e-01 3.580010787505584e-01
1.450000000000000e-01 1.064917891493625e-01 3.575833293624819e-01
1.500000000000000e-01 1.108195623252418e-01 3.571418903656499e-01
1.550000000000000e-01 1.152166013350572e-01 3.566751371059321e-01
1.600000000000000e-01 1.196856544713255e-01 3.561826455789726e-01
1.650000000000000e-01 1.242295150377370e-01 3.556623239880730e-01
1.700000000000000e-01 1.288510230950609e-01 3.551135519820425e-01
1.750000000000000e-01 1.335530672362758e-01 3.545345144616755e-01
1.800000000000000e-01 1.383385863920344e-01 3.539243616108234e-01
1.850000000000000e-01 1.432105716675912e-01 3.532808397022253e-01
1.900000000000000e-01 1.481720682123397e-01 3.526029621302508e-01
1.950000000000000e-01 1.532261771231311e-01 3.518886527996854e-01
2.000000000000000e-01 1.583760573825595e-01 3.511366555046003e-01
2.050000000000000e-01 1.636249278334301e-01 3.503444554221057e-01
2.100000000000000e-01 1.689760691906397e-01 3.495106057589675e-01
2.150000000000000e-01 1.744328260917313e-01 3.486327094644873e-01
2.200000000000000e-01 1.799986091874004e-01 3.477090969473089e-01
2.250000000000000e-01 1.856768972732633e-01 3.467368939486941e-01
2.300000000000000e-01 1.914712394642179e-01 3.457140878078018e-01
2.350000000000000e-01 1.973852574127551e-01 3.446378523364753e-01
2.400000000000000e-01 2.034226475726105e-01 3.435060524068003e-01
2.450000000000000e-01 2.095871835091678e-01 3.423154058072449e-01
2.500000000000000e-01 2.158827182580599e-01 3.410632689927992e-01
2.550000000000000e-01 2.223131867334419e-01 3.397461830149480e-01
2.600000000000000e-01 2.288826081874405e-01 3.383613462576638e-01
2.650000000000000e-01 2.355950887223172e-01 3.369050409220932e-01
2.700000000000000e-01 2.424548238569160e-01 3.353740476622238e-01
2.750000000000000e-01 2.494661011489995e-01 3.337641235054595e-01
2.800000000000000e-01 2.566333028751116e-01 3.320715321442371e-01
2.850000000000000e-01 2.639609087696434e-01 3.302917992674907e-01
2.900000000000000e-01 2.714534988248126e-01 3.284208667929623e-01
2.950000000000000e-01 2.791157561533084e-01 3.264538209317393e-01
3.000000000000000e-01 2.869524699153886e-01 3.243861439876688e-01
3.050000000000000e-01 2.949685383122613e-01 3.222122681310071e-01
3.100000000000000e-01 3.031689716476197e-01 3.199270015958432e-01
3.150000000000000e-01 3.115588954592450e-01 3.175242325965006e-01
3.200000000000000e-01 3.201435537226349e-01 3.149979992324412e-01
3.250000000000000e-01 3.289283121286580e-01 3.123416619956834e-01
3.300000000000000e-01 3.379186614372866e-01 3.095484254319411e-01
3.350000000000000e-01 3.471202209094989e-01 3.066109472730641e-01
3.400000000000000e-01 3.565387418195016e-01 3.035214987695253e-01
3.450000000000000e-01 3.661801110494620e-01 3.002718032015445e-01
3.500000000000000e-01 3.760503547690021e-01 2.968530376667213e-01
3.550000000000000e-01 3.861556422017504e-01 2.932557418907431e-01
3.600000000000000e-01 3.965022894813072e-01 2.894697555188992e-01
3.650000000000000e-01 4.070967635990345e-01 2.854841230117426e-01
3.700000000000000e-01 4.179456864461349e-01 2.812869872275052e-01
3.750000000000000e-01 4.290558389525505e-01 2.768654561382717e-01
3.800000000000000e-01 4.404341653252637e-01 2.722054401067371e-01
3.850000000000000e-01 4.520877773886537e-01 2.672914492611940e-01
3.900000000000000e-01 4.640239590296172e-01 2.621063394732141e-01
3.950000000000000e-01 4.762501707502353e-01 2.566309902234865e-01
4.000000000000000e-01 4.887740543308307e-01 2.508438914340598e-01
4.050000000000000e-01 5.016034376063282e-01 2.447206067384135e-01
4.100000000000000e-01 5.147463393589066e-01 2.382330663525816e-01
4.150000000000000e-01 5.282109743299990e-01 2.313486206028053e-01
4.200000000000000e-01 5.420057583547735e-01 2.240287501674267e-01
4.250000000000000e-01 5.561393136223041e-01 2.162272719382013e-01
4.300000000000000e-01 5.706204740647189e-01 2.078877827538220e-01
4.350000000000000e-01 5.854582908786964e-01 1.989399130298197e-01
4.400000000000000e-01 6.006620381827575e-01 1.892936478664154e-01
4.450000000000000e-01 6.162412188138907e-01 1.788303584965212e-01
4.500000000000000e-01 6.322055702671360e-01 1.673878997488661e-01
4.550000000000000e-01 6.485650707818353e-01 1.547341949038766e-01
4.600000000000000e-01 6.653299455783577e-01 1.405162793387146e-01
4.650000000000000e-01 6.825106732491932e-01 1.241500100584469e-01
4.700000000000000e-01 7.001179923084168e-01 1.045390885729001e-01
4.750000000000000e-01 7.181629079036070e-01 7.917531928319940e-02
4.800000000000000e-01 7.366566986944229e-01 4.076647013713992e-02
4.850000000000000e-01 7.556109239021327e-01 -1.309791308865649e-02
4.900000000000000e-01 7.750374305345038e-01 -1.432778192171088e-02
4.950000000000000e-01 7.949483607905672e-01 -1.271569410349823e-02
5.000000000000000e-01 8.153561596498893e-01 -1.957021032702885e-02
5.050000000000000e-01 8.362735826510871e-01 -1.215735718945767e-02
5.100000000000000e-01 8.577137038644561e-01 -2.001026634485326e-02
5.150000000000000e-01 8.796899240636907e-01 -1.225951141710224e-02
5.200000000000000e-01 9.022159791018011e-01 -1.890500040119751e-02
5.250000000000000e-01 9.253059484964714e-01 -1.265398805453666e-02
5.300000000000000e-01 9.489742642302165e-01 -1.727270127859783e-02
5.350000000000000e-01 9.732357197708378e-01 -1.304159836280391e-02
5.400000000000000e-01 9.981054793178262e-01 -1.557488849279254e-02
5.450000000000000e-01 1.023599087280478e+00 -1.323815883646720e-02
5.500000000000000e-01 1.049732477993657e+00 -1.403502583570538e-02
5.550000000000000e-01 1.076521985677273e+00 -1.315521357061891e-02
5.600000000000001e-01 1.103984354645701e+00 -1.274255869077253e-02
5.650000000000001e-01 1.132136749773522e+00 -1.277817929982591e-02
5.700000000000001e-01 1.160996767224129e+00 -1.170198025577236e-02
5.750000000000001e-01 1.190582445447902e+00 -1.214552087196100e-02
5.800000000000000e-01 1.220912276456826e+00 -1.086471364149190e-02
5.850000000000000e-01 1.252005217382601e+00 -1.132787555395241e-02
5.900000000000000e-01 1.283880702325469e+00 -1.015512970288515e-02
5.950000000000000e-01 1.316558654501151e+00 -1.040705749351007e-02
6.000000000000000e-01 1.350059498693518e+00 -9.493491084136402e-03
6.050000000000000e-01 1.384404174020732e+00 -9.456578422915559e-03
6.100000000000000e-01 1.419614147022888e+00 -8.814790623881302e-03
6.150000000000000e-01 1.455711425079295e+00 -8.526718762642145e-03
6.200000000000000e-01 1.492718570163803e+00 -8.080696372618646e-03
6.250000000000000e-01 1.530658712946775e+00 -7.637536429705891e-03
6.300000000000000e-01 1.569555567252506e+00 -7.281955349047019e-03
6.350000000000000e-01 1.609433444881138e+00 -6.781794173064011e-03
6.400000000000000e-01 1.650317270804325e+00 -6.430885394372830e-03
6.450000000000000e-01 1.692232598744148e+00 -5.936455833032592e-03
6.500000000000000e-01 1.735205627145031e+00 -5.547479716082893e-03
6.550000000000000e-01 1.779263215548615e+00 -5.077333705009526e-03
6.600000000000000e-01 1.824432901381847e+00 -4.646080597962878e-03
6.650000000000000e-01 1.870742917168772e+00 -4.189444590583711e-03
6.700000000000000e-01 1.918222208176775e+00 -3.729400429700298e-03
6.750000000000000e-01 1.966900450508319e+00 -3.268401303561556e-03
6.800000000000000e-01 2.016808069649473e+00 -2.791457459368373e-03
6.850000000000001e-01 2.067976259486829e+00 -2.314859950670291e-03
6.900000000000001e-01 2.120437001804702e+00 -1.824378967036298e-03
6.950000000000001e-01 2.174223086274785e+00 -1.328727986114111e-03
7.000000000000001e-01 2.229368130950753e+00 -8.226252580014649e-04
7.050000000000000e-01 2.285906603280654e+00 -3.076035163042980e-04
7.100000000000000e-01 2.343873841650178e+00 2.169494671127770e-04
7.150000000000000e-01 2.403306077470301e+00 7.516992991693147e-04
7.200000000000000e-01 2.464240457823092e+00 1.296413533634334e-03
7.250000000000000e-01 2.526715068679855e+00 1.851610896114992e-03
7.300000000000000e-01 2.590768958706095e+00 2.417196207469600e-03
7.350000000000000e-01 2.656442163668210e+00 2.993261691312362e-03
7.400000000000000e-01 2.723775731457148e+00 3.579694694435403e-03
7.450000000000000e-01 2.792811747744667e+00 4.176290460347500e-03
7.500000000000000e-01 2.863593362288260e+00 4.782718055795283e-03
7.550000000000000e-01 2.936164815901156e+00 5.398484380598522e-03
7.600000000000000e-01 3.010571468104263e+00 6.022927606740116e-03
7.650000000000000e-01 3.086859825477351e+00 6.655179268964620e-03
7.700000000000000e-01 3.165077570727174e+00 7.294136476350950e-03
7.750000000000000e-01 3.245273592490716e+00 7.938422579606256e-03
7.800000000000000e-01 3.327498015892184e+00 8.586343752549019e-03
7.850000000000000e-01 3.411802233872832e+00 9.235838749436681e-03
7.900000000000000e-01 3.498238939313234e+00 9.884421500767871e-03
7.950000000000000e-01 3.586862157968046e+00 1.052911654029321e-02
8.000000000000000e-01 3.677727282233856e+00 1.116638705460381e-02
8.050000000000000e-01 3.770891105771243e+00 1.179205581651493e-02
8.100000000000001e-01 3.866411859002656e+00 1.240122007848041e-02
8.150000000000001e-01 3.964349245508326e+00 1.298816291559376e-02
8.200000000000001e-01 4.064764479342956e+00 1.354626458246953e-02
8.250000000000001e-01 4.167720323296481e+00 1.406791955983494e-02
8.300000000000001e-01 4.273281128122877e+00 1.454446948685200e-02
8.350000000000000e-01 4.381512872761445e+00 1.496616692800550e-02
8.400000000000000e-01 4.492483205575838e+00 1.532218849757261e-02
8.450000000000000e-01 4.606261486636447e+00 1.560072247253653e-02
8.500000000000000e-01 4.722918831072739e+00 1.578916638437134e-02
8.550000000000000e-01 4.842528153522501e+00 1.587447224598055e-02
8.600000000000000e-01 4.965164213705875e+00 1.584366141602735e-02
8.650000000000000e-01 5.090903663152626e+00 1.568450980942063e-02
8.700000000000000e-01 5.219825093111814e+00 1.538639409712670e-02
8.750000000000000e-01 5.352009083673925e+00 1.494127774208264e-02
8.800000000000000e-01 5.487538254136007e+00 1.434477436535403e-02
8.850000000000000e-01 5.626497314641444e+00 1.359717409896981e-02
8.900000000000000e-01 5.768973119126561e+00 1.270433097828109e-02
8.950000000000000e-01 5.915054719607133e+00 1.167841846601865e-02
9.000000000000000e-01 6.064833421838831e+00 1.053865814271739e-02
9.050000000000000e-01 6.218402842386253e+00 9.312025973235908e-03
9.100000000000000e-01 6.375858967136348e+00 8.033584979667890e-03
9.150000000000000e-01 6.537300211292723e+00 6.745706140239348e-03
9.200000000000000e-01 6.702827480888332e+00 5.495411567070761e-03
9.250000000000000e-01 6.872544235855034e+00 4.329637615143741e-03
9.300000000000000e-01 7.046556554689444e+00 3.289186215161448e-03
9.350000000000001e-01 7.224973200755413e+00 2.402970941430961e-03
9.400000000000001e-01 7.407905690264673e+00 1.684334400065368e-03
9.450000000000001e-01 7.595468361978146e+00 1.130561454031797e-03
9.500000000000001e-01 7.787778448671316e+00 7.255686241981226e-04
9.550000000000001e-01 7.984956150408610e+00 4.446997010686623e-04
9.600000000000000e-01 8.187124709672272e+00 2.600632252220726e-04
9.650000000000000e-01 8.394410488393007e+00 1.450278763662137e-04
9.700000000000000e-01 8.606943046930221e+00 7.709156729450800e-05
9.750000000000000e-01 8.824855225051540e+00 3.905607510743332e-05
9.800000000000000e-01 9.048283224961922e+00 1.885005012983319e-05
9.850000000000000e-01 9.277366696434507e+00 8.683973756681557e-06
9.900000000000000e-01 9.512248824096272e+00 3.787417568066326e-06
9.950000000000000e-01 9.753076416923058e+00 1.641424738751388e-06
1.000000000000000e+00 1.000000000000000e+01 5.362613464491324e-07
