0.000000000000000e+00 0.000000000000000e+00 4.991799400615960e-01
5.000000000000000e-03 3.369477419287315e-03 4.991742633355498e-01
1.000000000000000e-02 6.741060871647481e-03 4.991650821528648e-01
1.500000000000000e-02 1.011685770649257e-02 4.991375111908598e-01
2.000000000000000e-02 1.349897790673588e-02 4.991028616049721e-01
2.500000000000000e-02 1.688953540759990e-02 4.990535446455183e-01
3.000000000000000e-02 2.029064941789469e-02 4.989951446381134e-01
3.500000000000000e-02 2.370444574459234e-02 4.989223116784572e-01
4.000000000000000e-02 2.713305812152553e-02 4.988375145083848e-01
4.500000000000000e-02 3.057862954304063e-02 4.987395431901302e-01
5.000000000000000e-02 3.404331360343898e-02 4.986288466238526e-01
5.500000000000000e-02 3.752927584304335e-02 4.985051376904988e-01
6.000000000000000e-02 4.103869510173117e-02 4.983682570617810e-01
6.500000000000000e-02 4.457376488078044e-02 4.982179121866634e-01
7.000000000000001e-02 4.813669471387935e-02 4.980537742639138e-01
7.500000000000000e-02 5.172971154815675e-02 4.978754652431306e-01
8.000000000000000e-02 5.535506113609672e-02 4.976825674018580e-01
8.500000000000001e-02 5.901500943920686e-02 4.974746240427257e-01
9.000000000000000e-02 6.271184404431801e-02 4.972511402817389e-01
9.500000000000000e-02 6.644787559340060e-02 4.970115828382823e-01
1.000000000000000e-01 7.022543922779090e-02 4.967553794585916e-01
1.050000000000000e-01 7.404689604773053e-02 4.964819180595035e-01
1.100000000000000e-01 7.791463458813094e-02 4.961905456821071e-01
1.150000000000000e-01 8.183107231148547e-02 4.958805672975586e-01
1.200000000000000e-01 8.579865711886202e-02 4.955512444910047e-01
1.250000000000000e-01 8.981986887992111e-02 4.952017940391678e-01
1.300000000000000e-01 9.389722098291493e-02 4.948313863913895e-01
1.350000000000000e-01 9.803326190563690e-02 4.944391440604877e-01
1.400000000000000e-01 1.022305768083033e-01 4.940241399277484e-01
1.450000000000000e-01 1.064917891493625e-01 4.935853954651670e-01
1.500000000000000e-01 1.108195623252418e-01 4.931218788773697e-01
1.550000000000000e-01 1.152166013350572e-01 4.926325031653400e-01
1.600000000000000e-01 1.196856544713255e-01 4.921161241139813e-01
1.650000000000000e-01 1.242295150377370e-01 4.915715382056727e-01
1.700000000000000e-01 1.288510230950609e-01 4.909974804622059e-01
1.750000000000000e-01 1.335530672362758e-01 4.903926222178785e-01
1.800000000000000e-01 1.383385863920344e-01 4.897555688269922e-01
1.850000000000000e-01 1.432105716675912e-01 4.890848573095930e-01
1.900000000000000e-01 1.481720682123397e-01 4.883789539399792e-01
1.950000000000000e-01 1.532261771231311e-01 4.876362517832896e-01
2.000000000000000e-01 1.583760573825595e-01 4.868550681864007e-01
2.050000000000000e-01 1.636249278334301e-01 4.860336422303549e-01
2.100000000000000e-01 1.689760691906397e-01 4.851701321527092e-01
2.150000000000000e-01 1.744328260917313e-01 4.842626127494362e-01
2.200000000000000e-01 1.799986091874004e-01 4.833090727674449e-01
2.250000000000000e-01 1.856768972732633e-01 4.823074123003289e-01
2.300000000000000e-01 1.914712394642179e-01 4.812554402016874e-01
2.350000000000000e-01 1.973852574127551e-01 4.801508715322588e-01
2.400000000000000e-01 2.034226475726105e-01 4.789913250591741e-01
2.450000000000000e-01 2.095871835091678e-01 4.777743208279448e-01
2.500000000000000e-01 2.158827182580599e-01 4.764972778302610e-01
2.550000000000000e-01 2.223131867334419e-01 4.751575117934072e-01
2.600000000000000e-01 2.288826081874405e-01 4.737522331200499e-01
2.650000000000000e-01 2.355950887223172e-01 4.722785450103419e-01
2.700000000000000e-01 2.424548238569160e-01 4.707334418017497e-01
2.750000000000000e-01 2.494661011489995e-01 4.691138075657415e-01
2.800000000000000e-01 2.566333028751116e-01 4.674164150044671e-01
2.850000000000000e-01 2.639609087696434e-01 4.656379246948705e-01
2.900000000000000e-01 2.714534988248126e-01 4.637748847322437e-01
2.950000000000000e-01 2.791157561533084e-01 4.618237308301170e-01
3.000000000000000e-01 2.869524699153886e-01 4.597807869385541e-01
3.050000000000000e-01 2.949685383122613e-01 4.576422664483504e-01
3.100000000000000e-01 3.031689716476197e-01 4.554042740543905e-01
3.150000000000000e-01 3.115588954592450e-01 4.530628083573651e-01
3.200000000000000e-01 3.201435537226349e-01 4.506137652892731e-01
3.250000000000000e-01 3.289283121286580e-01 4.480529424545072e-01
3.300000000000000e-01 3.379186614372866e-01 4.453760444848673e-01
3.350000000000000e-01 3.471202209094989e-01 4.425786895134374e-01
3.400000000000000e-01 3.565387418195016e-01 4.396564168788878e-01
3.450000000000000e-01 3.661801110494620e-01 4.366046961782827e-01
3.500000000000000e-01 3.760503547690021e-01 4.334189377927827e-01
3.550000000000000e-01 3.861556422017504e-01 4.300945050166368e-01
3.600000000000000e-01 3.965022894813072e-01 4.266267279253267e-01
3.650000000000000e-01 4.070967635990345e-01 4.230109191235448e-01
3.700000000000000e-01 4.179456864461349e-01 4.192423915176011e-01
3.750000000000000e-01 4.290558389525505e-01 4.153164782596181e-01
3.800000000000000e-01 4.404341653252637e-01 4.112285550122082e-01
3.850000000000000e-01 4.520877773886537e-01 4.069740646819187e-01
3.900000000000000e-01 4.640239590296172e-01 4.025485447671966e-01
3.950000000000000e-01 4.762501707502353e-01 3.979476574615744e-01
4.000000000000000e-01 4.887740543308307e-01 3.931672226447441e-01
4.050000000000000e-01 5.016034376063282e-01 3.882032538827185e-01
4.100000000000000e-01 5.147463393589066e-01 3.830519975427514e-01
4.150000000000000e-01 5.282109743299990e-01 3.777099751086301e-01
4.200000000000000e-01 5.420057583547735e-01 3.721740287566568e-01
4.250000000000000e-01 5.561393136223041e-01 3.664413702214832e-01
4.300000000000000e-01 5.706204740647189e-01 3.605096329433040e-01
4.350000000000000e-01 5.854582908786964e-01 3.543769274429871e-01
4.400000000000000e-01 6.006620381827575e-01 3.480418998189317e-01
4.450000000000000e-01 6.162412188138907e-01 3.415037931980364e-01
4.500000000000000e-01 6.322055702671360e-01 3.347625119025610e-01
4.550000000000000e-01 6.485650707818353e-01 3.278186880143059e-01
4.600000000000000e-01 6.653299455783577e-01 3.206737499269413e-01
4.650000000000000e-01 6.825106732491932e-01 3.133299923762166e-01
4.700000000000000e-01 7.001179923084168e-01 3.057906473260049e-01
4.750000000000000e-01 7.181629079036070e-01 2.980599549658520e-01
4.800000000000000e-01 7.366566986944229e-01 2.901432339432864e-01
4.850000000000000e-01 7.556109239021327e-01 2.820469498124487e-01
4.900000000000000e-01 7.750374305345038e-01 2.737787805308439e-01
4.950000000000000e-01 7.949483607905672e-01 2.653476776800826e-01
5.000000000000000e-01 8.153561596498893e-01 2.567639219268318e-01
5.050000000000000e-01 8.362735826510871e-01 2.480391710802483e-01
5.100000000000000e-01 8.577137038644561e-01 2.391864989462326e-01
5.150000000000000e-01 8.796899240636907e-01 2.302204230325358e-01
5.200000000000000e-01 9.022159791018011e-01 2.211569190290650e-01
5.250000000000000e-01 9.253059484964714e-01 2.120134198833968e-01
5.300000000000000e-01 9.489742642302165e-01 2.028087972231563e-01
5.350000000000000e-01 9.732357197708378e-01 1.935633228572510e-01
5.400000000000000e-01 9.981054793178262e-01 1.842986081318049e-01
5.450000000000000e-01 1.023599087280478e+00 1.750375190406528e-01
5.500000000000000e-01 1.049732477993657e+00 1.658040652122127e-01
5.550000000000000e-01 1.076521985677273e+00 1.566232612322163e-01
5.600000000000001e-01 1.103984354645701e+00 1.475209592307744e-01
5.650000000000001e-01 1.132136749773522e+00 1.385236522737039e-01
5.700000000000001e-01 1.160996767224129e+00 1.296582488551249e-01
5.750000000000001e-01 1.190582445447902e+00 1.209518196832307e-01
5.800000000000000e-01 1.220912276456826e+00 1.124313189620403e-01
5.850000000000000e-01 1.252005217382601e+00 1.041232834618642e-01
5.900000000000000e-01 1.283880702325469e+00 9.605351378863902e-02
5.950000000000000e-01 1.316558654501151e+00 8.824674334498650e-02
6.000000000000000e-01 1.350059498693518e+00 8.072630145724467e-02
6.050000000000000e-01 1.384404174020732e+00 7.351377796022124e-02
6.100000000000000e-01 1.419614147022888e+00 6.662869713493280e-02
6.150000000000000e-01 1.455711425079295e+00 6.008820925292343e-02
6.200000000000000e-01 1.492718570163803e+00 5.390680808376479e-02
6.250000000000000e-01 1.530658712946775e+00 4.809608257797414e-02
6.300000000000000e-01 1.569555567252506e+00 4.266451056390341e-02
6.350000000000000e-01 1.609433444881138e+00 3.761730171172790e-02
6.400000000000000e-01 1.650317270804325e+00 3.295629622766658e-02
6.450000000000000e-01 1.692232598744148e+00 2.867992473788005e-02
6.500000000000000e-01 1.735205627145031e+00 2.478323357957510e-02
6.550000000000000e-01 1.779263215548615e+00 2.125797820475140e-02
6.600000000000000e-01 1.824432901381847e+00 1.809278559416569e-02
6.650000000000000e-01 1.870742917168772e+00 1.527338447238480e-02
6.700000000000000e-01 1.918222208176775e+00 1.278289974332690e-02
6.750000000000000e-01 1.966900450508319e+00 1.060220500999795e-02
6.800000000000000e-01 2.016808069649473e+00 8.710324430980907e-03
6.850000000000001e-01 2.067976259486829e+00 7.084872669686996e-03
6.900000000000001e-01 2.120437001804702e+00 5.702519507228295e-03
6.950000000000001e-01 2.174223086274785e+00 4.539464019182557e-03
7.000000000000001e-01 2.229368130950753e+00 3.571902246680564e-03
7.050000000000000e-01 2.285906603280654e+00 2.776472169026670e-03
7.100000000000000e-01 2.343873841650178e+00 2.130660593533337e-03
7.150000000000000e-01 2.403306077470301e+00 1.613158327580542e-03
7.200000000000000e-01 2.464240457823092e+00 1.204152613631656e-03
7.250000000000000e-01 2.526715068679855e+00 8.855491328619672e-04
7.300000000000000e-01 2.590768958706095e+00 6.411196874273353e-04
7.350000000000000e-01 2.656442163668210e+00 4.565756718698453e-04
7.400000000000000e-01 2.723775731457148e+00 3.195713301886547e-04
7.450000000000000e-01 2.792811747744667e+00 2.196442603239574e-04
7.500000000000000e-01 2.863593362288260e+00 1.481034028470652e-04
7.550000000000000e-01 2.936164815901156e+00 9.787663337755408e-05
7.600000000000000e-01 3.010571468104263e+00 6.333095703174890e-05
7.650000000000000e-01 3.086859825477351e+00 4.007816955709357e-05
7.700000000000000e-01 3.165077570727174e+00 2.477779786983534e-05
7.750000000000000e-01 3.245273592490716e+00 1.494734511379098e-05
7.800000000000000e-01 3.327498015892184e+00 8.787587148576689e-06
7.850000000000000e-01 3.411802233872832e+00 5.028172013197744e-06
7.900000000000000e-01 3.498238939313234e+00 2.796326736397997e-06
7.950000000000000e-01 3.586862157968046e+00 1.509301095477619e-06
8.000000000000000e-01 3.677727282233856e+00 7.894344651422908e-07
8.050000000000000e-01 3.770891105771243e+00 3.995014635002529e-07
8.100000000000001e-01 3.866411859002656e+00 1.952806059412792e-07
8.150000000000001e-01 3.964349245508326e+00 9.204066842168372e-08
8.200000000000001e-01 4.064764479342956e+00 4.175279246654996e-08
8.250000000000001e-01 4.167720323296481e+00 1.819466156008865e-08
8.300000000000001e-01 4.273281128122877e+00 7.601227802150656e-09
8.350000000000000e-01 4.381512872761445e+00 3.038037981319900e-09
8.400000000000000e-01 4.492483205575838e+00 1.159095581868602e-09
8.450000000000000e-01 4.606261486636447e+00 4.211785707326070e-10
8.500000000000000e-01 4.722918831072739e+00 1.454102859174314e-10
8.550000000000000e-01 4.842528153522501e+00 4.757979097265894e-11
8.600000000000000e-01 4.965164213705875e+00 1.471704378833103e-11
8.650000000000000e-01 5.090903663152626e+00 4.291576302453361e-12
8.700000000000000e-01 5.219825093111814e+00 1.176507986472199e-12
8.750000000000000e-01 5.352009083673925e+00 3.023400275625067e-13
8.800000000000000e-01 5.487538254136007e+00 7.261390314614520e-14
8.850000000000000e-01 5.626497314641444e+00 1.624917299279527e-14
8.900000000000000e-01 5.768973119126561e+00 3.377246886343284e-15
8.950000000000000e-01 5.915054719607133e+00 6.498655957937136e-16
9.000000000000000e-01 6.064833421838831e+00 1.154010070988685e-16
9.050000000000000e-01 6.218402842386253e+00 1.885030793999207e-17
9.100000000000000e-01 6.375858967136348e+00 2.823370646317175e-18
9.150000000000000e-01 6.537300211292723e+00 3.865631990414079e-19
9.200000000000000e-01 6.702827480888332e+00 4.824076174538065e-20
9.250000000000000e-01 6.872544235855034e+00 5.472660466546962e-21
9.300000000000000e-01 7.046556554689444e+00 5.630874864363274e-22
9.350000000000001e-01 7.224973200755413e+00 5.244965698782824e-23
9.400000000000001e-01 7.407905690264673e+00 4.416966298131071e-24
9.450000000000001e-01 7.595468361978146e+00 3.360410200970330e-25
9.500000000000001e-01 7.787778448671316e+00 2.309170915682085e-26
9.550000000000001e-01 7.984956150408610e+00 1.433557989928697e-27
9.600000000000000e-01 8.187124709672272e+00 8.044217259451555e-29
9.650000000000000e-01 8.394410488393007e+00 4.082275443019189e-30
9.700000000000000e-01 8.606943046930221e+00 1.874447104087091e-31
9.750000000000000e-01 8.824855225051540e+00 7.790159636020035e-33
9.800000000000000e-01 9.048283224961922e+00 2.931297696191958e-34
9.850000000000000e-01 9.277366696434507e+00 9.991037360491824e-36
9.900000000000000e-01 9.512248824096272e+00 3.086802936191346e-37
9.950000000000000e-01 9.753076416923058e+00 8.868221194766134e-39
1.000000000000000e+00 1.000000000000000e+01 -7.205907873476214e-39
