0.000000000000000e+00 0.000000000000000e+00 3.631072074808923e-01
5.000000000000000e-03 3.369477419287315e-03 3.630996919546721e-01
1.000000000000000e-02 6.741060871647481e-03 3.630873139719926e-01
1.500000000000000e-02 1.011685770649257e-02 3.630616676639940e-01
2.000000000000000e-02 1.349897790673588e-02 3.630301080238414e-01
2.500000000000000e-02 1.688953540759990e-02 3.629820610652309e-01
3.000000000000000e-02 2.029064941789469e-02 3.629251800220131e-01
3.500000000000000e-02 2.370444574459234e-02 3.628553021202571e-01
4.000000000000000e-02 2.713305812152553e-02 3.627755341949090e-01
4.500000000000000e-02 3.057862954304063e-02 3.626822153049875e-01
5.000000000000000e-02 3.404331360343898e-02 3.625787090381295e-01
5.500000000000000e-02 3.752927584304335e-02 3.624618383010030e-01
6.000000000000000e-02 4.103869510173117e-02 3.623334028092554e-01
6.500000000000000e-02 4.457376488078044e-02 3.621912837881410e-01
7.000000000000001e-02 4.813669471387935e-02 3.620372762959102e-01
7.500000000000000e-02 5.172971154815675e-02 3.618687974542864e-01
8.000000000000000e-02 5.535506113609672e-02 3.616871243478461e-01
8.500000000000001e-02 5.901500943920686e-02 3.614905676586211e-01
9.000000000000000e-02 6.271184404431801e-02 3.612799637887740e-01
9.500000000000000e-02 6.644787559340060e-02 3.610532223280093e-01
1.000000000000000e-01 7.022543922779090e-02 3.608112718586593e-01
1.050000000000000e-01 7.404689604773053e-02 3.605523894060138e-01
1.100000000000000e-01 7.791463458813094e-02 3.602768290377953e-01
1.150000000000000e-01 8.183107231148547e-02 3.599828769031204e-01
1.200000000000000e-01 8.579865711886202e-02 3.596710440831970e-01
1.250000000000000e-01 8.981986887992111e-02 3.593394567472307e-01
1.300000000000000e-01 9.389722098291493e-02 3.589880396597858e-01
1.350000000000000e-01 9.803326190563690e-02 3.586152324388650e-01
1.400000000000000e-01 1.022305768083033e-01 3.582210662237210e-01
1.450000000000000e-01 1.064917891493625e-01 3.578035527593853e-01
1.500000000000000e-01 1.108195623252418e-01 3.573623690258266e-01
1.550000000000000e-01 1.152166013350572e-01 3.568958915607809e-01
1.600000000000000e-01 1.196856544713255e-01 3.564036870579955e-01
1.650000000000000e-01 1.242295150377370e-01 3.558836669478271e-01
1.700000000000000e-01 1.288510230950609e-01 3.553352213519935e-01
1.750000000000000e-01 1.335530672362758e-01 3.547565325069509e-01
1.800000000000000e-01 1.383385863920344e-01 3.541467434313574e-01
1.850000000000000e-01 1.432105716675912e-01 3.535036060080227e-01
1.900000000000000e-01 1.481720682123397e-01 3.528261427711464e-01
1.950000000000000e-01 1.532261771231311e-01 3.521122749261595e-01
2.000000000000000e-01 1.583760573825595e-01 3.513607409309871e-01
2.050000000000000e-01 1.636249278334301e-01 3.505690311098647e-01
2.100000000000000e-01 1.689760691906397e-01 3.497357072782967e-01
2.150000000000000e-01 1.744328260917313e-01 3.488583723363534e-01
2.200000000000000e-01 1.799986091874004e-01 3.479353531232178e-01
2.250000000000000e-01 1.856768972732633e-01 3.469637780502554e-01
2.300000000000000e-01 1.914712394642179e-01 3.459416420112710e-01
2.350000000000000e-01 1.973852574127551e-01 3.448661236321346e-01
2.400000000000000e-01 2.034226475726105e-01 3.437350883474793e-01
2.450000000000000e-01 2.095871835091678e-01 3.425452534310072e-01
2.500000000000000e-01 2.158827182580599e-01 3.412939791703761e-01
2.550000000000000e-01 2.223131867334419e-01 3.399778156525242e-01
2.600000000000000e-01 2.288826081874405e-01 3.385939687043389e-01
2.650000000000000e-01 2.355950887223172e-01 3.371387219026379e-01
2.700000000000000e-01 2.424548238569160e-01 3.356088582462214e-01
2.750000000000000e-01 2.494661011489995e-01 3.340001411883190e-01
2.800000000000000e-01 2.566333028751116e-01 3.323088420668078e-01
2.850000000000000e-01 2.639609087696434e-01 3.305304970225819e-01
2.900000000000000e-01 2.714534988248126e-01 3.286610587907748e-01
2.950000000000000e-01 2.791157561533084e-01 3.266956205571249e-01
3.000000000000000e-01 2.869524699153886e-01 3.246296744268172e-01
3.050000000000000e-01 2.949685383122613e-01 3.224576630146261e-01
3.100000000000000e-01 3.031689716476197e-01 3.201744057027278e-01
3.150000000000000e-01 3.115588954592450e-01 3.177738078020300e-01
3.200000000000000e-01 3.201435537226349e-01 3.152499225537695e-01
3.250000000000000e-01 3.289283121286580e-01 3.125961319452428e-01
3.300000000000000e-01 3.379186614372866e-01 3.098056611706705e-01
3.350000000000000e-01 3.471202209094989e-01 3.068711938020882e-01
3.400000000000000e-01 3.565387418195016e-01 3.037850288945118e-01
3.450000000000000e-01 3.661801110494620e-01 3.005389225897667e-01
3.500000000000000e-01 3.760503547690021e-01 2.971240894400169e-01
3.550000000000000e-01 3.861556422017504e-01 2.935311129624484e-01
3.600000000000000e-01 3.965022894813072e-01 2.897498838633102e-01
3.650000000000000e-01 4.070967635990345e-01 2.857695066822722e-01
3.700000000000000e-01 4.179456864461349e-01 2.815781953201420e-01
3.750000000000000e-01 4.290558389525505e-01 2.771631423619471e-01
3.800000000000000e-01 4.404341653252637e-01 2.725103596830436e-01
3.850000000000000e-01 4.520877773886537e-01 2.676044802052727e-01
3.900000000000000e-01 4.640239590296172e-01 2.624285096825382e-01
3.950000000000000e-01 4.762501707502353e-01 2.569635123863800e-01
4.000000000000000e-01 4.887740543308307e-01 2.511882086281302e-01
4.050000000000000e-01 5.016034376063282e-01 2.450784529005167e-01
4.100000000000000e-01 5.147463393589066e-01 2.386065478449399e-01
4.150000000000000e-01 5.282109743299990e-01 2.317403283721621e-01
4.200000000000000e-01 5.420057583547735e-01 2.244419173959328e-01
4.250000000000000e-01 5.561393136223041e-01 2.166660013174084e-01
4.300000000000000e-01 5.706204740647189e-01 2.083573839392013e-01
4.350000000000000e-01 5.854582908786964e-01 1.994474214595584e-01
4.400000000000000e-01 6.006620381827575e-01 1.898486564948713e-01
4.450000000000000e-01 6.162412188138907e-01 1.794464212341077e-01
4.500000000000000e-01 6.322055702671360e-01 1.680850567225173e-01
4.550000000000000e-01 6.485650707818353e-01 1.555439102686098e-01
4.600000000000000e-01 6.653299455783577e-01 1.414922416283312e-01
4.650000000000000e-01 6.825106732491932e-01 1.253958259307618e-01
4.700000000000000e-01 7.001179923084168e-01 1.062983497576882e-01
4.750000000000000e-01 7.181629079036070e-01 8.224698203637559e-02
4.800000000000000e-01 7.366566986944229e-01 4.909454740437640e-02
4.850000000000000e-01 7.556109239021327e-01 7.082750380844965e-03
4.900000000000000e-01 7.750374305345038e-01 -8.139325895610118e-03
4.950000000000000e-01 7.949483607905672e-01 -2.297180483235762e-03
5.000000000000000e-01 8.153561596498893e-01 -1.109354759387878e-02
5.050000000000000e-01 8.362735826510871e-01 -7.252640647557503e-03
5.100000000000000e-01 8.577137038644561e-01 -1.012079099229279e-02
5.150000000000000e-01 8.796899240636907e-01 -9.520167431023879e-03
5.200000000000000e-01 9.022159791018011e-01 -9.207892047421871e-03
5.250000000000000e-01 9.253059484964714e-01 -1.004823419064757e-02
5.300000000000000e-01 9.489742642302165e-01 -8.680217569382745e-03
5.350000000000000e-01 9.732357197708378e-01 -9.627026254486300e-03
5.400000000000000e-01 9.981054793178262e-01 -8.315483323580466e-03
5.450000000000000e-01 1.023599087280478e+00 -8.794176712397824e-03
5.500000000000000e-01 1.049732477993657e+00 -7.899140636103351e-03
5.550000000000000e-01 1.076521985677273e+00 -7.852471912513301e-03
5.600000000000001e-01 1.103984354645701e+00 -7.326220419511386e-03
5.650000000000001e-01 1.132136749773522e+00 -6.929388892803961e-03
5.700000000000001e-01 1.160996767224129e+00 -6.587394962832732e-03
5.750000000000001e-01 1.190582445447902e+00 -6.044991101267662e-03
5.800000000000000e-01 1.220912276456826e+00 -5.725605031215921e-03
5.850000000000000e-01 1.252005217382601e+00 -5.171851593600188e-03
5.900000000000000e-01 1.283880702325469e+00 -4.794531167930396e-03
5.950000000000000e-01 1.316558654501151e+00 -4.277255037969913e-03
6.000000000000000e-01 1.350059498693518e+00 -3.832519784411042e-03
6.050000000000000e-01 1.384404174020732e+00 -3.343667370449290e-03
6.100000000000000e-01 1.419614147022888e+00 -2.855263570820983e-03
6.150000000000000e-01 1.455711425079295e+00 -2.370326873549277e-03
6.200000000000000e-01 1.492718570163803e+00 -1.862303057119037e-03
6.250000000000000e-01 1.530658712946775e+00 -1.364612624579659e-03
6.300000000000000e-01 1.569555567252506e+00 -8.478966469793721e-04
6.350000000000000e-01 1.609433444881138e+00 -3.331346761345954e-04
6.400000000000000e-01 1.650317270804325e+00 1.918263020082598e-04
6.450000000000000e-01 1.692232598744148e+00 7.217657952092897e-04
6.500000000000000e-01 1.735205627145031e+00 1.257688207206968e-03
6.550000000000000e-01 1.779263215548615e+00 1.800717205447370e-03
6.600000000000000e-01 1.824432901381847e+00 2.349351622695462e-03
6.650000000000000e-01 1.870742917168772e+00 2.904948367365951e-03
6.700000000000000e-01 1.918222208176775e+00 3.466748995269197e-03
6.750000000000000e-01 1.966900450508319e+00 4.035165457152433e-03
6.800000000000000e-01 2.016808069649473e+00 4.610077283547288e-03
6.850000000000001e-01 2.067976259486829e+00 5.191436251385280e-03
6.900000000000001e-01 2.120437001804702e+00 5.779185055051406e-03
6.950000000000001e-01 2.174223086274785e+00 6.373123725086832e-03
7.000000000000001e-01 2.229368130950753e+00 6.973026585229818e-03
7.050000000000000e-01 2.285906603280654e+00 7.578540068076720e-03
7.100000000000000e-01 2.343873841650178e+00 8.189207291568657e-03
7.150000000000000e-01 2.403306077470301e+00 8.804435246989702e-03
7.200000000000000e-01 2.464240457823092e+00 9.423477107016026e-03
7.250000000000000e-01 2.526715068679855e+00 1.004541217779592e-02
7.300000000000000e-01 2.590768958706095e+00 1.066912100115238e-02
7.350000000000000e-01 2.656442163668210e+00 1.129326080338655e-02
7.400000000000000e-01 2.723775731457148e+00 1.191623715079219e-02
7.450000000000000e-01 2.792811747744667e+00 1.253617322713140e-02
7.500000000000000e-01 2.863593362288260e+00 1.315087576403365e-02
7.550000000000000e-01 2.936164815901156e+00 1.375779747611005e-02
7.600000000000000e-01 3.010571468104263e+00 1.435399588982856e-02
7.650000000000000e-01 3.086859825477351e+00 1.493608867023000e-02
7.700000000000000e-01 3.165077570727174e+00 1.550020599196834e-02
7.750000000000000e-01 3.245273592490716e+00 1.604194103467732e-02
7.800000000000000e-01 3.327498015892184e+00 1.655630044414758e-02
7.850000000000000e-01 3.411802233872832e+00 1.703765764154836e-02
7.900000000000000e-01 3.498238939313234e+00 1.747971323009570e-02
7.950000000000000e-01 3.586862157968046e+00 1.787546839479096e-02
8.000000000000000e-01 3.677727282233856e+00 1.821721918127712e-02
8.050000000000000e-01 3.770891105771243e+00 1.849658192535002e-02
8.100000000000001e-01 3.866411859002656e+00 1.870456245611670e-02
8.150000000000001e-01 3.964349245508326e+00 1.883168327632515e-02
8.200000000000001e-01 4.064764479342956e+00 1.886818332309493e-02
8.250000000000001e-01 4.167720323296481e+00 1.880430352489394e-02
8.300000000000001e-01 4.273281128122877e+00 1.863066647058256e-02
8.350000000000000e-01 4.381512872761445e+00 1.833874903894355e-02
8.400000000000000e-01 4.492483205575838e+00 1.792143553133292e-02
8.450000000000000e-01 4.606261486636447e+00 1.737363033925279e-02
8.500000000000000e-01 4.722918831072739e+00 1.669290357214410e-02
8.550000000000000e-01 4.842528153522501e+00 1.588013595080460e-02
8.600000000000000e-01 4.965164213705875e+00 1.494012212423314e-02
8.650000000000000e-01 5.090903663152626e+00 1.388209647263650e-02
8.700000000000000e-01 5.219825093111814e+00 1.272016774753578e-02
8.750000000000000e-01 5.352009083673925e+00 1.147366268767279e-02
8.800000000000000e-01 5.487538254136007e+00 1.016733386149719e-02
8.850000000000000e-01 5.626497314641444e+00 8.831260624085976e-03
8.900000000000000e-01 5.768973119126561e+00 7.500123009076068e-03
8.950000000000000e-01 5.915054719607133e+00 6.211489404676727e-03
9.000000000000000e-01 6.064833421838831e+00 5.002949235042904e-03
9.050000000000000e-01 6.218402842386253e+00 3.908337563864178e-03
9.100000000000000e-01 6.375858967136348e+00 2.953772288025302e-03
9.150000000000000e-01 6.537300211292723e+00 2.154503259403458e-03
9.200000000000000e-01 6.702827480888332e+00 1.513470185781183e-03
9.250000000000000e-01 6.872544235855034e+00 1.021987712861505e-03
9.300000000000000e-01 7.046556554689444e+00 6.623251278015011e-04
9.350000000000001e-01 7.224973200755413e+00 4.114106059574575e-04
9.400000000000001e-01 7.407905690264673e+00 2.446759156710817e-04
9.450000000000001e-01 7.595468361978146e+00 1.392028588080557e-04
9.500000000000001e-01 7.787778448671316e+00 7.571135145585099e-05
9.550000000000001e-01 7.984956150408610e+00 3.934755133844591e-05
9.600000000000000e-01 8.187124709672272e+00 1.953297341479395e-05
9.650000000000000e-01 8.394410488393007e+00 9.260098440660250e-06
9.700000000000000e-01 8.606943046930221e+00 4.191827305340493e-06
9.750000000000000e-01 8.824855225051540e+00 1.811863088356799e-06
9.800000000000000e-01 9.048283224961922e+00 7.476942083932077e-07
9.850000000000000e-01 9.277366696434507e+00 2.949477758315276e-07
9.900000000000000e-01 9.512248824096272e+00 1.104577781034985e-07
9.950000000000000e-01 9.753076416923058e+00 4.155828231303849e-08
1.000000000000000e+00 1.000000000000000e+01 9.812623457746521e-09
