0.000000000000000e+00 0.000000000000000e+00 4.862185006726865e-01
5.000000000000000e-03 3.369477419287315e-03 4.862128040936896e-01
1.000000000000000e-02 6.741060871647481e-03 4.861996928654805e-01
1.500000000000000e-02 1.011685770649257e-02 4.861736714414282e-01
2.000000000000000e-02 1.349897790673588e-02 4.861414521448852e-01
2.500000000000000e-02 1.688953540759990e-02 4.860928512396476e-01
3.000000000000000e-02 2.029064941789469e-02 4.860348263230342e-01
3.500000000000000e-02 2.370444574459234e-02 4.859636941283476e-01
4.000000000000000e-02 2.713305812152553e-02 4.858826979216140e-01
4.500000000000000e-02 3.057862954304063e-02 4.857878966899803e-01
5.000000000000000e-02 3.404331360343898e-02 4.856823078738408e-01
5.500000000000000e-02 3.752927584304335e-02 4.855634004425002e-01
6.000000000000000e-02 4.103869510173117e-02 4.854331940449473e-01
6.500000000000000e-02 4.457376488078044e-02 4.852888480071723e-01
7.000000000000001e-02 4.813669471387935e-02 4.851319475797373e-01
7.500000000000000e-02 5.172971154815675e-02 4.849606316595168e-01
8.000000000000000e-02 5.535506113609672e-02 4.847763537059021e-01
8.500000000000001e-02 5.901500943920686e-02 4.845768616484776e-01
9.000000000000000e-02 6.271184404431801e-02 4.843630785826763e-01
9.500000000000000e-02 6.644787559340060e-02 4.841330365971544e-01
1.000000000000000e-01 7.022543922779090e-02 4.838874053771389e-01
1.050000000000000e-01 7.404689604773053e-02 4.836246197630623e-01
1.100000000000000e-01 7.791463458813094e-02 4.833453942642087e-01
1.150000000000000e-01 8.183107231148547e-02 4.830477822290757e-01
1.200000000000000e-01 8.579865711886202e-02 4.827322923690009e-01
1.250000000000000e-01 8.981986887992111e-02 4.823969438749334e-01
1.300000000000000e-01 9.389722098291493e-02 4.820417330878042e-01
1.350000000000000e-01 9.803326190563690e-02 4.816651293499565e-01
1.400000000000000e-01 1.022305768083033e-01 4.812666193640952e-01
1.450000000000000e-01 1.064917891493625e-01 4.808450235323684e-01
1.500000000000000e-01 1.108195623252418e-01 4.803994870918951e-01
1.550000000000000e-01 1.152166013350572e-01 4.799289121533709e-01
1.600000000000000e-01 1.196856544713255e-01 4.794322368804212e-01
1.650000000000000e-01 1.242295150377370e-01 4.789082954882037e-01
1.700000000000000e-01 1.288510230950609e-01 4.783558768792439e-01
1.750000000000000e-01 1.335530672362758e-01 4.777736977631398e-01
1.800000000000000e-01 1.383385863920344e-01 4.771604109629391e-01
1.850000000000000e-01 1.432105716675912e-01 4.765145999628598e-01
1.900000000000000e-01 1.481720682123397e-01 4.758347781369475e-01
1.950000000000000e-01 1.532261771231311e-01 4.751193861070382e-01
2.000000000000000e-01 1.583760573825595e-01 4.743667894999548e-01
2.050000000000000e-01 1.636249278334301e-01 4.735752764322130e-01
2.100000000000000e-01 1.689760691906397e-01 4.727430549653502e-01
2.150000000000000e-01 1.744328260917313e-01 4.718682504919074e-01
2.200000000000000e-01 1.799986091874004e-01 4.709489030868761e-01
2.250000000000000e-01 1.856768972732633e-01 4.699829648367546e-01
2.300000000000000e-01 1.914712394642179e-01 4.689682971637542e-01
2.350000000000000e-01 1.973852574127551e-01 4.679026681621659e-01
2.400000000000000e-01 2.034226475726105e-01 4.667837499656145e-01
2.450000000000000e-01 2.095871835091678e-01 4.656091161657565e-01
2.500000000000000e-01 2.158827182580599e-01 4.643762393051737e-01
2.550000000000000e-01 2.223131867334419e-01 4.630824884697997e-01
2.600000000000000e-01 2.288826081874405e-01 4.617251270090608e-01
2.650000000000000e-01 2.355950887223172e-01 4.603013104151074e-01
2.700000000000000e-01 2.424548238569160e-01 4.588080843959809e-01
2.750000000000000e-01 2.494661011489995e-01 4.572423831813835e-01
2.800000000000000e-01 2.566333028751116e-01 4.556010281038423e-01
2.850000000000000e-01 2.639609087696434e-01 4.538807265025276e-01
2.900000000000000e-01 2.714534988248126e-01 4.520780710017908e-01
2.950000000000000e-01 2.791157561533084e-01 4.501895392216483e-01
3.000000000000000e-01 2.869524699153886e-01 4.482114939829369e-01
3.050000000000000e-01 2.949685383122613e-01 4.461401840757062e-01
3.100000000000000e-01 3.031689716476197e-01 4.439717456656201e-01
3.150000000000000e-01 3.115588954592450e-01 4.417022044196399e-01
3.200000000000000e-01 3.201435537226349e-01 4.393274784390960e-01
3.250000000000000e-01 3.289283121286580e-01 4.368433820953458e-01
3.300000000000000e-01 3.379186614372866e-01 4.342456308705880e-01
3.350000000000000e-01 3.471202209094989e-01 4.315298473138925e-01
3.400000000000000e-01 3.565387418195016e-01 4.286915682302450e-01
3.450000000000000e-01 3.661801110494620e-01 4.257262532280586e-01
3.500000000000000e-01 3.760503547690021e-01 4.226292947583462e-01
3.550000000000000e-01 3.861556422017504e-01 4.193960297862686e-01
3.600000000000000e-01 3.965022894813072e-01 4.160217532430435e-01
3.650000000000000e-01 4.070967635990345e-01 4.125017334130404e-01
3.700000000000000e-01 4.179456864461349e-01 4.088312294171291e-01
3.750000000000000e-01 4.290558389525505e-01 4.050055109587985e-01
3.800000000000000e-01 4.404341653252637e-01 4.010198805039511e-01
3.850000000000000e-01 4.520877773886537e-01 3.968696980684341e-01
3.900000000000000e-01 4.640239590296172e-01 3.925504087889193e-01
3.950000000000000e-01 4.762501707502353e-01 3.880575734523946e-01
4.000000000000000e-01 4.887740543308307e-01 3.833869021569541e-01
4.050000000000000e-01 5.016034376063282e-01 3.785342912713126e-01
4.100000000000000e-01 5.147463393589066e-01 3.734958638521017e-01
4.150000000000000e-01 5.282109743299990e-01 3.682680136660097e-01
4.200000000000000e-01 5.420057583547735e-01 3.628474529476120e-01
4.250000000000000e-01 5.561393136223041e-01 3.572312640026250e-01
4.300000000000000e-01 5.706204740647189e-01 3.514169547395420e-01
4.350000000000000e-01 5.854582908786964e-01 3.454025181791462e-01
4.400000000000000e-01 6.006620381827575e-01 3.391864959501952e-01
4.450000000000000e-01 6.162412188138907e-01 3.327680457291071e-01
4.500000000000000e-01 6.322055702671360e-01 3.261470125200230e-01
4.550000000000000e-01 6.485650707818353e-01 3.193240035969062e-01
4.600000000000000e-01 6.653299455783577e-01 3.123004668384528e-01
4.650000000000000e-01 6.825106732491932e-01 3.050787720760109e-01
4.700000000000000e-01 7.001179923084168e-01 2.976622949397171e-01
4.750000000000000e-01 7.181629079036070e-01 2.900555025232178e-01
4.800000000000000e-01 7.366566986944229e-01 2.822640399856733e-01
4.850000000000000e-01 7.556109239021327e-01 2.742948169634588e-01
4.900000000000000e-01 7.750374305345038e-01 2.661560923642136e-01
4.950000000000000e-01 7.949483607905672e-01 2.578575557537707e-01
5.000000000000000e-01 8.153561596498893e-01 2.494104031142413e-01
5.050000000000000e-01 8.362735826510871e-01 2.408274042445455e-01
5.100000000000000e-01 8.577137038644561e-01 2.321229584951319e-01
5.150000000000000e-01 8.796899240636907e-01 2.233131348895130e-01
5.200000000000000e-01 9.022159791018011e-01 2.144156920166805e-01
5.250000000000000e-01 9.253059484964714e-01 2.054500724339783e-01
5.300000000000000e-01 9.489742642302165e-01 1.964373657831370e-01
5.350000000000000e-01 9.732357197708378e-01 1.874002345104610e-01
5.400000000000000e-01 9.981054793178262e-01 1.783627961462661e-01
5.450000000000000e-01 1.023599087280478e+00 1.693504567122763e-01
5.500000000000000e-01 1.049732477993657e+00 1.603896911631476e-01
5.550000000000000e-01 1.076521985677273e+00 1.515077689676963e-01
5.600000000000001e-01 1.103984354645701e+00 1.427324260490953e-01
5.650000000000001e-01 1.132136749773522e+00 1.340914882439233e-01
5.700000000000001e-01 1.160996767224129e+00 1.256124559363727e-01
5.750000000000001e-01 1.190582445447902e+00 1.173220641075702e-01
5.800000000000000e-01 1.220912276456826e+00 1.092458360792760e-01
5.850000000000000e-01 1.252005217382601e+00 1.014076520249416e-01
5.900000000000000e-01 1.283880702325469e+00 9.382935423928108e-02
5.950000000000000e-01 1.316558654501151e+00 8.653040980062146e-02
6.000000000000000e-01 1.350059498693518e+00 7.952764758762366e-02
6.050000000000000e-01 1.384404174020732e+00 7.283508099340796e-02
6.100000000000000e-01 1.419614147022888e+00 6.646382084439487e-02
6.150000000000000e-01 1.455711425079295e+00 6.042207591912173e-02
6.200000000000000e-01 1.492718570163803e+00 5.471523202777592e-02
6.250000000000000e-01 1.530658712946775e+00 4.934599563218751e-02
6.300000000000000e-01 1.569555567252506e+00 4.431458492786314e-02
6.350000000000000e-01 1.609433444881138e+00 3.961895029717413e-02
6.400000000000000e-01 1.650317270804325e+00 3.525500689637630e-02
6.450000000000000e-01 1.692232598744148e+00 3.121686447299826e-02
6.500000000000000e-01 1.735205627145031e+00 2.749704284318185e-02
6.550000000000000e-01 1.779263215548615e+00 2.408666530731458e-02
6.600000000000000e-01 1.824432901381847e+00 2.097562622030988e-02
6.650000000000000e-01 1.870742917168772e+00 1.815273261599817e-02
6.700000000000000e-01 1.918222208176775e+00 1.560582295237891e-02
6.750000000000000e-01 1.966900450508319e+00 1.332186850783980e-02
6.800000000000000e-01 2.016808069649473e+00 1.128706459185142e-02
6.850000000000001e-01 2.067976259486829e+00 9.486919467822024e-03
6.900000000000001e-01 2.120437001804702e+00 7.906348709345663e-03
6.950000000000001e-01 2.174223086274785e+00 6.529781674826545e-03
7.000000000000001e-01 2.229368130950753e+00 5.341285005570717e-03
7.050000000000000e-01 2.285906603280654e+00 4.324705707955272e-03
7.100000000000000e-01 2.343873841650178e+00 3.463833702716647e-03
7.150000000000000e-01 2.403306077470301e+00 2.742580979261897e-03
7.200000000000000e-01 2.464240457823092e+00 2.145171955329774e-03
7.250000000000000e-01 2.526715068679855e+00 1.656337570046930e-03
7.300000000000000e-01 2.590768958706095e+00 1.261504245767807e-03
7.350000000000000e-01 2.656442163668210e+00 9.469682899887750e-04
7.400000000000000e-01 2.723775731457148e+00 7.000466407485106e-04
7.450000000000000e-01 2.792811747744667e+00 5.091960651554495e-04
7.500000000000000e-01 2.863593362288260e+00 3.640948888375525e-04
7.550000000000000e-01 2.936164815901156e+00 2.556838704618839e-04
7.600000000000000e-01 3.010571468104263e+00 1.761656824969658e-04
7.650000000000000e-01 3.086859825477351e+00 1.189653224004674e-04
7.700000000000000e-01 3.165077570727174e+00 7.865635933175900e-05
7.750000000000000e-01 3.245273592490716e+00 5.085995615180769e-05
7.800000000000000e-01 3.327498015892184e+00 3.212490004775613e-05
7.850000000000000e-01 3.411802233872832e+00 1.979732927807095e-05
7.900000000000000e-01 3.498238939313234e+00 1.188846960487013e-05
7.950000000000000e-01 3.586862157968046e+00 6.947608513076346e-06
8.000000000000000e-01 3.677727282233856e+00 3.945938041752263e-06
8.050000000000000e-01 3.770891105771243e+00 2.175035168419598e-06
8.100000000000001e-01 3.866411859002656e+00 1.161874645419423e-06
8.150000000000001e-01 3.964349245508326e+00 6.006006945154096e-07
8.200000000000001e-01 4.064764479342956e+00 2.999741894341763e-07
8.250000000000001e-01 4.167720323296481e+00 1.445351850682563e-07
8.300000000000001e-01 4.273281128122877e+00 6.707464047647852e-08
8.350000000000000e-01 4.381512872761445e+00 2.993135318375613e-08
8.400000000000000e-01 4.492483205575838e+00 1.282189337687215e-08
8.450000000000000e-01 4.606261486636447e+00 5.263793745954117e-09
8.500000000000000e-01 4.722918831072739e+00 2.067380732968116e-09
8.550000000000000e-01 4.842528153522501e+00 7.754694447176255e-10
8.600000000000000e-01 4.965164213705875e+00 2.773167882675957e-10
8.650000000000000e-01 5.090903663152626e+00 9.438433696377006e-11
8.700000000000000e-01 5.219825093111814e+00 3.052005752387307e-11
8.750000000000000e-01 5.352009083673925e+00 9.360310500620586e-12
8.800000000000000e-01 5.487538254136007e+00 2.718225021084691e-12
8.850000000000000e-01 5.626497314641444e+00 7.462066204421778e-13
8.900000000000000e-01 5.768973119126561e+00 1.933400998850734e-13
8.950000000000000e-01 5.915054719607133e+00 4.720757340131502e-14
9.000000000000000e-01 6.064833421838831e+00 1.084671041029882e-14
9.050000000000000e-01 6.218402842386253e+00 2.342003534418286e-15
9.100000000000000e-01 6.375858967136348e+00 4.746004196461533e-16
9.150000000000000e-01 6.537300211292723e+00 9.015993566587124e-17
9.200000000000000e-01 6.702827480888332e+00 1.603938965108880e-17
9.250000000000000e-01 6.872544235855034e+00 2.669613715008334e-18
9.300000000000000e-01 7.046556554689444e+00 4.153839006156773e-19
9.350000000000001e-01 7.224973200755413e+00 6.038162237913953e-20
9.400000000000001e-01 7.407905690264673e+00 8.195720231076785e-21
9.450000000000001e-01 7.595468361978146e+00 1.038317629334774e-21
9.500000000000001e-01 7.787778448671316e+00 1.227514710873157e-22
9.550000000000001e-01 7.984956150408610e+00 1.354023179499105e-23
9.600000000000000e-01 8.187124709672272e+00 1.393579576742752e-24
9.650000000000000e-01 8.394410488393007e+00 1.338434433124554e-25
9.700000000000000e-01 8.606943046930221e+00 1.199834002414740e-26
9.750000000000000e-01 8.824855225051540e+00 1.004255408107401e-27
9.800000000000000e-01 9.048283224961922e+00 7.851322124409926e-29
9.850000000000000e-01 9.277366696434507e+00 5.736220028605733e-30
9.900000000000000e-01 9.512248824096272e+00 3.917915740687715e-31
9.950000000000000e-01 9.753076416923058e+00 2.620402909558896e-32
1.000000000000000e+00 1.000000000000000e+01 -1.573278307526172e-32
