0.000000000000000e+00 0.000000000000000e+00 3.634957153679950e-01
5.000000000000000e-03 3.369477419287315e-03 3.634882101812056e-01
1.000000000000000e-02 6.741060871647481e-03 3.634754205222956e-01
1.500000000000000e-02 1.011685770649257e-02 3.634497971992087e-01
2.000000000000000e-02 1.349897790673588e-02 3.634183416824712e-01
2.500000000000000e-02 1.688953540759990e-02 3.633703337594279e-01
3.000000000000000e-02 2.029064941789469e-02 3.633135083511081e-01
3.500000000000000e-02 2.370444574459234e-02 3.632437013133659e-01
4.000000000000000e-02 2.713305812152553e-02 3.631639931803406e-01
4.500000000000000e-02 3.057862954304063e-02 3.630707690087466e-01
5.000000000000000e-02 3.404331360343898e-02 3.629673802151849e-01
5.500000000000000e-02 3.752927584304335e-02 3.628506122921207e-01
6.000000000000000e-02 4.103869510173117e-02 3.627222929588527e-01
6.500000000000000e-02 4.457376488078044e-02 3.625803266506367e-01
7.000000000000001e-02 4.813669471387935e-02 3.624264698953463e-01
7.500000000000000e-02 5.172971154815675e-02 3.622581413527270e-01
8.000000000000000e-02 5.535506113609672e-02 3.620766542522317e-01
8.500000000000001e-02 5.901500943920686e-02 3.618803023124978e-01
9.000000000000000e-02 6.271184404431801e-02 3.616698936825367e-01
9.500000000000000e-02 6.644787559340060e-02 3.614433686437366e-01
1.000000000000000e-01 7.022543922779090e-02 3.612016718793002e-01
1.050000000000000e-01 7.404689604773053e-02 3.609430485413591e-01
1.100000000000000e-01 7.791463458813094e-02 3.606677500665246e-01
1.150000000000000e-01 8.183107231148547e-02 3.603740936002276e-01
1.200000000000000e-01 8.579865711886202e-02 3.600625832739717e-01
1.250000000000000e-01 8.981986887992111e-02 3.597313238414471e-01
1.300000000000000e-01 9.389722098291493e-02 3.593802558731199e-01
1.350000000000000e-01 9.803326190563690e-02 3.590078339438767e-01
1.400000000000000e-01 1.022305768083033e-01 3.586140717891301e-01
1.450000000000000e-01 1.064917891493625e-01 3.581969771047509e-01
1.500000000000000e-01 1.108195623252418e-01 3.577562475972457e-01
1.550000000000000e-01 1.152166013350572e-01 3.572902601411876e-01
1.600000000000000e-01 1.196856544713255e-01 3.567985647472875e-01
1.650000000000000e-01 1.242295150377370e-01 3.562790801504577e-01
1.700000000000000e-01 1.288510230950609e-01 3.557312149764776e-01
1.750000000000000e-01 1.335530672362758e-01 3.551531453754944e-01
1.800000000000000e-01 1.383385863920344e-01 3.545440018624749e-01
1.850000000000000e-01 1.432105716675912e-01 3.539015474424188e-01
1.900000000000000e-01 1.481720682123397e-01 3.532248206439905e-01
1.950000000000000e-01 1.532261771231311e-01 3.525117368503229e-01
2.000000000000000e-01 1.583760573825595e-01 3.517610252108739e-01
2.050000000000000e-01 1.636249278334301e-01 3.509701861237297e-01
2.100000000000000e-01 1.689760691906397e-01 3.501377966543425e-01
2.150000000000000e-01 1.744328260917313e-01 3.492614587397582e-01
2.200000000000000e-01 1.799986091874004e-01 3.483394927387762e-01
2.250000000000000e-01 1.856768972732633e-01 3.473690325854950e-01
2.300000000000000e-01 1.914712394642179e-01 3.463480869065925e-01
2.350000000000000e-01 1.973852574127551e-01 3.452738422345343e-01
2.400000000000000e-01 2.034226475726105e-01 3.441441645472691e-01
2.450000000000000e-01 2.095871835091678e-01 3.429557705749480e-01
2.500000000000000e-01 2.158827182580599e-01 3.417060278396339e-01
2.550000000000000e-01 2.223131867334419e-01 3.403915024199174e-01
2.600000000000000e-01 2.288826081874405e-01 3.390094131104101e-01
2.650000000000000e-01 2.355950887223172e-01 3.375560456466568e-01
2.700000000000000e-01 2.424548238569160e-01 3.360281870997107e-01
2.750000000000000e-01 2.494661011489995e-01 3.344216126635702e-01
2.800000000000000e-01 2.566333028751116e-01 3.327326074510126e-01
2.850000000000000e-01 2.639609087696434e-01 3.309567259953973e-01
2.900000000000000e-01 2.714534988248126e-01 3.290899401473691e-01
2.950000000000000e-01 2.791157561533084e-01 3.271273552687882e-01
3.000000000000000e-01 2.869524699153886e-01 3.250644806886469e-01
3.050000000000000e-01 2.949685383122613e-01 3.228957776490873e-01
3.100000000000000e-01 3.031689716476197e-01 3.206160852069005e-01
3.150000000000000e-01 3.115588954592450e-01 3.182193390490720e-01
3.200000000000000e-01 3.201435537226349e-01 3.156996191825978e-01
3.250000000000000e-01 3.289283121286580e-01 3.130503456054690e-01
3.300000000000000e-01 3.379186614372866e-01 3.102647800009313e-01
3.350000000000000e-01 3.471202209094989e-01 3.073356515615733e-01
3.400000000000000e-01 3.565387418195016e-01 3.042553084393301e-01
3.450000000000000e-01 3.661801110494620e-01 3.010155647575681e-01
3.500000000000000e-01 3.760503547690021e-01 2.976077011385052e-01
3.550000000000000e-01 3.861556422017504e-01 2.940223782973878e-01
3.600000000000000e-01 3.965022894813072e-01 2.902495769037210e-01
3.650000000000000e-01 4.070967635990345e-01 2.862785072750189e-01
3.700000000000000e-01 4.179456864461349e-01 2.820975082990797e-01
3.750000000000000e-01 4.290558389525505e-01 2.776939212964924e-01
3.800000000000000e-01 4.404341653252637e-01 2.730539364167338e-01
3.850000000000000e-01 4.520877773886537e-01 2.681624019996814e-01
3.900000000000000e-01 4.640239590296172e-01 2.630025864238696e-01
3.950000000000000e-01 4.762501707502353e-01 2.575558773105046e-01
4.000000000000000e-01 4.887740543308307e-01 2.518013974796738e-01
4.050000000000000e-01 5.016034376063282e-01 2.457155086633128e-01
4.100000000000000e-01 5.147463393589066e-01 2.392711616266364e-01
4.150000000000000e-01 5.282109743299990e-01 2.324370325154247e-01
4.200000000000000e-01 5.420057583547735e-01 2.251763558950797e-01
4.250000000000000e-01 5.561393136223041e-01 2.174453178997091e-01
4.300000000000000e-01 5.706204740647189e-01 2.091907951137409e-01
4.350000000000000e-01 5.854582908786964e-01 2.003470915212119e-01
4.400000000000000e-01 6.006620381827575e-01 1.908310880441171e-01
4.450000000000000e-01 6.162412188138907e-01 1.805347746568244e-01
4.500000000000000e-01 6.322055702671360e-01 1.693132585407614e-01
4.550000000000000e-01 6.485650707818353e-01 1.569645058600101e-01
4.600000000000000e-01 6.653299455783577e-01 1.431929725943998e-01
4.650000000000000e-01 6.825106732491932e-01 1.275395931585038e-01
4.700000000000000e-01 7.001179923084168e-01 1.092381055138584e-01
4.750000000000000e-01 7.181629079036070e-01 8.692858975591532e-02
4.800000000000000e-01 7.366566986944229e-01 5.846454980453843e-02
4.850000000000000e-01 7.556109239021327e-01 2.474937613237341e-02
4.900000000000000e-01 7.750374305345038e-01 3.617683986379382e-03
4.950000000000000e-01 7.949483607905672e-01 4.179217658574989e-03
5.000000000000000e-01 8.153561596498893e-01 1.077073334665116e-03
5.050000000000000e-01 8.362735826510871e-01 -1.369770924486603e-03
5.100000000000000e-01 8.577137038644561e-01 -6.657452069890955e-04
5.150000000000000e-01 8.796899240636907e-01 -2.388663630523104e-03
5.200000000000000e-01 9.022159791018011e-01 -1.799276977327041e-03
5.250000000000000e-01 9.253059484964714e-01 -2.266307612126903e-03
5.300000000000000e-01 9.489742642302165e-01 -2.122757422881055e-03
5.350000000000000e-01 9.732357197708378e-01 -1.901228836830753e-03
5.400000000000000e-01 9.981054793178262e-01 -1.851422764913834e-03
5.450000000000000e-01 1.023599087280478e+00 -1.429339609780219e-03
5.500000000000000e-01 1.049732477993657e+00 -1.252757848850456e-03
5.550000000000000e-01 1.076521985677273e+00 -8.284081563841912e-04
5.600000000000001e-01 1.103984354645701e+00 -4.998116288245558e-04
5.650000000000001e-01 1.132136749773522e+00 -9.178714871636354e-05
5.700000000000001e-01 1.160996767224129e+00 3.320857483576470e-04
5.750000000000001e-01 1.190582445447902e+00 7.552356449103171e-04
5.800000000000000e-01 1.220912276456826e+00 1.222193724851763e-03
5.850000000000000e-01 1.252005217382601e+00 1.679116882370290e-03
5.900000000000000e-01 1.283880702325469e+00 2.166254254466679e-03
5.950000000000000e-01 1.316558654501151e+00 2.655605203597661e-03
6.000000000000000e-01 1.350059498693518e+00 3.159093822125491e-03
6.050000000000000e-01 1.384404174020732e+00 3.672290301009463e-03
6.100000000000000e-01 1.419614147022888e+00 4.192875802025781e-03
6.150000000000000e-01 1.455711425079295e+00 4.723379328841266e-03
6.200000000000000e-01 1.492718570163803e+00 5.260248067310673e-03
6.250000000000000e-01 1.530658712946775e+00 5.804918261554166e-03
6.300000000000000e-01 1.569555567252506e+00 6.355920163847810e-03
6.350000000000000e-01 1.609433444881138e+00 6.913118969005464e-03
6.400000000000000e-01 1.650317270804325e+00 7.476115624723168e-03
6.450000000000000e-01 1.692232598744148e+00 8.044366475238495e-03
6.500000000000000e-01 1.735205627145031e+00 8.617577348924899e-03
6.550000000000000e-01 1.779263215548615e+00 9.195252845213185e-03
6.600000000000000e-01 1.824432901381847e+00 9.776977709168414e-03
6.650000000000000e-01 1.870742917168772e+00 1.036226223553036e-02
6.700000000000000e-01 1.918222208176775e+00 1.095057403579641e-02
6.750000000000000e-01 1.966900450508319e+00 1.154132193703569e-02
6.800000000000000e-01 2.016808069649473e+00 1.213382940114054e-02
6.850000000000001e-01 2.067976259486829e+00 1.272732625759208e-02
6.900000000000001e-01 2.120437001804702e+00 1.332092473288832e-02
6.950000000000001e-01 2.174223086274785e+00 1.391360084441572e-02
7.000000000000001e-01 2.229368130950753e+00 1.450417191062421e-02
7.050000000000000e-01 2.285906603280654e+00 1.509127283240869e-02
7.100000000000000e-01 2.343873841650178e+00 1.567333106663232e-02
7.150000000000000e-01 2.403306077470301e+00 1.624853990118310e-02
7.200000000000000e-01 2.464240457823092e+00 1.681483044187835e-02
7.250000000000000e-01 2.526715068679855e+00 1.736984226624231e-02
7.300000000000000e-01 2.590768958706095e+00 1.791089297918443e-02
7.350000000000000e-01 2.656442163668210e+00 1.843494696147210e-02
7.400000000000000e-01 2.723775731457148e+00 1.893858379371737e-02
7.450000000000000e-01 2.792811747744667e+00 1.941796712110782e-02
7.500000000000000e-01 2.863593362288260e+00 1.986881511882244e-02
7.550000000000000e-01 2.936164815901156e+00 2.028637426265657e-02
7.600000000000000e-01 3.010571468104263e+00 2.066539881413836e-02
7.650000000000000e-01 3.086859825477351e+00 2.100013930781833e-02
7.700000000000000e-01 3.165077570727174e+00 2.128434436362716e-02
7.750000000000000e-01 3.245273592490716e+00 2.151128127597959e-02
7.800000000000000e-01 3.327498015892184e+00 2.167378194538006e-02
7.850000000000000e-01 3.411802233872832e+00 2.176432164633926e-02
7.900000000000000e-01 3.498238939313234e+00 2.177513857396303e-02
7.950000000000000e-01 3.586862157968046e+00 2.169840169129120e-02
8.000000000000000e-01 3.677727282233856e+00 2.152643279234315e-02
8.050000000000000e-01 3.770891105771243e+00 2.125198574503851e-02
8.100000000000001e-01 3.866411859002656e+00 2.086858154347477e-02
8.150000000000001e-01 3.964349245508326e+00 2.037089237818180e-02
8.200000000000001e-01 4.064764479342956e+00 1.975516251316810e-02
8.250000000000001e-01 4.167720323296481e+00 1.901964986148262e-02
8.300000000000001e-01 4.273281128122877e+00 1.816507026961347e-02
8.350000000000000e-01 4.381512872761445e+00 1.719502556064454e-02
8.400000000000000e-01 4.492483205575838e+00 1.611639564190326e-02
8.450000000000000e-01 4.606261486636447e+00 1.493967581377401e-02
8.500000000000000e-01 4.722918831072739e+00 1.367924280389159e-02
8.550000000000000e-01 4.842528153522501e+00 1.235352883718836e-02
8.600000000000000e-01 4.965164213705875e+00 1.098505640759586e-02
8.650000000000000e-01 5.090903663152626e+00 9.600229151696053e-03
8.700000000000000e-01 5.219825093111814e+00 8.228706927857028e-03
8.750000000000000e-01 5.352009083673925e+00 6.902169716076216e-03
8.800000000000000e-01 5.487538254136007e+00 5.652355352340180e-03
8.850000000000000e-01 5.626497314641444e+00 4.508459701971425e-03
8.900000000000000e-01 5.768973119126561e+00 3.494259878190859e-03
8.950000000000000e-01 5.915054719607133e+00 2.625543708359905e-03
9.000000000000000e-01 6.064833421838831e+00 1.908478415319552e-03
9.050000000000000e-01 6.218402842386253e+00 1.339371327798195e-03
9.100000000000000e-01 6.375858967136348e+00 9.059152557303021e-04
9.150000000000000e-01 6.537300211292723e+00 5.896088099944815e-04
9.200000000000000e-01 6.702827480888332e+00 3.687541934371949e-04
9.250000000000000e-01 6.872544235855034e+00 2.213602720528734e-04
9.300000000000000e-01 7.046556554689444e+00 1.274165222116498e-04
9.350000000000001e-01 7.224973200755413e+00 7.026877266691119e-05
9.400000000000001e-01 7.407905690264673e+00 3.710417488374516e-05
9.450000000000001e-01 7.595468361978146e+00 1.874902623747594e-05
9.500000000000001e-01 7.787778448671316e+00 9.062608096671056e-06
9.550000000000001e-01 7.984956150408610e+00 4.189033051993369e-06
9.600000000000000e-01 8.187124709672272e+00 1.851255737976616e-06
9.650000000000000e-01 8.394410488393007e+00 7.820778902610018e-07
9.700000000000000e-01 8.606943046930221e+00 3.158135166165663e-07
9.750000000000000e-01 8.824855225051540e+00 1.219001818237113e-07
9.800000000000000e-01 9.048283224961922e+00 4.497216175003520e-08
9.850000000000000e-01 9.277366696434507e+00 1.587191289006566e-08
9.900000000000000e-01 9.512248824096272e+00 5.326976579642459e-09
9.950000000000000e-01 9.753076416923058e+00 1.807561342302222e-09
1.000000000000000e+00 1.000000000000000e+01 3.107501194145054e-10
