0.000000000000000e+00 0.000000000000000e+00 3.629907699624061e-01
5.000000000000000e-03 3.369477419287315e-03 3.629832513303680e-01
1.000000000000000e-02 6.741060871647481e-03 3.629710219561805e-01
1.500000000000000e-02 1.011685770649257e-02 3.629453683682985e-01
2.000000000000000e-02 1.349897790673588e-02 3.629137717881987e-01
2.500000000000000e-02 1.688953540759990e-02 3.628657139178941e-01
3.000000000000000e-02 2.029064941789469e-02 3.628088176191450e-01
3.500000000000000e-02 2.370444574459234e-02 3.627389175742716e-01
4.000000000000000e-02 2.713305812152553e-02 3.626591314300233e-01
4.500000000000000e-02 3.057862954304063e-02 3.625657846645992e-01
5.000000000000000e-02 3.404331360343898e-02 3.624622427603131e-01
5.500000000000000e-02 3.752927584304335e-02 3.623453406311561e-01
6.000000000000000e-02 4.103869510173117e-02 3.622168706190709e-01
6.500000000000000e-02 4.457376488078044e-02 3.620747058479990e-01
7.000000000000001e-02 4.813669471387935e-02 3.619206525002106e-01
7.500000000000000e-02 5.172971154815675e-02 3.617521283701969e-01
8.000000000000000e-02 5.535506113609672e-02 3.615703996516704e-01
8.500000000000001e-02 5.901500943920686e-02 3.613737812032237e-01
9.000000000000000e-02 6.271184404431801e-02 3.611631182998115e-01
9.500000000000000e-02 6.644787559340060e-02 3.609363118863872e-01
1.000000000000000e-01 7.022543922779090e-02 3.606942851280435e-01
1.050000000000000e-01 7.404689604773053e-02 3.604353244166571e-01
1.100000000000000e-01 7.791463458813094e-02 3.601596852349411e-01
1.150000000000000e-01 8.183107231148547e-02 3.598656443092204e-01
1.200000000000000e-01 8.579865711886202e-02 3.595537142550340e-01
1.250000000000000e-01 8.981986887992111e-02 3.592220280045825e-01
1.300000000000000e-01 9.389722098291493e-02 3.588705059903356e-01
1.350000000000000e-01 9.803326190563690e-02 3.584975828895819e-01
1.400000000000000e-01 1.022305768083033e-01 3.581032948065396e-01
1.450000000000000e-01 1.064917891493625e-01 3.576856551755395e-01
1.500000000000000e-01 1.108195623252418e-01 3.572443348755826e-01
1.550000000000000e-01 1.152166013350572e-01 3.567777098958116e-01
1.600000000000000e-01 1.196856544713255e-01 3.562853519163514e-01
1.650000000000000e-01 1.242295150377370e-01 3.557651705622751e-01
1.700000000000000e-01 1.288510230950609e-01 3.552165503559990e-01
1.750000000000000e-01 1.335530672362758e-01 3.546376750277801e-01
1.800000000000000e-01 1.383385863920344e-01 3.540276914197872e-01
1.850000000000000e-01 1.432105716675912e-01 3.533843483552490e-01
1.900000000000000e-01 1.481720682123397e-01 3.527066634899294e-01
1.950000000000000e-01 1.532261771231311e-01 3.519925595254664e-01
2.000000000000000e-01 1.583760573825595e-01 3.512407777670827e-01
2.050000000000000e-01 1.636249278334301e-01 3.504488057387136e-01
2.100000000000000e-01 1.689760691906397e-01 3.496152006520611e-01
2.150000000000000e-01 1.744328260917313e-01 3.487375654777763e-01
2.200000000000000e-01 1.799986091874004e-01 3.478142289724407e-01
2.250000000000000e-01 1.856768972732633e-01 3.468423180803020e-01
2.300000000000000e-01 1.914712394642179e-01 3.458198236379753e-01
2.350000000000000e-01 1.973852574127551e-01 3.447439217284068e-01
2.400000000000000e-01 2.034226475726105e-01 3.436124775086524e-01
2.450000000000000e-01 2.095871835091678e-01 3.424222085099208e-01
2.500000000000000e-01 2.158827182580599e-01 3.411704729486713e-01
2.550000000000000e-01 2.223131867334419e-01 3.398538160813860e-01
2.600000000000000e-01 2.288826081874405e-01 3.384694397664417e-01
2.650000000000000e-01 2.355950887223172e-01 3.370136268596662e-01
2.700000000000000e-01 2.424548238569160e-01 3.354831591107933e-01
2.750000000000000e-01 2.494661011489995e-01 3.338737965198768e-01
2.800000000000000e-01 2.566333028751116e-01 3.321818063258817e-01
2.850000000000000e-01 2.639609087696434e-01 3.304027190879014e-01
2.900000000000000e-01 2.714534988248126e-01 3.285324817602784e-01
2.950000000000000e-01 2.791157561533084e-01 3.265661838092875e-01
3.000000000000000e-01 2.869524699153886e-01 3.244993121073106e-01
3.050000000000000e-01 2.949685383122613e-01 3.223263036793215e-01
3.100000000000000e-01 3.031689716476197e-01 3.200419719514782e-01
3.150000000000000e-01 3.115588954592450e-01 3.176402130902596e-01
3.200000000000000e-01 3.201435537226349e-01 3.151150722450129e-01
3.250000000000000e-01 3.289283121286580e-01 3.124599199150007e-01
3.300000000000000e-01 3.379186614372866e-01 3.096679702602541e-01
3.350000000000000e-01 3.471202209094989e-01 3.067318930464315e-01
3.400000000000000e-01 3.565387418195016e-01 3.036439724722216e-01
3.450000000000000e-01 3.661801110494620e-01 3.003959471233544e-01
3.500000000000000e-01 3.760503547690021e-01 2.969790115429234e-01
3.550000000000000e-01 3.861556422017504e-01 2.933837258562762e-01
3.600000000000000e-01 3.965022894813072e-01 2.895999534972742e-01
3.650000000000000e-01 4.070967635990345e-01 2.856167669202629e-01
3.700000000000000e-01 4.179456864461349e-01 2.814223420904502e-01
3.750000000000000e-01 4.290558389525505e-01 2.770038264173498e-01
3.800000000000000e-01 4.404341653252637e-01 2.723471775865199e-01
3.850000000000000e-01 4.520877773886537e-01 2.674369629815088e-01
3.900000000000000e-01 4.640239590296172e-01 2.622561083760873e-01
3.950000000000000e-01 4.762501707502353e-01 2.567855794565033e-01
4.000000000000000e-01 4.887740543308307e-01 2.510039736546179e-01
4.050000000000000e-01 5.016034376063282e-01 2.448869903789394e-01
4.100000000000000e-01 5.147463393589066e-01 2.384067337666066e-01
4.150000000000000e-01 5.282109743299990e-01 2.315307805507044e-01
4.200000000000000e-01 5.420057583547735e-01 2.242209116440299e-01
4.250000000000000e-01 5.561393136223041e-01 2.164313506978181e-01
4.300000000000000e-01 5.706204740647189e-01 2.081062596466070e-01
4.350000000000000e-01 5.854582908786964e-01 1.991760777596561e-01
4.400000000000000e-01 6.006620381827575e-01 1.895519904305227e-01
4.450000000000000e-01 6.162412188138907e-01 1.791172311683010e-01
4.500000000000000e-01 6.322055702671360e-01 1.677127118793532e-01
4.550000000000000e-01 6.485650707818353e-01 1.551117596999128e-01
4.600000000000000e-01 6.653299455783577e-01 1.409719835999539e-01
4.650000000000000e-01 6.825106732491932e-01 1.247332420070154e-01
4.700000000000000e-01 7.001179923084168e-01 1.053681446727042e-01
4.750000000000000e-01 7.181629079036070e-01 8.065930790971056e-02
4.800000000000000e-01 7.366566986944229e-01 4.520342570126194e-02
4.850000000000000e-01 7.556109239021327e-01 -1.542355154212856e-03
4.900000000000000e-01 7.750374305345038e-01 -1.172638772390550e-02
4.950000000000000e-01 7.949483607905672e-01 -6.237865482019226e-03
5.000000000000000e-01 8.153561596498893e-01 -1.599535173606675e-02
5.050000000000000e-01 8.362735826510871e-01 -9.021356467389472e-03
5.100000000000000e-01 8.577137038644561e-01 -1.515069012813102e-02
5.150000000000000e-01 8.796899240636907e-01 -1.098138736087634e-02
5.200000000000000e-01 9.022159791018011e-01 -1.352421800904054e-02
5.250000000000000e-01 9.253059484964714e-01 -1.199498829707348e-02
5.300000000000000e-01 9.489742642302165e-01 -1.210497295438655e-02
5.350000000000000e-01 9.732357197708378e-01 -1.217217193000898e-02
5.400000000000000e-01 9.981054793178262e-01 -1.106081225025351e-02
5.450000000000000e-01 1.023599087280478e+00 -1.173849533531424e-02
5.500000000000000e-01 1.049732477993657e+00 -1.030273662497904e-02
5.550000000000000e-01 1.076521985677273e+00 -1.093489713828389e-02
5.600000000000001e-01 1.103984354645701e+00 -9.680791285578355e-03
5.650000000000001e-01 1.132136749773522e+00 -9.962384014404402e-03
5.700000000000001e-01 1.160996767224129e+00 -9.065092764942436e-03
5.750000000000001e-01 1.190582445447902e+00 -8.957043722914634e-03
5.800000000000000e-01 1.220912276456826e+00 -8.376654649488960e-03
5.850000000000000e-01 1.252005217382601e+00 -7.986855957069956e-03
5.900000000000000e-01 1.283880702325469e+00 -7.589991647632975e-03
5.950000000000000e-01 1.316558654501151e+00 -7.064506788435532e-03
6.000000000000000e-01 1.350059498693518e+00 -6.718730742180041e-03
6.050000000000000e-01 1.384404174020732e+00 -6.169707328376637e-03
6.100000000000000e-01 1.419614147022888e+00 -5.793703590777264e-03
6.150000000000000e-01 1.455711425079295e+00 -5.272928584177672e-03
6.200000000000000e-01 1.492718570163803e+00 -4.842858530479240e-03
6.250000000000000e-01 1.530658712946775e+00 -4.352528144334442e-03
6.300000000000000e-01 1.569555567252506e+00 -3.880228591206828e-03
6.350000000000000e-01 1.609433444881138e+00 -3.400610285577457e-03
6.400000000000000e-01 1.650317270804325e+00 -2.906024016610023e-03
6.450000000000000e-01 1.692232598744148e+00 -2.418947314130368e-03
6.500000000000000e-01 1.735205627145031e+00 -1.913732921898814e-03
6.550000000000000e-01 1.779263215548615e+00 -1.411329829928158e-03
6.600000000000000e-01 1.824432901381847e+00 -8.971539707110472e-04
6.650000000000000e-01 1.870742917168772e+00 -3.788170235041540e-04
6.700000000000000e-01 1.918222208176775e+00 1.470527400870785e-04
6.750000000000000e-01 1.966900450508319e+00 6.803245831251119e-04
6.800000000000000e-01 2.016808069649473e+00 1.220438439093076e-03
6.850000000000001e-01 2.067976259486829e+00 1.768596273737531e-03
6.900000000000001e-01 2.120437001804702e+00 2.324217916982519e-03
6.950000000000001e-01 2.174223086274785e+00 2.887885545541964e-03
7.000000000000001e-01 2.229368130950753e+00 3.459490822503787e-03
7.050000000000000e-01 2.285906603280654e+00 4.039112068311966e-03
7.100000000000000e-01 2.343873841650178e+00 4.626700981075657e-03
7.150000000000000e-01 2.403306077470301e+00 5.222093591057404e-03
7.200000000000000e-01 2.464240457823092e+00 5.825055046491909e-03
7.250000000000000e-01 2.526715068679855e+00 6.435203629907378e-03
7.300000000000000e-01 2.590768958706095e+00 7.052029838944009e-03
7.350000000000000e-01 2.656442163668210e+00 7.674860067024626e-03
7.400000000000000e-01 2.723775731457148e+00 8.302840532612578e-03
7.450000000000000e-01 2.792811747744667e+00 8.934912126275847e-03
7.500000000000000e-01 2.863593362288260e+00 9.569782522529038e-03
7.550000000000000e-01 2.936164815901156e+00 1.020589549079576e-02
7.600000000000000e-01 3.010571468104263e+00 1.084139518377161e-02
7.650000000000000e-01 3.086859825477351e+00 1.147408608203269e-02
7.700000000000000e-01 3.165077570727174e+00 1.210138771001545e-02
7.750000000000000e-01 3.245273592490716e+00 1.272028414649086e-02
7.800000000000000e-01 3.327498015892184e+00 1.332726846749189e-02
7.850000000000000e-01 3.411802233872832e+00 1.391828275450942e-02
7.900000000000000e-01 3.498238939313234e+00 1.448865490962407e-02
7.950000000000000e-01 3.586862157968046e+00 1.503303447592231e-02
8.000000000000000e-01 3.677727282233856e+00 1.554533103539502e-02
8.050000000000000e-01 3.770891105771243e+00 1.601866038562342e-02
8.100000000000001e-01 3.866411859002656e+00 1.644530586901450e-02
8.150000000000001e-01 3.964349245508326e+00 1.681670536792888e-02
8.200000000000001e-01 4.064764479342956e+00 1.712347801468013e-02
8.250000000000001e-01 4.167720323296481e+00 1.735550762538535e-02
8.300000000000001e-01 4.273281128122877e+00 1.750210244099953e-02
8.350000000000000e-01 4.381512872761445e+00 1.755225250751397e-02
8.400000000000000e-01 4.492483205575838e+00 1.749500300264348e-02
8.450000000000000e-01 4.606261486636447e+00 1.731995049025752e-02
8.500000000000000e-01 4.722918831072739e+00 1.701785366613031e-02
8.550000000000000e-01 4.842528153522501e+00 1.658133885312946e-02
8.600000000000000e-01 4.965164213705875e+00 1.600567219080893e-02
8.650000000000000e-01 5.090903663152626e+00 1.528955543331460e-02
8.700000000000000e-01 5.219825093111814e+00 1.443588414317245e-02
8.750000000000000e-01 5.352009083673925e+00 1.345241219300371e-02
8.800000000000000e-01 5.487538254136007e+00 1.235231003501195e-02
8.850000000000000e-01 5.626497314641444e+00 1.115464385240486e-02
8.900000000000000e-01 5.768973119126561e+00 9.884751001559887e-03
8.950000000000000e-01 5.915054719607133e+00 8.574301767183405e-03
9.000000000000000e-01 6.064833421838831e+00 7.260610249754510e-03
9.050000000000000e-01 6.218402842386253e+00 5.984694121215235e-03
9.100000000000000e-01 6.375858967136348e+00 4.787856295525489e-03
9.150000000000000e-01 6.537300211292723e+00 3.707143259872642e-03
9.200000000000000e-01 6.702827480888332e+00 2.770658821053732e-03
9.250000000000000e-01 6.872544235855034e+00 1.994019185956646e-03
9.300000000000000e-01 7.046556554689444e+00 1.379006815103039e-03
9.350000000000001e-01 7.224973200755413e+00 9.147894694864735e-04
9.400000000000001e-01 7.407905690264673e+00 5.812417294416658e-04
9.450000000000001e-01 7.595468361978146e+00 3.533163132349605e-04
9.500000000000001e-01 7.787778448671316e+00 2.052798288739702e-04
9.550000000000001e-01 7.984956150408610e+00 1.139221717692580e-04
9.600000000000000e-01 8.187124709672272e+00 6.035839329034600e-05
9.650000000000000e-01 8.394410488393007e+00 3.052066821242489e-05
9.700000000000000e-01 8.606943046930221e+00 1.472622193994967e-05
9.750000000000000e-01 8.824855225051540e+00 6.779742944235231e-06
9.800000000000000e-01 9.048283224961922e+00 2.977612532090246e-06
9.850000000000000e-01 9.277366696434507e+00 1.249428757463635e-06
9.900000000000000e-01 9.512248824096272e+00 4.971874959678929e-07
9.950000000000000e-01 9.753076416923058e+00 1.979552192344264e-07
1.000000000000000e+00 1.000000000000000e+01 5.384470200090424e-08
