0.000000000000000e+00 0.000000000000000e+00 3.629688235060475e-01
5.000000000000000e-03 3.369477419287315e-03 3.629613042882543e-01
1.000000000000000e-02 6.741060871647481e-03 3.629491041799209e-01
1.500000000000000e-02 1.011685770649257e-02 3.629234491989538e-01
2.000000000000000e-02 1.349897790673588e-02 3.628918453690334e-01
2.500000000000000e-02 1.688953540759990e-02 3.628437854822326e-01
3.000000000000000e-02 2.029064941789469e-02 3.627868863804514e-01
3.500000000000000e-02 2.370444574459234e-02 3.627169821155486e-01
4.000000000000000e-02 2.713305812152553e-02 3.626371925208399e-01
4.500000000000000e-02 3.057862954304063e-02 3.625438405280230e-01
5.000000000000000e-02 3.404331360343898e-02 3.624402918856641e-01
5.500000000000000e-02 3.752927584304335e-02 3.623233838090745e-01
6.000000000000000e-02 4.103869510173117e-02 3.621949073048975e-01
6.500000000000000e-02 4.457376488078044e-02 3.620527339126567e-01
7.000000000000001e-02 4.813669471387935e-02 3.618986718868873e-01
7.500000000000000e-02 5.172971154815675e-02 3.617301392072416e-01
8.000000000000000e-02 5.535506113609672e-02 3.615484000141639e-01
8.500000000000001e-02 5.901500943920686e-02 3.613517699055426e-01
9.000000000000000e-02 6.271184404431801e-02 3.611410958477184e-01
9.500000000000000e-02 6.644787559340060e-02 3.609142771866553e-01
1.000000000000000e-01 7.022543922779090e-02 3.606722360369317e-01
1.050000000000000e-01 7.404689604773053e-02 3.604132605442374e-01
1.100000000000000e-01 7.791463458813094e-02 3.601376064900481e-01
1.150000000000000e-01 8.183107231148547e-02 3.598435488196013e-01
1.200000000000000e-01 8.579865711886202e-02 3.595316004089474e-01
1.250000000000000e-01 8.981986887992111e-02 3.591998954814270e-01
1.300000000000000e-01 9.389722098291493e-02 3.588483536746687e-01
1.350000000000000e-01 9.803326190563690e-02 3.584754087119071e-01
1.400000000000000e-01 1.022305768083033e-01 3.580810976192535e-01
1.450000000000000e-01 1.064917891493625e-01 3.576634341736389e-01
1.500000000000000e-01 1.108195623252418e-01 3.572220881108323e-01
1.550000000000000e-01 1.152166013350572e-01 3.567554352934760e-01
1.600000000000000e-01 1.196856544713255e-01 3.562630483399516e-01
1.650000000000000e-01 1.242295150377370e-01 3.557428365550970e-01
1.700000000000000e-01 1.288510230950609e-01 3.551941834039585e-01
1.750000000000000e-01 1.335530672362758e-01 3.546152728809780e-01
1.800000000000000e-01 1.383385863920344e-01 3.540052525522703e-01
1.850000000000000e-01 1.432105716675912e-01 3.533618706788608e-01
1.900000000000000e-01 1.481720682123397e-01 3.526841439931852e-01
1.950000000000000e-01 1.532261771231311e-01 3.519699954657374e-01
2.000000000000000e-01 1.583760573825595e-01 3.512181669408979e-01
2.050000000000000e-01 1.636249278334301e-01 3.504261454263294e-01
2.100000000000000e-01 1.689760691906397e-01 3.495924872646901e-01
2.150000000000000e-01 1.744328260917313e-01 3.487147954285371e-01
2.200000000000000e-01 1.799986091874004e-01 3.477913990342201e-01
2.250000000000000e-01 1.856768972732633e-01 3.468194247591889e-01
2.300000000000000e-01 1.914712394642179e-01 3.457968626786305e-01
2.350000000000000e-01 1.973852574127551e-01 3.447208883873427e-01
2.400000000000000e-01 2.034226475726105e-01 3.435893669839978e-01
2.450000000000000e-01 2.095871835091678e-01 3.423990160530332e-01
2.500000000000000e-01 2.158827182580599e-01 3.411471934255324e-01
2.550000000000000e-01 2.223131867334419e-01 3.398304434457825e-01
2.600000000000000e-01 2.288826081874405e-01 3.384459672200200e-01
2.650000000000000e-01 2.355950887223172e-01 3.369900474642090e-01
2.700000000000000e-01 2.424548238569160e-01 3.354594656910687e-01
2.750000000000000e-01 2.494661011489995e-01 3.338499812531836e-01
2.800000000000000e-01 2.566333028751116e-01 3.321578606184851e-01
2.850000000000000e-01 2.639609087696434e-01 3.303786332904765e-01
2.900000000000000e-01 2.714534988248126e-01 3.285082451312780e-01
2.950000000000000e-01 2.791157561533084e-01 3.265417849024120e-01
3.000000000000000e-01 2.869524699153886e-01 3.244747384862868e-01
3.050000000000000e-01 2.949685383122613e-01 3.223015418538891e-01
3.100000000000000e-01 3.031689716476197e-01 3.200170073056692e-01
3.150000000000000e-01 3.115588954592450e-01 3.176150292824459e-01
3.200000000000000e-01 3.201435537226349e-01 3.150896514047364e-01
3.250000000000000e-01 3.289283121286580e-01 3.124342420015259e-01
3.300000000000000e-01 3.379186614372866e-01 3.096420131479754e-01
3.350000000000000e-01 3.471202209094989e-01 3.067056320005231e-01
3.400000000000000e-01 3.565387418195016e-01 3.036173799503132e-01
3.450000000000000e-01 3.661801110494620e-01 3.003689922647408e-01
3.500000000000000e-01 3.760503547690021e-01 2.969516597047185e-01
3.550000000000000e-01 3.861556422017504e-01 2.933559379733275e-01
3.600000000000000e-01 3.965022894813072e-01 2.895716853478870e-01
3.650000000000000e-01 4.070967635990345e-01 2.855879682152131e-01
3.700000000000000e-01 4.179456864461349e-01 2.813929553654307e-01
3.750000000000000e-01 4.290558389525505e-01 2.769737856619625e-01
3.800000000000000e-01 4.404341653252637e-01 2.723164065367766e-01
3.850000000000000e-01 4.520877773886537e-01 2.674053729694858e-01
3.900000000000000e-01 4.640239590296172e-01 2.622235955924548e-01
3.950000000000000e-01 4.762501707502353e-01 2.567520214224441e-01
4.000000000000000e-01 4.887740543308307e-01 2.509692246127823e-01
4.050000000000000e-01 5.016034376063282e-01 2.448508751803341e-01
4.100000000000000e-01 5.147463393589066e-01 2.383690396234450e-01
4.150000000000000e-01 5.282109743299990e-01 2.314912456938151e-01
4.200000000000000e-01 5.420057583547735e-01 2.241792093760898e-01
4.250000000000000e-01 5.561393136223041e-01 2.163870663977781e-01
4.300000000000000e-01 5.706204740647189e-01 2.080588566147414e-01
4.350000000000000e-01 5.854582908786964e-01 1.991248446845139e-01
4.400000000000000e-01 6.006620381827575e-01 1.894959571277232e-01
4.450000000000000e-01 6.162412188138907e-01 1.790550263039172e-01
4.500000000000000e-01 6.322055702671360e-01 1.676423067291330e-01
4.550000000000000e-01 6.485650707818353e-01 1.550299664403433e-01
4.600000000000000e-01 6.653299455783577e-01 1.408733557022508e-01
4.650000000000000e-01 6.825106732491932e-01 1.246072450945745e-01
4.700000000000000e-01 7.001179923084168e-01 1.051899012149308e-01
4.750000000000000e-01 7.181629079036070e-01 8.034665503206315e-02
4.800000000000000e-01 7.366566986944229e-01 4.435543492872970e-02
4.850000000000000e-01 7.556109239021327e-01 -3.577639376057000e-03
4.900000000000000e-01 7.750374305345038e-01 -1.236703908167090e-02
4.950000000000000e-01 7.949483607905672e-01 -7.289374378436750e-03
5.000000000000000e-01 8.153561596498893e-01 -1.690296681447923e-02
5.050000000000000e-01 8.362735826510871e-01 -9.469853437392947e-03
5.100000000000000e-01 8.577137038644561e-01 -1.623277228697021e-02
5.150000000000000e-01 8.796899240636907e-01 -1.119830560902274e-02
5.200000000000000e-01 9.022159791018011e-01 -1.457713117001259e-02
5.250000000000000e-01 9.253059484964714e-01 -1.222506873551396e-02
5.300000000000000e-01 9.489742642302165e-01 -1.300639353412412e-02
5.350000000000000e-01 9.732357197708378e-01 -1.252916046554138e-02
5.400000000000000e-01 9.981054793178262e-01 -1.178167359049746e-02
5.450000000000000e-01 1.023599087280478e+00 -1.223957290247897e-02
5.500000000000000e-01 1.049732477993657e+00 -1.087853358387115e-02
5.550000000000000e-01 1.076521985677273e+00 -1.154229981253509e-02
5.600000000000001e-01 1.103984354645701e+00 -1.017626379821594e-02
5.650000000000001e-01 1.132136749773522e+00 -1.062034750378094e-02
5.700000000000001e-01 1.160996767224129e+00 -9.544380284934977e-03
5.750000000000001e-01 1.190582445447902e+00 -9.618417169632385e-03
5.800000000000000e-01 1.220912276456826e+00 -8.884315433518033e-03
5.850000000000000e-01 1.252005217382601e+00 -8.626799054811934e-03
5.900000000000000e-01 1.283880702325469e+00 -8.144618348218606e-03
5.950000000000000e-01 1.316558654501151e+00 -7.681574537013796e-03
6.000000000000000e-01 1.350059498693518e+00 -7.317557574758966e-03
6.050000000000000e-01 1.384404174020732e+00 -6.777705538648934e-03
6.100000000000000e-01 1.419614147022888e+00 -6.423582164438288e-03
6.150000000000000e-01 1.455711425079295e+00 -5.889311871207652e-03
6.200000000000000e-01 1.492718570163803e+00 -5.491398529583629e-03
6.250000000000000e-01 1.530658712946775e+00 -4.989437711563938e-03
6.300000000000000e-01 1.569555567252506e+00 -4.541955966577869e-03
6.350000000000000e-01 1.609433444881138e+00 -4.062135837921426e-03
6.400000000000000e-01 1.650317270804325e+00 -3.582077119561885e-03
6.450000000000000e-01 1.692232598744148e+00 -3.103882729112144e-03
6.500000000000000e-01 1.735205627145031e+00 -2.607790954939690e-03
6.550000000000000e-01 1.779263215548615e+00 -2.117473824179231e-03
6.600000000000000e-01 1.824432901381847e+00 -1.611860914192799e-03
6.650000000000000e-01 1.870742917168772e+00 -1.105237962685296e-03
6.700000000000000e-01 1.918222208176775e+00 -5.890061018875859e-04
6.750000000000000e-01 1.966900450508319e+00 -6.644367686971101e-05
6.800000000000000e-01 2.016808069649473e+00 4.634330444449257e-04
6.850000000000001e-01 2.067976259486829e+00 1.001472771068414e-03
6.900000000000001e-01 2.120437001804702e+00 1.547020684890182e-03
6.950000000000001e-01 2.174223086274785e+00 2.101000568840951e-03
7.000000000000001e-01 2.229368130950753e+00 2.663127525968735e-03
7.050000000000000e-01 2.285906603280654e+00 3.233703611021668e-03
7.100000000000000e-01 2.343873841650178e+00 3.812692446681215e-03
7.150000000000000e-01 2.403306077470301e+00 4.400042317060180e-03
7.200000000000000e-01 2.464240457823092e+00 4.995618796274323e-03
7.250000000000000e-01 2.526715068679855e+00 5.599146980694750e-03
7.300000000000000e-01 2.590768958706095e+00 6.210246639189631e-03
7.350000000000000e-01 2.656442163668210e+00 6.828380353555919e-03
7.400000000000000e-01 2.723775731457148e+00 7.452849745201551e-03
7.450000000000000e-01 2.792811747744667e+00 8.082767069224488e-03
7.500000000000000e-01 2.863593362288260e+00 8.717030759722733e-03
7.550000000000000e-01 2.936164815901156e+00 9.354296365811747e-03
7.600000000000000e-01 3.010571468104263e+00 9.992942678761323e-03
7.650000000000000e-01 3.086859825477351e+00 1.063103372703131e-02
7.700000000000000e-01 3.165077570727174e+00 1.126627523332231e-02
7.750000000000000e-01 3.245273592490716e+00 1.189596567950715e-02
7.800000000000000e-01 3.327498015892184e+00 1.251694173006915e-02
7.850000000000000e-01 3.411802233872832e+00 1.312551836273328e-02
7.900000000000000e-01 3.498238939313234e+00 1.371742446949061e-02
7.950000000000000e-01 3.586862157968046e+00 1.428773540933121e-02
8.000000000000000e-01 3.677727282233856e+00 1.483080517871906e-02
8.050000000000000e-01 3.770891105771243e+00 1.534020234734709e-02
8.100000000000001e-01 3.866411859002656e+00 1.580865570311490e-02
8.150000000000001e-01 3.964349245508326e+00 1.622801828932004e-02
8.200000000000001e-01 4.064764479342956e+00 1.658926224858862e-02
8.250000000000001e-01 4.167720323296481e+00 1.688252045263582e-02
8.300000000000001e-01 4.273281128122877e+00 1.709719396416035e-02
8.350000000000000e-01 4.381512872761445e+00 1.722214766169222e-02
8.400000000000000e-01 4.492483205575838e+00 1.724601741244999e-02
8.450000000000000e-01 4.606261486636447e+00 1.715764519838391e-02
8.500000000000000e-01 4.722918831072739e+00 1.694664321350990e-02
8.550000000000000e-01 4.842528153522501e+00 1.660407305049321e-02
8.600000000000000e-01 4.965164213705875e+00 1.612321703296316e-02
8.650000000000000e-01 5.090903663152626e+00 1.550040651343115e-02
8.700000000000000e-01 5.219825093111814e+00 1.473584939065821e-02
8.750000000000000e-01 5.352009083673925e+00 1.383438608842584e-02
8.800000000000000e-01 5.487538254136007e+00 1.280613242211210e-02
8.850000000000000e-01 5.626497314641444e+00 1.166702803222741e-02
8.900000000000000e-01 5.768973119126561e+00 1.043931762342219e-02
8.950000000000000e-01 5.915054719607133e+00 9.151859629219312e-03
9.000000000000000e-01 6.064833421838831e+00 7.839905381414288e-03
9.050000000000000e-01 6.218402842386253e+00 6.543802625146437e-03
9.100000000000000e-01 6.375858967136348e+00 5.306184383211906e-03
9.150000000000000e-01 6.537300211292723e+00 4.167696749916419e-03
9.200000000000000e-01 6.702827480888332e+00 3.162017143337342e-03
9.250000000000000e-01 6.872544235855034e+00 2.311442213451757e-03
9.300000000000000e-01 7.046556554689444e+00 1.624346923328015e-03
9.350000000000001e-01 7.224973200755413e+00 1.095266707369948e-03
9.400000000000001e-01 7.407905690264673e+00 7.074856912960648e-04
9.450000000000001e-01 7.595468361978146e+00 4.372387636949227e-04
9.500000000000001e-01 7.787778448671316e+00 2.582805958124017e-04
9.550000000000001e-01 7.984956150408610e+00 1.457179593863656e-04
9.600000000000000e-01 8.187124709672272e+00 7.847834524590605e-05
9.650000000000000e-01 8.394410488393007e+00 4.033172389283685e-05
9.700000000000000e-01 8.606943046930221e+00 1.977458057104319e-05
9.750000000000000e-01 8.824855225051540e+00 9.249341270419207e-06
9.800000000000000e-01 9.048283224961922e+00 4.126240017097335e-06
9.850000000000000e-01 9.277366696434507e+00 1.758420938295879e-06
9.900000000000000e-01 9.512248824096272e+00 7.104532257799288e-07
9.950000000000000e-01 9.753076416923058e+00 2.868903142916661e-07
1.000000000000000e+00 1.000000000000000e+01 8.062628562775826e-08
