0.000000000000000e+00 0.000000000000000e+00 4.881050780109122e-01
5.000000000000000e-03 3.369477419287315e-03 4.880993864555351e-01
1.000000000000000e-02 6.741060871647481e-03 4.880966883835973e-01
1.500000000000000e-02 1.011685770649257e-02 4.880705775536166e-01
2.000000000000000e-02 1.349897790673588e-02 4.880356535477055e-01
2.500000000000000e-02 1.688953540759990e-02 4.879869740632407e-01
3.000000000000000e-02 2.029064941789469e-02 4.879295891782514e-01
3.500000000000000e-02 2.370444574459234e-02 4.878579207594374e-01
4.000000000000000e-02 2.713305812152553e-02 4.877759348769599e-01
4.500000000000000e-02 3.057862954304063e-02 4.876807013427903e-01
5.000000000000000e-02 3.404331360343898e-02 4.875750158478711e-01
5.500000000000000e-02 3.752927584304335e-02 4.874555507372735e-01
6.000000000000000e-02 4.103869510173117e-02 4.873242587511681e-01
6.500000000000000e-02 4.457376488078044e-02 4.871789533447335e-01
7.000000000000001e-02 4.813669471387935e-02 4.870214565502844e-01
7.500000000000000e-02 5.172971154815675e-02 4.868494898732380e-01
8.000000000000000e-02 5.535506113609672e-02 4.866643125771601e-01
8.500000000000001e-02 5.901500943920686e-02 4.864636788364894e-01
9.000000000000000e-02 6.271184404431801e-02 4.862484589313585e-01
9.500000000000000e-02 6.644787559340060e-02 4.860170509832500e-01
1.000000000000000e-01 7.022543922779090e-02 4.857703463344908e-01
1.050000000000000e-01 7.404689604773053e-02 4.855064303941940e-01
1.100000000000000e-01 7.791463458813094e-02 4.852260497234678e-01
1.150000000000000e-01 8.183107231148547e-02 4.849271361500498e-01
1.200000000000000e-01 8.579865711886202e-02 4.846099259375192e-01
1.250000000000000e-01 8.981986887992111e-02 4.842728171335957e-01
1.300000000000000e-01 9.389722098291493e-02 4.839154814509787e-01
1.350000000000000e-01 9.803326190563690e-02 4.835367601268483e-01
1.400000000000000e-01 1.022305768083033e-01 4.831359357725695e-01
1.450000000000000e-01 1.064917891493625e-01 4.827119921642107e-01
1.500000000000000e-01 1.108195623252418e-01 4.822639855125511e-01
1.550000000000000e-01 1.152166013350572e-01 4.817908565313561e-01
1.600000000000000e-01 1.196856544713255e-01 4.812915109977707e-01
1.650000000000000e-01 1.242295150377370e-01 4.807647834541680e-01
1.700000000000000e-01 1.288510230950609e-01 4.802094496294420e-01
1.750000000000000e-01 1.335530672362758e-01 4.796242197637670e-01
1.800000000000000e-01 1.383385863920344e-01 4.790077385739637e-01
1.850000000000000e-01 1.432105716675912e-01 4.783585826185913e-01
1.900000000000000e-01 1.481720682123397e-01 4.776752582637883e-01
1.950000000000000e-01 1.532261771231311e-01 4.769561992815242e-01
2.000000000000000e-01 1.583760573825595e-01 4.761997644188998e-01
2.050000000000000e-01 1.636249278334301e-01 4.754042348724021e-01
2.100000000000000e-01 1.689760691906397e-01 4.745678117087130e-01
2.150000000000000e-01 1.744328260917313e-01 4.736886132406056e-01
2.200000000000000e-01 1.799986091874004e-01 4.727646723735375e-01
2.250000000000000e-01 1.856768972732633e-01 4.717939339368153e-01
2.300000000000000e-01 1.914712394642179e-01 4.707742520145960e-01
2.350000000000000e-01 1.973852574127551e-01 4.697033872932386e-01
2.400000000000000e-01 2.034226475726105e-01 4.685790044432657e-01
2.450000000000000e-01 2.095871835091678e-01 4.673986695562865e-01
2.500000000000000e-01 2.158827182580599e-01 4.661598476595325e-01
2.550000000000000e-01 2.223131867334419e-01 4.648599003333166e-01
2.600000000000000e-01 2.288826081874405e-01 4.634960834596283e-01
2.650000000000000e-01 2.355950887223172e-01 4.620655451332857e-01
2.700000000000000e-01 2.424548238569160e-01 4.605653237705628e-01
2.750000000000000e-01 2.494661011489995e-01 4.589923464540245e-01
2.800000000000000e-01 2.566333028751116e-01 4.573434275564222e-01
2.850000000000000e-01 2.639609087696434e-01 4.556152676909578e-01
2.900000000000000e-01 2.714534988248126e-01 4.538044530399979e-01
2.950000000000000e-01 2.791157561533084e-01 4.519074551194550e-01
3.000000000000000e-01 2.869524699153886e-01 4.499206310414989e-01
3.050000000000000e-01 2.949685383122613e-01 4.478402243440551e-01
3.100000000000000e-01 3.031689716476197e-01 4.456623664616851e-01
3.150000000000000e-01 3.115588954592450e-01 4.433830789188656e-01
3.200000000000000e-01 3.201435537226349e-01 4.409982763334281e-01
3.250000000000000e-01 3.289283121286580e-01 4.385037703249031e-01
3.300000000000000e-01 3.379186614372866e-01 4.358952744297611e-01
3.350000000000000e-01 3.471202209094989e-01 4.331684101328893e-01
3.400000000000000e-01 3.565387418195016e-01 4.303187141322108e-01
3.450000000000000e-01 3.661801110494620e-01 4.273416469608208e-01
3.500000000000000e-01 3.760503547690021e-01 4.242326030985322e-01
3.550000000000000e-01 3.861556422017504e-01 4.209869227119815e-01
3.600000000000000e-01 3.965022894813072e-01 4.175999051694364e-01
3.650000000000000e-01 4.070967635990345e-01 4.140668244829335e-01
3.700000000000000e-01 4.179456864461349e-01 4.103829468362333e-01
3.750000000000000e-01 4.290558389525505e-01 4.065435503620723e-01
3.800000000000000e-01 4.404341653252637e-01 4.025439473360586e-01
3.850000000000000e-01 4.520877773886537e-01 3.983795089571048e-01
3.900000000000000e-01 4.640239590296172e-01 3.940456928851401e-01
3.950000000000000e-01 4.762501707502353e-01 3.895380737056806e-01
4.000000000000000e-01 4.887740543308307e-01 3.848523764873227e-01
4.050000000000000e-01 5.016034376063282e-01 3.799845135918856e-01
4.100000000000000e-01 5.147463393589066e-01 3.749306248873109e-01
4.150000000000000e-01 5.282109743299990e-01 3.696871215000435e-01
4.200000000000000e-01 5.420057583547735e-01 3.642507332258093e-01
4.250000000000000e-01 5.561393136223041e-01 3.586185596948470e-01
4.300000000000000e-01 5.706204740647189e-01 3.527881253589824e-01
4.350000000000000e-01 5.854582908786964e-01 3.467574383324617e-01
4.400000000000000e-01 6.006620381827575e-01 3.405250530752524e-01
4.450000000000000e-01 6.162412188138907e-01 3.340901368551539e-01
4.500000000000000e-01 6.322055702671360e-01 3.274525398620461e-01
4.550000000000000e-01 6.485650707818353e-01 3.206128687719750e-01
4.600000000000000e-01 6.653299455783577e-01 3.135725634680703e-01
4.650000000000000e-01 6.825106732491932e-01 3.063339765166142e-01
4.700000000000000e-01 7.001179923084168e-01 2.989004548660298e-01
4.750000000000000e-01 7.181629079036070e-01 2.912764230797931e-01
4.800000000000000e-01 7.366566986944229e-01 2.834674672256550e-01
4.850000000000000e-01 7.556109239021327e-01 2.754804183169530e-01
4.900000000000000e-01 7.750374305345038e-01 2.673234339301825e-01
4.950000000000000e-01 7.949483607905672e-01 2.590060762994759e-01
5.000000000000000e-01 8.153561596498893e-01 2.505393848071829e-01
5.050000000000000e-01 8.362735826510871e-01 2.419359403469640e-01
5.100000000000000e-01 8.577137038644561e-01 2.332099185337194e-01
5.150000000000000e-01 8.796899240636907e-01 2.243771281839521e-01
5.200000000000000e-01 9.022159791018011e-01 2.154550309152117e-01
5.250000000000000e-01 9.253059484964714e-01 2.064627371572553e-01
5.300000000000000e-01 9.489742642302165e-01 1.974209733979876e-01
5.350000000000000e-01 9.732357197708378e-01 1.883520151995206e-01
5.400000000000000e-01 9.981054793178262e-01 1.792795805372552e-01
5.450000000000000e-01 1.023599087280478e+00 1.702286784822562e-01
5.500000000000000e-01 1.049732477993657e+00 1.612254093135364e-01
5.550000000000000e-01 1.076521985677273e+00 1.522967139377384e-01
5.600000000000001e-01 1.103984354645701e+00 1.434700730719012e-01
5.650000000000001e-01 1.132136749773522e+00 1.347731599658054e-01
5.700000000000001e-01 1.160996767224129e+00 1.262334543117089e-01
5.750000000000001e-01 1.190582445447902e+00 1.178778290526094e-01
5.800000000000000e-01 1.220912276456826e+00 1.097321255473860e-01
5.850000000000000e-01 1.252005217382601e+00 1.018207353891597e-01
5.900000000000000e-01 1.283880702325469e+00 9.416620853147156e-02
5.950000000000000e-01 1.316558654501151e+00 8.678890683979766e-02
6.000000000000000e-01 1.350059498693518e+00 7.970671961254057e-02
6.050000000000000e-01 1.384404174020732e+00 7.293485320798969e-02
6.100000000000000e-01 1.419614147022888e+00 6.648570120423627e-02
6.150000000000000e-01 1.455711425079295e+00 6.036879527348270e-02
6.200000000000000e-01 1.492718570163803e+00 5.459083101359002e-02
6.250000000000000e-01 1.530658712946775e+00 4.915575809875659e-02
6.300000000000000e-01 1.569555567252506e+00 4.406492081171021e-02
6.350000000000000e-01 1.609433444881138e+00 3.931723353110719e-02
6.400000000000000e-01 1.650317270804325e+00 3.490937601159855e-02
6.450000000000000e-01 1.692232598744148e+00 3.083599502735139e-02
6.500000000000000e-01 1.735205627145031e+00 2.708990173608575e-02
6.550000000000000e-01 1.779263215548615e+00 2.366225749849621e-02
6.600000000000000e-01 1.824432901381847e+00 2.054274441934837e-02
6.650000000000000e-01 1.870742917168772e+00 1.771972018822265e-02
6.700000000000000e-01 1.918222208176775e+00 1.518035959885467e-02
6.750000000000000e-01 1.966900450508319e+00 1.291078721052551e-02
6.800000000000000e-01 2.016808069649473e+00 1.089620685904948e-02
6.850000000000001e-01 2.067976259486829e+00 9.121034082010464e-03
6.900000000000001e-01 2.120437001804702e+00 7.569037020177486e-03
6.950000000000001e-01 2.174223086274785e+00 6.223490091214943e-03
7.000000000000001e-01 2.229368130950753e+00 5.067342862150929e-03
7.050000000000000e-01 2.285906603280654e+00 4.083404283453266e-03
7.100000000000000e-01 2.343873841650178e+00 3.254540033096186e-03
7.150000000000000e-01 2.403306077470301e+00 2.563878408354067e-03
7.200000000000000e-01 2.464240457823092e+00 1.995018238818133e-03
7.250000000000000e-01 2.526715068679855e+00 1.532230884007024e-03
7.300000000000000e-01 2.590768958706095e+00 1.160647676323842e-03
7.350000000000000e-01 2.656442163668210e+00 8.664242596944714e-04
7.400000000000000e-01 2.723775731457148e+00 6.368741636033274e-04
7.450000000000000e-01 2.792811747744667e+00 4.605655699331117e-04
7.500000000000000e-01 2.863593362288260e+00 3.273774301926883e-04
7.550000000000000e-01 2.936164815901156e+00 2.285136650919942e-04
7.600000000000000e-01 3.010571468104263e+00 1.564768754276743e-04
7.650000000000000e-01 3.086859825477351e+00 1.050055440022023e-04
7.700000000000000e-01 3.165077570727174e+00 6.898085746791973e-05
7.750000000000000e-01 3.245273592490716e+00 4.431081487235745e-05
7.800000000000000e-01 3.327498015892184e+00 2.780008063606181e-05
7.850000000000000e-01 3.411802233872832e+00 1.701404133298646e-05
7.900000000000000e-01 3.498238939313234e+00 1.014479435557283e-05
7.950000000000000e-01 3.586862157968046e+00 5.885477164612819e-06
8.000000000000000e-01 3.677727282233856e+00 3.317646605482515e-06
8.050000000000000e-01 3.770891105771243e+00 1.814575230582795e-06
8.100000000000001e-01 3.866411859002656e+00 9.615721449977741e-07
8.150000000000001e-01 3.964349245508326e+00 4.929422315806749e-07
8.200000000000001e-01 4.064764479342956e+00 2.440859584410518e-07
8.250000000000001e-01 4.167720323296481e+00 1.165543478229174e-07
8.300000000000001e-01 4.273281128122877e+00 5.358476929671331e-08
8.350000000000000e-01 4.381512872761445e+00 2.367844109002930e-08
8.400000000000000e-01 4.492483205575838e+00 1.003969242610657e-08
8.450000000000000e-01 4.606261486636447e+00 4.077435436925037e-09
8.500000000000000e-01 4.722918831072739e+00 1.583385097841461e-09
8.550000000000000e-01 4.842528153522501e+00 5.868736444772963e-10
8.600000000000000e-01 4.965164213705875e+00 2.072443817123571e-10
8.650000000000000e-01 5.090903663152626e+00 6.960203077578057e-11
8.700000000000000e-01 5.219825093111814e+00 2.219148363060182e-11
8.750000000000000e-01 5.352009083673925e+00 6.705144523302378e-12
8.800000000000000e-01 5.487538254136007e+00 1.916601748705541e-12
8.850000000000000e-01 5.626497314641444e+00 5.173916599220006e-13
8.900000000000000e-01 5.768973119126561e+00 1.316906538971868e-13
8.950000000000000e-01 5.915054719607133e+00 3.155367779120628e-14
9.000000000000000e-01 6.064833421838831e+00 7.106379246485454e-15
9.050000000000000e-01 6.218402842386253e+00 1.502212158352014e-15
9.100000000000000e-01 6.375858967136348e+00 2.976609623914348e-16
9.150000000000000e-01 6.537300211292723e+00 5.521920480596990e-17
9.200000000000000e-01 6.702827480888332e+00 9.579815156756308e-18
9.250000000000000e-01 6.872544235855034e+00 1.552741048575190e-18
9.300000000000000e-01 7.046556554689444e+00 2.349366271156003e-19
9.350000000000001e-01 7.224973200755413e+00 3.315953981241592e-20
9.400000000000001e-01 7.407905690264673e+00 4.363467983724834e-21
9.450000000000001e-01 7.595468361978146e+00 5.351109791506914e-22
9.500000000000001e-01 7.787778448671316e+00 6.114078332648038e-23
9.550000000000001e-01 7.984956150408610e+00 6.507895568875844e-24
9.600000000000000e-01 8.187124709672272e+00 6.453241094660987e-25
9.650000000000000e-01 8.394410488393007e+00 5.962139243069373e-26
9.700000000000000e-01 8.606943046930221e+00 5.133594972594211e-27
9.750000000000000e-01 8.824855225051540e+00 4.120869381746105e-28
9.800000000000000e-01 9.048283224961922e+00 3.085285307558001e-29
9.850000000000000e-01 9.277366696434507e+00 2.155592385861336e-30
9.900000000000000e-01 9.512248824096272e+00 1.406021962960382e-31
9.950000000000000e-01 9.753076416923058e+00 8.955894713397050e-33
1.000000000000000e+00 1.000000000000000e+01 -5.516060174165128e-33
