0.000000000000000e+00 0.000000000000000e+00 3.635599774731827e-01
5.000000000000000e-03 3.369477419287315e-03 3.635524739931086e-01
1.000000000000000e-02 6.741060871647481e-03 3.635396291674212e-01
1.500000000000000e-02 1.011685770649257e-02 3.635140094604668e-01
2.000000000000000e-02 1.349897790673588e-02 3.634825682475812e-01
2.500000000000000e-02 1.688953540759990e-02 3.634345671750256e-01
3.000000000000000e-02 2.029064941789469e-02 3.633777516776049e-01
3.500000000000000e-02 2.370444574459234e-02 3.633079559115561e-01
4.000000000000000e-02 2.713305812152553e-02 3.632282575323092e-01
4.500000000000000e-02 3.057862954304063e-02 3.631350492780699e-01
5.000000000000000e-02 3.404331360343898e-02 3.630316796906592e-01
5.500000000000000e-02 3.752927584304335e-02 3.629149284956594e-01
6.000000000000000e-02 4.103869510173117e-02 3.627866285277496e-01
6.500000000000000e-02 4.457376488078044e-02 3.626446874786445e-01
7.000000000000001e-02 4.813669471387935e-02 3.624908553202067e-01
7.500000000000000e-02 5.172971154815675e-02 3.623225515281984e-01
8.000000000000000e-02 5.535506113609672e-02 3.621410952563943e-01
8.500000000000001e-02 5.901500943920686e-02 3.619447769805053e-01
9.000000000000000e-02 6.271184404431801e-02 3.617344003960776e-01
9.500000000000000e-02 6.644787559340060e-02 3.615079111157786e-01
1.000000000000000e-01 7.022543922779090e-02 3.612662561824440e-01
1.050000000000000e-01 7.404689604773053e-02 3.610076754053301e-01
1.100000000000000e-01 7.791463458813094e-02 3.607324200981757e-01
1.150000000000000e-01 8.183107231148547e-02 3.604388124488595e-01
1.200000000000000e-01 8.579865711886202e-02 3.601273551721744e-01
1.250000000000000e-01 8.981986887992111e-02 3.597961496639177e-01
1.300000000000000e-01 9.389722098291493e-02 3.594451393010263e-01
1.350000000000000e-01 9.803326190563690e-02 3.590727808973955e-01
1.400000000000000e-01 1.022305768083033e-01 3.586790851956029e-01
1.450000000000000e-01 1.064917891493625e-01 3.582620594605967e-01
1.500000000000000e-01 1.108195623252418e-01 3.578214048719289e-01
1.550000000000000e-01 1.152166013350572e-01 3.573554981385684e-01
1.600000000000000e-01 1.196856544713255e-01 3.568638865142038e-01
1.650000000000000e-01 1.242295150377370e-01 3.563444901295414e-01
1.700000000000000e-01 1.288510230950609e-01 3.557967206366592e-01
1.750000000000000e-01 1.335530672362758e-01 3.552187530190315e-01
1.800000000000000e-01 1.383385863920344e-01 3.546097157677668e-01
1.850000000000000e-01 1.432105716675912e-01 3.539673738593502e-01
1.900000000000000e-01 1.481720682123397e-01 3.532907684204027e-01
1.950000000000000e-01 1.532261771231311e-01 3.525778137512403e-01
2.000000000000000e-01 1.583760573825595e-01 3.518272374950125e-01
2.050000000000000e-01 1.636249278334301e-01 3.510365418218578e-01
2.100000000000000e-01 1.689760691906397e-01 3.502043062989224e-01
2.150000000000000e-01 1.744328260917313e-01 3.493281325975890e-01
2.200000000000000e-01 1.799986091874004e-01 3.484063399960937e-01
2.250000000000000e-01 1.856768972732633e-01 3.474360634348341e-01
2.300000000000000e-01 1.914712394642179e-01 3.464153138383401e-01
2.350000000000000e-01 1.973852574127551e-01 3.453412789601971e-01
2.400000000000000e-01 2.034226475726105e-01 3.442118248129269e-01
2.450000000000000e-01 2.095871835091678e-01 3.430236680855351e-01
2.500000000000000e-01 2.158827182580599e-01 3.417741775446552e-01
2.550000000000000e-01 2.223131867334419e-01 3.404599218932138e-01
2.600000000000000e-01 2.288826081874405e-01 3.390781220292516e-01
2.650000000000000e-01 2.355950887223172e-01 3.376250640103057e-01
2.700000000000000e-01 2.424548238569160e-01 3.360975355679980e-01
2.750000000000000e-01 2.494661011489995e-01 3.344913138706893e-01
2.800000000000000e-01 2.566333028751116e-01 3.328026863240279e-01
2.850000000000000e-01 2.639609087696434e-01 3.310272104684807e-01
2.900000000000000e-01 2.714534988248126e-01 3.291608612905960e-01
2.950000000000000e-01 2.791157561533084e-01 3.271987461322345e-01
3.000000000000000e-01 2.869524699153886e-01 3.251363771365869e-01
3.050000000000000e-01 2.949685383122613e-01 3.229682186237959e-01
3.100000000000000e-01 3.031689716476197e-01 3.206891128758691e-01
3.150000000000000e-01 3.115588954592450e-01 3.182930005841025e-01
3.200000000000000e-01 3.201435537226349e-01 3.157739661483635e-01
3.250000000000000e-01 3.289283121286580e-01 3.131254358065642e-01
3.300000000000000e-01 3.379186614372866e-01 3.103406772292797e-01
3.350000000000000e-01 3.471202209094989e-01 3.074124270894455e-01
3.400000000000000e-01 3.565387418195016e-01 3.043330415904520e-01
3.450000000000000e-01 3.661801110494620e-01 3.010943443585921e-01
3.500000000000000e-01 3.760503547690021e-01 2.976876268428080e-01
3.550000000000000e-01 3.861556422017504e-01 2.941035624024340e-01
3.600000000000000e-01 3.965022894813072e-01 2.903321464357536e-01
3.650000000000000e-01 4.070967635990345e-01 2.863626065691554e-01
3.700000000000000e-01 4.179456864461349e-01 2.821833021311683e-01
3.750000000000000e-01 4.290558389525505e-01 2.777815987516470e-01
3.800000000000000e-01 4.404341653252637e-01 2.731437156965980e-01
3.850000000000000e-01 4.520877773886537e-01 2.682545364610659e-01
3.900000000000000e-01 4.640239590296172e-01 2.630973722442801e-01
3.950000000000000e-01 4.762501707502353e-01 2.576536633356570e-01
4.000000000000000e-01 4.887740543308307e-01 2.519025980408329e-01
4.050000000000000e-01 5.016034376063282e-01 2.458206205054463e-01
4.100000000000000e-01 5.147463393589066e-01 2.393807866341941e-01
4.150000000000000e-01 5.282109743299990e-01 2.325519087887576e-01
4.200000000000000e-01 5.420057583547735e-01 2.252974011449766e-01
4.250000000000000e-01 5.561393136223041e-01 2.175736915139852e-01
4.300000000000000e-01 5.706204740647189e-01 2.093279894293812e-01
4.350000000000000e-01 5.854582908786964e-01 2.004950704785332e-01
4.400000000000000e-01 6.006620381827575e-01 1.909925060986059e-01
4.450000000000000e-01 6.162412188138907e-01 1.807133388307688e-01
4.500000000000000e-01 6.322055702671360e-01 1.695143622782713e-01
4.550000000000000e-01 6.485650707818353e-01 1.571964205300564e-01
4.600000000000000e-01 6.653299455783577e-01 1.434692992542495e-01
4.650000000000000e-01 6.825106732491932e-01 1.278849252542557e-01
4.700000000000000e-01 7.001179923084168e-01 1.097030729750126e-01
4.750000000000000e-01 7.181629079036070e-01 8.763505118621631e-02
4.800000000000000e-01 7.366566986944229e-01 5.972264536921178e-02
4.850000000000000e-01 7.556109239021327e-01 2.689462566540343e-02
4.900000000000000e-01 7.750374305345038e-01 5.423742581394149e-03
4.950000000000000e-01 7.949483607905672e-01 5.005547299492799e-03
5.000000000000000e-01 8.153561596498893e-01 2.482895524840717e-03
5.050000000000000e-01 8.362735826510871e-01 -3.118353102884429e-04
5.100000000000000e-01 8.577137038644561e-01 3.433069502859804e-04
5.150000000000000e-01 8.796899240636907e-01 -1.246792736089123e-03
5.200000000000000e-01 9.022159791018011e-01 -8.911706225094983e-04
5.250000000000000e-01 9.253059484964714e-01 -1.195907232273015e-03
5.300000000000000e-01 9.489742642302165e-01 -1.191830944604857e-03
5.350000000000000e-01 9.732357197708378e-01 -9.195406146002425e-04
5.400000000000000e-01 9.981054793178262e-01 -8.938045190101054e-04
5.450000000000000e-01 1.023599087280478e+00 -4.956527350105501e-04
5.500000000000000e-01 1.049732477993657e+00 -2.947914551647051e-04
5.550000000000000e-01 1.076521985677273e+00 9.385011816833242e-05
5.600000000000001e-01 1.103984354645701e+00 4.442640327997260e-04
5.650000000000001e-01 1.132136749773522e+00 8.340055518500471e-04
5.700000000000001e-01 1.160996767224129e+00 1.264112357120845e-03
5.750000000000001e-01 1.190582445447902e+00 1.685216555435989e-03
5.800000000000000e-01 1.220912276456826e+00 2.149973767183319e-03
5.850000000000000e-01 1.252005217382601e+00 2.610738158293666e-03
5.900000000000000e-01 1.283880702325469e+00 3.095570220205575e-03
5.950000000000000e-01 1.316558654501151e+00 3.588327084721843e-03
6.000000000000000e-01 1.350059498693518e+00 4.092067797021286e-03
6.050000000000000e-01 1.384404174020732e+00 4.607290836785806e-03
6.100000000000000e-01 1.419614147022888e+00 5.129700035731140e-03
6.150000000000000e-01 1.455711425079295e+00 5.661786061228692e-03
6.200000000000000e-01 1.492718570163803e+00 6.200718970494803e-03
6.250000000000000e-01 1.530658712946775e+00 6.747000169117353e-03
6.300000000000000e-01 1.569555567252506e+00 7.299739144362469e-03
6.350000000000000e-01 1.609433444881138e+00 7.858397104002461e-03
6.400000000000000e-01 1.650317270804325e+00 8.422635174476070e-03
6.450000000000000e-01 1.692232598744148e+00 8.991842112173845e-03
6.500000000000000e-01 1.735205627145031e+00 9.565619086430104e-03
6.550000000000000e-01 1.779263215548615e+00 1.014343670043063e-02
6.600000000000000e-01 1.824432901381847e+00 1.072478193322372e-02
6.650000000000000e-01 1.870742917168772e+00 1.130909511695091e-02
6.700000000000000e-01 1.918222208176775e+00 1.189575595985914e-02
6.750000000000000e-01 1.966900450508319e+00 1.248408101265774e-02
6.800000000000000e-01 2.016808069649473e+00 1.307329600756123e-02
6.850000000000001e-01 2.067976259486829e+00 1.366252350069442e-02
6.900000000000001e-01 2.120437001804702e+00 1.425076094413252e-02
6.950000000000001e-01 2.174223086274785e+00 1.483685981215919e-02
7.000000000000001e-01 2.229368130950753e+00 1.541950286421466e-02
7.050000000000000e-01 2.285906603280654e+00 1.599717957437253e-02
7.100000000000000e-01 2.343873841650178e+00 1.656816037335218e-02
7.150000000000000e-01 2.403306077470301e+00 1.713046937405650e-02
7.200000000000000e-01 2.464240457823092e+00 1.768185591177478e-02
7.250000000000000e-01 2.526715068679855e+00 1.821976503892306e-02
7.300000000000000e-01 2.590768958706095e+00 1.874130728241172e-02
7.350000000000000e-01 2.656442163668210e+00 1.924322811847316e-02
7.400000000000000e-01 2.723775731457148e+00 1.972187784065122e-02
7.450000000000000e-01 2.792811747744667e+00 2.017318283046684e-02
7.500000000000000e-01 2.863593362288260e+00 2.059261969198446e-02
7.550000000000000e-01 2.936164815901156e+00 2.097519431061096e-02
7.600000000000000e-01 3.010571468104263e+00 2.131542865116211e-02
7.650000000000000e-01 3.086859825477351e+00 2.160735901743616e-02
7.700000000000000e-01 3.165077570727174e+00 2.184455051408833e-02
7.750000000000000e-01 3.245273592490716e+00 2.202013349232951e-02
7.800000000000000e-01 3.327498015892184e+00 2.212686868620117e-02
7.850000000000000e-01 3.411802233872832e+00 2.215724833787683e-02
7.900000000000000e-01 3.498238939313234e+00 2.210364054422331e-02
7.950000000000000e-01 3.586862157968046e+00 2.195848299347870e-02
8.000000000000000e-01 3.677727282233856e+00 2.171452999638989e-02
8.050000000000000e-01 3.770891105771243e+00 2.136515320363207e-02
8.100000000000001e-01 3.866411859002656e+00 2.090469177141595e-02
8.150000000000001e-01 3.964349245508326e+00 2.032884260126001e-02
8.200000000000001e-01 4.064764479342956e+00 1.963507688873441e-02
8.250000000000001e-01 4.167720323296481e+00 1.882306664655916e-02
8.300000000000001e-01 4.273281128122877e+00 1.789510384427829e-02
8.350000000000000e-01 4.381512872761445e+00 1.685649417146617e-02
8.400000000000000e-01 4.492483205575838e+00 1.571590720210087e-02
8.450000000000000e-01 4.606261486636447e+00 1.448566592855526e-02
8.500000000000000e-01 4.722918831072739e+00 1.318195837019522e-02
8.550000000000000e-01 4.842528153522501e+00 1.182494123383689e-02
8.600000000000000e-01 4.965164213705875e+00 1.043866742082338e-02
8.650000000000000e-01 5.090903663152626e+00 9.050708337284954e-03
8.700000000000000e-01 5.219825093111814e+00 7.691291869837441e-03
8.750000000000000e-01 5.352009083673925e+00 6.391793670647549e-03
8.800000000000000e-01 5.487538254136007e+00 5.182547006300599e-03
8.850000000000000e-01 5.626497314641444e+00 4.090165122784495e-03
8.900000000000000e-01 5.768973119126561e+00 3.134820732786499e-03
8.950000000000000e-01 5.915054719607133e+00 2.328080528474337e-03
9.000000000000000e-01 6.064833421838831e+00 1.671851807641284e-03
9.050000000000000e-01 6.218402842386253e+00 1.158748435710149e-03
9.100000000000000e-01 6.375858967136348e+00 7.738084992780180e-04
9.150000000000000e-01 6.537300211292723e+00 4.971408061121076e-04
9.200000000000000e-01 6.702827480888332e+00 3.068751890110194e-04
9.250000000000000e-01 6.872544235855034e+00 1.818016234831159e-04
9.300000000000000e-01 7.046556554689444e+00 1.032716335070731e-04
9.350000000000001e-01 7.224973200755413e+00 5.620501894820872e-05
9.400000000000001e-01 7.407905690264673e+00 2.928909713974375e-05
9.450000000000001e-01 7.595468361978146e+00 1.460680720683392e-05
9.500000000000001e-01 7.787778448671316e+00 6.968725638063458e-06
9.550000000000001e-01 7.984956150408610e+00 3.179603337102899e-06
9.600000000000000e-01 8.187124709672272e+00 1.387149978248485e-06
9.650000000000000e-01 8.394410488393007e+00 5.785564407778513e-07
9.700000000000000e-01 8.606943046930221e+00 2.306784466294424e-07
9.750000000000000e-01 8.824855225051540e+00 8.792302945273408e-08
9.800000000000000e-01 9.048283224961922e+00 3.203371170536729e-08
9.850000000000000e-01 9.277366696434507e+00 1.116568229277057e-08
9.900000000000000e-01 9.512248824096272e+00 3.701704976556960e-09
9.950000000000000e-01 9.753076416923058e+00 1.241509132093412e-09
1.000000000000000e+00 1.000000000000000e+01 2.045628596503187e-10
