0.000000000000000e+00 0.000000000000000e+00 3.628571373487045e-01
5.000000000000000e-03 3.369477419287315e-03 3.628496151482134e-01
1.000000000000000e-02 6.741060871647481e-03 3.628375700240129e-01
1.500000000000000e-02 1.011685770649257e-02 3.628119078489311e-01
2.000000000000000e-02 1.349897790673588e-02 3.627802657359225e-01
2.500000000000000e-02 1.688953540759990e-02 3.627321957830483e-01
3.000000000000000e-02 2.029064941789469e-02 3.626752827694388e-01
3.500000000000000e-02 2.370444574459234e-02 3.626053568014899e-01
4.000000000000000e-02 2.713305812152553e-02 3.625255495637494e-01
4.500000000000000e-02 3.057862954304063e-02 3.624321710998281e-01
5.000000000000000e-02 3.404331360343898e-02 3.623285880666943e-01
5.500000000000000e-02 3.752927584304335e-02 3.622116495716683e-01
6.000000000000000e-02 4.103869510173117e-02 3.620831400979183e-01
6.500000000000000e-02 4.457376488078044e-02 3.619409228437608e-01
7.000000000000001e-02 4.813669471387935e-02 3.617868164838075e-01
7.500000000000000e-02 5.172971154815675e-02 3.616182402259101e-01
8.000000000000000e-02 5.535506113609672e-02 3.614364477645397e-01
8.500000000000001e-02 5.901500943920686e-02 3.612397582222973e-01
9.000000000000000e-02 6.271184404431801e-02 3.610290272619313e-01
9.500000000000000e-02 6.644787559340060e-02 3.608021462454691e-01
1.000000000000000e-01 7.022543922779090e-02 3.605600317993783e-01
1.050000000000000e-01 7.404689604773053e-02 3.603009809327927e-01
1.100000000000000e-01 7.791463458813094e-02 3.600252511042679e-01
1.150000000000000e-01 8.183107231148547e-02 3.597311081744705e-01
1.200000000000000e-01 8.579865711886202e-02 3.594190662035802e-01
1.250000000000000e-01 8.981986887992111e-02 3.590872660630635e-01
1.300000000000000e-01 9.389722098291493e-02 3.587356234537957e-01
1.350000000000000e-01 9.803326190563690e-02 3.583625671337776e-01
1.400000000000000e-01 1.022305768083033e-01 3.579681387501209e-01
1.450000000000000e-01 1.064917891493625e-01 3.575503539411817e-01
1.500000000000000e-01 1.108195623252418e-01 3.571088766598949e-01
1.550000000000000e-01 1.152166013350572e-01 3.566420820117862e-01
1.600000000000000e-01 1.196856544713255e-01 3.561495473801865e-01
1.650000000000000e-01 1.242295150377370e-01 3.556291805390482e-01
1.700000000000000e-01 1.288510230950609e-01 3.550803595643987e-01
1.750000000000000e-01 1.335530672362758e-01 3.545012697091199e-01
1.800000000000000e-01 1.383385863920344e-01 3.538910622380931e-01
1.850000000000000e-01 1.432105716675912e-01 3.532474826231347e-01
1.900000000000000e-01 1.481720682123397e-01 3.525695428803173e-01
1.950000000000000e-01 1.532261771231311e-01 3.518551672830628e-01
2.000000000000000e-01 1.583760573825595e-01 3.511031004306563e-01
2.050000000000000e-01 1.636249278334301e-01 3.503108267606217e-01
2.100000000000000e-01 1.689760691906397e-01 3.494768981875593e-01
2.150000000000000e-01 1.744328260917313e-01 3.485989176374550e-01
2.200000000000000e-01 1.799986091874004e-01 3.476752160487167e-01
2.250000000000000e-01 1.856768972732633e-01 3.467029187888621e-01
2.300000000000000e-01 1.914712394642179e-01 3.456800120748602e-01
2.350000000000000e-01 1.973852574127551e-01 3.446036689740657e-01
2.400000000000000e-01 2.034226475726105e-01 3.434717542579158e-01
2.450000000000000e-01 2.095871835091678e-01 3.422809858043341e-01
2.500000000000000e-01 2.158827182580599e-01 3.410287195078172e-01
2.550000000000000e-01 2.223131867334419e-01 3.397114950624131e-01
2.600000000000000e-01 2.288826081874405e-01 3.383265097265525e-01
2.650000000000000e-01 2.355950887223172e-01 3.368700454845788e-01
2.700000000000000e-01 2.424548238569160e-01 3.353388826349854e-01
2.750000000000000e-01 2.494661011489995e-01 3.337287772520532e-01
2.800000000000000e-01 2.566333028751116e-01 3.320359918875080e-01
2.850000000000000e-01 2.639609087696434e-01 3.302560506558154e-01
2.900000000000000e-01 2.714534988248126e-01 3.283848938478232e-01
2.950000000000000e-01 2.791157561533084e-01 3.264176066202144e-01
3.000000000000000e-01 2.869524699153886e-01 3.243496697992476e-01
3.050000000000000e-01 2.949685383122613e-01 3.221755139900393e-01
3.100000000000000e-01 3.031689716476197e-01 3.198899457489702e-01
3.150000000000000e-01 3.115588954592450e-01 3.174868507246416e-01
3.200000000000000e-01 3.201435537226349e-01 3.149602647393086e-01
3.250000000000000e-01 3.289283121286580e-01 3.123035450528207e-01
3.300000000000000e-01 3.379186614372866e-01 3.095098931051365e-01
3.350000000000000e-01 3.471202209094989e-01 3.065719627399793e-01
3.400000000000000e-01 3.565387418195016e-01 3.034820210243933e-01
3.450000000000000e-01 3.661801110494620e-01 3.002317862927026e-01
3.500000000000000e-01 3.760503547690021e-01 2.968124300047953e-01
3.550000000000000e-01 3.861556422017504e-01 2.932144852930205e-01
3.600000000000000e-01 3.965022894813072e-01 2.894277841130594e-01
3.650000000000000e-01 4.070967635990345e-01 2.854413618751190e-01
3.700000000000000e-01 4.179456864461349e-01 2.812433507322177e-01
3.750000000000000e-01 4.290558389525505e-01 2.768208459018664e-01
3.800000000000000e-01 4.404341653252637e-01 2.721597424387161e-01
3.850000000000000e-01 4.520877773886537e-01 2.672445319457025e-01
3.900000000000000e-01 4.640239590296172e-01 2.620580476709834e-01
3.950000000000000e-01 4.762501707502353e-01 2.565811411868691e-01
4.000000000000000e-01 4.887740543308307e-01 2.507922675978156e-01
4.050000000000000e-01 5.016034376063282e-01 2.446669465481904e-01
4.100000000000000e-01 5.147463393589066e-01 2.381770518797446e-01
4.150000000000000e-01 5.282109743299990e-01 2.312898604913937e-01
4.200000000000000e-01 5.420057583547735e-01 2.239667556267452e-01
4.250000000000000e-01 5.561393136223041e-01 2.161614220676748e-01
4.300000000000000e-01 5.706204740647189e-01 2.078172729387167e-01
4.350000000000000e-01 5.854582908786964e-01 1.988636753737279e-01
4.400000000000000e-01 6.006620381827575e-01 1.892102231640175e-01
4.450000000000000e-01 6.162412188138907e-01 1.787376791522125e-01
4.500000000000000e-01 6.322055702671360e-01 1.672828965487306e-01
4.550000000000000e-01 6.485650707818353e-01 1.546120205303733e-01
4.600000000000000e-01 6.653299455783577e-01 1.403685830685769e-01
4.650000000000000e-01 6.825106732491932e-01 1.239603832757612e-01
4.700000000000000e-01 7.001179923084168e-01 1.042672249357163e-01
4.750000000000000e-01 7.181629079036070e-01 7.866859461868886e-02
4.800000000000000e-01 7.366566986944229e-01 3.886615912026908e-02
4.850000000000000e-01 7.556109239021327e-01 -1.901009035795457e-02
4.900000000000000e-01 7.750374305345038e-01 -1.465598243916238e-02
4.950000000000000e-01 7.949483607905672e-01 -1.633389618255797e-02
5.000000000000000e-01 8.153561596498893e-01 -1.987612536282463e-02
5.050000000000000e-01 8.362735826510871e-01 -1.440080794149202e-02
5.100000000000000e-01 8.577137038644561e-01 -2.092171819501588e-02
5.150000000000000e-01 8.796899240636907e-01 -1.338845292543485e-02
5.200000000000000e-01 9.022159791018011e-01 -2.046245072353054e-02
5.250000000000000e-01 9.253059484964714e-01 -1.298323443467652e-02
5.300000000000000e-01 9.489742642302165e-01 -1.929173859975251e-02
5.350000000000000e-01 9.732357197708378e-01 -1.292029684077684e-02
5.400000000000000e-01 9.981054793178262e-01 -1.779926828476579e-02
5.450000000000000e-01 1.023599087280478e+00 -1.299404450175562e-02
5.500000000000000e-01 1.049732477993657e+00 -1.622183674667478e-02
5.550000000000000e-01 1.076521985677273e+00 -1.305085672404524e-02
5.600000000000001e-01 1.103984354645701e+00 -1.471186789890189e-02
5.650000000000001e-01 1.132136749773522e+00 -1.298469337387980e-02
5.700000000000001e-01 1.160996767224129e+00 -1.336111942073431e-02
5.750000000000001e-01 1.190582445447902e+00 -1.273452042885837e-02
5.800000000000000e-01 1.220912276456826e+00 -1.221112905621482e-02
5.850000000000000e-01 1.252005217382601e+00 -1.228121485121090e-02
5.900000000000000e-01 1.283880702325469e+00 -1.126069994298304e-02
5.950000000000000e-01 1.316558654501151e+00 -1.164201259483175e-02
6.000000000000000e-01 1.350059498693518e+00 -1.047472614070961e-02
6.050000000000000e-01 1.384404174020732e+00 -1.086128722734421e-02
6.100000000000000e-01 1.419614147022888e+00 -9.796079330331942e-03
6.150000000000000e-01 1.455711425079295e+00 -9.997567902244703e-03
6.200000000000000e-01 1.492718570163803e+00 -9.160330658533666e-03
6.250000000000000e-01 1.530658712946775e+00 -9.108279385269735e-03
6.300000000000000e-01 1.569555567252506e+00 -8.511135915139873e-03
6.350000000000000e-01 1.609433444881138e+00 -8.235425529472809e-03
6.400000000000000e-01 1.650317270804325e+00 -7.812463621311949e-03
6.450000000000000e-01 1.692232598744148e+00 -7.396557949775564e-03
6.500000000000000e-01 1.735205627145031e+00 -7.053425600584217e-03
6.550000000000000e-01 1.779263215548615e+00 -6.584711030466180e-03
6.600000000000000e-01 1.824432901381847e+00 -6.243386952211698e-03
6.650000000000000e-01 1.870742917168772e+00 -5.777691014712491e-03
6.700000000000000e-01 1.918222208176775e+00 -5.399489310763055e-03
6.750000000000000e-01 1.966900450508319e+00 -4.951985301902366e-03
6.800000000000000e-01 2.016808069649473e+00 -4.533590917365261e-03
6.850000000000001e-01 2.067976259486829e+00 -4.093092890983929e-03
6.900000000000001e-01 2.120437001804702e+00 -3.646468340548646e-03
6.950000000000001e-01 2.174223086274785e+00 -3.196631771068439e-03
7.000000000000001e-01 2.229368130950753e+00 -2.731229284483090e-03
7.050000000000000e-01 2.285906603280654e+00 -2.262531700333190e-03
7.100000000000000e-01 2.343873841650178e+00 -1.780097588629159e-03
7.150000000000000e-01 2.403306077470301e+00 -1.289735209700569e-03
7.200000000000000e-01 2.464240457823092e+00 -7.879138914763397e-04
7.250000000000000e-01 2.526715068679855e+00 -2.753714955567896e-04
7.300000000000000e-01 2.590768958706095e+00 2.482955329226295e-04
7.350000000000000e-01 2.656442163668210e+00 7.836117024726502e-04
7.400000000000000e-01 2.723775731457148e+00 1.330486760744972e-03
7.450000000000000e-01 2.792811747744667e+00 1.889228527068599e-03
7.500000000000000e-01 2.863593362288260e+00 2.459765954074162e-03
7.550000000000000e-01 2.936164815901156e+00 3.042061174862365e-03
7.600000000000000e-01 3.010571468104263e+00 3.635906932965317e-03
7.650000000000000e-01 3.086859825477351e+00 4.240962561041707e-03
7.700000000000000e-01 3.165077570727174e+00 4.856723335768240e-03
7.750000000000000e-01 3.245273592490716e+00 5.482483084033090e-03
7.800000000000000e-01 3.327498015892184e+00 6.117306328925150e-03
7.850000000000000e-01 3.411802233872832e+00 6.759983265761970e-03
7.900000000000000e-01 3.498238939313234e+00 7.408983932771728e-03
7.950000000000000e-01 3.586862157968046e+00 8.062402792101513e-03
8.000000000000000e-01 3.677727282233856e+00 8.717895980546821e-03
8.050000000000000e-01 3.770891105771243e+00 9.372610162143599e-03
8.100000000000001e-01 3.866411859002656e+00 1.002310248231103e-02
8.150000000000001e-01 3.964349245508326e+00 1.066525134220311e-02
8.200000000000001e-01 4.064764479342956e+00 1.129415910493702e-02
8.250000000000001e-01 4.167720323296481e+00 1.190404886520349e-02
8.300000000000001e-01 4.273281128122877e+00 1.248815772393345e-02
8.350000000000000e-01 4.381512872761445e+00 1.303863255514899e-02
8.400000000000000e-01 4.492483205575838e+00 1.354644046528865e-02
8.450000000000000e-01 4.606261486636447e+00 1.400130942556299e-02
8.500000000000000e-01 4.722918831072739e+00 1.439171798477527e-02
8.550000000000000e-01 4.842528153522501e+00 1.470496677552349e-02
8.600000000000000e-01 4.965164213705875e+00 1.492738167714223e-02
8.650000000000000e-01 5.090903663152626e+00 1.504469510414062e-02
8.700000000000000e-01 5.219825093111814e+00 1.504262675003026e-02
8.750000000000000e-01 5.352009083673925e+00 1.490766894785901e-02
8.800000000000000e-01 5.487538254136007e+00 1.462808147932055e-02
8.850000000000000e-01 5.626497314641444e+00 1.419506941651720e-02
8.900000000000000e-01 5.768973119126561e+00 1.360403094561062e-02
8.950000000000000e-01 5.915054719607133e+00 1.285570230379035e-02
9.000000000000000e-01 6.064833421838831e+00 1.195711212610194e-02
9.050000000000000e-01 6.218402842386253e+00 1.092245254728124e-02
9.100000000000000e-01 6.375858967136348e+00 9.774034307629870e-03
9.150000000000000e-01 6.537300211292723e+00 8.543189180787466e-03
9.200000000000000e-01 6.702827480888332e+00 7.270417927079332e-03
9.250000000000000e-01 6.872544235855034e+00 6.003727780914537e-03
9.300000000000000e-01 7.046556554689444e+00 4.794440492664918e-03
9.350000000000001e-01 7.224973200755413e+00 3.690806777101149e-03
9.400000000000001e-01 7.407905690264673e+00 2.730983580625221e-03
9.450000000000001e-01 7.595468361978146e+00 1.937550195770487e-03
9.500000000000001e-01 7.787778448671316e+00 1.315324959913366e-03
9.550000000000001e-01 7.984956150408610e+00 8.530126157806592e-04
9.600000000000000e-01 8.187124709672272e+00 5.278200635089167e-04
9.650000000000000e-01 8.394410488393007e+00 3.113463880643999e-04
9.700000000000000e-01 8.606943046930221e+00 1.749683082032070e-04
9.750000000000000e-01 8.824855225051540e+00 9.365494621335082e-05
9.800000000000000e-01 9.048283224961922e+00 4.771842395179764e-05
9.850000000000000e-01 9.277366696434507e+00 2.319403477298819e-05
9.900000000000000e-01 9.512248824096272e+00 1.066234521785593e-05
9.950000000000000e-01 9.753076416923058e+00 4.849752265537440e-06
1.000000000000000e+00 1.000000000000000e+01 1.738120390388261e-06
